4.250000000000000000e+02 2.593551851722650237e-02
4.255000000000000000e+02 2.641312362974918004e-02
4.260000000000000000e+02 2.615182991640833954e-02
4.265000000000000000e+02 2.583746412086967981e-02
4.270000000000000000e+02 2.525505235990889441e-02
4.275000000000000000e+02 2.513836335660653287e-02
4.280000000000000000e+02 2.569107942114955134e-02
4.285000000000000000e+02 2.417458115711455802e-02
4.290000000000000000e+02 2.355261558184962301e-02
4.295000000000000000e+02 2.257543162706793227e-02
4.300000000000000000e+02 2.229988523909681719e-02
4.305000000000000000e+02 2.147518690339229874e-02
4.310000000000000000e+02 2.047889108032799332e-02
4.315000000000000000e+02 2.001005968470433161e-02
4.320000000000000000e+02 1.974730074998339024e-02
4.325000000000000000e+02 2.006431013996408386e-02
4.330000000000000000e+02 1.955660377379946080e-02
4.335000000000000000e+02 1.935202978402426888e-02
4.340000000000000000e+02 1.925863451859186060e-02
4.345000000000000000e+02 2.013592863638742625e-02
4.350000000000000000e+02 2.006913389661649227e-02
4.355000000000000000e+02 1.995552878485143400e-02
4.360000000000000000e+02 2.047491665912030967e-02
4.365000000000000000e+02 2.128498624447915100e-02
4.370000000000000000e+02 2.075846511862046440e-02
4.375000000000000000e+02 1.950633507425887647e-02
4.380000000000000000e+02 1.968982547676371986e-02
4.385000000000000000e+02 1.938036535890634571e-02
4.390000000000000000e+02 1.964135726173457663e-02
4.395000000000000000e+02 1.903669960893666913e-02
4.400000000000000000e+02 1.961649965248608851e-02
4.405000000000000000e+02 1.997600028717372300e-02
4.410000000000000000e+02 1.958424354698731773e-02
4.415000000000000000e+02 1.939016796653456054e-02
4.420000000000000000e+02 1.848952500342390670e-02
4.425000000000000000e+02 1.782763251600721910e-02
4.430000000000000000e+02 1.669945771491912478e-02
4.435000000000000000e+02 1.656758568715085977e-02
4.440000000000000000e+02 1.567201522129264835e-02
4.445000000000000000e+02 1.620298218922654188e-02
4.450000000000000000e+02 1.594646556298812135e-02
4.455000000000000000e+02 1.667250896509692160e-02
4.460000000000000000e+02 1.760287470114275943e-02
4.465000000000000000e+02 1.740202940797951070e-02
4.470000000000000000e+02 1.743926684868002397e-02
4.475000000000000000e+02 1.710110401918497891e-02
4.480000000000000000e+02 1.630528642516317073e-02
4.485000000000000000e+02 1.518728711952883892e-02
4.490000000000000000e+02 1.355152427498101941e-02
4.495000000000000000e+02 1.346198577994268952e-02
4.500000000000000000e+02 1.338070563384932687e-02
4.505000000000000000e+02 1.249467462151206132e-02
4.510000000000000000e+02 1.232253330893040566e-02
4.515000000000000000e+02 1.126863883378978470e-02
4.520000000000000000e+02 1.112150558342810125e-02
4.525000000000000000e+02 1.044656659439895108e-02
4.530000000000000000e+02 1.013701530788232996e-02
4.535000000000000000e+02 9.812238361578601298e-03
4.540000000000000000e+02 9.309194395350522955e-03
4.545000000000000000e+02 9.643583138557301759e-03
4.550000000000000000e+02 9.594504437207898584e-03
4.555000000000000000e+02 8.474824206797196280e-03
4.560000000000000000e+02 7.548946669121703312e-03
4.565000000000000000e+02 6.969437434719796820e-03
4.570000000000000000e+02 6.926218848639226211e-03
4.575000000000000000e+02 6.019150424597483062e-03
4.580000000000000000e+02 5.495961917850553102e-03
4.585000000000000000e+02 5.451212379619055359e-03
4.590000000000000000e+02 4.685015354899013662e-03
4.595000000000000000e+02 3.818223364114067819e-03
4.600000000000000000e+02 2.169782692888561071e-03
4.605000000000000000e+02 1.642916059152038644e-03
4.610000000000000000e+02 1.472392759993432221e-03
4.615000000000000000e+02 6.107103546304781805e-04
4.620000000000000000e+02 3.944692412608391541e-04
4.625000000000000000e+02 0.000000000000000000e+00
4.630000000000000000e+02 1.245088926773274540e-03
4.635000000000000000e+02 1.465442719666490423e-03
4.640000000000000000e+02 1.028567228259266719e-03
4.645000000000000000e+02 1.076073554946058164e-03
4.650000000000000000e+02 1.615710258509206465e-03
4.655000000000000000e+02 1.987721312219026260e-03
4.660000000000000000e+02 2.062459918404646597e-03
4.665000000000000000e+02 2.066736419014364445e-03
4.670000000000000000e+02 2.718636470769947300e-03
4.675000000000000000e+02 2.896380664593287135e-03
4.680000000000000000e+02 3.543467241719638894e-03
4.685000000000000000e+02 3.914763891924827321e-03
4.690000000000000000e+02 3.458162810887357996e-03
4.695000000000000000e+02 3.556395797846251261e-03
4.700000000000000000e+02 3.962783686571241804e-03
4.705000000000000000e+02 4.729419558614500474e-03
4.710000000000000000e+02 5.124340511415484412e-03
4.715000000000000000e+02 5.662909169255506137e-03
4.720000000000000000e+02 6.759439359983715478e-03
4.725000000000000000e+02 7.323914199233325095e-03
4.730000000000000000e+02 7.895782416170601947e-03
4.735000000000000000e+02 8.323532869939809231e-03
4.740000000000000000e+02 9.070196197036806129e-03
4.745000000000000000e+02 8.960199281243419467e-03
4.750000000000000000e+02 8.722267349564563621e-03
4.755000000000000000e+02 9.611974952687216134e-03
4.760000000000000000e+02 1.009755327359895816e-02
4.765000000000000000e+02 1.081018946962521154e-02
4.770000000000000000e+02 1.153519315547515967e-02
4.775000000000000000e+02 1.335738225473080687e-02
4.780000000000000000e+02 1.497038063122256568e-02
4.785000000000000000e+02 1.567814603913879334e-02
4.790000000000000000e+02 1.661178198918368543e-02
4.795000000000000000e+02 1.897452601595722710e-02
4.800000000000000000e+02 2.022081621916872740e-02
4.805000000000000000e+02 2.177569237792410795e-02
4.810000000000000000e+02 2.388656753833656721e-02
4.815000000000000000e+02 2.717886661070653687e-02
4.820000000000000000e+02 3.163194309108162405e-02
4.825000000000000000e+02 3.495064785427651199e-02
4.830000000000000000e+02 3.876942551973906748e-02
4.835000000000000000e+02 4.360995109098467215e-02
4.840000000000000000e+02 4.844134197390657925e-02
4.845000000000000000e+02 5.331640612367188892e-02
4.850000000000000000e+02 5.842785590624789693e-02
4.855000000000000000e+02 6.458796342983130767e-02
4.860000000000000000e+02 7.108440890992268058e-02
4.865000000000000000e+02 7.819427183223012778e-02
4.870000000000000000e+02 8.516140037909145089e-02
4.875000000000000000e+02 9.316188948462209019e-02
4.880000000000000000e+02 1.015222398914283342e-01
4.885000000000000000e+02 1.099985399169415012e-01
4.890000000000000000e+02 1.198425548674172114e-01
4.895000000000000000e+02 1.293032942874127733e-01
4.900000000000000000e+02 1.399008401930591228e-01
4.905000000000000000e+02 1.508635079786465882e-01
4.910000000000000000e+02 1.631419530117401984e-01
4.915000000000000000e+02 1.754753667081423996e-01
4.920000000000000000e+02 1.882695757587629359e-01
4.925000000000000000e+02 2.022901537445964959e-01
4.930000000000000000e+02 2.178786146882885355e-01
4.935000000000000000e+02 2.331608545285061840e-01
4.940000000000000000e+02 2.479836526097869698e-01
4.945000000000000000e+02 2.645821269441905876e-01
4.950000000000000000e+02 2.819706009484176379e-01
4.955000000000000000e+02 3.012022686396443882e-01
4.960000000000000000e+02 3.191107632680183492e-01
4.965000000000000000e+02 3.391551513078283620e-01
4.970000000000000000e+02 3.606072473104188214e-01
4.975000000000000000e+02 3.847138619034338181e-01
4.980000000000000000e+02 4.088734392686437236e-01
4.985000000000000000e+02 4.336249077944475117e-01
4.990000000000000000e+02 4.622511437631829923e-01
4.995000000000000000e+02 4.925234560672647754e-01
5.000000000000000000e+02 5.245165131908258171e-01
5.005000000000000000e+02 5.554450420922577569e-01
5.010000000000000000e+02 5.873153577331384767e-01
5.015000000000000000e+02 6.201032294975939996e-01
5.020000000000000000e+02 6.496597131601991038e-01
5.025000000000000000e+02 6.773450829934845041e-01
5.030000000000000000e+02 7.022400067859895234e-01
5.035000000000000000e+02 7.229887958752624355e-01
5.040000000000000000e+02 7.381621745068109863e-01
5.045000000000000000e+02 7.476043812062340699e-01
5.050000000000000000e+02 7.515269481852292488e-01
5.055000000000000000e+02 7.504096506954077705e-01
5.060000000000000000e+02 7.434100058541304179e-01
5.065000000000000000e+02 7.343991356448259511e-01
5.070000000000000000e+02 7.237295577800672008e-01
5.075000000000000000e+02 7.101421190484088486e-01
5.080000000000000000e+02 6.953983146111885061e-01
5.085000000000000000e+02 6.803153507000891942e-01
5.090000000000000000e+02 6.631227621726526467e-01
5.095000000000000000e+02 6.453265814694327807e-01
5.100000000000000000e+02 6.283911342487510376e-01
5.105000000000000000e+02 6.131040161692355994e-01
5.110000000000000000e+02 5.988853175046634503e-01
5.115000000000000000e+02 5.839740559154769084e-01
5.120000000000000000e+02 5.728496802980803659e-01
5.125000000000000000e+02 5.635305254898593796e-01
5.130000000000000000e+02 5.559553264176703147e-01
5.135000000000000000e+02 5.472500875204414639e-01
5.140000000000000000e+02 5.417138134110875969e-01
5.145000000000000000e+02 5.370185558332024600e-01
5.150000000000000000e+02 5.348284932371990541e-01
5.155000000000000000e+02 5.338891684278803673e-01
5.160000000000000000e+02 5.332870261735733752e-01
5.165000000000000000e+02 5.362981413139935594e-01
5.170000000000000000e+02 5.417408692743812537e-01
5.175000000000000000e+02 5.484759709185594856e-01
5.180000000000000000e+02 5.546713337333549765e-01
5.185000000000000000e+02 5.652157777081570078e-01
5.190000000000000000e+02 5.771096562524027362e-01
5.195000000000000000e+02 5.914433166557323540e-01
5.200000000000000000e+02 6.058033262521985707e-01
5.205000000000000000e+02 6.218053202067009844e-01
5.210000000000000000e+02 6.412498871930198963e-01
5.215000000000000000e+02 6.608117439287589656e-01
5.220000000000000000e+02 6.828341163718395501e-01
5.225000000000000000e+02 7.033248480280209769e-01
5.230000000000000000e+02 7.230070421025537319e-01
5.235000000000000000e+02 7.405278495303246888e-01
5.240000000000000000e+02 7.579573920556450517e-01
5.245000000000000000e+02 7.714693452350540603e-01
5.250000000000000000e+02 7.802231015319311958e-01
5.255000000000000000e+02 7.872734739686375605e-01
5.260000000000000000e+02 7.903013518340670229e-01
5.265000000000000000e+02 7.887779330458681848e-01
5.270000000000000000e+02 7.846838573533296834e-01
5.275000000000000000e+02 7.777561528732414020e-01
5.280000000000000000e+02 7.675182097771306999e-01
5.285000000000000000e+02 7.529402649696329552e-01
5.290000000000000000e+02 7.354940234406571742e-01
5.295000000000000000e+02 7.167066695906953999e-01
5.300000000000000000e+02 6.952849111058831966e-01
5.305000000000000000e+02 6.726525299742112107e-01
5.310000000000000000e+02 6.500519474121505548e-01
5.315000000000000000e+02 6.277762253196419451e-01
5.320000000000000000e+02 6.061941450642657214e-01
5.325000000000000000e+02 5.845441702399239992e-01
5.330000000000000000e+02 5.628533323276730949e-01
5.335000000000000000e+02 5.427686056899008182e-01
5.340000000000000000e+02 5.245975290037049321e-01
5.345000000000000000e+02 5.070018718084889908e-01
5.350000000000000000e+02 4.906672945171773881e-01
5.355000000000000000e+02 4.747510844388824758e-01
5.360000000000000000e+02 4.604913639315114660e-01
5.365000000000000000e+02 4.461074017190057583e-01
5.370000000000000000e+02 4.348985149477800904e-01
5.375000000000000000e+02 4.244998237028967392e-01
5.380000000000000000e+02 4.148067460965643161e-01
5.385000000000000000e+02 4.066464495255592837e-01
5.390000000000000000e+02 3.997621281803057647e-01
5.395000000000000000e+02 3.934372101376424347e-01
5.400000000000000000e+02 3.879808360348213636e-01
5.405000000000000000e+02 3.841196641191835237e-01
5.410000000000000000e+02 3.828005320032499270e-01
5.415000000000000000e+02 3.814489590050816892e-01
5.420000000000000000e+02 3.815390239000238104e-01
5.425000000000000000e+02 3.841475035798331827e-01
5.430000000000000000e+02 3.865301771745817128e-01
5.435000000000000000e+02 3.897066818530233734e-01
5.440000000000000000e+02 3.930066676359325051e-01
5.445000000000000000e+02 3.970746218549018325e-01
5.450000000000000000e+02 4.010325599890471882e-01
5.455000000000000000e+02 4.043249986546096908e-01
5.460000000000000000e+02 4.085470234584615001e-01
5.465000000000000000e+02 4.120120471913192306e-01
5.470000000000000000e+02 4.161068378623868913e-01
5.475000000000000000e+02 4.190253904740158797e-01
5.480000000000000000e+02 4.206162531056243381e-01
5.485000000000000000e+02 4.210233931764025828e-01
5.490000000000000000e+02 4.193954449464073475e-01
5.495000000000000000e+02 4.156798611609527905e-01
5.500000000000000000e+02 4.106724554742973154e-01
5.505000000000000000e+02 4.044928098031084218e-01
5.510000000000000000e+02 3.979400641705588271e-01
5.515000000000000000e+02 3.907608574043720528e-01
5.520000000000000000e+02 3.829061012370362782e-01
5.525000000000000000e+02 3.747984739525243025e-01
5.530000000000000000e+02 3.651185351799954848e-01
5.535000000000000000e+02 3.540633261041885582e-01
5.540000000000000000e+02 3.443630341567551767e-01
5.545000000000000000e+02 3.328863749869968025e-01
5.550000000000000000e+02 3.220186479951643310e-01
5.555000000000000000e+02 3.108684392791056794e-01
5.560000000000000000e+02 2.994067886858201577e-01
5.565000000000000000e+02 2.893416696417556722e-01
5.570000000000000000e+02 2.783545815403419832e-01
5.575000000000000000e+02 2.681696336616409271e-01
5.580000000000000000e+02 2.575330409735870907e-01
5.585000000000000000e+02 2.472721890853699922e-01
5.590000000000000000e+02 2.377982678464064248e-01
5.595000000000000000e+02 2.286202351845668945e-01
5.600000000000000000e+02 2.199989610189450884e-01
5.605000000000000000e+02 2.120977045165410024e-01
5.610000000000000000e+02 2.047193083332884134e-01
5.615000000000000000e+02 1.982619561223510629e-01
5.620000000000000000e+02 1.917045265385818043e-01
5.625000000000000000e+02 1.856839585759768874e-01
5.630000000000000000e+02 1.802420831908499721e-01
5.635000000000000000e+02 1.749503539554316534e-01
5.640000000000000000e+02 1.702385004177689731e-01
5.645000000000000000e+02 1.660594992081440568e-01
5.650000000000000000e+02 1.618724754716516223e-01
5.655000000000000000e+02 1.575407869566983754e-01
5.660000000000000000e+02 1.539922216824036183e-01
5.665000000000000000e+02 1.509921460056521392e-01
5.670000000000000000e+02 1.495297107669298353e-01
5.675000000000000000e+02 1.478147726470708523e-01
5.680000000000000000e+02 1.464886443680391837e-01
5.685000000000000000e+02 1.459823539236071444e-01
5.690000000000000000e+02 1.451444191035085318e-01
5.695000000000000000e+02 1.447672130213626673e-01
5.700000000000000000e+02 1.440479650560348435e-01
5.705000000000000000e+02 1.420153508050653324e-01
5.710000000000000000e+02 1.397533738228907141e-01
5.715000000000000000e+02 1.385080752098944989e-01
5.720000000000000000e+02 1.375054850536504281e-01
5.725000000000000000e+02 1.370478726589372809e-01
5.730000000000000000e+02 1.359420800014703723e-01
5.735000000000000000e+02 1.362412350274682382e-01
5.740000000000000000e+02 1.361258566278511495e-01
5.745000000000000000e+02 1.361393189987251118e-01
5.750000000000000000e+02 1.359750321386640759e-01
5.755000000000000000e+02 1.340765285235535897e-01
5.760000000000000000e+02 1.333367583006626056e-01
5.765000000000000000e+02 1.306393456798972952e-01
5.770000000000000000e+02 1.273421448758309815e-01
5.775000000000000000e+02 1.245834992462335478e-01
5.780000000000000000e+02 1.202293660178408441e-01
5.785000000000000000e+02 1.163719928155816097e-01
5.790000000000000000e+02 1.119376338655569403e-01
5.795000000000000000e+02 1.083968383998123175e-01
5.800000000000000000e+02 1.050418860595613291e-01
5.805000000000000000e+02 1.015662461226893021e-01
5.810000000000000000e+02 9.831737023773121087e-02
5.815000000000000000e+02 9.512080599889952137e-02
5.820000000000000000e+02 9.114109399436232106e-02
5.825000000000000000e+02 8.653727630879992638e-02
5.830000000000000000e+02 8.045166016304625134e-02
5.835000000000000000e+02 7.621473234430323207e-02
5.840000000000000000e+02 7.307189690836865537e-02
5.845000000000000000e+02 6.920649175337836856e-02
5.850000000000000000e+02 6.627694837949835160e-02
5.855000000000000000e+02 6.274560846777638146e-02
5.860000000000000000e+02 5.988779103112509827e-02
5.865000000000000000e+02 5.768872534523315776e-02
5.870000000000000000e+02 5.343566217143219665e-02
5.875000000000000000e+02 4.884146517474749483e-02
5.880000000000000000e+02 4.601454906918477084e-02
5.885000000000000000e+02 4.105155037716726185e-02
5.890000000000000000e+02 3.799539693541131857e-02
5.895000000000000000e+02 3.541140135394504895e-02
5.900000000000000000e+02 3.331921503880727609e-02
5.905000000000000000e+02 3.227266309310587722e-02
5.910000000000000000e+02 3.170144786533540815e-02
5.915000000000000000e+02 3.021820580019125846e-02
5.920000000000000000e+02 2.951946626042903365e-02
5.925000000000000000e+02 2.935048077230034691e-02
5.930000000000000000e+02 2.803847763043568198e-02
5.935000000000000000e+02 2.639513140091158394e-02
5.940000000000000000e+02 2.435846335329147627e-02
5.945000000000000000e+02 2.172886415069620603e-02
5.950000000000000000e+02 2.155990710731310600e-02
5.955000000000000000e+02 2.085125592856350296e-02
5.960000000000000000e+02 1.871151746207706801e-02
5.965000000000000000e+02 1.786956698420213985e-02
5.970000000000000000e+02 1.483368567354931278e-02
5.975000000000000000e+02 1.425378412662263450e-02
5.980000000000000000e+02 1.216528519509113559e-02
5.985000000000000000e+02 1.179620774087433710e-02
5.990000000000000000e+02 1.192155812410403137e-02
5.995000000000000000e+02 1.059152493723557187e-02
6.000000000000000000e+02 1.018498245643051359e-02
