4.500000000000000000e+02 0.000000000000000000e+00
4.505000000000000000e+02 3.110909069353462453e-04
4.510000000000000000e+02 3.390345412754292020e-04
4.515000000000000000e+02 6.557541358777896345e-04
4.520000000000000000e+02 1.580254074544179543e-03
4.525000000000000000e+02 1.976888418282252147e-03
4.530000000000000000e+02 3.282850514334911818e-03
4.535000000000000000e+02 3.598959038812327149e-03
4.540000000000000000e+02 5.309397905941815043e-03
4.545000000000000000e+02 6.063611906101162852e-03
4.550000000000000000e+02 6.235003358708773868e-03
4.555000000000000000e+02 7.828658085269168954e-03
4.560000000000000000e+02 8.787784487851502124e-03
4.565000000000000000e+02 1.076862239965531431e-02
4.570000000000000000e+02 1.224457497703204667e-02
4.575000000000000000e+02 1.415552237669920332e-02
4.580000000000000000e+02 1.606477886406171285e-02
4.585000000000000000e+02 1.790124423408623322e-02
4.590000000000000000e+02 2.010322696819422106e-02
4.595000000000000000e+02 2.244840515643897749e-02
4.600000000000000000e+02 2.504711896776418145e-02
4.605000000000000000e+02 2.707270809904460673e-02
4.610000000000000000e+02 2.974374143761976397e-02
4.615000000000000000e+02 3.243104755290843189e-02
4.620000000000000000e+02 3.487591431909220496e-02
4.625000000000000000e+02 3.735462904463671130e-02
4.630000000000000000e+02 4.035063767368479715e-02
4.635000000000000000e+02 4.375129119051512916e-02
4.640000000000000000e+02 4.735803719059261674e-02
4.645000000000000000e+02 5.172105294580287005e-02
4.650000000000000000e+02 5.574064211485807441e-02
4.655000000000000000e+02 6.040197368092087293e-02
4.660000000000000000e+02 6.427458312604283908e-02
4.665000000000000000e+02 6.881384851259975122e-02
4.670000000000000000e+02 7.388780657015076025e-02
4.675000000000000000e+02 7.889979802951385679e-02
4.680000000000000000e+02 8.386942575362771324e-02
4.685000000000000000e+02 8.879494936337395394e-02
4.690000000000000000e+02 9.442129695322126759e-02
4.695000000000000000e+02 1.002092608591627076e-01
4.700000000000000000e+02 1.055008798610247434e-01
4.705000000000000000e+02 1.116226320672456529e-01
4.710000000000000000e+02 1.181121014748712228e-01
4.715000000000000000e+02 1.253872500659480305e-01
4.720000000000000000e+02 1.321442603314552655e-01
4.725000000000000000e+02 1.401492935952486918e-01
4.730000000000000000e+02 1.487442516506130019e-01
4.735000000000000000e+02 1.569789450077653248e-01
4.740000000000000000e+02 1.657813057573248039e-01
4.745000000000000000e+02 1.748160727303178508e-01
4.750000000000000000e+02 1.845355200205161528e-01
4.755000000000000000e+02 1.939562605702009890e-01
4.760000000000000000e+02 2.038555301360499006e-01
4.765000000000000000e+02 2.134077069184912578e-01
4.770000000000000000e+02 2.239321723582500812e-01
4.775000000000000000e+02 2.351270227409542057e-01
4.780000000000000000e+02 2.452353235247756169e-01
4.785000000000000000e+02 2.571982534813096466e-01
4.790000000000000000e+02 2.690304958187482720e-01
4.795000000000000000e+02 2.819638123305193700e-01
4.800000000000000000e+02 2.939443916935755574e-01
4.805000000000000000e+02 3.066504812640464817e-01
4.810000000000000000e+02 3.207959653818994727e-01
4.815000000000000000e+02 3.349237373644163851e-01
4.820000000000000000e+02 3.510106410157254331e-01
4.825000000000000000e+02 3.670379559992842378e-01
4.830000000000000000e+02 3.838965095235886693e-01
4.835000000000000000e+02 3.996655333973226920e-01
4.840000000000000000e+02 4.162001741340679573e-01
4.845000000000000000e+02 4.338278320084164585e-01
4.850000000000000000e+02 4.519024804477523860e-01
4.855000000000000000e+02 4.703844082050648856e-01
4.860000000000000000e+02 4.891629096168912394e-01
4.865000000000000000e+02 5.092042070495886863e-01
4.870000000000000000e+02 5.306060507079528588e-01
4.875000000000000000e+02 5.522969735832229388e-01
4.880000000000000000e+02 5.738532030001749495e-01
4.885000000000000000e+02 5.962195346109647742e-01
4.890000000000000000e+02 6.197866146450364822e-01
4.895000000000000000e+02 6.443757657627136037e-01
4.900000000000000000e+02 6.685331918320200906e-01
4.905000000000000000e+02 6.933004452013268315e-01
4.910000000000000000e+02 7.200468385450958797e-01
4.915000000000000000e+02 7.467437525082639693e-01
4.920000000000000000e+02 7.750046343077514610e-01
4.925000000000000000e+02 8.032079537543399539e-01
4.930000000000000000e+02 8.316978509533237141e-01
4.935000000000000000e+02 8.622011488025740356e-01
4.940000000000000000e+02 8.937491333224039103e-01
4.945000000000000000e+02 9.269405779779720245e-01
4.950000000000000000e+02 9.607181128879558329e-01
4.955000000000000000e+02 9.966849744086845320e-01
4.960000000000000000e+02 1.033280687490367944e+00
4.965000000000000000e+02 1.071656854738209486e+00
4.970000000000000000e+02 1.110705287585855405e+00
4.975000000000000000e+02 1.151770701167422084e+00
4.980000000000000000e+02 1.191200791540187653e+00
4.985000000000000000e+02 1.231489318744235062e+00
4.990000000000000000e+02 1.275116484792982785e+00
4.995000000000000000e+02 1.318896078945506645e+00
5.000000000000000000e+02 1.362911062332432532e+00
5.005000000000000000e+02 1.407223846137487744e+00
5.010000000000000000e+02 1.452007990790826542e+00
5.015000000000000000e+02 1.498195343987015038e+00
5.020000000000000000e+02 1.541962397531873474e+00
5.025000000000000000e+02 1.586010149053941332e+00
5.030000000000000000e+02 1.628420140854742959e+00
5.035000000000000000e+02 1.671457081070629069e+00
5.040000000000000000e+02 1.716104039686702443e+00
5.045000000000000000e+02 1.760027364256271820e+00
5.050000000000000000e+02 1.806575008231851465e+00
5.055000000000000000e+02 1.851644609850408907e+00
5.060000000000000000e+02 1.897303115293029974e+00
5.065000000000000000e+02 1.945429349909077343e+00
5.070000000000000000e+02 1.995870258737858061e+00
5.075000000000000000e+02 2.046842526443367838e+00
5.080000000000000000e+02 2.096969659422533994e+00
5.085000000000000000e+02 2.149569736800159170e+00
5.090000000000000000e+02 2.204907089129737763e+00
5.095000000000000000e+02 2.258309209070570311e+00
5.100000000000000000e+02 2.315143039231290167e+00
5.105000000000000000e+02 2.373816871310643783e+00
5.110000000000000000e+02 2.433074021416391730e+00
5.115000000000000000e+02 2.491104372399956191e+00
5.120000000000000000e+02 2.551270103088081775e+00
5.125000000000000000e+02 2.612704053673211568e+00
5.130000000000000000e+02 2.675852815198136447e+00
5.135000000000000000e+02 2.735134976646786953e+00
5.140000000000000000e+02 2.796944098401010770e+00
5.145000000000000000e+02 2.854596585282495269e+00
5.150000000000000000e+02 2.914173393312374571e+00
5.155000000000000000e+02 2.976599369602435985e+00
5.160000000000000000e+02 3.037154705675526145e+00
5.165000000000000000e+02 3.098626868812203838e+00
5.170000000000000000e+02 3.155824564203578042e+00
5.175000000000000000e+02 3.216807825650430885e+00
5.180000000000000000e+02 3.275515202604636578e+00
5.185000000000000000e+02 3.340998210645244271e+00
5.190000000000000000e+02 3.403891670948170578e+00
5.195000000000000000e+02 3.468020844439370087e+00
5.200000000000000000e+02 3.534827102362353202e+00
5.205000000000000000e+02 3.599687298398637658e+00
5.210000000000000000e+02 3.670525780356925338e+00
5.215000000000000000e+02 3.744674118928896789e+00
5.220000000000000000e+02 3.824090165537378461e+00
5.225000000000000000e+02 3.903271394548796458e+00
5.230000000000000000e+02 3.986720861420583795e+00
5.235000000000000000e+02 4.066444289495054321e+00
5.240000000000000000e+02 4.153435383035244399e+00
5.245000000000000000e+02 4.243858559666697339e+00
5.250000000000000000e+02 4.334771281738697191e+00
5.255000000000000000e+02 4.425989384394602766e+00
5.260000000000000000e+02 4.515271743474818855e+00
5.265000000000000000e+02 4.602585272208547629e+00
5.270000000000000000e+02 4.693571651720318094e+00
5.275000000000000000e+02 4.782530713438217340e+00
5.280000000000000000e+02 4.872617530469523395e+00
5.285000000000000000e+02 4.957662511455302123e+00
5.290000000000000000e+02 5.041186282959994713e+00
5.295000000000000000e+02 5.123531259796820336e+00
5.300000000000000000e+02 5.200023504326850343e+00
5.305000000000000000e+02 5.275360397515955313e+00
5.310000000000000000e+02 5.351799328399149402e+00
5.315000000000000000e+02 5.426039977308183992e+00
5.320000000000000000e+02 5.502474578694583229e+00
5.325000000000000000e+02 5.570067106062849938e+00
5.330000000000000000e+02 5.638053474204872906e+00
5.335000000000000000e+02 5.708855613454553612e+00
5.340000000000000000e+02 5.779605651709231573e+00
5.345000000000000000e+02 5.855297506576443212e+00
5.350000000000000000e+02 5.935121961381691236e+00
5.355000000000000000e+02 6.013205767318154926e+00
5.360000000000000000e+02 6.093962113870512454e+00
5.365000000000000000e+02 6.177516605014314877e+00
5.370000000000000000e+02 6.267169300347324778e+00
5.375000000000000000e+02 6.360407770790588167e+00
5.380000000000000000e+02 6.458013203504426869e+00
5.385000000000000000e+02 6.559847871267153963e+00
5.390000000000000000e+02 6.674595313015526443e+00
5.395000000000000000e+02 6.787958290414963791e+00
5.400000000000000000e+02 6.899513859095826263e+00
5.405000000000000000e+02 7.015091700930759622e+00
5.410000000000000000e+02 7.134076621409485952e+00
5.415000000000000000e+02 7.255792652003954402e+00
5.420000000000000000e+02 7.373299906538910875e+00
5.425000000000000000e+02 7.487796356458510161e+00
5.430000000000000000e+02 7.599278236162534839e+00
5.435000000000000000e+02 7.706658653108124035e+00
5.440000000000000000e+02 7.805090526109888849e+00
5.445000000000000000e+02 7.895426360403345889e+00
5.450000000000000000e+02 7.985391096965552826e+00
5.455000000000000000e+02 8.067239912209961616e+00
5.460000000000000000e+02 8.140069615129434055e+00
5.465000000000000000e+02 8.206033535883266339e+00
5.470000000000000000e+02 8.270097345239918241e+00
5.475000000000000000e+02 8.333099919640016395e+00
5.480000000000000000e+02 8.392146659925019847e+00
5.485000000000000000e+02 8.440639775877889051e+00
5.490000000000000000e+02 8.497718873839932741e+00
5.495000000000000000e+02 8.541870721055888183e+00
5.500000000000000000e+02 8.593771860182938482e+00
5.505000000000000000e+02 8.644645664361334525e+00
5.510000000000000000e+02 8.695077344283546950e+00
5.515000000000000000e+02 8.756878768673123759e+00
5.520000000000000000e+02 8.817615808776615438e+00
5.525000000000000000e+02 8.887432332633505183e+00
5.530000000000000000e+02 8.959844394265552125e+00
5.535000000000000000e+02 9.040758217922657991e+00
5.540000000000000000e+02 9.137326363201390578e+00
5.545000000000000000e+02 9.234623865313798419e+00
5.550000000000000000e+02 9.343830915135299620e+00
5.555000000000000000e+02 9.459001297676387310e+00
5.560000000000000000e+02 9.583208934397939416e+00
5.565000000000000000e+02 9.716959339383919314e+00
5.570000000000000000e+02 9.852432021526029260e+00
5.575000000000000000e+02 9.999528501250159351e+00
5.580000000000000000e+02 1.014089197147059451e+01
5.585000000000000000e+02 1.028375204133656950e+01
5.590000000000000000e+02 1.042583859213160835e+01
5.595000000000000000e+02 1.056131693896606016e+01
5.600000000000000000e+02 1.069083627135036174e+01
5.605000000000000000e+02 1.081827717752921458e+01
5.610000000000000000e+02 1.093055817484723669e+01
5.615000000000000000e+02 1.102387939468646927e+01
5.620000000000000000e+02 1.111677491577049004e+01
5.625000000000000000e+02 1.118461648347822646e+01
5.630000000000000000e+02 1.124965225594738172e+01
5.635000000000000000e+02 1.130504663592214953e+01
5.640000000000000000e+02 1.134174756602891776e+01
5.645000000000000000e+02 1.137513877684842534e+01
5.650000000000000000e+02 1.140370196851669071e+01
5.655000000000000000e+02 1.141520022369076770e+01
5.660000000000000000e+02 1.143868159438415155e+01
5.665000000000000000e+02 1.145018751966658677e+01
5.670000000000000000e+02 1.146085895841922131e+01
5.675000000000000000e+02 1.147761484309073410e+01
5.680000000000000000e+02 1.148833340722487151e+01
5.685000000000000000e+02 1.151117125164634380e+01
5.690000000000000000e+02 1.152241792165587952e+01
5.695000000000000000e+02 1.154575916630476762e+01
5.700000000000000000e+02 1.156349415922827006e+01
5.705000000000000000e+02 1.159880579560896230e+01
5.710000000000000000e+02 1.163940746257218350e+01
5.715000000000000000e+02 1.168627049165435672e+01
5.720000000000000000e+02 1.173435737804905798e+01
5.725000000000000000e+02 1.179710614385099809e+01
5.730000000000000000e+02 1.187124036582972586e+01
5.735000000000000000e+02 1.195250084519967615e+01
5.740000000000000000e+02 1.204067783852381623e+01
5.745000000000000000e+02 1.213683290848538476e+01
5.750000000000000000e+02 1.224183079366800264e+01
5.755000000000000000e+02 1.235388565829970808e+01
5.760000000000000000e+02 1.247338095236849398e+01
5.765000000000000000e+02 1.259414107969401542e+01
5.770000000000000000e+02 1.271688819726763775e+01
5.775000000000000000e+02 1.283415706682800561e+01
5.780000000000000000e+02 1.294411615274167104e+01
5.785000000000000000e+02 1.305971837300338123e+01
5.790000000000000000e+02 1.315352710569772121e+01
5.795000000000000000e+02 1.324188277270078906e+01
5.800000000000000000e+02 1.331369517002252856e+01
5.805000000000000000e+02 1.337425968881549565e+01
5.810000000000000000e+02 1.342700068511348199e+01
5.815000000000000000e+02 1.345285965348218227e+01
5.820000000000000000e+02 1.346278647501314829e+01
5.825000000000000000e+02 1.346250322958722734e+01
5.830000000000000000e+02 1.345476187777312660e+01
5.835000000000000000e+02 1.342365513750661243e+01
5.840000000000000000e+02 1.339183521998070248e+01
5.845000000000000000e+02 1.334161027516058518e+01
5.850000000000000000e+02 1.329794461486612178e+01
5.855000000000000000e+02 1.325633380786105420e+01
5.860000000000000000e+02 1.320226505479955215e+01
5.865000000000000000e+02 1.315111442273341424e+01
5.870000000000000000e+02 1.310462493484319957e+01
5.875000000000000000e+02 1.305762507522125304e+01
5.880000000000000000e+02 1.302086970172049263e+01
5.885000000000000000e+02 1.299125822623335935e+01
5.890000000000000000e+02 1.295553626824098714e+01
5.895000000000000000e+02 1.293726655511160750e+01
5.900000000000000000e+02 1.292396291041688450e+01
5.905000000000000000e+02 1.291480376536057051e+01
5.910000000000000000e+02 1.291881707921811362e+01
5.915000000000000000e+02 1.292921557236331687e+01
5.920000000000000000e+02 1.294915472590992955e+01
5.925000000000000000e+02 1.297205129324324879e+01
5.930000000000000000e+02 1.301688371967431124e+01
5.935000000000000000e+02 1.306720523315719618e+01
5.940000000000000000e+02 1.312242275598062946e+01
5.945000000000000000e+02 1.318415541477721575e+01
5.950000000000000000e+02 1.325652810844907847e+01
5.955000000000000000e+02 1.333959967096804000e+01
5.960000000000000000e+02 1.343658319204108054e+01
5.965000000000000000e+02 1.351827200080648161e+01
5.970000000000000000e+02 1.360114837276332800e+01
5.975000000000000000e+02 1.368834351460859722e+01
5.980000000000000000e+02 1.377542819708580524e+01
5.985000000000000000e+02 1.385747000894399328e+01
5.990000000000000000e+02 1.393140964437275287e+01
5.995000000000000000e+02 1.398426973654682826e+01
6.000000000000000000e+02 1.403402526112608939e+01
6.005000000000000000e+02 1.406632967310770788e+01
6.010000000000000000e+02 1.407959313615602071e+01
6.015000000000000000e+02 1.407501746049403124e+01
6.020000000000000000e+02 1.405143528576112288e+01
6.025000000000000000e+02 1.401187934355141529e+01
6.030000000000000000e+02 1.395880599702117486e+01
6.035000000000000000e+02 1.389333819781137613e+01
6.040000000000000000e+02 1.381445904784028045e+01
6.045000000000000000e+02 1.372615468817548035e+01
6.050000000000000000e+02 1.362981840041432058e+01
6.055000000000000000e+02 1.353878135908745328e+01
6.060000000000000000e+02 1.343051091985101841e+01
6.065000000000000000e+02 1.333493946926696871e+01
6.070000000000000000e+02 1.322884042127647852e+01
6.075000000000000000e+02 1.313514925447788428e+01
6.080000000000000000e+02 1.304055618622634505e+01
6.085000000000000000e+02 1.294097258927324567e+01
6.090000000000000000e+02 1.286302497562391700e+01
6.095000000000000000e+02 1.277911127486678744e+01
6.100000000000000000e+02 1.271099529376897586e+01
6.105000000000000000e+02 1.264200336101994537e+01
6.110000000000000000e+02 1.258684574815819346e+01
6.115000000000000000e+02 1.253868962539441156e+01
6.120000000000000000e+02 1.249148808111010389e+01
6.125000000000000000e+02 1.246443290300473983e+01
6.130000000000000000e+02 1.243736716618133897e+01
6.135000000000000000e+02 1.242036690939629473e+01
6.140000000000000000e+02 1.241430720349832839e+01
6.145000000000000000e+02 1.241199339052029593e+01
6.150000000000000000e+02 1.242258786108213364e+01
6.155000000000000000e+02 1.244304668698002203e+01
6.160000000000000000e+02 1.247327697652304224e+01
6.165000000000000000e+02 1.250785008732592729e+01
6.170000000000000000e+02 1.254714343094996210e+01
6.175000000000000000e+02 1.259452380013032702e+01
6.180000000000000000e+02 1.263697928707869345e+01
6.185000000000000000e+02 1.268620000854159002e+01
6.190000000000000000e+02 1.272904582324368583e+01
6.195000000000000000e+02 1.276710166672657465e+01
6.200000000000000000e+02 1.280062926192039718e+01
6.205000000000000000e+02 1.281649501055449925e+01
6.210000000000000000e+02 1.283985729536995812e+01
6.215000000000000000e+02 1.284049739925070810e+01
6.220000000000000000e+02 1.282721892083511861e+01
6.225000000000000000e+02 1.280075018301023704e+01
6.230000000000000000e+02 1.276271401919264115e+01
6.235000000000000000e+02 1.271281893628786364e+01
6.240000000000000000e+02 1.264283319916644643e+01
6.245000000000000000e+02 1.256225927158357081e+01
6.250000000000000000e+02 1.247414952865501370e+01
6.255000000000000000e+02 1.237001678348404354e+01
6.260000000000000000e+02 1.225864953088913545e+01
6.265000000000000000e+02 1.214318761712293870e+01
6.270000000000000000e+02 1.202350779879610876e+01
6.275000000000000000e+02 1.190584694034339464e+01
6.280000000000000000e+02 1.178048571074401529e+01
6.285000000000000000e+02 1.166235911623630983e+01
6.290000000000000000e+02 1.154371068080872575e+01
6.295000000000000000e+02 1.142136421840597116e+01
6.300000000000000000e+02 1.130446449934127173e+01
6.305000000000000000e+02 1.119299821978653675e+01
6.310000000000000000e+02 1.108261901594294585e+01
6.315000000000000000e+02 1.097418491069749003e+01
6.320000000000000000e+02 1.087384619668558372e+01
6.325000000000000000e+02 1.077925264418123596e+01
6.330000000000000000e+02 1.069007702162980600e+01
6.335000000000000000e+02 1.061106883278579360e+01
6.340000000000000000e+02 1.053845589358642698e+01
6.345000000000000000e+02 1.048249413724733969e+01
6.350000000000000000e+02 1.042541263196557644e+01
6.355000000000000000e+02 1.037041492077837290e+01
6.360000000000000000e+02 1.032478495660134499e+01
6.365000000000000000e+02 1.027895640540514677e+01
6.370000000000000000e+02 1.024542582074094454e+01
6.375000000000000000e+02 1.021772667153039116e+01
6.380000000000000000e+02 1.020112928902828209e+01
6.385000000000000000e+02 1.019180099096357495e+01
6.390000000000000000e+02 1.019343140901999512e+01
6.395000000000000000e+02 1.019543066324814795e+01
6.400000000000000000e+02 1.020458210030142610e+01
6.405000000000000000e+02 1.021679213086070703e+01
6.410000000000000000e+02 1.023078054211199017e+01
6.415000000000000000e+02 1.024222843915992875e+01
6.420000000000000000e+02 1.025144419192693768e+01
6.425000000000000000e+02 1.026021288965918465e+01
6.430000000000000000e+02 1.025923296463882828e+01
6.435000000000000000e+02 1.025840038242671604e+01
6.440000000000000000e+02 1.024661417501986094e+01
6.445000000000000000e+02 1.022530541907370250e+01
6.450000000000000000e+02 1.019700352222515782e+01
6.455000000000000000e+02 1.015931566824945165e+01
6.460000000000000000e+02 1.011262508547963712e+01
6.465000000000000000e+02 1.005353815334157197e+01
6.470000000000000000e+02 9.980281860766631041e+00
6.475000000000000000e+02 9.896468113193536809e+00
6.480000000000000000e+02 9.806607632543190789e+00
6.485000000000000000e+02 9.706450303169631866e+00
6.490000000000000000e+02 9.603067737394287207e+00
6.495000000000000000e+02 9.492853022373516581e+00
6.500000000000000000e+02 9.381313599972811446e+00
6.505000000000000000e+02 9.275158850232379848e+00
6.510000000000000000e+02 9.158160605191371317e+00
6.515000000000000000e+02 9.044330395456675831e+00
6.520000000000000000e+02 8.932083101693537586e+00
6.525000000000000000e+02 8.817706737103907955e+00
6.530000000000000000e+02 8.708639475742593561e+00
6.535000000000000000e+02 8.598937761517849054e+00
6.540000000000000000e+02 8.501622680307974633e+00
6.545000000000000000e+02 8.398759248598489435e+00
6.550000000000000000e+02 8.298477501948001489e+00
6.555000000000000000e+02 8.206534179329601386e+00
6.560000000000000000e+02 8.113845350011240853e+00
6.565000000000000000e+02 8.030698736888613354e+00
6.570000000000000000e+02 7.947989026452341399e+00
6.575000000000000000e+02 7.867586955475728949e+00
6.580000000000000000e+02 7.798651082374591148e+00
6.585000000000000000e+02 7.735225859524092584e+00
6.590000000000000000e+02 7.674808876654330980e+00
6.595000000000000000e+02 7.618048459871953781e+00
6.600000000000000000e+02 7.566234675231090279e+00
6.605000000000000000e+02 7.521326702515494844e+00
6.610000000000000000e+02 7.477782370436581338e+00
6.615000000000000000e+02 7.439775002011836058e+00
6.620000000000000000e+02 7.409599527292842325e+00
6.625000000000000000e+02 7.382698062943939377e+00
6.630000000000000000e+02 7.358951499358596493e+00
6.635000000000000000e+02 7.336093303095790219e+00
6.640000000000000000e+02 7.318544324213575258e+00
6.645000000000000000e+02 7.303139424990643391e+00
6.650000000000000000e+02 7.288052140311070737e+00
6.655000000000000000e+02 7.269993999492277759e+00
6.660000000000000000e+02 7.250787305156870310e+00
6.665000000000000000e+02 7.235135975818407950e+00
6.670000000000000000e+02 7.217380721637377761e+00
6.675000000000000000e+02 7.193794437463759017e+00
6.680000000000000000e+02 7.161243015607219320e+00
6.685000000000000000e+02 7.132644890542213290e+00
6.690000000000000000e+02 7.098608000541815066e+00
6.695000000000000000e+02 7.059797941504399432e+00
6.700000000000000000e+02 7.014422956849626800e+00
6.705000000000000000e+02 6.959047966107470451e+00
6.710000000000000000e+02 6.901987031759809099e+00
6.715000000000000000e+02 6.839999902705188539e+00
6.720000000000000000e+02 6.772169180515286158e+00
6.725000000000000000e+02 6.699826088600366880e+00
6.730000000000000000e+02 6.622773516367909785e+00
6.735000000000000000e+02 6.544874948005166004e+00
6.740000000000000000e+02 6.465755494747535082e+00
6.745000000000000000e+02 6.380456934507253486e+00
6.750000000000000000e+02 6.290953870360514344e+00
6.755000000000000000e+02 6.202077689155679252e+00
6.760000000000000000e+02 6.115363718869408771e+00
6.765000000000000000e+02 6.030274463942133067e+00
6.770000000000000000e+02 5.944681869513836148e+00
6.775000000000000000e+02 5.861743491665329486e+00
6.780000000000000000e+02 5.781168108428230035e+00
6.785000000000000000e+02 5.704027456871770596e+00
6.790000000000000000e+02 5.625113434863020068e+00
6.795000000000000000e+02 5.547551637139693348e+00
6.800000000000000000e+02 5.472286010712386961e+00
6.805000000000000000e+02 5.399317064871264726e+00
6.810000000000000000e+02 5.326185723988331233e+00
6.815000000000000000e+02 5.255780806525636173e+00
6.820000000000000000e+02 5.187256999913469890e+00
6.825000000000000000e+02 5.125478638137274778e+00
6.830000000000000000e+02 5.067191116354129221e+00
6.835000000000000000e+02 5.009708048998425589e+00
6.840000000000000000e+02 4.958870547347886237e+00
6.845000000000000000e+02 4.911892448184334015e+00
6.850000000000000000e+02 4.868285743278620181e+00
6.855000000000000000e+02 4.824495951249891057e+00
6.860000000000000000e+02 4.783887162297935980e+00
6.865000000000000000e+02 4.748735819167043459e+00
6.870000000000000000e+02 4.713586202576355966e+00
6.875000000000000000e+02 4.679477117206131354e+00
6.880000000000000000e+02 4.647959257239533848e+00
6.885000000000000000e+02 4.619699168366611097e+00
6.890000000000000000e+02 4.592648671685291006e+00
6.895000000000000000e+02 4.566978794419767063e+00
6.900000000000000000e+02 4.545704729932274368e+00
6.905000000000000000e+02 4.526017404738905903e+00
6.910000000000000000e+02 4.508182725077607422e+00
6.915000000000000000e+02 4.488519816640230253e+00
6.920000000000000000e+02 4.467851132929797409e+00
6.925000000000000000e+02 4.445781484937795014e+00
6.930000000000000000e+02 4.419330879282411750e+00
6.935000000000000000e+02 4.393395469338239323e+00
6.940000000000000000e+02 4.369019710506344190e+00
6.945000000000000000e+02 4.341977837203446988e+00
6.950000000000000000e+02 4.313811732593870296e+00
6.955000000000000000e+02 4.283702547530532811e+00
6.960000000000000000e+02 4.249389822081204748e+00
6.965000000000000000e+02 4.214934070009928924e+00
6.970000000000000000e+02 4.175243440379653670e+00
6.975000000000000000e+02 4.134317067142077029e+00
6.980000000000000000e+02 4.093634501962389649e+00
6.985000000000000000e+02 4.050084200568211834e+00
6.990000000000000000e+02 4.003747219592674433e+00
6.995000000000000000e+02 3.956879684092837302e+00
7.000000000000000000e+02 3.907402837542653273e+00
7.005000000000000000e+02 3.858923683241470393e+00
7.010000000000000000e+02 3.807821736959493109e+00
7.015000000000000000e+02 3.756341473680907761e+00
7.020000000000000000e+02 3.705101370596192822e+00
7.025000000000000000e+02 3.654324522379754470e+00
7.030000000000000000e+02 3.604784904938544088e+00
7.035000000000000000e+02 3.556672465530018812e+00
7.040000000000000000e+02 3.506567262147536113e+00
7.045000000000000000e+02 3.458380079541255370e+00
7.050000000000000000e+02 3.408619475649800279e+00
7.055000000000000000e+02 3.363790951168126320e+00
7.060000000000000000e+02 3.316333818001369949e+00
7.065000000000000000e+02 3.266639651546110912e+00
7.070000000000000000e+02 3.215712081243914611e+00
7.075000000000000000e+02 3.169473836631563124e+00
7.080000000000000000e+02 3.126698945805150842e+00
7.085000000000000000e+02 3.082121101163753707e+00
7.090000000000000000e+02 3.039662422165883449e+00
7.095000000000000000e+02 3.000694742487059585e+00
7.100000000000000000e+02 2.963560950161221896e+00
7.105000000000000000e+02 2.925539811372224186e+00
7.110000000000000000e+02 2.892160655779336231e+00
7.115000000000000000e+02 2.861059813386042094e+00
7.120000000000000000e+02 2.831327633698244028e+00
7.125000000000000000e+02 2.801579375107078107e+00
7.130000000000000000e+02 2.774118091851279111e+00
7.135000000000000000e+02 2.747181860103100171e+00
7.140000000000000000e+02 2.725762051963497079e+00
7.145000000000000000e+02 2.699675343569600372e+00
7.150000000000000000e+02 2.674712546995511531e+00
7.155000000000000000e+02 2.651942808844558463e+00
7.160000000000000000e+02 2.629451101022516113e+00
7.165000000000000000e+02 2.610022872891479828e+00
7.170000000000000000e+02 2.590434876230760963e+00
7.175000000000000000e+02 2.568063143674111259e+00
7.180000000000000000e+02 2.548530407290333422e+00
7.185000000000000000e+02 2.531895187065954289e+00
7.190000000000000000e+02 2.515948855532488260e+00
7.195000000000000000e+02 2.498835558044191885e+00
7.200000000000000000e+02 2.479882178967174333e+00
7.205000000000000000e+02 2.459143675336986412e+00
7.210000000000000000e+02 2.441750891637548548e+00
7.215000000000000000e+02 2.423528347556476170e+00
7.220000000000000000e+02 2.405127156683789735e+00
7.225000000000000000e+02 2.384512944921878486e+00
7.230000000000000000e+02 2.365841987549585745e+00
7.235000000000000000e+02 2.346244379179565520e+00
7.240000000000000000e+02 2.327448138924951948e+00
7.245000000000000000e+02 2.308147848850073736e+00
7.250000000000000000e+02 2.287548343559008934e+00
7.255000000000000000e+02 2.264011414205552519e+00
7.260000000000000000e+02 2.241562640678552043e+00
7.265000000000000000e+02 2.217131118693392189e+00
7.270000000000000000e+02 2.194233608043656858e+00
7.275000000000000000e+02 2.166081971021660557e+00
7.280000000000000000e+02 2.135018606134968522e+00
7.285000000000000000e+02 2.105382604186659457e+00
7.290000000000000000e+02 2.076463285310343743e+00
7.295000000000000000e+02 2.048227776614801598e+00
7.300000000000000000e+02 2.023082828338467642e+00
7.305000000000000000e+02 1.993794269690146725e+00
7.310000000000000000e+02 1.964551214662720868e+00
7.315000000000000000e+02 1.934564167012527980e+00
7.320000000000000000e+02 1.906714058559841662e+00
7.325000000000000000e+02 1.879668596360219324e+00
7.330000000000000000e+02 1.849775526788564273e+00
7.335000000000000000e+02 1.822548537352620679e+00
7.340000000000000000e+02 1.792242332392164128e+00
7.345000000000000000e+02 1.765593624817645813e+00
7.350000000000000000e+02 1.741071576243772290e+00
7.355000000000000000e+02 1.714610848974845725e+00
7.360000000000000000e+02 1.688232796914703293e+00
7.365000000000000000e+02 1.659708670703900157e+00
7.370000000000000000e+02 1.632911074102245008e+00
7.375000000000000000e+02 1.610974293394066059e+00
7.380000000000000000e+02 1.588169734272410816e+00
7.385000000000000000e+02 1.561928345815645214e+00
7.390000000000000000e+02 1.539923672078201689e+00
7.395000000000000000e+02 1.516660028741531718e+00
7.400000000000000000e+02 1.495626548846949788e+00
7.405000000000000000e+02 1.475529159198906815e+00
7.410000000000000000e+02 1.454426224599616235e+00
7.415000000000000000e+02 1.433504965980982426e+00
7.420000000000000000e+02 1.415239559567803562e+00
7.425000000000000000e+02 1.394986284386173780e+00
7.430000000000000000e+02 1.378868386276197677e+00
7.435000000000000000e+02 1.362607184992765674e+00
7.440000000000000000e+02 1.348949359703412121e+00
7.445000000000000000e+02 1.330571098608144709e+00
7.450000000000000000e+02 1.314849474844300259e+00
7.455000000000000000e+02 1.298262903346548258e+00
7.460000000000000000e+02 1.283051945068027111e+00
7.465000000000000000e+02 1.268401792072600953e+00
7.470000000000000000e+02 1.252984253289841421e+00
7.475000000000000000e+02 1.240464787695406246e+00
7.480000000000000000e+02 1.228201878566475003e+00
7.485000000000000000e+02 1.215772371384842065e+00
7.490000000000000000e+02 1.203293678155698654e+00
7.495000000000000000e+02 1.192891340976598658e+00
7.500000000000000000e+02 1.183945550765195032e+00
7.505000000000000000e+02 1.170991773905180056e+00
7.510000000000000000e+02 1.163790446733579120e+00
7.515000000000000000e+02 1.156014359145933534e+00
7.520000000000000000e+02 1.145471220371417020e+00
7.525000000000000000e+02 1.135575388777487094e+00
7.530000000000000000e+02 1.120953589810402162e+00
7.535000000000000000e+02 1.106260457225851868e+00
7.540000000000000000e+02 1.093427808095696285e+00
7.545000000000000000e+02 1.078875719261412458e+00
7.550000000000000000e+02 1.065159425929073755e+00
7.555000000000000000e+02 1.050933661497936100e+00
7.560000000000000000e+02 1.038049941322896297e+00
7.565000000000000000e+02 1.029218250118602018e+00
7.570000000000000000e+02 1.020059985611690090e+00
7.575000000000000000e+02 1.007617007592564562e+00
7.580000000000000000e+02 9.911487374704852638e-01
7.585000000000000000e+02 9.783376889937815957e-01
7.590000000000000000e+02 9.675545485248502331e-01
7.595000000000000000e+02 9.572160940158209730e-01
7.600000000000000000e+02 9.465635990188201454e-01
7.605000000000000000e+02 9.318755668457812114e-01
7.610000000000000000e+02 9.182276476046011826e-01
7.615000000000000000e+02 9.097886658800991011e-01
7.620000000000000000e+02 8.987440898059093630e-01
7.625000000000000000e+02 8.835538205537314393e-01
7.630000000000000000e+02 8.641822543149613178e-01
7.635000000000000000e+02 8.411858397843292590e-01
7.640000000000000000e+02 8.250943880600150049e-01
7.645000000000000000e+02 8.108517471568350565e-01
7.650000000000000000e+02 7.938073997010346439e-01
7.655000000000000000e+02 7.790015376025238858e-01
7.660000000000000000e+02 7.604270940221744546e-01
7.665000000000000000e+02 7.467339359778648600e-01
7.670000000000000000e+02 7.383866556637777023e-01
7.675000000000000000e+02 7.314373599915653390e-01
7.680000000000000000e+02 7.192733818823033864e-01
7.685000000000000000e+02 7.103751038481347369e-01
7.690000000000000000e+02 7.012875166906382685e-01
7.695000000000000000e+02 6.947607917672629085e-01
7.700000000000000000e+02 6.915005658538736499e-01
7.705000000000000000e+02 6.803394102135782440e-01
7.710000000000000000e+02 6.700532524422642133e-01
7.715000000000000000e+02 6.588382381508913754e-01
7.720000000000000000e+02 6.472973825749881449e-01
7.725000000000000000e+02 6.404287255111267285e-01
7.730000000000000000e+02 6.303342229099290206e-01
7.735000000000000000e+02 6.179055230842380730e-01
7.740000000000000000e+02 6.072347054327014160e-01
7.745000000000000000e+02 5.994641274539925790e-01
7.750000000000000000e+02 5.911730635343263041e-01
7.755000000000000000e+02 5.822173567276830441e-01
7.760000000000000000e+02 5.696559540298473667e-01
7.765000000000000000e+02 5.592576383368760284e-01
7.770000000000000000e+02 5.505455884971464098e-01
7.775000000000000000e+02 5.431779260455574798e-01
7.780000000000000000e+02 5.366504419342188470e-01
7.785000000000000000e+02 5.325386274244847673e-01
7.790000000000000000e+02 5.256339252140569407e-01
7.795000000000000000e+02 5.190598419817747944e-01
7.800000000000000000e+02 5.151399600964330361e-01
7.805000000000000000e+02 5.083147221294972429e-01
7.810000000000000000e+02 4.992219668727879700e-01
7.815000000000000000e+02 4.903965290577629865e-01
7.820000000000000000e+02 4.884897349601851069e-01
7.825000000000000000e+02 5.007260235449796371e-01
7.830000000000000000e+02 5.254655033601554059e-01
7.835000000000000000e+02 5.487856634818576440e-01
7.840000000000000000e+02 5.715778442613894672e-01
7.845000000000000000e+02 5.896336956980448019e-01
7.850000000000000000e+02 5.974924213729954081e-01
7.855000000000000000e+02 5.997086004144754900e-01
7.860000000000000000e+02 5.838456634932770450e-01
7.865000000000000000e+02 5.647907164765120225e-01
7.870000000000000000e+02 5.492742250727861153e-01
7.875000000000000000e+02 5.269466341624026162e-01
7.880000000000000000e+02 5.080291548767983389e-01
7.885000000000000000e+02 4.888352965549902507e-01
7.890000000000000000e+02 4.741355605096079229e-01
7.895000000000000000e+02 4.556694488232626572e-01
7.900000000000000000e+02 4.313614108504713052e-01
7.905000000000000000e+02 4.112953259972857989e-01
7.910000000000000000e+02 3.983683438469587390e-01
7.915000000000000000e+02 3.923042547297777016e-01
7.920000000000000000e+02 3.870728418700961626e-01
7.925000000000000000e+02 3.787865566313769472e-01
7.930000000000000000e+02 3.728787464287289799e-01
7.935000000000000000e+02 3.706174721883356282e-01
7.940000000000000000e+02 3.660911533453881095e-01
7.945000000000000000e+02 3.613965251686744873e-01
7.950000000000000000e+02 3.525925130439775401e-01
7.955000000000000000e+02 3.407890627487295543e-01
7.960000000000000000e+02 3.328918672960875513e-01
7.965000000000000000e+02 3.251901404515465943e-01
7.970000000000000000e+02 3.183427804647497306e-01
7.975000000000000000e+02 3.157256345068091274e-01
7.980000000000000000e+02 3.127758767544841501e-01
7.985000000000000000e+02 3.078019574535286740e-01
7.990000000000000000e+02 3.032355694578541261e-01
7.995000000000000000e+02 2.988840277582777150e-01
8.000000000000000000e+02 2.929290717289939616e-01
