4.500000000000000000e+02 4.863005441196319167e-03
4.505000000000000000e+02 4.573153537279550651e-03
4.510000000000000000e+02 3.086832472109182768e-03
4.515000000000000000e+02 2.028166723800808868e-03
4.520000000000000000e+02 7.747241029617407682e-04
4.525000000000000000e+02 0.000000000000000000e+00
4.530000000000000000e+02 5.770321940647693548e-04
4.535000000000000000e+02 4.679790168675146411e-04
4.540000000000000000e+02 1.464914975476391823e-03
4.545000000000000000e+02 2.232381200770461316e-03
4.550000000000000000e+02 2.960802013111343833e-03
4.555000000000000000e+02 4.213625387855579607e-03
4.560000000000000000e+02 4.918405765566027932e-03
4.565000000000000000e+02 5.695144415399741589e-03
4.570000000000000000e+02 5.895549010821080071e-03
4.575000000000000000e+02 6.934016094216788328e-03
4.580000000000000000e+02 8.401049423431061758e-03
4.585000000000000000e+02 1.003561117540187342e-02
4.590000000000000000e+02 1.109980274548286183e-02
4.595000000000000000e+02 1.268088435814136716e-02
4.600000000000000000e+02 1.483485402885575954e-02
4.605000000000000000e+02 1.596979987162389092e-02
4.610000000000000000e+02 1.736717641933281653e-02
4.615000000000000000e+02 1.859993308274088264e-02
4.620000000000000000e+02 2.024276264225681465e-02
4.625000000000000000e+02 2.227459762744969651e-02
4.630000000000000000e+02 2.408617798797287046e-02
4.635000000000000000e+02 2.635023119582176332e-02
4.640000000000000000e+02 2.837459371780202966e-02
4.645000000000000000e+02 3.047303481827286220e-02
4.650000000000000000e+02 3.234372737950898247e-02
4.655000000000000000e+02 3.443058786944912242e-02
4.660000000000000000e+02 3.681711661702867511e-02
4.665000000000000000e+02 3.936491915320382284e-02
4.670000000000000000e+02 4.224939875483331442e-02
4.675000000000000000e+02 4.552619848558235593e-02
4.680000000000000000e+02 4.885517977141658197e-02
4.685000000000000000e+02 5.213500305664624246e-02
4.690000000000000000e+02 5.588803865355458644e-02
4.695000000000000000e+02 5.966974071565527005e-02
4.700000000000000000e+02 6.314668250706721719e-02
4.705000000000000000e+02 6.631408205682633172e-02
4.710000000000000000e+02 7.014506308164979165e-02
4.715000000000000000e+02 7.416938850004391182e-02
4.720000000000000000e+02 7.785660752455154932e-02
4.725000000000000000e+02 8.191931003495915575e-02
4.730000000000000000e+02 8.658921791049824235e-02
4.735000000000000000e+02 9.171721581880222518e-02
4.740000000000000000e+02 9.717318227976980138e-02
4.745000000000000000e+02 1.029764819815507243e-01
4.750000000000000000e+02 1.082630756977429470e-01
4.755000000000000000e+02 1.139199725881809705e-01
4.760000000000000000e+02 1.195388320066922833e-01
4.765000000000000000e+02 1.255119873620690329e-01
4.770000000000000000e+02 1.311469768039424388e-01
4.775000000000000000e+02 1.369980476865714225e-01
4.780000000000000000e+02 1.434769839804426739e-01
4.785000000000000000e+02 1.504878053936376525e-01
4.790000000000000000e+02 1.575586092095931368e-01
4.795000000000000000e+02 1.648307994099046381e-01
4.800000000000000000e+02 1.722808183744677923e-01
4.805000000000000000e+02 1.798208203469655597e-01
4.810000000000000000e+02 1.876978115986558948e-01
4.815000000000000000e+02 1.954816971635767731e-01
4.820000000000000000e+02 2.041968760690718865e-01
4.825000000000000000e+02 2.131474001901961790e-01
4.830000000000000000e+02 2.220568137196129999e-01
4.835000000000000000e+02 2.310530399583389793e-01
4.840000000000000000e+02 2.406384931306627117e-01
4.845000000000000000e+02 2.507153671455633615e-01
4.850000000000000000e+02 2.607576970486948920e-01
4.855000000000000000e+02 2.707768163789817661e-01
4.860000000000000000e+02 2.811108098833918767e-01
4.865000000000000000e+02 2.926228286188926053e-01
4.870000000000000000e+02 3.038914647080093179e-01
4.875000000000000000e+02 3.158077806243218544e-01
4.880000000000000000e+02 3.277727523594235470e-01
4.885000000000000000e+02 3.403775818219879068e-01
4.890000000000000000e+02 3.538732387766311827e-01
4.895000000000000000e+02 3.672448351918467524e-01
4.900000000000000000e+02 3.808692346631068482e-01
4.905000000000000000e+02 3.946402057640934213e-01
4.910000000000000000e+02 4.094133572461774451e-01
4.915000000000000000e+02 4.243590471733759140e-01
4.920000000000000000e+02 4.402823878955950399e-01
4.925000000000000000e+02 4.560775669246711628e-01
4.930000000000000000e+02 4.724470612994939867e-01
4.935000000000000000e+02 4.895198242745714134e-01
4.940000000000000000e+02 5.070812198211384070e-01
4.945000000000000000e+02 5.254770255836931359e-01
4.950000000000000000e+02 5.435391664940500966e-01
4.955000000000000000e+02 5.636029992874788119e-01
4.960000000000000000e+02 5.835731276560658376e-01
4.965000000000000000e+02 6.041486248027608807e-01
4.970000000000000000e+02 6.252930666281829586e-01
4.975000000000000000e+02 6.473208804483867596e-01
4.980000000000000000e+02 6.697708651187549433e-01
4.985000000000000000e+02 6.919207046255363425e-01
4.990000000000000000e+02 7.157359122606099522e-01
4.995000000000000000e+02 7.396983785038584447e-01
5.000000000000000000e+02 7.639857284115565417e-01
5.005000000000000000e+02 7.882075603907244821e-01
5.010000000000000000e+02 8.121783512373196290e-01
5.015000000000000000e+02 8.364329751961154802e-01
5.020000000000000000e+02 8.597927172048330791e-01
5.025000000000000000e+02 8.836024961497275232e-01
5.030000000000000000e+02 9.070793881487515531e-01
5.035000000000000000e+02 9.309210904682629906e-01
5.040000000000000000e+02 9.561172092583154480e-01
5.045000000000000000e+02 9.806826047843364424e-01
5.050000000000000000e+02 1.006695517516571048e+00
5.055000000000000000e+02 1.033355193570927755e+00
5.060000000000000000e+02 1.058560895971018878e+00
5.065000000000000000e+02 1.085902471621549958e+00
5.070000000000000000e+02 1.113459435649556406e+00
5.075000000000000000e+02 1.141660131795760202e+00
5.080000000000000000e+02 1.170782190731096239e+00
5.085000000000000000e+02 1.199089524566745224e+00
5.090000000000000000e+02 1.229662283975748061e+00
5.095000000000000000e+02 1.259542570906182490e+00
5.100000000000000000e+02 1.292040968695825853e+00
5.105000000000000000e+02 1.324518010530442824e+00
5.110000000000000000e+02 1.356629291104283208e+00
5.115000000000000000e+02 1.388306365493111150e+00
5.120000000000000000e+02 1.422550690556658282e+00
5.125000000000000000e+02 1.457471314750072189e+00
5.130000000000000000e+02 1.492333308753076793e+00
5.135000000000000000e+02 1.526354999927751477e+00
5.140000000000000000e+02 1.561507735902190497e+00
5.145000000000000000e+02 1.594904487972607976e+00
5.150000000000000000e+02 1.628373425321793855e+00
5.155000000000000000e+02 1.662729998065514136e+00
5.160000000000000000e+02 1.697288035315241084e+00
5.165000000000000000e+02 1.732086581913481638e+00
5.170000000000000000e+02 1.765823787068097728e+00
5.175000000000000000e+02 1.800855594219400890e+00
5.180000000000000000e+02 1.834487264881050184e+00
5.185000000000000000e+02 1.872896591889001705e+00
5.190000000000000000e+02 1.909435709584230034e+00
5.195000000000000000e+02 1.946553099953632016e+00
5.200000000000000000e+02 1.984068966739019890e+00
5.205000000000000000e+02 2.020492461260223305e+00
5.210000000000000000e+02 2.060696078726397928e+00
5.215000000000000000e+02 2.103250811308843282e+00
5.220000000000000000e+02 2.147911702458972005e+00
5.225000000000000000e+02 2.192676825310518218e+00
5.230000000000000000e+02 2.239269604047791073e+00
5.235000000000000000e+02 2.285488161864612344e+00
5.240000000000000000e+02 2.335519188353430753e+00
5.245000000000000000e+02 2.387864899898743953e+00
5.250000000000000000e+02 2.440568593357624660e+00
5.255000000000000000e+02 2.493100456807027410e+00
5.260000000000000000e+02 2.545137979914344317e+00
5.265000000000000000e+02 2.596186318738632703e+00
5.270000000000000000e+02 2.648476303542885990e+00
5.275000000000000000e+02 2.699981957357751927e+00
5.280000000000000000e+02 2.750293213887510024e+00
5.285000000000000000e+02 2.799812250851310580e+00
5.290000000000000000e+02 2.847776602542568369e+00
5.295000000000000000e+02 2.894596150229570508e+00
5.300000000000000000e+02 2.938812301920992631e+00
5.305000000000000000e+02 2.982136761271434899e+00
5.310000000000000000e+02 3.026205930124007182e+00
5.315000000000000000e+02 3.068966322487062026e+00
5.320000000000000000e+02 3.114169458189290030e+00
5.325000000000000000e+02 3.156253814668760871e+00
5.330000000000000000e+02 3.203308134265625551e+00
5.335000000000000000e+02 3.259300897430452704e+00
5.340000000000000000e+02 3.324353970336117570e+00
5.345000000000000000e+02 3.398076269540922123e+00
5.350000000000000000e+02 3.477917625430411164e+00
5.355000000000000000e+02 3.554031989007319314e+00
5.360000000000000000e+02 3.622964881461415931e+00
5.365000000000000000e+02 3.679544586995427302e+00
5.370000000000000000e+02 3.723345484744897238e+00
5.375000000000000000e+02 3.756458187784190272e+00
5.380000000000000000e+02 3.784791938329324257e+00
5.385000000000000000e+02 3.812032756933884770e+00
5.390000000000000000e+02 3.848779510224213496e+00
5.395000000000000000e+02 3.889311957419579358e+00
5.400000000000000000e+02 3.939462815750137459e+00
5.405000000000000000e+02 3.998110119254611128e+00
5.410000000000000000e+02 4.061839141383323692e+00
5.415000000000000000e+02 4.130164147602263469e+00
5.420000000000000000e+02 4.197119336797887179e+00
5.425000000000000000e+02 4.264719140772849748e+00
5.430000000000000000e+02 4.329969850305442236e+00
5.435000000000000000e+02 4.390549527513988970e+00
5.440000000000000000e+02 4.447083921582320798e+00
5.445000000000000000e+02 4.499298782357401549e+00
5.450000000000000000e+02 4.551106116042515914e+00
5.455000000000000000e+02 4.597941232160261293e+00
5.460000000000000000e+02 4.638148564653010730e+00
5.465000000000000000e+02 4.676034458463496080e+00
5.470000000000000000e+02 4.711188235279530012e+00
5.475000000000000000e+02 4.743267244310954034e+00
5.480000000000000000e+02 4.776910318361760943e+00
5.485000000000000000e+02 4.803960072788315827e+00
5.490000000000000000e+02 4.835643039561630552e+00
5.495000000000000000e+02 4.861428339658270481e+00
5.500000000000000000e+02 4.891518870447317369e+00
5.505000000000000000e+02 4.922712572372501150e+00
5.510000000000000000e+02 4.951645953647660470e+00
5.515000000000000000e+02 4.987258800847946816e+00
5.520000000000000000e+02 5.022204117845622484e+00
5.525000000000000000e+02 5.062171573558396531e+00
5.530000000000000000e+02 5.105035133043087647e+00
5.535000000000000000e+02 5.152858578885363805e+00
5.540000000000000000e+02 5.211797097669619738e+00
5.545000000000000000e+02 5.270943970624235142e+00
5.550000000000000000e+02 5.337041545818211219e+00
5.555000000000000000e+02 5.406374294971187489e+00
5.560000000000000000e+02 5.480724912986884689e+00
5.565000000000000000e+02 5.561457061105198107e+00
5.570000000000000000e+02 5.643839282133182422e+00
5.575000000000000000e+02 5.731128712851545792e+00
5.580000000000000000e+02 5.815720305051428340e+00
5.585000000000000000e+02 5.902947999449847494e+00
5.590000000000000000e+02 5.988916341095888107e+00
5.595000000000000000e+02 6.068752179484760312e+00
5.600000000000000000e+02 6.145672268801236626e+00
5.605000000000000000e+02 6.219985227265547145e+00
5.610000000000000000e+02 6.287470300292387293e+00
5.615000000000000000e+02 6.343263494408763137e+00
5.620000000000000000e+02 6.396484476033942101e+00
5.625000000000000000e+02 6.437391805937760836e+00
5.630000000000000000e+02 6.474477827658637885e+00
5.635000000000000000e+02 6.506113593818037444e+00
5.640000000000000000e+02 6.526740771387072648e+00
5.645000000000000000e+02 6.543409562953420355e+00
5.650000000000000000e+02 6.555857334247985335e+00
5.655000000000000000e+02 6.560733633837016576e+00
5.660000000000000000e+02 6.570489645902661380e+00
5.665000000000000000e+02 6.574448758424807693e+00
5.670000000000000000e+02 6.575908603051862755e+00
5.675000000000000000e+02 6.583105796531814491e+00
5.680000000000000000e+02 6.586459647515645166e+00
5.685000000000000000e+02 6.595474295536131848e+00
5.690000000000000000e+02 6.599528528042869269e+00
5.695000000000000000e+02 6.611707259335185327e+00
5.700000000000000000e+02 6.622900999486135198e+00
5.705000000000000000e+02 6.641626671001562343e+00
5.710000000000000000e+02 6.664257723628754349e+00
5.715000000000000000e+02 6.692470599791835895e+00
5.720000000000000000e+02 6.722867339807452325e+00
5.725000000000000000e+02 6.759663424336272541e+00
5.730000000000000000e+02 6.804183657652372652e+00
5.735000000000000000e+02 6.853789132234703096e+00
5.740000000000000000e+02 6.911077705426129647e+00
5.745000000000000000e+02 6.972006143790164145e+00
5.750000000000000000e+02 7.035813900489740647e+00
5.755000000000000000e+02 7.105832767137041373e+00
5.760000000000000000e+02 7.181198111392315120e+00
5.765000000000000000e+02 7.260502464378680187e+00
5.770000000000000000e+02 7.339667798565563395e+00
5.775000000000000000e+02 7.415584815751779857e+00
5.780000000000000000e+02 7.489124086729185947e+00
5.785000000000000000e+02 7.565844396328921917e+00
5.790000000000000000e+02 7.629106245735537861e+00
5.795000000000000000e+02 7.687062660836029515e+00
5.800000000000000000e+02 7.735777832826196132e+00
5.805000000000000000e+02 7.773768114503315729e+00
5.810000000000000000e+02 7.804640183854137270e+00
5.815000000000000000e+02 7.823246551913231706e+00
5.820000000000000000e+02 7.830535088778903585e+00
5.825000000000000000e+02 7.828144539547040814e+00
5.830000000000000000e+02 7.817917082021126340e+00
5.835000000000000000e+02 7.794054027794458328e+00
5.840000000000000000e+02 7.772665531356843793e+00
5.845000000000000000e+02 7.737959737600549559e+00
5.850000000000000000e+02 7.705106666476289057e+00
5.855000000000000000e+02 7.673515021841694761e+00
5.860000000000000000e+02 7.635467147219109130e+00
5.865000000000000000e+02 7.600293665058532433e+00
5.870000000000000000e+02 7.568139511457008695e+00
5.875000000000000000e+02 7.534654496376314903e+00
5.880000000000000000e+02 7.507527025484322714e+00
5.885000000000000000e+02 7.484934985992778955e+00
5.890000000000000000e+02 7.459430346567206271e+00
5.895000000000000000e+02 7.448487994146272939e+00
5.900000000000000000e+02 7.440892874258067557e+00
5.905000000000000000e+02 7.435553466610446804e+00
5.910000000000000000e+02 7.435485857958572531e+00
5.915000000000000000e+02 7.442892573103732090e+00
5.920000000000000000e+02 7.459161992907689331e+00
5.925000000000000000e+02 7.476345197117334251e+00
5.930000000000000000e+02 7.505446092989581430e+00
5.935000000000000000e+02 7.536421345070117184e+00
5.940000000000000000e+02 7.574455950916692437e+00
5.945000000000000000e+02 7.618240563293626977e+00
5.950000000000000000e+02 7.669502309411861951e+00
5.955000000000000000e+02 7.726970015699312633e+00
5.960000000000000000e+02 7.789330226827959613e+00
5.965000000000000000e+02 7.846699144170695917e+00
5.970000000000000000e+02 7.907906100147232387e+00
5.975000000000000000e+02 7.970212155254526643e+00
5.980000000000000000e+02 8.029348898047278027e+00
5.985000000000000000e+02 8.083823302996719917e+00
5.990000000000000000e+02 8.134412487421096571e+00
5.995000000000000000e+02 8.173229039742087920e+00
6.000000000000000000e+02 8.208749088949620187e+00
6.005000000000000000e+02 8.231493442645037462e+00
6.010000000000000000e+02 8.242916538684227135e+00
6.015000000000000000e+02 8.242684770928468296e+00
6.020000000000000000e+02 8.231183374103601125e+00
6.025000000000000000e+02 8.208081564551138243e+00
6.030000000000000000e+02 8.173562223687616424e+00
6.035000000000000000e+02 8.131455550832264123e+00
6.040000000000000000e+02 8.081365294082553774e+00
6.045000000000000000e+02 8.022716700400804868e+00
6.050000000000000000e+02 7.960336032961225605e+00
6.055000000000000000e+02 7.899898732429652348e+00
6.060000000000000000e+02 7.830420898218031667e+00
6.065000000000000000e+02 7.766271526195663633e+00
6.070000000000000000e+02 7.695178668226843932e+00
6.075000000000000000e+02 7.633025948503804337e+00
6.080000000000000000e+02 7.572999395473035023e+00
6.085000000000000000e+02 7.506843514586190480e+00
6.090000000000000000e+02 7.454348001813983160e+00
6.095000000000000000e+02 7.400780274126391056e+00
6.100000000000000000e+02 7.358302449500011555e+00
6.105000000000000000e+02 7.315992243360126324e+00
6.110000000000000000e+02 7.280988815460084140e+00
6.115000000000000000e+02 7.253714086398602490e+00
6.120000000000000000e+02 7.227050403810872936e+00
6.125000000000000000e+02 7.212622920471758015e+00
6.130000000000000000e+02 7.198982330543723940e+00
6.135000000000000000e+02 7.191600044236881040e+00
6.140000000000000000e+02 7.193158496777320998e+00
6.145000000000000000e+02 7.197574172200400078e+00
6.150000000000000000e+02 7.209944936208754207e+00
6.155000000000000000e+02 7.230904148611036142e+00
6.160000000000000000e+02 7.255425412685907460e+00
6.165000000000000000e+02 7.282218208708109763e+00
6.170000000000000000e+02 7.311299131257998241e+00
6.175000000000000000e+02 7.344727784823804839e+00
6.180000000000000000e+02 7.378013955445617000e+00
6.185000000000000000e+02 7.410928680669330859e+00
6.190000000000000000e+02 7.444241106906414274e+00
6.195000000000000000e+02 7.475452590338337089e+00
6.200000000000000000e+02 7.505161769273946071e+00
6.205000000000000000e+02 7.524581418166385482e+00
6.210000000000000000e+02 7.546300552615308632e+00
6.215000000000000000e+02 7.555965535556452117e+00
6.220000000000000000e+02 7.557881069512489169e+00
6.225000000000000000e+02 7.548745654849576603e+00
6.230000000000000000e+02 7.530953355887767486e+00
6.235000000000000000e+02 7.504173521961184257e+00
6.240000000000000000e+02 7.464183380857146943e+00
6.245000000000000000e+02 7.417287351314953092e+00
6.250000000000000000e+02 7.364386329688932697e+00
6.255000000000000000e+02 7.299058776349796496e+00
6.260000000000000000e+02 7.229483333801580258e+00
6.265000000000000000e+02 7.156533931448970876e+00
6.270000000000000000e+02 7.077156149112892258e+00
6.275000000000000000e+02 7.001355546220803916e+00
6.280000000000000000e+02 6.917740654432919634e+00
6.285000000000000000e+02 6.838356193166656105e+00
6.290000000000000000e+02 6.761906788771238297e+00
6.295000000000000000e+02 6.684709202183389820e+00
6.300000000000000000e+02 6.611062244499443352e+00
6.305000000000000000e+02 6.541409017749568733e+00
6.310000000000000000e+02 6.471916807147017892e+00
6.315000000000000000e+02 6.405837478908423144e+00
6.320000000000000000e+02 6.344021971726202302e+00
6.325000000000000000e+02 6.284712440049876392e+00
6.330000000000000000e+02 6.230271633491123673e+00
6.335000000000000000e+02 6.179881755517569353e+00
6.340000000000000000e+02 6.136070707476168451e+00
6.345000000000000000e+02 6.104258764267191495e+00
6.350000000000000000e+02 6.072422449020137059e+00
6.355000000000000000e+02 6.042845815924192010e+00
6.360000000000000000e+02 6.018246138623662311e+00
6.365000000000000000e+02 5.997343303839191009e+00
6.370000000000000000e+02 5.982853002819346955e+00
6.375000000000000000e+02 5.972269928351803259e+00
6.380000000000000000e+02 5.966744664956888045e+00
6.385000000000000000e+02 5.965078973866289047e+00
6.390000000000000000e+02 5.968625564431115471e+00
6.395000000000000000e+02 5.973910134775040959e+00
6.400000000000000000e+02 5.981859819111388532e+00
6.405000000000000000e+02 5.993261974777593259e+00
6.410000000000000000e+02 6.005482497651781770e+00
6.415000000000000000e+02 6.016413261083500608e+00
6.420000000000000000e+02 6.029234982752815775e+00
6.425000000000000000e+02 6.042049947203939730e+00
6.430000000000000000e+02 6.050104962451603008e+00
6.435000000000000000e+02 6.056941685355041294e+00
6.440000000000000000e+02 6.054118363966764171e+00
6.445000000000000000e+02 6.047274664702398717e+00
6.450000000000000000e+02 6.035298800668797092e+00
6.455000000000000000e+02 6.015754975024102613e+00
6.460000000000000000e+02 5.988934240235572304e+00
6.465000000000000000e+02 5.954304585828114504e+00
6.470000000000000000e+02 5.914072096489774388e+00
6.475000000000000000e+02 5.867461881392295631e+00
6.480000000000000000e+02 5.813519399189897463e+00
6.485000000000000000e+02 5.752609356931100315e+00
6.490000000000000000e+02 5.690398318373671493e+00
6.495000000000000000e+02 5.624649328023187955e+00
6.500000000000000000e+02 5.555573799888552600e+00
6.505000000000000000e+02 5.487048233154869337e+00
6.510000000000000000e+02 5.413853425989545443e+00
6.515000000000000000e+02 5.341736991401510259e+00
6.520000000000000000e+02 5.270642988373976934e+00
6.525000000000000000e+02 5.201062880314831993e+00
6.530000000000000000e+02 5.130924065789701061e+00
6.535000000000000000e+02 5.064711936685216465e+00
6.540000000000000000e+02 5.002822151354593849e+00
6.545000000000000000e+02 4.939626210216338187e+00
6.550000000000000000e+02 4.877683321468365030e+00
6.555000000000000000e+02 4.819819589329762621e+00
6.560000000000000000e+02 4.762972422614681456e+00
6.565000000000000000e+02 4.709970526303012939e+00
6.570000000000000000e+02 4.660623484195200561e+00
6.575000000000000000e+02 4.613111344682507386e+00
6.580000000000000000e+02 4.573255966862175725e+00
6.585000000000000000e+02 4.533252933225572434e+00
6.590000000000000000e+02 4.496836754820730420e+00
6.595000000000000000e+02 4.467355942015660553e+00
6.600000000000000000e+02 4.437791212357521609e+00
6.605000000000000000e+02 4.412496246097617814e+00
6.610000000000000000e+02 4.389151055836423510e+00
6.615000000000000000e+02 4.370678221626853599e+00
6.620000000000000000e+02 4.354033509830705917e+00
6.625000000000000000e+02 4.339773247065694228e+00
6.630000000000000000e+02 4.326728028884271104e+00
6.635000000000000000e+02 4.317475542319988868e+00
6.640000000000000000e+02 4.310272444848696871e+00
6.645000000000000000e+02 4.304130606313153251e+00
6.650000000000000000e+02 4.300867572366518843e+00
6.655000000000000000e+02 4.297283623008858022e+00
6.660000000000000000e+02 4.292020376051347341e+00
6.665000000000000000e+02 4.289574291685411822e+00
6.670000000000000000e+02 4.284452719380658081e+00
6.675000000000000000e+02 4.276435750418672299e+00
6.680000000000000000e+02 4.265669862461700212e+00
6.685000000000000000e+02 4.253141847278737231e+00
6.690000000000000000e+02 4.234892409972752070e+00
6.695000000000000000e+02 4.213480444581085393e+00
6.700000000000000000e+02 4.188318749305383726e+00
6.705000000000000000e+02 4.157508570223829025e+00
6.710000000000000000e+02 4.123610776305316250e+00
6.715000000000000000e+02 4.085242432173962435e+00
6.720000000000000000e+02 4.042630664831970755e+00
6.725000000000000000e+02 3.997780498798891635e+00
6.730000000000000000e+02 3.949047836307064685e+00
6.735000000000000000e+02 3.899349305220591866e+00
6.740000000000000000e+02 3.848849571745734721e+00
6.745000000000000000e+02 3.795955359191953704e+00
6.750000000000000000e+02 3.742519448517027669e+00
6.755000000000000000e+02 3.688640385544134315e+00
6.760000000000000000e+02 3.636713125431504157e+00
6.765000000000000000e+02 3.585839745149740576e+00
6.770000000000000000e+02 3.531901185558027567e+00
6.775000000000000000e+02 3.479507198537001411e+00
6.780000000000000000e+02 3.426793026677448673e+00
6.785000000000000000e+02 3.377193067906687496e+00
6.790000000000000000e+02 3.327068350490796522e+00
6.795000000000000000e+02 3.277203427716428141e+00
6.800000000000000000e+02 3.229421344757772427e+00
6.805000000000000000e+02 3.185227678462193790e+00
6.810000000000000000e+02 3.142028441171060393e+00
6.815000000000000000e+02 3.101745759072550346e+00
6.820000000000000000e+02 3.064770683808763607e+00
6.825000000000000000e+02 3.027597944820137332e+00
6.830000000000000000e+02 2.994610630264273876e+00
6.835000000000000000e+02 2.961534093950079605e+00
6.840000000000000000e+02 2.930926747035294433e+00
6.845000000000000000e+02 2.901930119160455845e+00
6.850000000000000000e+02 2.873596981146353535e+00
6.855000000000000000e+02 2.848772647152288062e+00
6.860000000000000000e+02 2.825873060784419355e+00
6.865000000000000000e+02 2.805054178969806689e+00
6.870000000000000000e+02 2.785890939264042743e+00
6.875000000000000000e+02 2.769723186947380178e+00
6.880000000000000000e+02 2.754860298988469847e+00
6.885000000000000000e+02 2.740491056704089434e+00
6.890000000000000000e+02 2.727550402979524335e+00
6.895000000000000000e+02 2.714654675378096016e+00
6.900000000000000000e+02 2.703386721423510775e+00
6.905000000000000000e+02 2.691310242865426527e+00
6.910000000000000000e+02 2.681376464883672206e+00
6.915000000000000000e+02 2.670226282724160960e+00
6.920000000000000000e+02 2.659644959317532198e+00
6.925000000000000000e+02 2.648813980243006405e+00
6.930000000000000000e+02 2.635947224126532706e+00
6.935000000000000000e+02 2.624148708150236153e+00
6.940000000000000000e+02 2.611038455880797748e+00
6.945000000000000000e+02 2.597499495267099778e+00
6.950000000000000000e+02 2.583049084080633051e+00
6.955000000000000000e+02 2.566140179767944840e+00
6.960000000000000000e+02 2.546905350685285896e+00
6.965000000000000000e+02 2.525024239316067565e+00
6.970000000000000000e+02 2.503544174381669318e+00
6.975000000000000000e+02 2.482194194340469284e+00
6.980000000000000000e+02 2.455068644342997430e+00
6.985000000000000000e+02 2.428448455631151415e+00
6.990000000000000000e+02 2.403174550923617314e+00
6.995000000000000000e+02 2.375318544267892573e+00
7.000000000000000000e+02 2.346598995904938256e+00
7.005000000000000000e+02 2.314195057618559925e+00
7.010000000000000000e+02 2.281399346747322809e+00
7.015000000000000000e+02 2.252262762838644683e+00
7.020000000000000000e+02 2.218800929173206704e+00
7.025000000000000000e+02 2.185770746029635170e+00
7.030000000000000000e+02 2.155126952067152324e+00
7.035000000000000000e+02 2.124123093798988116e+00
7.040000000000000000e+02 2.094021932378579365e+00
7.045000000000000000e+02 2.063138529592655424e+00
7.050000000000000000e+02 2.031798709973165362e+00
7.055000000000000000e+02 2.003334052434635026e+00
7.060000000000000000e+02 1.973764794834736991e+00
7.065000000000000000e+02 1.944896326005528975e+00
7.070000000000000000e+02 1.915313205954757736e+00
7.075000000000000000e+02 1.888259943301238586e+00
7.080000000000000000e+02 1.863383139296398205e+00
7.085000000000000000e+02 1.837511844543322059e+00
7.090000000000000000e+02 1.815482649901149159e+00
7.095000000000000000e+02 1.792660495436260604e+00
7.100000000000000000e+02 1.770759506614878243e+00
7.105000000000000000e+02 1.748986766320112185e+00
7.110000000000000000e+02 1.728725104776654309e+00
7.115000000000000000e+02 1.709683235926855671e+00
7.120000000000000000e+02 1.690405510728905991e+00
7.125000000000000000e+02 1.671158239584483951e+00
7.130000000000000000e+02 1.651368370893147697e+00
7.135000000000000000e+02 1.635650860708204757e+00
7.140000000000000000e+02 1.619639873084245618e+00
7.145000000000000000e+02 1.603384830202038369e+00
7.150000000000000000e+02 1.590241038660341832e+00
7.155000000000000000e+02 1.578572884276747468e+00
7.160000000000000000e+02 1.567873417397465774e+00
7.165000000000000000e+02 1.558351934887038936e+00
7.170000000000000000e+02 1.548000107995418650e+00
7.175000000000000000e+02 1.538556551075250356e+00
7.180000000000000000e+02 1.529817935973770693e+00
7.185000000000000000e+02 1.519933258177590396e+00
7.190000000000000000e+02 1.508919757727448685e+00
7.195000000000000000e+02 1.499493770328832021e+00
7.200000000000000000e+02 1.491721079350177837e+00
7.205000000000000000e+02 1.484191173284480580e+00
7.210000000000000000e+02 1.475191227811657013e+00
7.215000000000000000e+02 1.464981887775378855e+00
7.220000000000000000e+02 1.456215566061089151e+00
7.225000000000000000e+02 1.448101974690673144e+00
7.230000000000000000e+02 1.437854853515151410e+00
7.235000000000000000e+02 1.427498584572549856e+00
7.240000000000000000e+02 1.414355982376821252e+00
7.245000000000000000e+02 1.403969851401147162e+00
7.250000000000000000e+02 1.391247054746918455e+00
7.255000000000000000e+02 1.376535361510151434e+00
7.260000000000000000e+02 1.361070748314688883e+00
7.265000000000000000e+02 1.346446633755555622e+00
7.270000000000000000e+02 1.332066642651037691e+00
7.275000000000000000e+02 1.315522666660177586e+00
7.280000000000000000e+02 1.300463228698937712e+00
7.285000000000000000e+02 1.283363722743140034e+00
7.290000000000000000e+02 1.267307428657499235e+00
7.295000000000000000e+02 1.249857664313244410e+00
7.300000000000000000e+02 1.232551431283586352e+00
7.305000000000000000e+02 1.215950687251132312e+00
7.310000000000000000e+02 1.198199377557754630e+00
7.315000000000000000e+02 1.180959477050417483e+00
7.320000000000000000e+02 1.164874977186863836e+00
7.325000000000000000e+02 1.148996935942395936e+00
7.330000000000000000e+02 1.131932199719163146e+00
7.335000000000000000e+02 1.113141335424870038e+00
7.340000000000000000e+02 1.096133819247441687e+00
7.345000000000000000e+02 1.079530287652798792e+00
7.350000000000000000e+02 1.061568762675379363e+00
7.355000000000000000e+02 1.044330695569032130e+00
7.360000000000000000e+02 1.027146541948362746e+00
7.365000000000000000e+02 1.012860936187992555e+00
7.370000000000000000e+02 9.970279754945614581e-01
7.375000000000000000e+02 9.827345713068442734e-01
7.380000000000000000e+02 9.691946611686275137e-01
7.385000000000000000e+02 9.564353812809036626e-01
7.390000000000000000e+02 9.455025029429968697e-01
7.395000000000000000e+02 9.330534101768601651e-01
7.400000000000000000e+02 9.196775659859144358e-01
7.405000000000000000e+02 9.073504008445079094e-01
7.410000000000000000e+02 8.956237037636756160e-01
7.415000000000000000e+02 8.820118836287710318e-01
7.420000000000000000e+02 8.692902187076432252e-01
7.425000000000000000e+02 8.556019879453963251e-01
7.430000000000000000e+02 8.431669460782391656e-01
7.435000000000000000e+02 8.331704873318063198e-01
7.440000000000000000e+02 8.239718065068214470e-01
7.445000000000000000e+02 8.151490553697728902e-01
7.450000000000000000e+02 8.057013884886095045e-01
7.455000000000000000e+02 7.952120931125165049e-01
7.460000000000000000e+02 7.895042235012420528e-01
7.465000000000000000e+02 7.843163764889485856e-01
7.470000000000000000e+02 7.772701061844405901e-01
7.475000000000000000e+02 7.701286030925992288e-01
7.480000000000000000e+02 7.640141009374135095e-01
7.485000000000000000e+02 7.594381873473978750e-01
7.490000000000000000e+02 7.544915701289337528e-01
7.495000000000000000e+02 7.469507999181532742e-01
7.500000000000000000e+02 7.393359937878256627e-01
7.505000000000000000e+02 7.339912373081683983e-01
7.510000000000000000e+02 7.274199539998346120e-01
7.515000000000000000e+02 7.203503877290561297e-01
7.520000000000000000e+02 7.125296285803144336e-01
7.525000000000000000e+02 7.068007462617045267e-01
7.530000000000000000e+02 7.034553559220578789e-01
7.535000000000000000e+02 6.962882986402774144e-01
7.540000000000000000e+02 6.878141096710270741e-01
7.545000000000000000e+02 6.807152237073793577e-01
7.550000000000000000e+02 6.745742930353492151e-01
7.555000000000000000e+02 6.690353847095378281e-01
7.560000000000000000e+02 6.606594276598635185e-01
7.565000000000000000e+02 6.527460714144676102e-01
7.570000000000000000e+02 6.466440232624310891e-01
7.575000000000000000e+02 6.404586434313934706e-01
7.580000000000000000e+02 6.326917355011327793e-01
7.585000000000000000e+02 6.253749408964599521e-01
7.590000000000000000e+02 6.161814848095714670e-01
7.595000000000000000e+02 6.081165829561124836e-01
7.600000000000000000e+02 5.999854427061286355e-01
7.605000000000000000e+02 5.918468716434884813e-01
7.610000000000000000e+02 5.841002716306931131e-01
7.615000000000000000e+02 5.759251568131009691e-01
7.620000000000000000e+02 5.667762741540465221e-01
7.625000000000000000e+02 5.578864210537829438e-01
7.630000000000000000e+02 5.485846982495458102e-01
7.635000000000000000e+02 5.421168854172403462e-01
7.640000000000000000e+02 5.334979937570543118e-01
7.645000000000000000e+02 5.261186024083228663e-01
7.650000000000000000e+02 5.185886168532852780e-01
7.655000000000000000e+02 5.116285873761109437e-01
7.660000000000000000e+02 5.031785364432567187e-01
7.665000000000000000e+02 4.928744118948931163e-01
7.670000000000000000e+02 4.839503671027692855e-01
7.675000000000000000e+02 4.753465992855329114e-01
7.680000000000000000e+02 4.662470931677457076e-01
7.685000000000000000e+02 4.602478222674509789e-01
7.690000000000000000e+02 4.542908869279218553e-01
7.695000000000000000e+02 4.508818541504153732e-01
7.700000000000000000e+02 4.434091157621457002e-01
7.705000000000000000e+02 4.350135196611869537e-01
7.710000000000000000e+02 4.293459714191486531e-01
7.715000000000000000e+02 4.231480451666440601e-01
7.720000000000000000e+02 4.159158321735874075e-01
7.725000000000000000e+02 4.069900672922792673e-01
7.730000000000000000e+02 4.003600324896514628e-01
7.735000000000000000e+02 3.966454027574569663e-01
7.740000000000000000e+02 3.925699638234964040e-01
7.745000000000000000e+02 3.884576584420682543e-01
7.750000000000000000e+02 3.821076046704559026e-01
7.755000000000000000e+02 3.771224995349283238e-01
7.760000000000000000e+02 3.736091041119308231e-01
7.765000000000000000e+02 3.686442121614262324e-01
7.770000000000000000e+02 3.645280754843274185e-01
7.775000000000000000e+02 3.616764663343568498e-01
7.780000000000000000e+02 3.591459322070031934e-01
7.785000000000000000e+02 3.551870464970882102e-01
7.790000000000000000e+02 3.509481036599088055e-01
7.795000000000000000e+02 3.487671165870555035e-01
7.800000000000000000e+02 3.466205555678224526e-01
7.805000000000000000e+02 3.443569392563891607e-01
7.810000000000000000e+02 3.379875919264372364e-01
7.815000000000000000e+02 3.322175208035093585e-01
7.820000000000000000e+02 3.339827438375769786e-01
7.825000000000000000e+02 3.413716636101669644e-01
7.830000000000000000e+02 3.546416483296749300e-01
7.835000000000000000e+02 3.667883993448582958e-01
7.840000000000000000e+02 3.754667086180020763e-01
7.845000000000000000e+02 3.850348429795939498e-01
7.850000000000000000e+02 3.912094199158898111e-01
7.855000000000000000e+02 3.915678383979533383e-01
7.860000000000000000e+02 3.842452235126090354e-01
7.865000000000000000e+02 3.713723286442779936e-01
7.870000000000000000e+02 3.611792852731481318e-01
7.875000000000000000e+02 3.480829734417181243e-01
7.880000000000000000e+02 3.375779715423462002e-01
7.885000000000000000e+02 3.259943927828823362e-01
7.890000000000000000e+02 3.152807056154599552e-01
7.895000000000000000e+02 3.031597443730085772e-01
7.900000000000000000e+02 2.907860661982082928e-01
7.905000000000000000e+02 2.821670261162864679e-01
7.910000000000000000e+02 2.761687189720505864e-01
7.915000000000000000e+02 2.713056157029392068e-01
7.920000000000000000e+02 2.679835140016089134e-01
7.925000000000000000e+02 2.619894901695232203e-01
7.930000000000000000e+02 2.580024333055753183e-01
7.935000000000000000e+02 2.540919051999808165e-01
7.940000000000000000e+02 2.507378829104760509e-01
7.945000000000000000e+02 2.487890618813544674e-01
7.950000000000000000e+02 2.433683163703146413e-01
7.955000000000000000e+02 2.376557248279166368e-01
7.960000000000000000e+02 2.352434021639901451e-01
7.965000000000000000e+02 2.305011118624808453e-01
7.970000000000000000e+02 2.283852819229331699e-01
7.975000000000000000e+02 2.232716464852455562e-01
7.980000000000000000e+02 2.175265356454211818e-01
7.985000000000000000e+02 2.147658186388277657e-01
7.990000000000000000e+02 2.123908833213913883e-01
7.995000000000000000e+02 2.093445541140636079e-01
8.000000000000000000e+02 2.054108347938418677e-01
