4.300000000000000000e+02 7.640852183366612094e-01
4.301999999999999886e+02 7.504817956919639377e-01
4.303999999999999773e+02 7.378258819124680068e-01
4.306000000000000227e+02 7.260695994359710470e-01
4.308000000000000114e+02 7.152977303061552883e-01
4.310000000000000000e+02 7.054368382998060794e-01
4.311999999999999886e+02 6.964100537732892393e-01
4.313999999999999773e+02 6.881992456272988390e-01
4.316000000000000227e+02 6.806455407711167194e-01
4.318000000000000114e+02 6.736517371308132773e-01
4.320000000000000000e+02 6.671178755653343062e-01
4.321999999999999886e+02 6.608649981846581589e-01
4.323999999999999773e+02 6.548042724284065530e-01
4.326000000000000227e+02 6.488056474633072668e-01
4.328000000000000114e+02 6.427285412564502920e-01
4.330000000000000000e+02 6.365227495467229435e-01
4.331999999999999886e+02 6.300781576636891312e-01
4.333999999999999773e+02 6.233410903149374516e-01
4.336000000000000227e+02 6.163217466751662599e-01
4.338000000000000114e+02 6.089656308724541445e-01
4.340000000000000000e+02 6.013248244658712105e-01
4.341999999999999886e+02 5.934557170641842072e-01
4.343999999999999773e+02 5.853652273112264215e-01
4.346000000000000227e+02 5.771806041471052584e-01
4.348000000000000114e+02 5.689615728844290565e-01
4.350000000000000000e+02 5.607570813438718105e-01
4.351999999999999886e+02 5.527014843856558057e-01
4.353999999999999773e+02 5.448246405538631487e-01
4.356000000000000227e+02 5.371656387657031129e-01
4.358000000000000114e+02 5.298264023611879425e-01
4.360000000000000000e+02 5.229300458727932366e-01
4.361999999999999886e+02 5.164196308612928332e-01
4.363999999999999773e+02 5.102206678327979583e-01
4.366000000000000227e+02 5.043468278695213414e-01
4.368000000000000114e+02 4.988215141727226354e-01
4.370000000000000000e+02 4.936324106902948983e-01
4.371999999999999886e+02 4.887496696353983983e-01
4.373999999999999773e+02 4.841633691439297671e-01
4.376000000000000227e+02 4.798434281516211763e-01
4.378000000000000114e+02 4.757720260208900820e-01
4.380000000000000000e+02 4.719508876221431559e-01
4.381999999999999886e+02 4.683472585823345025e-01
4.383999999999999773e+02 4.649371048615508206e-01
4.386000000000000227e+02 4.617020464030523463e-01
4.388000000000000114e+02 4.586106499044633744e-01
4.390000000000000000e+02 4.556535574403289268e-01
4.391999999999999886e+02 4.528139317779876216e-01
4.393999999999999773e+02 4.500550399568845616e-01
4.396000000000000227e+02 4.473497418750527754e-01
4.398000000000000114e+02 4.446730041690916124e-01
4.400000000000000000e+02 4.419949946076487390e-01
4.401999999999999886e+02 4.392799752760816467e-01
4.403999999999999773e+02 4.365156976395113131e-01
4.406000000000000227e+02 4.336882189620187011e-01
4.408000000000000114e+02 4.307741371506602635e-01
4.410000000000000000e+02 4.277705950853814554e-01
4.411999999999999886e+02 4.246717750148307213e-01
4.413999999999999773e+02 4.214814755736125962e-01
4.416000000000000227e+02 4.182332340985825403e-01
4.418000000000000114e+02 4.149437040270341215e-01
4.420000000000000000e+02 4.116314368420039838e-01
4.421999999999999886e+02 4.083285628556332369e-01
4.423999999999999773e+02 4.050687925659912647e-01
4.426000000000000227e+02 4.018752718745139396e-01
4.428000000000000114e+02 3.987736414437563770e-01
4.430000000000000000e+02 3.958063887264944847e-01
4.431999999999999886e+02 3.929875793678855866e-01
4.433999999999999773e+02 3.903256850231159314e-01
4.436000000000000227e+02 3.878330831633474696e-01
4.438000000000000114e+02 3.855059498148916131e-01
4.440000000000000000e+02 3.833492986212840292e-01
4.441999999999999886e+02 3.813659656906819295e-01
4.443999999999999773e+02 3.795371737657202704e-01
4.446000000000000227e+02 3.778494442663021813e-01
4.448000000000000114e+02 3.762857623266376850e-01
4.450000000000000000e+02 3.748242557528507768e-01
4.451999999999999886e+02 3.734536333540123820e-01
4.453999999999999773e+02 3.721538561018714608e-01
4.456000000000000227e+02 3.708996581837077922e-01
4.458000000000000114e+02 3.696710471731073366e-01
4.460000000000000000e+02 3.684487193883261846e-01
4.461999999999999886e+02 3.672098546521920803e-01
4.463999999999999773e+02 3.659304251174438916e-01
4.466000000000000227e+02 3.645958542496959276e-01
4.468000000000000114e+02 3.631827410111075349e-01
4.470000000000000000e+02 3.616629904625320857e-01
4.471999999999999886e+02 3.600124943128022448e-01
4.473999999999999773e+02 3.581973929552748626e-01
4.476000000000000227e+02 3.561909341527663697e-01
4.478000000000000114e+02 3.539742811637334174e-01
4.480000000000000000e+02 3.515123634494644600e-01
4.481999999999999886e+02 3.487780168130947822e-01
4.483999999999999773e+02 3.457456245461808519e-01
4.486000000000000227e+02 3.423829444040898951e-01
4.488000000000000114e+02 3.386917037406660391e-01
4.490000000000000000e+02 3.346722106424483423e-01
4.491999999999999886e+02 3.303133537327928582e-01
4.493999999999999773e+02 3.256237479850498384e-01
4.496000000000000227e+02 3.206250723226026222e-01
4.498000000000000114e+02 3.153372168492883376e-01
4.500000000000000000e+02 3.097742373594039589e-01
4.501999999999999886e+02 3.040023753453196531e-01
4.503999999999999773e+02 2.980781092720912184e-01
4.506000000000000227e+02 2.920341618302096931e-01
4.508000000000000114e+02 2.859341666743870358e-01
4.510000000000000000e+02 2.798232174298826980e-01
4.511999999999999886e+02 2.737554696456971914e-01
4.513999999999999773e+02 2.678249993155341069e-01
4.516000000000000227e+02 2.620761831174754919e-01
4.518000000000000114e+02 2.565457756043922899e-01
4.520000000000000000e+02 2.512820564508294607e-01
4.521999999999999886e+02 2.463230264808979331e-01
4.523999999999999773e+02 2.416846406263025437e-01
4.526000000000000227e+02 2.373840963472129140e-01
4.528000000000000114e+02 2.334575502208513509e-01
4.530000000000000000e+02 2.298992470452650705e-01
4.531999999999999886e+02 2.266971719699776289e-01
4.533999999999999773e+02 2.238441456232872495e-01
4.536000000000000227e+02 2.213142426998388756e-01
4.538000000000000114e+02 2.190916409303343693e-01
4.540000000000000000e+02 2.171570613599343724e-01
4.541999999999999886e+02 2.154700445462927882e-01
4.543999999999999773e+02 2.139970653419090707e-01
4.546000000000000227e+02 2.127023997866196448e-01
4.548000000000000114e+02 2.115477734056969428e-01
4.550000000000000000e+02 2.105051535378118788e-01
4.551999999999999886e+02 2.095417309861164756e-01
4.553999999999999773e+02 2.086242522072023209e-01
4.556000000000000227e+02 2.077270533108266370e-01
4.558000000000000114e+02 2.068286658755779106e-01
4.560000000000000000e+02 2.059092691088707239e-01
4.561999999999999886e+02 2.049536687221178433e-01
4.563999999999999773e+02 2.039595413052313344e-01
4.566000000000000227e+02 2.029234876165377788e-01
4.568000000000000114e+02 2.018443918052477692e-01
4.570000000000000000e+02 2.007286806389510792e-01
4.571999999999999886e+02 1.995811968247630241e-01
4.573999999999999773e+02 1.984146746246102655e-01
4.576000000000000227e+02 1.972479746905616838e-01
4.578000000000000114e+02 1.960912559826863133e-01
4.580000000000000000e+02 1.949563876447734379e-01
4.581999999999999886e+02 1.938562002269887674e-01
4.583999999999999773e+02 1.928003273777456339e-01
4.586000000000000227e+02 1.917917797209306996e-01
4.588000000000000114e+02 1.908349490110586855e-01
4.590000000000000000e+02 1.899341898054819899e-01
4.591999999999999886e+02 1.890828232349882065e-01
4.593999999999999773e+02 1.882743860149335147e-01
4.596000000000000227e+02 1.875009070745311257e-01
4.598000000000000114e+02 1.867506003762494093e-01
4.600000000000000000e+02 1.860176929001420287e-01
4.601999999999999886e+02 1.852943312996983838e-01
4.603999999999999773e+02 1.845701221304628104e-01
4.606000000000000227e+02 1.838397259603697098e-01
4.608000000000000114e+02 1.830969293168152878e-01
4.610000000000000000e+02 1.823392025990792087e-01
4.611999999999999886e+02 1.815713567579828047e-01
4.613999999999999773e+02 1.807947184093794679e-01
4.616000000000000227e+02 1.800123655817647828e-01
4.618000000000000114e+02 1.792307277859803427e-01
4.620000000000000000e+02 1.784566028819505601e-01
4.621999999999999886e+02 1.776940396202830452e-01
4.623999999999999773e+02 1.769484784010602330e-01
4.626000000000000227e+02 1.762289644503108044e-01
4.628000000000000114e+02 1.755371862482865697e-01
4.630000000000000000e+02 1.748738814925572815e-01
4.631999999999999886e+02 1.742396550669659816e-01
4.633999999999999773e+02 1.736305985754287295e-01
4.636000000000000227e+02 1.730459391794809676e-01
4.638000000000000114e+02 1.724841279434308206e-01
4.640000000000000000e+02 1.719391938596911973e-01
4.641999999999999886e+02 1.714078335206995485e-01
4.643999999999999773e+02 1.708859124602847002e-01
4.646000000000000227e+02 1.703692150720290677e-01
4.648000000000000114e+02 1.698580018425135396e-01
4.650000000000000000e+02 1.693502029949465193e-01
4.651999999999999886e+02 1.688435648474652384e-01
4.653999999999999773e+02 1.683385115702581425e-01
4.656000000000000227e+02 1.678361869055958744e-01
4.658000000000000114e+02 1.673368717093056124e-01
4.660000000000000000e+02 1.668415360346982290e-01
4.661999999999999886e+02 1.663554080893422660e-01
4.663999999999999773e+02 1.658808812448109016e-01
4.666000000000000227e+02 1.654197044543442574e-01
4.668000000000000114e+02 1.649752770140912039e-01
4.670000000000000000e+02 1.645487049620756315e-01
4.671999999999999886e+02 1.641422168572792273e-01
4.673999999999999773e+02 1.637579628366892803e-01
4.676000000000000227e+02 1.633931557710593674e-01
4.678000000000000114e+02 1.630453832958889959e-01
4.680000000000000000e+02 1.627114552615613330e-01
4.681999999999999886e+02 1.623863730924425541e-01
4.683999999999999773e+02 1.620671886410955942e-01
4.686000000000000227e+02 1.617495524645674032e-01
4.688000000000000114e+02 1.614277359857151373e-01
4.690000000000000000e+02 1.610974869866477754e-01
4.691999999999999886e+02 1.607551100008335065e-01
4.693999999999999773e+02 1.603965050283524818e-01
4.696000000000000227e+02 1.600175073584464980e-01
4.698000000000000114e+02 1.596177584021706841e-01
4.700000000000000000e+02 1.591961783747798953e-01
4.701999999999999886e+02 1.587514076045868083e-01
4.703999999999999773e+02 1.582857995729985701e-01
4.706000000000000227e+02 1.578015850483136806e-01
4.708000000000000114e+02 1.573038711552199598e-01
4.710000000000000000e+02 1.568021242893543887e-01
4.711999999999999886e+02 1.563031867446637024e-01
4.713999999999999773e+02 1.558152360794893831e-01
4.716000000000000227e+02 1.553485639130161300e-01
4.718000000000000114e+02 1.549136111904728941e-01
4.720000000000000000e+02 1.545193380585263843e-01
4.721999999999999886e+02 1.541749732984011578e-01
4.723999999999999773e+02 1.538902164819106189e-01
4.726000000000000227e+02 1.536696042231182613e-01
4.728000000000000114e+02 1.535157275877174210e-01
4.730000000000000000e+02 1.534298528733598344e-01
4.731999999999999886e+02 1.534104664178221888e-01
4.733999999999999773e+02 1.534530934006390623e-01
4.736000000000000227e+02 1.535508125981440430e-01
4.738000000000000114e+02 1.536946561300154834e-01
4.740000000000000000e+02 1.538738005662571573e-01
4.741999999999999886e+02 1.540768271830745273e-01
4.743999999999999773e+02 1.542913495895629206e-01
4.746000000000000227e+02 1.545030088845087690e-01
4.748000000000000114e+02 1.546992885353753733e-01
4.750000000000000000e+02 1.548691075733983902e-01
4.751999999999999886e+02 1.550025656300475785e-01
4.753999999999999773e+02 1.550930147941640969e-01
4.756000000000000227e+02 1.551373579373166167e-01
4.758000000000000114e+02 1.551361331066606619e-01
4.760000000000000000e+02 1.550936120580810318e-01
4.761999999999999886e+02 1.550171895128251154e-01
4.763999999999999773e+02 1.549167343720421475e-01
4.766000000000000227e+02 1.548038702964949775e-01
4.768000000000000114e+02 1.546905314537208309e-01
4.770000000000000000e+02 1.545887796077503595e-01
4.771999999999999886e+02 1.545095803085098640e-01
4.773999999999999773e+02 1.544608178713424151e-01
4.776000000000000227e+02 1.544478573713773950e-01
4.778000000000000114e+02 1.544730951425394017e-01
4.780000000000000000e+02 1.545356381121253397e-01
4.781999999999999886e+02 1.546319418238072396e-01
4.783999999999999773e+02 1.547547810362361331e-01
4.786000000000000227e+02 1.548938872556543389e-01
4.788000000000000114e+02 1.550375465381524098e-01
4.790000000000000000e+02 1.551724019615948191e-01
4.791999999999999886e+02 1.552846401834815093e-01
4.793999999999999773e+02 1.553609883235365918e-01
4.796000000000000227e+02 1.553891995927849934e-01
4.798000000000000114e+02 1.553598700696008361e-01
4.800000000000000000e+02 1.552671818674438431e-01
4.801999999999999886e+02 1.551091606190454497e-01
4.803999999999999773e+02 1.548869264236617249e-01
4.806000000000000227e+02 1.546062885691112943e-01
4.808000000000000114e+02 1.542778917588304710e-01
4.810000000000000000e+02 1.539130003539254943e-01
4.811999999999999886e+02 1.535246445706937579e-01
4.813999999999999773e+02 1.531272836870934129e-01
4.816000000000000227e+02 1.527352508851415325e-01
4.818000000000000114e+02 1.523607345094692700e-01
4.820000000000000000e+02 1.520155891757916378e-01
4.821999999999999886e+02 1.517112053877157918e-01
4.823999999999999773e+02 1.514532886902497932e-01
4.826000000000000227e+02 1.512452687321860501e-01
4.828000000000000114e+02 1.510885666511342096e-01
4.830000000000000000e+02 1.509812520570927574e-01
4.831999999999999886e+02 1.509195393068405167e-01
4.833999999999999773e+02 1.508973529402923008e-01
4.836000000000000227e+02 1.509062841500219965e-01
4.838000000000000114e+02 1.509371658601891819e-01
4.840000000000000000e+02 1.509806136553261957e-01
4.841999999999999886e+02 1.510272885667727216e-01
4.843999999999999773e+02 1.510683035573308630e-01
4.846000000000000227e+02 1.510965783546604213e-01
4.848000000000000114e+02 1.511067346220772989e-01
4.850000000000000000e+02 1.510950870210978347e-01
4.851999999999999886e+02 1.510600808314891685e-01
4.853999999999999773e+02 1.510014666606862010e-01
4.856000000000000227e+02 1.509203031981331822e-01
4.858000000000000114e+02 1.508191876893100469e-01
4.860000000000000000e+02 1.507008124158595863e-01
4.861999999999999886e+02 1.505682494082629663e-01
4.863999999999999773e+02 1.504248413075309210e-01
4.866000000000000227e+02 1.502728760532175412e-01
4.868000000000000114e+02 1.501149260972856891e-01
4.870000000000000000e+02 1.499531907233048744e-01
4.871999999999999886e+02 1.497881551423527746e-01
4.873999999999999773e+02 1.496202108888599336e-01
4.876000000000000227e+02 1.494496368748301773e-01
4.878000000000000114e+02 1.492762596448062584e-01
4.880000000000000000e+02 1.490990637580815459e-01
4.881999999999999886e+02 1.489179201934796581e-01
4.883999999999999773e+02 1.487329061874742564e-01
4.886000000000000227e+02 1.485429787924873735e-01
4.888000000000000114e+02 1.483483042279720165e-01
4.890000000000000000e+02 1.481491073140414338e-01
4.891999999999999886e+02 1.479455020170922508e-01
4.893999999999999773e+02 1.477396567369133884e-01
4.896000000000000227e+02 1.475334727374001953e-01
4.898000000000000114e+02 1.473291384042848540e-01
4.900000000000000000e+02 1.471305045400668476e-01
4.901999999999999886e+02 1.469406833391068978e-01
4.903999999999999773e+02 1.467631610248056606e-01
4.906000000000000227e+02 1.466018106942937882e-01
4.908000000000000114e+02 1.464583968400389458e-01
4.910000000000000000e+02 1.463344912161832490e-01
4.911999999999999886e+02 1.462316936512839949e-01
4.913999999999999773e+02 1.461510887305837447e-01
4.916000000000000227e+02 1.460929987831238730e-01
4.918000000000000114e+02 1.460572783329549540e-01
4.920000000000000000e+02 1.460434383185887641e-01
4.921999999999999886e+02 1.460504861663664000e-01
4.923999999999999773e+02 1.460771991485105281e-01
4.926000000000000227e+02 1.461220379790626467e-01
4.928000000000000114e+02 1.461828117645774250e-01
4.930000000000000000e+02 1.462561226116583235e-01
4.931999999999999886e+02 1.463385551249493099e-01
4.933999999999999773e+02 1.464272717464109308e-01
4.936000000000000227e+02 1.465196512272550211e-01
4.938000000000000114e+02 1.466139785104462745e-01
4.940000000000000000e+02 1.467088254830102023e-01
4.941999999999999886e+02 1.468022241873546407e-01
4.943999999999999773e+02 1.468929119320534493e-01
4.946000000000000227e+02 1.469801431944555148e-01
4.948000000000000114e+02 1.470635119790471845e-01
4.950000000000000000e+02 1.471429652808962374e-01
4.951999999999999886e+02 1.472183763562446290e-01
4.953999999999999773e+02 1.472891756551727716e-01
4.956000000000000227e+02 1.473542135893149696e-01
4.958000000000000114e+02 1.474128897806150917e-01
4.960000000000000000e+02 1.474645244632694085e-01
4.961999999999999886e+02 1.475080656125661305e-01
4.963999999999999773e+02 1.475424234524014833e-01
4.966000000000000227e+02 1.475658392959572351e-01
4.968000000000000114e+02 1.475758643745120613e-01
4.970000000000000000e+02 1.475695169310234089e-01
4.971999999999999886e+02 1.475432567646520754e-01
4.973999999999999773e+02 1.474932718798198372e-01
4.976000000000000227e+02 1.474153770226198923e-01
4.978000000000000114e+02 1.473045135471726941e-01
4.980000000000000000e+02 1.471568884242296371e-01
4.981999999999999886e+02 1.469698320153614846e-01
4.983999999999999773e+02 1.467412905619533969e-01
4.986000000000000227e+02 1.464714205932199642e-01
4.988000000000000114e+02 1.461608064575818655e-01
4.990000000000000000e+02 1.458108209308115188e-01
4.991999999999999886e+02 1.454268658465624753e-01
4.993999999999999773e+02 1.450128863270868373e-01
4.996000000000000227e+02 1.445725673482051998e-01
4.998000000000000114e+02 1.441117255467103120e-01
5.000000000000000000e+02 1.436347822351719816e-01
5.001999999999999886e+02 1.431485349801310536e-01
5.003999999999999773e+02 1.426619231361279105e-01
5.006000000000000227e+02 1.421800999842268987e-01
5.008000000000000114e+02 1.417088156963977608e-01
5.010000000000000000e+02 1.412540444441078291e-01
5.011999999999999886e+02 1.408198917344062051e-01
5.013999999999999773e+02 1.404070042975841814e-01
5.016000000000000227e+02 1.400160547893400942e-01
5.018000000000000114e+02 1.396477315847778899e-01
5.020000000000000000e+02 1.392984341359123912e-01
5.021999999999999886e+02 1.389651151303714360e-01
5.023999999999999773e+02 1.386449155902246266e-01
5.026000000000000227e+02 1.383341192659733321e-01
5.028000000000000114e+02 1.380318201564675329e-01
5.030000000000000000e+02 1.377366372206655920e-01
5.031999999999999886e+02 1.374461479130627273e-01
5.033999999999999773e+02 1.371597939349415984e-01
5.036000000000000227e+02 1.368760346228823643e-01
5.038000000000000114e+02 1.365937393184773196e-01
5.040000000000000000e+02 1.363138379343440398e-01
5.041999999999999886e+02 1.360359455371955018e-01
5.043999999999999773e+02 1.357605540724976245e-01
5.046000000000000227e+02 1.354897468867025945e-01
5.048000000000000114e+02 1.352257823042223306e-01
5.050000000000000000e+02 1.349700342464214831e-01
5.051999999999999886e+02 1.347241072629155045e-01
5.053999999999999773e+02 1.344904760828462553e-01
5.056000000000000227e+02 1.342685450083652143e-01
5.058000000000000114e+02 1.340566832972542866e-01
5.060000000000000000e+02 1.338526635484503513e-01
5.061999999999999886e+02 1.336522138708062246e-01
5.063999999999999773e+02 1.334519389031208758e-01
5.066000000000000227e+02 1.332487506888687112e-01
5.068000000000000114e+02 1.330390996948639104e-01
5.070000000000000000e+02 1.328215170452641536e-01
5.071999999999999886e+02 1.325958366850462922e-01
5.073999999999999773e+02 1.323622222928646786e-01
5.076000000000000227e+02 1.321203096563374757e-01
5.078000000000000114e+02 1.318717011838025921e-01
5.080000000000000000e+02 1.316181366137345043e-01
5.081999999999999886e+02 1.313596589036799267e-01
5.083999999999999773e+02 1.310975103287233823e-01
5.086000000000000227e+02 1.308324609007786021e-01
5.088000000000000114e+02 1.305652220710168121e-01
5.090000000000000000e+02 1.302990397285526958e-01
5.091999999999999886e+02 1.300357679240560227e-01
5.093999999999999773e+02 1.297767110589535255e-01
5.096000000000000227e+02 1.295236866690628041e-01
5.098000000000000114e+02 1.292761538909243113e-01
5.100000000000000000e+02 1.290333601055249080e-01
5.101999999999999886e+02 1.287942911360154263e-01
5.103999999999999773e+02 1.285554637304057168e-01
5.106000000000000227e+02 1.283138902097338274e-01
5.108000000000000114e+02 1.280673413339624700e-01
5.110000000000000000e+02 1.278138079351163747e-01
5.111999999999999886e+02 1.275507821349518567e-01
5.113999999999999773e+02 1.272775502513008583e-01
5.116000000000000227e+02 1.269947069842705945e-01
5.118000000000000114e+02 1.267011654267070908e-01
5.120000000000000000e+02 1.263970314588204191e-01
5.122000000000000455e+02 1.260821952924770506e-01
5.123999999999999773e+02 1.257553080971402781e-01
5.126000000000000227e+02 1.254177904250115549e-01
5.127999999999999545e+02 1.250701403302511006e-01
5.130000000000000000e+02 1.247116367246878521e-01
5.132000000000000455e+02 1.243430527369078220e-01
5.133999999999999773e+02 1.239635875045784347e-01
5.136000000000000227e+02 1.235731360488837305e-01
5.137999999999999545e+02 1.231737912483282654e-01
5.140000000000000000e+02 1.227644877798011736e-01
5.142000000000000455e+02 1.223443977337807659e-01
5.143999999999999773e+02 1.219140839427066136e-01
5.146000000000000227e+02 1.214743457991403347e-01
5.147999999999999545e+02 1.210247560851983595e-01
5.150000000000000000e+02 1.205665837470544233e-01
5.152000000000000455e+02 1.201043031418528167e-01
5.153999999999999773e+02 1.196393452071181918e-01
5.156000000000000227e+02 1.191739165739647416e-01
5.157999999999999545e+02 1.187109372081572300e-01
5.160000000000000000e+02 1.182509017214312813e-01
5.162000000000000455e+02 1.177972708327444523e-01
5.163999999999999773e+02 1.173529582463618409e-01
5.166000000000000227e+02 1.169173374734442800e-01
5.167999999999999545e+02 1.164909624800845728e-01
5.170000000000000000e+02 1.160746213698598678e-01
5.172000000000000455e+02 1.156681956261229605e-01
5.173999999999999773e+02 1.152700168086012722e-01
5.176000000000000227e+02 1.148811691471975094e-01
5.177999999999999545e+02 1.145023990051176610e-01
5.180000000000000000e+02 1.141316333818307577e-01
5.182000000000000455e+02 1.137678404071121585e-01
5.183999999999999773e+02 1.134084836004767560e-01
5.186000000000000227e+02 1.130504232750785820e-01
5.187999999999999545e+02 1.126932648638425127e-01
5.190000000000000000e+02 1.123343851584908404e-01
5.192000000000000455e+02 1.119711365469824998e-01
5.193999999999999773e+02 1.116027542480219348e-01
5.196000000000000227e+02 1.112273726085483833e-01
5.197999999999999545e+02 1.108456050902664886e-01
5.200000000000000000e+02 1.104595964083083526e-01
5.202000000000000455e+02 1.100689211030522752e-01
5.203999999999999773e+02 1.096743059347934229e-01
5.206000000000000227e+02 1.092773490703950745e-01
5.207999999999999545e+02 1.088793445625962086e-01
5.210000000000000000e+02 1.084800597032835739e-01
5.212000000000000455e+02 1.080817576864094437e-01
5.213999999999999773e+02 1.076883923675832078e-01
5.216000000000000227e+02 1.073017603598521302e-01
5.217999999999999545e+02 1.069254342616318132e-01
5.220000000000000000e+02 1.065628830261557414e-01
5.222000000000000455e+02 1.062162864318457189e-01
5.223999999999999773e+02 1.058899652594446211e-01
5.226000000000000227e+02 1.055857036775289387e-01
5.227999999999999545e+02 1.053026208586495954e-01
5.230000000000000000e+02 1.050400085892806840e-01
5.232000000000000455e+02 1.047961461285783213e-01
5.233999999999999773e+02 1.045680657703918770e-01
5.236000000000000227e+02 1.043521834179877289e-01
5.237999999999999545e+02 1.041467095498110618e-01
5.240000000000000000e+02 1.039492011478951317e-01
5.242000000000000455e+02 1.037568035900068991e-01
5.243999999999999773e+02 1.035680696515079019e-01
5.246000000000000227e+02 1.033808143901903398e-01
5.247999999999999545e+02 1.031936045956465958e-01
5.250000000000000000e+02 1.030066113134767286e-01
5.252000000000000455e+02 1.028193242670198265e-01
5.253999999999999773e+02 1.026323037038448377e-01
5.256000000000000227e+02 1.024472578786908700e-01
5.257999999999999545e+02 1.022662868636323996e-01
5.260000000000000000e+02 1.020937487743549948e-01
5.262000000000000455e+02 1.019344391518827858e-01
5.263999999999999773e+02 1.017923647486854433e-01
5.266000000000000227e+02 1.016721161288205860e-01
5.267999999999999545e+02 1.015778552621867115e-01
5.270000000000000000e+02 1.015127667903480274e-01
5.272000000000000455e+02 1.014787987356762233e-01
5.273999999999999773e+02 1.014769548781552788e-01
5.276000000000000227e+02 1.015075372740824183e-01
5.277999999999999545e+02 1.015703963254052794e-01
5.280000000000000000e+02 1.016654693113965835e-01
5.282000000000000455e+02 1.017943772552039466e-01
5.283999999999999773e+02 1.019603695012019223e-01
5.286000000000000227e+02 1.021680890290130872e-01
5.287999999999999545e+02 1.024283573643929579e-01
5.290000000000000000e+02 1.027604287783036863e-01
5.292000000000000455e+02 1.031971509307550439e-01
5.293999999999999773e+02 1.037983631351855895e-01
5.296000000000000227e+02 1.046530249970803322e-01
5.297999999999999545e+02 1.058890116415040772e-01
5.300000000000000000e+02 1.076894682876586018e-01
5.302000000000000455e+02 1.102950965645772829e-01
5.303999999999999773e+02 1.139972523590350867e-01
5.306000000000000227e+02 1.191456143811185364e-01
5.307999999999999545e+02 1.261797665650262745e-01
5.310000000000000000e+02 1.355300616862672725e-01
5.312000000000000455e+02 1.476382247189474695e-01
5.313999999999999773e+02 1.630203680509395292e-01
5.316000000000000227e+02 1.821206381915614625e-01
5.317999999999999545e+02 2.053908036280824301e-01
5.320000000000000000e+02 2.332577584579518803e-01
5.322000000000000455e+02 2.657989203113816368e-01
5.323999999999999773e+02 3.030827251326602134e-01
5.326000000000000227e+02 3.451315823841268338e-01
5.327999999999999545e+02 3.916889863916319658e-01
5.330000000000000000e+02 4.422533327202833320e-01
5.332000000000000455e+02 4.962601115085204517e-01
5.333999999999999773e+02 5.530211821865753663e-01
5.336000000000000227e+02 6.111952141702161612e-01
5.337999999999999545e+02 6.695786758928535809e-01
5.340000000000000000e+02 7.270499674893641240e-01
5.342000000000000455e+02 7.821762923980610793e-01
5.343999999999999773e+02 8.337144967612489799e-01
5.346000000000000227e+02 8.803081344086010063e-01
5.347999999999999545e+02 9.204600458738868562e-01
5.350000000000000000e+02 9.532333108724757587e-01
5.352000000000000455e+02 9.778227423964638287e-01
5.353999999999999773e+02 9.935394676027343719e-01
5.356000000000000227e+02 1.000000000000000000e+00
5.357999999999999545e+02 9.970805861557560101e-01
5.360000000000000000e+02 9.849435032381167465e-01
5.362000000000000455e+02 9.640388405814882544e-01
5.363999999999999773e+02 9.350297346116432928e-01
5.366000000000000227e+02 8.988256706241654070e-01
5.367999999999999545e+02 8.564439497053014660e-01
5.370000000000000000e+02 8.088777547366853282e-01
5.372000000000000455e+02 7.575791371054459988e-01
5.373999999999999773e+02 7.039220018609406715e-01
5.376000000000000227e+02 6.489744607022170930e-01
5.377999999999999545e+02 5.939573680839982384e-01
5.380000000000000000e+02 5.398183879791058626e-01
5.382000000000000455e+02 4.874132711482199176e-01
5.383999999999999773e+02 4.378170338531890970e-01
5.386000000000000227e+02 3.915418910596485946e-01
5.387999999999999545e+02 3.489153516145026002e-01
5.390000000000000000e+02 3.102638943969100449e-01
5.392000000000000455e+02 2.755969372089977498e-01
5.393999999999999773e+02 2.449911638845014006e-01
5.396000000000000227e+02 2.184617523583181342e-01
5.397999999999999545e+02 1.956879224721649324e-01
5.400000000000000000e+02 1.763900047383391290e-01
5.402000000000000455e+02 1.602847047717665119e-01
5.403999999999999773e+02 1.470305315371989718e-01
5.406000000000000227e+02 1.362505630238212140e-01
5.407999999999999545e+02 1.276295406440847990e-01
5.410000000000000000e+02 1.208752868798849411e-01
5.412000000000000455e+02 1.156505385754687254e-01
5.413999999999999773e+02 1.116840912014519238e-01
5.416000000000000227e+02 1.087423754871758436e-01
5.417999999999999545e+02 1.066144037798079092e-01
5.420000000000000000e+02 1.051388997689640253e-01
5.422000000000000455e+02 1.041722975883139640e-01
5.423999999999999773e+02 1.035903671502602652e-01
5.426000000000000227e+02 1.033011112411499066e-01
5.427999999999999545e+02 1.032311416740583354e-01
5.430000000000000000e+02 1.033241083501260787e-01
5.432000000000000455e+02 1.035391726407961094e-01
5.433999999999999773e+02 1.038453260368704667e-01
5.436000000000000227e+02 1.042211548490020456e-01
5.437999999999999545e+02 1.046518696488033251e-01
5.440000000000000000e+02 1.051261945319927477e-01
5.442000000000000455e+02 1.056383143792806595e-01
5.443999999999999773e+02 1.061826769958675309e-01
5.446000000000000227e+02 1.067534055420051170e-01
5.447999999999999545e+02 1.073506541068282027e-01
5.450000000000000000e+02 1.079741317557838254e-01
5.452000000000000455e+02 1.086246532934895676e-01
5.453999999999999773e+02 1.093065290298390752e-01
5.456000000000000227e+02 1.100176481805664047e-01
5.457999999999999545e+02 1.107616659732576503e-01
5.460000000000000000e+02 1.115437267991626069e-01
5.462000000000000455e+02 1.123435677355636847e-01
5.463999999999999773e+02 1.131689816007059174e-01
5.466000000000000227e+02 1.140386332306815020e-01
5.467999999999999545e+02 1.149459801510506335e-01
5.470000000000000000e+02 1.158919032604469740e-01
5.472000000000000455e+02 1.168825204061127998e-01
5.473999999999999773e+02 1.179227421158517836e-01
5.476000000000000227e+02 1.190122922097315711e-01
5.477999999999999545e+02 1.201548070821531339e-01
5.480000000000000000e+02 1.213592350244980800e-01
5.482000000000000455e+02 1.226285094160297628e-01
5.483999999999999773e+02 1.239681671658427742e-01
5.486000000000000227e+02 1.253833342527821693e-01
5.487999999999999545e+02 1.268672077022821310e-01
5.490000000000000000e+02 1.284174281323107181e-01
5.492000000000000455e+02 1.300360928673588157e-01
5.493999999999999773e+02 1.317239074103211116e-01
5.496000000000000227e+02 1.334696174264924096e-01
5.497999999999999545e+02 1.352617561715633576e-01
5.500000000000000000e+02 1.370977470551605903e-01
5.502000000000000455e+02 1.389759440892613385e-01
5.503999999999999773e+02 1.408862879970209092e-01
5.506000000000000227e+02 1.428116389149176324e-01
5.507999999999999545e+02 1.447460791417652104e-01
5.510000000000000000e+02 1.466872661736539352e-01
5.512000000000000455e+02 1.486295373342518822e-01
5.513999999999999773e+02 1.505573815884478639e-01
5.516000000000000227e+02 1.524683671803561957e-01
5.517999999999999545e+02 1.543666603233387891e-01
5.520000000000000000e+02 1.562516297326320136e-01
5.522000000000000455e+02 1.581328681198496122e-01
5.523999999999999773e+02 1.600180455313086614e-01
5.526000000000000227e+02 1.619063936683382832e-01
5.527999999999999545e+02 1.638107350087648073e-01
5.530000000000000000e+02 1.657494449488561283e-01
5.532000000000000455e+02 1.677377934807510740e-01
5.533999999999999773e+02 1.697766892336332600e-01
5.536000000000000227e+02 1.718723783319945908e-01
5.537999999999999545e+02 1.740389098837031578e-01
5.540000000000000000e+02 1.762898288797249968e-01
5.542000000000000455e+02 1.786241758309139172e-01
5.543999999999999773e+02 1.810379428164381743e-01
5.546000000000000227e+02 1.835396087982716640e-01
5.547999999999999545e+02 1.861397117608095675e-01
5.550000000000000000e+02 1.888374296795355400e-01
5.552000000000000455e+02 1.916181117184180549e-01
5.553999999999999773e+02 1.944853514141069162e-01
5.556000000000000227e+02 1.974396358493162029e-01
5.557999999999999545e+02 2.004744173321536538e-01
5.560000000000000000e+02 2.035959172183184063e-01
5.562000000000000455e+02 2.067943578973456820e-01
5.563999999999999773e+02 2.100521897584724795e-01
5.566000000000000227e+02 2.133745551725440281e-01
5.567999999999999545e+02 2.167723943789976460e-01
5.570000000000000000e+02 2.202470569510503740e-01
5.572000000000000455e+02 2.237812686279531671e-01
5.573999999999999773e+02 2.273770606145879281e-01
5.576000000000000227e+02 2.310472086004925207e-01
5.577999999999999545e+02 2.348011712367045756e-01
5.580000000000000000e+02 2.386242179539511121e-01
5.582000000000000455e+02 2.425104634562637029e-01
5.583999999999999773e+02 2.464727401321391842e-01
5.586000000000000227e+02 2.505246344485470011e-01
5.587999999999999545e+02 2.546567996356047248e-01
5.590000000000000000e+02 2.588531279674979313e-01
5.592000000000000455e+02 2.631272731047494817e-01
5.593999999999999773e+02 2.674801936391608681e-01
5.596000000000000227e+02 2.719124774678560730e-01
5.597999999999999545e+02 2.764400691700771295e-01
5.600000000000000000e+02 2.810474335578168614e-01
5.602000000000000455e+02 2.857225950820956317e-01
5.603999999999999773e+02 2.904805091008484386e-01
5.606000000000000227e+02 2.953393145047277790e-01
5.607999999999999545e+02 3.002949907308471444e-01
5.610000000000000000e+02 3.053280482079397395e-01
5.612000000000000455e+02 3.104498561244735111e-01
5.613999999999999773e+02 3.156804145479781831e-01
5.616000000000000227e+02 3.210276231716077677e-01
5.617999999999999545e+02 3.264678751047807581e-01
5.620000000000000000e+02 3.320028626952897244e-01
5.622000000000000455e+02 3.376527754012840221e-01
5.623999999999999773e+02 3.434336544845155159e-01
5.626000000000000227e+02 3.493242313157894352e-01
5.627999999999999545e+02 3.553093795198384863e-01
5.630000000000000000e+02 3.614054614291268286e-01
5.632000000000000455e+02 3.676319095395008119e-01
5.633999999999999773e+02 3.739765818243194762e-01
5.636000000000000227e+02 3.804079094247823090e-01
5.637999999999999545e+02 3.869402611890257471e-01
5.640000000000000000e+02 3.935732305561242539e-01
5.642000000000000455e+02 4.002995810386030806e-01
5.643999999999999773e+02 4.071392293575592514e-01
5.646000000000000227e+02 4.140687148791447059e-01
5.647999999999999545e+02 4.210598973904886022e-01
5.650000000000000000e+02 4.281272714726543360e-01
5.652000000000000455e+02 4.352904060350792359e-01
5.653999999999999773e+02 4.425404018236291925e-01
5.656000000000000227e+02 4.498386261215944204e-01
5.657999999999999545e+02 4.571910292451021873e-01
5.660000000000000000e+02 4.646184228206318712e-01
5.662000000000000455e+02 4.721277148844758575e-01
5.663999999999999773e+02 4.796783961413667585e-01
5.666000000000000227e+02 4.872597173908707613e-01
5.667999999999999545e+02 4.948920973276739188e-01
5.670000000000000000e+02 5.025934578725110846e-01
5.672000000000000455e+02 5.103334565739476858e-01
5.673999999999999773e+02 5.180850960198866151e-01
5.676000000000000227e+02 5.258704602011835538e-01
5.677999999999999545e+02 5.336816417202079332e-01
5.680000000000000000e+02 5.415197669828230032e-01
5.682000000000000455e+02 5.494044424644184410e-01
5.683999999999999773e+02 5.572971432725453145e-01
5.686000000000000227e+02 5.651809682668318402e-01
5.687999999999999545e+02 5.730783376550392383e-01
5.690000000000000000e+02 5.810099911008775875e-01
5.692000000000000455e+02 5.889534182012766683e-01
5.693999999999999773e+02 5.968749961724507669e-01
5.696000000000000227e+02 6.047903001134402601e-01
5.697999999999999545e+02 6.127211671365523360e-01
5.700000000000000000e+02 6.206620340875667052e-01
5.702000000000000455e+02 6.285676302484111133e-01
5.703999999999999773e+02 6.364386806462064561e-01
5.706000000000000227e+02 6.442960812239110213e-01
5.707999999999999545e+02 6.521489802888910114e-01
5.710000000000000000e+02 6.599540287141654193e-01
5.712000000000000455e+02 6.676979140465397755e-01
5.713999999999999773e+02 6.753996419555532427e-01
5.716000000000000227e+02 6.830446157430030141e-01
5.717999999999999545e+02 6.906411760437157765e-01
5.720000000000000000e+02 6.981955764043019652e-01
5.722000000000000455e+02 7.056629850354431133e-01
5.723999999999999773e+02 7.130397134917465518e-01
5.726000000000000227e+02 7.203478489500197979e-01
5.727999999999999545e+02 7.276020464819754618e-01
5.730000000000000000e+02 7.347731833024471193e-01
5.732000000000000455e+02 7.418454016626309100e-01
5.733999999999999773e+02 7.488411634093502522e-01
5.736000000000000227e+02 7.557822398293040367e-01
5.737999999999999545e+02 7.626563859063417716e-01
5.740000000000000000e+02 7.694335279755003532e-01
5.742000000000000455e+02 7.761264802849950906e-01
5.743999999999999773e+02 7.827550801196887509e-01
5.746000000000000227e+02 7.893189378994287519e-01
5.747999999999999545e+02 7.957791874947814925e-01
5.750000000000000000e+02 8.021375324802103579e-01
5.752000000000000455e+02 8.084032021873026608e-01
5.753999999999999773e+02 8.145625599587115184e-01
5.756000000000000227e+02 8.206275181640462213e-01
5.757999999999999545e+02 8.265903827087222044e-01
5.760000000000000000e+02 8.324152036884863159e-01
5.762000000000000455e+02 8.381062893252562152e-01
5.763999999999999773e+02 8.436769897703465526e-01
5.766000000000000227e+02 8.491288530494783826e-01
5.767999999999999545e+02 8.544353376809469269e-01
5.770000000000000000e+02 8.595833299432480423e-01
5.772000000000000455e+02 8.645837566483459691e-01
5.773999999999999773e+02 8.694668714366652340e-01
5.776000000000000227e+02 8.742191942863530851e-01
5.777999999999999545e+02 8.788341448061408601e-01
5.780000000000000000e+02 8.833481533141582798e-01
5.782000000000000455e+02 8.877464389373245224e-01
5.783999999999999773e+02 8.920286433494640788e-01
5.786000000000000227e+02 8.962276652718298431e-01
5.787999999999999545e+02 9.003239107801636054e-01
5.790000000000000000e+02 9.043206726948441743e-01
5.792000000000000455e+02 9.082427017431561334e-01
5.793999999999999773e+02 9.120662498824990694e-01
5.796000000000000227e+02 9.157970971537110483e-01
5.797999999999999545e+02 9.194509851738577044e-01
5.800000000000000000e+02 9.230010079040754656e-01
5.802000000000000455e+02 9.264533142762515494e-01
5.803999999999999773e+02 9.298155507350122084e-01
5.806000000000000227e+02 9.330619445542748247e-01
5.807999999999999545e+02 9.361895061635617799e-01
5.810000000000000000e+02 9.392051992685186423e-01
5.812000000000000455e+02 9.421104193007489025e-01
5.813999999999999773e+02 9.448869793426700747e-01
5.816000000000000227e+02 9.475328840755241622e-01
5.817999999999999545e+02 9.500606042729999867e-01
5.820000000000000000e+02 9.524533030881032758e-01
5.822000000000000455e+02 9.547128483163551671e-01
5.823999999999999773e+02 9.568510186287157993e-01
5.826000000000000227e+02 9.588543883401942081e-01
5.827999999999999545e+02 9.607285496918596124e-01
5.830000000000000000e+02 9.624818396347175620e-01
5.832000000000000455e+02 9.641031482215838277e-01
5.833999999999999773e+02 9.655995843995109906e-01
5.836000000000000227e+02 9.669767702290665845e-01
5.837999999999999545e+02 9.682273404956978080e-01
5.840000000000000000e+02 9.693591223663027279e-01
5.842000000000000455e+02 9.703758348726095884e-01
5.843999999999999773e+02 9.712727273620910262e-01
5.846000000000000227e+02 9.720538038375547973e-01
5.847999999999999545e+02 9.727237600185622002e-01
5.850000000000000000e+02 9.732849216636179079e-01
5.852000000000000455e+02 9.737369824255291961e-01
5.853999999999999773e+02 9.740828272737651616e-01
5.856000000000000227e+02 9.743263589494350896e-01
5.857999999999999545e+02 9.744688838647470597e-01
5.860000000000000000e+02 9.745141187801114047e-01
5.862000000000000455e+02 9.744667615056116228e-01
5.863999999999999773e+02 9.743306687693529256e-01
5.866000000000000227e+02 9.741083139507231703e-01
5.867999999999999545e+02 9.738030266509416499e-01
5.870000000000000000e+02 9.734185305455383963e-01
5.872000000000000455e+02 9.729535340823081135e-01
5.873999999999999773e+02 9.724091671384162971e-01
5.876000000000000227e+02 9.717890043112088483e-01
5.877999999999999545e+02 9.710931667405802159e-01
5.880000000000000000e+02 9.703187790230828336e-01
5.882000000000000455e+02 9.694645269757623529e-01
5.883999999999999773e+02 9.685354391474493285e-01
5.886000000000000227e+02 9.675278339056478938e-01
5.887999999999999545e+02 9.664394961158692121e-01
5.890000000000000000e+02 9.652775513565954313e-01
5.892000000000000455e+02 9.640361692373469182e-01
5.893999999999999773e+02 9.627141876008964427e-01
5.896000000000000227e+02 9.613200225305852387e-01
5.897999999999999545e+02 9.598448862591365538e-01
5.900000000000000000e+02 9.582874907164466993e-01
5.902000000000000455e+02 9.566531967641797030e-01
5.903999999999999773e+02 9.549278723194651874e-01
5.906000000000000227e+02 9.531111968814824920e-01
5.907999999999999545e+02 9.512079670157482791e-01
5.910000000000000000e+02 9.492034209035197234e-01
5.912000000000000455e+02 9.471006662161455258e-01
5.913999999999999773e+02 9.449077491342759982e-01
5.916000000000000227e+02 9.426190377901731976e-01
5.917999999999999545e+02 9.402262408972915653e-01
5.920000000000000000e+02 9.377332168820370351e-01
5.922000000000000455e+02 9.351561384989576231e-01
5.923999999999999773e+02 9.324835871413963417e-01
5.926000000000000227e+02 9.297188002445690991e-01
5.927999999999999545e+02 9.268815282677148604e-01
5.930000000000000000e+02 9.239591245951614962e-01
5.932000000000000455e+02 9.209620121282380278e-01
5.933999999999999773e+02 9.179125882036263118e-01
5.936000000000000227e+02 9.147996047701845157e-01
5.937999999999999545e+02 9.116402305198244571e-01
5.940000000000000000e+02 9.084537559594835221e-01
5.942000000000000455e+02 9.052250420199813297e-01
5.943999999999999773e+02 9.019718310044347875e-01
5.946000000000000227e+02 8.987056205087082805e-01
5.947999999999999545e+02 8.954077798102361152e-01
5.950000000000000000e+02 8.920916171925566962e-01
5.952000000000000455e+02 8.887642502045395299e-01
5.953999999999999773e+02 8.854112297869483061e-01
5.956000000000000227e+02 8.820173341895874985e-01
5.957999999999999545e+02 8.785887156054024150e-01
5.960000000000000000e+02 8.751372718830457975e-01
5.962000000000000455e+02 8.716387137525863915e-01
5.963999999999999773e+02 8.680990990473969049e-01
5.966000000000000227e+02 8.645301929543524055e-01
5.967999999999999545e+02 8.609058703146746927e-01
5.970000000000000000e+02 8.572384132998407402e-01
5.972000000000000455e+02 8.535377300276169033e-01
5.973999999999999773e+02 8.497805112594687404e-01
5.976000000000000227e+02 8.459868200481580613e-01
5.977999999999999545e+02 8.421642915106044569e-01
5.980000000000000000e+02 8.382927604130218091e-01
5.982000000000000455e+02 8.343947671294581481e-01
5.983999999999999773e+02 8.304839894693072377e-01
5.986000000000000227e+02 8.265532688870614875e-01
5.987999999999999545e+02 8.225955310890472605e-01
5.990000000000000000e+02 8.186277755024078395e-01
5.992000000000000455e+02 8.146656310960379566e-01
5.993999999999999773e+02 8.106842071719896348e-01
5.996000000000000227e+02 8.066976418244683478e-01
5.997999999999999545e+02 8.027188941684818557e-01
6.000000000000000000e+02 7.987210250978351578e-01
6.002000000000000455e+02 7.947207850639929072e-01
6.003999999999999773e+02 7.907225103456448911e-01
6.006000000000000227e+02 7.866971442107310031e-01
6.007999999999999545e+02 7.826635184650605481e-01
6.010000000000000000e+02 7.786191749708794019e-01
6.012000000000000455e+02 7.745383522453652692e-01
6.013999999999999773e+02 7.704437599913820378e-01
6.016000000000000227e+02 7.663278210813369018e-01
6.017999999999999545e+02 7.621686100450322243e-01
6.020000000000000000e+02 7.579887982030304450e-01
6.022000000000000455e+02 7.537910615450755802e-01
6.023999999999999773e+02 7.495617584012321810e-01
6.026000000000000227e+02 7.452915291767376882e-01
6.027999999999999545e+02 7.410029378680831336e-01
6.030000000000000000e+02 7.367042066942508516e-01
6.032000000000000455e+02 7.323717387306349913e-01
6.033999999999999773e+02 7.280325676967243087e-01
6.036000000000000227e+02 7.236941847207798428e-01
6.037999999999999545e+02 7.193367639300718430e-01
6.040000000000000000e+02 7.149928783609130756e-01
6.042000000000000455e+02 7.106637688042677370e-01
6.043999999999999773e+02 7.063321057197925468e-01
6.046000000000000227e+02 7.020308355665425548e-01
6.047999999999999545e+02 6.977537949927999916e-01
6.050000000000000000e+02 6.934874552479616261e-01
6.052000000000000455e+02 6.892619372258078636e-01
6.053999999999999773e+02 6.850617763598995102e-01
6.056000000000000227e+02 6.808730296311731323e-01
6.057999999999999545e+02 6.767182413018213438e-01
6.060000000000000000e+02 6.725909222540339405e-01
6.062000000000000455e+02 6.684729319124637081e-01
6.063999999999999773e+02 6.643537690489705883e-01
6.066000000000000227e+02 6.602533510989899712e-01
6.067999999999999545e+02 6.561636970271975677e-01
6.070000000000000000e+02 6.520601784816962843e-01
6.072000000000000455e+02 6.479651528024590323e-01
6.073999999999999773e+02 6.438665530199590981e-01
6.076000000000000227e+02 6.397440047432858545e-01
6.077999999999999545e+02 6.356225808994896420e-01
6.080000000000000000e+02 6.314851322144241497e-01
6.082000000000000455e+02 6.273172430697858681e-01
6.083999999999999773e+02 6.231453427268877077e-01
6.086000000000000227e+02 6.189492957701260289e-01
6.087999999999999545e+02 6.147229011553927425e-01
6.090000000000000000e+02 6.104926914052012377e-01
6.092000000000000455e+02 6.062359717207178589e-01
6.093999999999999773e+02 6.019511551484137968e-01
6.096000000000000227e+02 5.976627580875735202e-01
6.097999999999999545e+02 5.933636470057265244e-01
6.100000000000000000e+02 5.890400476314495704e-01
6.102000000000000455e+02 5.846918556523015287e-01
6.103999999999999773e+02 5.803479835423982491e-01
6.106000000000000227e+02 5.759970584297107177e-01
6.107999999999999545e+02 5.716293555440624674e-01
6.110000000000000000e+02 5.672784247841422545e-01
6.112000000000000455e+02 5.629301972318306868e-01
6.113999999999999773e+02 5.585813618370265576e-01
6.116000000000000227e+02 5.542645402317203374e-01
6.117999999999999545e+02 5.499610490539170726e-01
6.120000000000000000e+02 5.456742150951887638e-01
6.122000000000000455e+02 5.414342622822081452e-01
6.123999999999999773e+02 5.372197941767150597e-01
6.126000000000000227e+02 5.330395423420160039e-01
6.127999999999999545e+02 5.289176082445971039e-01
6.130000000000000000e+02 5.248304309628138986e-01
6.132000000000000455e+02 5.207868347086362926e-01
6.133999999999999773e+02 5.168054798178646214e-01
6.136000000000000227e+02 5.128745383252325540e-01
6.137999999999999545e+02 5.089791104308238889e-01
6.140000000000000000e+02 5.051205067850217389e-01
6.142000000000000455e+02 5.013163494885172211e-01
6.143999999999999773e+02 4.975426289681177949e-01
6.146000000000000227e+02 4.937925099737964230e-01
6.147999999999999545e+02 4.900844321733907050e-01
6.150000000000000000e+02 4.863921993905467867e-01
6.152000000000000455e+02 4.827145103071535104e-01
6.153999999999999773e+02 4.790665234687976337e-01
6.156000000000000227e+02 4.754207731049776009e-01
6.157999999999999545e+02 4.717823201185508131e-01
6.160000000000000000e+02 4.681637730501956307e-01
6.162000000000000455e+02 4.645398919036576868e-01
6.163999999999999773e+02 4.609199035600799466e-01
6.166000000000000227e+02 4.573181737360415000e-01
6.167999999999999545e+02 4.537248882051252985e-01
6.170000000000000000e+02 4.501296951014698844e-01
6.172000000000000455e+02 4.465413056556792326e-01
6.173999999999999773e+02 4.429821304650353175e-01
6.176000000000000227e+02 4.394358057835341946e-01
6.177999999999999545e+02 4.359075142772865785e-01
6.180000000000000000e+02 4.324192039735701987e-01
6.182000000000000455e+02 4.289502767749482914e-01
6.183999999999999773e+02 4.255078616587557039e-01
6.186000000000000227e+02 4.221074005110105887e-01
6.187999999999999545e+02 4.187257881582980845e-01
6.190000000000000000e+02 4.153734660230333220e-01
6.192000000000000455e+02 4.120600604225018171e-01
6.193999999999999773e+02 4.087618179083446490e-01
6.196000000000000227e+02 4.054920316018360560e-01
6.197999999999999545e+02 4.022557980653980181e-01
6.200000000000000000e+02 3.990326900831612789e-01
6.202000000000000455e+02 3.958372636488114438e-01
6.203999999999999773e+02 3.926767418064261994e-01
6.206000000000000227e+02 3.895394947722560786e-01
6.207999999999999545e+02 3.864147585736531498e-01
6.210000000000000000e+02 3.833113963418436909e-01
6.212000000000000455e+02 3.802401040918730324e-01
6.213999999999999773e+02 3.771808829954864106e-01
6.216000000000000227e+02 3.741433813316422108e-01
6.217999999999999545e+02 3.711391415396896321e-01
6.220000000000000000e+02 3.681488303225379788e-01
6.222000000000000455e+02 3.651856574005297174e-01
6.223999999999999773e+02 3.622565125322725343e-01
6.226000000000000227e+02 3.593427267739659481e-01
6.227999999999999545e+02 3.564596799251556480e-01
6.230000000000000000e+02 3.536084756438917509e-01
6.232000000000000455e+02 3.507707495804031073e-01
6.233999999999999773e+02 3.479617827392801344e-01
6.236000000000000227e+02 3.451774537165126500e-01
6.237999999999999545e+02 3.424018887683722423e-01
6.240000000000000000e+02 3.396497735511803673e-01
6.242000000000000455e+02 3.369229644106520039e-01
6.243999999999999773e+02 3.342116925429016727e-01
6.246000000000000227e+02 3.315085826540909997e-01
6.247999999999999545e+02 3.288252862479404404e-01
6.250000000000000000e+02 3.261653643974161687e-01
6.252000000000000455e+02 3.235110353115089321e-01
6.253999999999999773e+02 3.208744753595869637e-01
6.256000000000000227e+02 3.182566268013011235e-01
6.257999999999999545e+02 3.156393893873509771e-01
6.260000000000000000e+02 3.130361625620201038e-01
6.262000000000000455e+02 3.104437451387719316e-01
6.263999999999999773e+02 3.078470785429442413e-01
6.266000000000000227e+02 3.052623372319060446e-01
6.267999999999999545e+02 3.026840349999746493e-01
6.270000000000000000e+02 3.001016015317686247e-01
6.272000000000000455e+02 2.975328273525610356e-01
6.273999999999999773e+02 2.949699536357583418e-01
6.276000000000000227e+02 2.924057288689423939e-01
6.277999999999999545e+02 2.898568755401059738e-01
6.280000000000000000e+02 2.873234916757703705e-01
6.282000000000000455e+02 2.847987048681967504e-01
6.283999999999999773e+02 2.822805650621925677e-01
6.286000000000000227e+02 2.797863444128771970e-01
6.287999999999999545e+02 2.773179597624906290e-01
6.290000000000000000e+02 2.748660077321716799e-01
6.292000000000000455e+02 2.724492929189997192e-01
6.293999999999999773e+02 2.700665217258417239e-01
6.296000000000000227e+02 2.677084910052598410e-01
6.297999999999999545e+02 2.653915882863098208e-01
6.300000000000000000e+02 2.631085042922662875e-01
6.302000000000000455e+02 2.608507198775284475e-01
6.303999999999999773e+02 2.586322907145922056e-01
6.306000000000000227e+02 2.564429705677415683e-01
6.307999999999999545e+02 2.542763308446475690e-01
6.310000000000000000e+02 2.521435940451794977e-01
6.312000000000000455e+02 2.500399911973111844e-01
6.313999999999999773e+02 2.479554136996116875e-01
6.316000000000000227e+02 2.458842098300571544e-01
6.317999999999999545e+02 2.438355909119084564e-01
6.320000000000000000e+02 2.418038588985887694e-01
6.322000000000000455e+02 2.397781007277533238e-01
6.323999999999999773e+02 2.377708478782776524e-01
6.326000000000000227e+02 2.357766747788523631e-01
6.327999999999999545e+02 2.337890726890502757e-01
6.330000000000000000e+02 2.318229982755313501e-01
6.332000000000000455e+02 2.298723317094452379e-01
6.333999999999999773e+02 2.279343924374025443e-01
6.336000000000000227e+02 2.260235445436840074e-01
6.337999999999999545e+02 2.241313020615964269e-01
6.340000000000000000e+02 2.222570924514273016e-01
6.342000000000000455e+02 2.204129380725216580e-01
6.343999999999999773e+02 2.185888532670242912e-01
6.346000000000000227e+02 2.167856842835333975e-01
6.347999999999999545e+02 2.150136094559964850e-01
6.350000000000000000e+02 2.132683332934245390e-01
6.352000000000000455e+02 2.115423620840903018e-01
6.353999999999999773e+02 2.098332799977535856e-01
6.356000000000000227e+02 2.081481921634785737e-01
6.357999999999999545e+02 2.064770381092902451e-01
6.360000000000000000e+02 2.048116599284950379e-01
6.362000000000000455e+02 2.031584468793946330e-01
6.363999999999999773e+02 2.015041244827180666e-01
6.366000000000000227e+02 1.998412621056572802e-01
6.367999999999999545e+02 1.981744069478513781e-01
6.370000000000000000e+02 1.964882279720708835e-01
6.372000000000000455e+02 1.947791887447773984e-01
6.373999999999999773e+02 1.930536877178813393e-01
6.376000000000000227e+02 1.912993717238910540e-01
6.377999999999999545e+02 1.895192782218481919e-01
6.380000000000000000e+02 1.877214188075161105e-01
6.382000000000000455e+02 1.858956142155390179e-01
6.383999999999999773e+02 1.840492530398337157e-01
6.386000000000000227e+02 1.821938376302834339e-01
6.387999999999999545e+02 1.803289300915852100e-01
6.390000000000000000e+02 1.784533048147368128e-01
6.392000000000000455e+02 1.765749524222124667e-01
6.393999999999999773e+02 1.747094846444048333e-01
6.396000000000000227e+02 1.728525481221862281e-01
6.397999999999999545e+02 1.710103949347568375e-01
6.400000000000000000e+02 1.691993562454723876e-01
6.402000000000000455e+02 1.674132723371319076e-01
6.403999999999999773e+02 1.656583347018614205e-01
6.406000000000000227e+02 1.639449865250223182e-01
6.407999999999999545e+02 1.622623341917455997e-01
6.410000000000000000e+02 1.606153209998179843e-01
6.412000000000000455e+02 1.590097761297725176e-01
6.413999999999999773e+02 1.574343972536545733e-01
6.416000000000000227e+02 1.558942431266785444e-01
6.417999999999999545e+02 1.543905628965331900e-01
6.420000000000000000e+02 1.529108875092483333e-01
6.422000000000000455e+02 1.514585222511841966e-01
6.423999999999999773e+02 1.500347095376435291e-01
6.426000000000000227e+02 1.486327217665784350e-01
6.427999999999999545e+02 1.472470579982178562e-01
6.430000000000000000e+02 1.458805658059995347e-01
6.432000000000000455e+02 1.445371506808373063e-01
6.433999999999999773e+02 1.432066186525352003e-01
6.436000000000000227e+02 1.418915136789745957e-01
6.437999999999999545e+02 1.405966770850421155e-01
6.440000000000000000e+02 1.393137487483397385e-01
6.442000000000000455e+02 1.380478267548788662e-01
6.443999999999999773e+02 1.368020295778807072e-01
6.446000000000000227e+02 1.355680120912818865e-01
6.447999999999999545e+02 1.343521814367261702e-01
6.450000000000000000e+02 1.331565466630366956e-01
6.452000000000000455e+02 1.319746217561990620e-01
6.453999999999999773e+02 1.308126438749639131e-01
6.456000000000000227e+02 1.296726949798036876e-01
6.457999999999999545e+02 1.285499791300929173e-01
6.460000000000000000e+02 1.274400030099652470e-01
6.462000000000000455e+02 1.263458402221633303e-01
6.463999999999999773e+02 1.252707985372299992e-01
6.466000000000000227e+02 1.242086232089308767e-01
6.467999999999999545e+02 1.231637048363830450e-01
6.470000000000000000e+02 1.221390832595163622e-01
6.472000000000000455e+02 1.211270549706421756e-01
6.473999999999999773e+02 1.201309351953968735e-01
6.476000000000000227e+02 1.191499662398965709e-01
6.477999999999999545e+02 1.181749619900795412e-01
6.480000000000000000e+02 1.172080814122575948e-01
6.482000000000000455e+02 1.162457938233196209e-01
6.483999999999999773e+02 1.152795572648346450e-01
6.486000000000000227e+02 1.143124229825437793e-01
6.487999999999999545e+02 1.133401096949468445e-01
6.490000000000000000e+02 1.123558647021120904e-01
6.492000000000000455e+02 1.113636714671521477e-01
6.493999999999999773e+02 1.103621793961462594e-01
6.496000000000000227e+02 1.093455765991306616e-01
6.497999999999999545e+02 1.083081726712347842e-01
6.500000000000000000e+02 1.072521485676289077e-01
6.502000000000000455e+02 1.061761289433706262e-01
6.503999999999999773e+02 1.050722809804156277e-01
6.506000000000000227e+02 1.039467964035011016e-01
6.507999999999999545e+02 1.028011834339220137e-01
6.510000000000000000e+02 1.016317904762312069e-01
6.512000000000000455e+02 1.004501067613303988e-01
6.513999999999999773e+02 9.925924344010733646e-02
6.516000000000000227e+02 9.805854606356355363e-02
6.517999999999999545e+02 9.686101161278687366e-02
6.520000000000000000e+02 9.566780631755311681e-02
6.522000000000000455e+02 9.447817204504493915e-02
6.523999999999999773e+02 9.330241151041378245e-02
6.526000000000000227e+02 9.213798132733534707e-02
6.527999999999999545e+02 9.098402006287074906e-02
6.530000000000000000e+02 8.985010095336648517e-02
6.532000000000000455e+02 8.873780097973049674e-02
6.533999999999999773e+02 8.764597240751920149e-02
6.536000000000000227e+02 8.657575826239499728e-02
6.537999999999999545e+02 8.553566962615155589e-02
6.540000000000000000e+02 8.452655784633052172e-02
6.542000000000000455e+02 8.354529613758361617e-02
6.543999999999999773e+02 8.259977715003911924e-02
6.546000000000000227e+02 8.168907124325318347e-02
6.547999999999999545e+02 8.081002997935465837e-02
6.550000000000000000e+02 7.996869010973728376e-02
6.552000000000000455e+02 7.916229500689390963e-02
6.553999999999999773e+02 7.838930945764963076e-02
6.556000000000000227e+02 7.765654440441990825e-02
6.557999999999999545e+02 7.696250454915543049e-02
6.560000000000000000e+02 7.630772711659129792e-02
6.562000000000000455e+02 7.569725971939440801e-02
6.563999999999999773e+02 7.512794012406943944e-02
6.566000000000000227e+02 7.459900546156225665e-02
6.567999999999999545e+02 7.411230243678683383e-02
6.570000000000000000e+02 7.366431572107098869e-02
6.572000000000000455e+02 7.325050663204843437e-02
6.573999999999999773e+02 7.286724068558822487e-02
6.576000000000000227e+02 7.251246347172085605e-02
6.577999999999999545e+02 7.218035295297539622e-02
6.580000000000000000e+02 7.186524391595949801e-02
6.582000000000000455e+02 7.156490996956291206e-02
6.583999999999999773e+02 7.127388201276087243e-02
6.586000000000000227e+02 7.098758457576699599e-02
6.587999999999999545e+02 7.070379772028732857e-02
6.590000000000000000e+02 7.041721260377926950e-02
6.592000000000000455e+02 7.012496027720276082e-02
6.593999999999999773e+02 6.982669676792682689e-02
6.596000000000000227e+02 6.951928701640917863e-02
6.597999999999999545e+02 6.920142281129823547e-02
6.600000000000000000e+02 6.887272121197704489e-02
6.602000000000000455e+02 6.853049020224477594e-02
6.603999999999999773e+02 6.817223800204062767e-02
6.606000000000000227e+02 6.779770877319522826e-02
6.607999999999999545e+02 6.740977234646024219e-02
6.610000000000000000e+02 6.700822524406621628e-02
6.612000000000000455e+02 6.659458121745301384e-02
6.613999999999999773e+02 6.617385050048676942e-02
6.616000000000000227e+02 6.574587029108337755e-02
6.617999999999999545e+02 6.531242518482094361e-02
6.620000000000000000e+02 6.487779765147662359e-02
6.622000000000000455e+02 6.444094145989907874e-02
6.623999999999999773e+02 6.400327498960531325e-02
6.626000000000000227e+02 6.356703946459643650e-02
6.627999999999999545e+02 6.312880533610866485e-02
6.630000000000000000e+02 6.268973345789116691e-02
6.632000000000000455e+02 6.225218702438791579e-02
6.633999999999999773e+02 6.181444771515910708e-02
6.636000000000000227e+02 6.137861294335315854e-02
6.637999999999999545e+02 6.094673299971756220e-02
6.640000000000000000e+02 6.051756391529304613e-02
6.642000000000000455e+02 6.008916384605299948e-02
6.643999999999999773e+02 5.966138742523142968e-02
6.646000000000000227e+02 5.923523389180425369e-02
6.647999999999999545e+02 5.880736916964434541e-02
6.650000000000000000e+02 5.837754534051566024e-02
6.652000000000000455e+02 5.794736002147502646e-02
6.653999999999999773e+02 5.751316931686874939e-02
6.656000000000000227e+02 5.707575009490391954e-02
6.657999999999999545e+02 5.663749936060723245e-02
6.660000000000000000e+02 5.619683099983991542e-02
6.662000000000000455e+02 5.575624892484790096e-02
6.663999999999999773e+02 5.531728410675647994e-02
6.666000000000000227e+02 5.487677833300771274e-02
6.667999999999999545e+02 5.443631478543351637e-02
6.670000000000000000e+02 5.399561171283487337e-02
6.672000000000000455e+02 5.355072322714957839e-02
6.673999999999999773e+02 5.310259368494708865e-02
6.676000000000000227e+02 5.265105535142043658e-02
6.677999999999999545e+02 5.219335715230070949e-02
6.680000000000000000e+02 5.172650835266240366e-02
6.682000000000000455e+02 5.125111431615436003e-02
6.683999999999999773e+02 5.076857176467584887e-02
6.686000000000000227e+02 5.027639147754962151e-02
6.687999999999999545e+02 4.977707662956890738e-02
6.690000000000000000e+02 4.927323839404586237e-02
6.692000000000000455e+02 4.876324294415926297e-02
6.693999999999999773e+02 4.825249238635601068e-02
6.696000000000000227e+02 4.774585518414201785e-02
6.697999999999999545e+02 4.724460158092348011e-02
6.700000000000000000e+02 4.675622219664388873e-02
6.702000000000000455e+02 4.628572019399009030e-02
6.703999999999999773e+02 4.583490037414902907e-02
6.706000000000000227e+02 4.541021655315339439e-02
6.707999999999999545e+02 4.501430366302112268e-02
6.710000000000000000e+02 4.464719623485995104e-02
6.712000000000000455e+02 4.431176065944247150e-02
6.713999999999999773e+02 4.400730777712942576e-02
6.716000000000000227e+02 4.373099998572622937e-02
6.717999999999999545e+02 4.348069853230406012e-02
6.720000000000000000e+02 4.325585227592149140e-02
6.722000000000000455e+02 4.305462905021151254e-02
6.723999999999999773e+02 4.287256663276498014e-02
6.726000000000000227e+02 4.270633912936930981e-02
6.727999999999999545e+02 4.255137172522972799e-02
6.730000000000000000e+02 4.240172970679813996e-02
6.732000000000000455e+02 4.225345179808666363e-02
6.733999999999999773e+02 4.210189538384209035e-02
6.736000000000000227e+02 4.194250385209469939e-02
6.737999999999999545e+02 4.177375158105241931e-02
6.740000000000000000e+02 4.159390014042475131e-02
6.742000000000000455e+02 4.140257186946609547e-02
6.743999999999999773e+02 4.120303987463502793e-02
6.746000000000000227e+02 4.099699214167810274e-02
6.747999999999999545e+02 4.078539753556471165e-02
6.750000000000000000e+02 4.056918090621273315e-02
6.752000000000000455e+02 4.034649331358672320e-02
6.753999999999999773e+02 4.011409391000564373e-02
6.756000000000000227e+02 3.986876785157980607e-02
6.757999999999999545e+02 3.960930405173444108e-02
6.760000000000000000e+02 3.933338137527269546e-02
6.762000000000000455e+02 3.903856748440052982e-02
6.763999999999999773e+02 3.872652254840808217e-02
6.766000000000000227e+02 3.839660234592286170e-02
6.767999999999999545e+02 3.804805113984287279e-02
6.770000000000000000e+02 3.768433843470741368e-02
6.772000000000000455e+02 3.730517187875851542e-02
6.773999999999999773e+02 3.690977433241801609e-02
6.776000000000000227e+02 3.649973429348266074e-02
6.777999999999999545e+02 3.607216804437177876e-02
6.780000000000000000e+02 3.562608049249705450e-02
6.782000000000000455e+02 3.516484678613833459e-02
6.783999999999999773e+02 3.468970314733619414e-02
6.786000000000000227e+02 3.420183006368157641e-02
6.787999999999999545e+02 3.370446463046346264e-02
6.790000000000000000e+02 3.320531199577794051e-02
6.792000000000000455e+02 3.270829699317218814e-02
6.793999999999999773e+02 3.221587299910420865e-02
6.796000000000000227e+02 3.173500290353447467e-02
6.797999999999999545e+02 3.126648711884682380e-02
6.800000000000000000e+02 3.080930485295255497e-02
6.802000000000000455e+02 3.036554948440978174e-02
6.803999999999999773e+02 2.993203724908488975e-02
6.806000000000000227e+02 2.950702416464536307e-02
6.807999999999999545e+02 2.909320591988393337e-02
6.810000000000000000e+02 2.868868610784617440e-02
6.812000000000000455e+02 2.829398494684727886e-02
6.813999999999999773e+02 2.791256704085705656e-02
6.816000000000000227e+02 2.754330697756369323e-02
6.817999999999999545e+02 2.718652861236194387e-02
6.820000000000000000e+02 2.684327397089829662e-02
6.822000000000000455e+02 2.651093530732826289e-02
6.823999999999999773e+02 2.618619609660434444e-02
6.826000000000000227e+02 2.586694198741667020e-02
6.827999999999999545e+02 2.555330837291306875e-02
6.830000000000000000e+02 2.524341043761822723e-02
6.832000000000000455e+02 2.493681102563433116e-02
6.833999999999999773e+02 2.463620310823085371e-02
6.836000000000000227e+02 2.434066237045811806e-02
6.837999999999999545e+02 2.405064893526548397e-02
6.840000000000000000e+02 2.376884529008761737e-02
6.842000000000000455e+02 2.349435821759889714e-02
6.843999999999999773e+02 2.322728782235203293e-02
6.846000000000000227e+02 2.296815774796644519e-02
6.847999999999999545e+02 2.271399133365505779e-02
6.850000000000000000e+02 2.246397989244721186e-02
6.852000000000000455e+02 2.221767263942623499e-02
6.853999999999999773e+02 2.197160085987881137e-02
6.856000000000000227e+02 2.172445919552381394e-02
6.857999999999999545e+02 2.147511841264546084e-02
6.860000000000000000e+02 2.122064150279516156e-02
6.862000000000000455e+02 2.095818087421149126e-02
6.864000000000000909e+02 2.068717442532309880e-02
6.866000000000000227e+02 2.040933328504974595e-02
6.867999999999999545e+02 2.012452680601008875e-02
6.870000000000000000e+02 1.983467583010785004e-02
6.872000000000000455e+02 1.954303952245764822e-02
6.874000000000000909e+02 1.924951128922088375e-02
6.876000000000000227e+02 1.895678576240236030e-02
6.877999999999999545e+02 1.866841761349137541e-02
6.880000000000000000e+02 1.838432529724570025e-02
6.882000000000000455e+02 1.810678180539281729e-02
6.884000000000000909e+02 1.783787420436961507e-02
6.886000000000000227e+02 1.757697354300031753e-02
6.887999999999999545e+02 1.732594286977489836e-02
6.890000000000000000e+02 1.708622371542644486e-02
6.892000000000000455e+02 1.685699120261932582e-02
6.894000000000000909e+02 1.663651699092278877e-02
6.896000000000000227e+02 1.642337114704222473e-02
6.897999999999999545e+02 1.621593824153973878e-02
6.900000000000000000e+02 1.601023121577519956e-02
6.902000000000000455e+02 1.580412840784067505e-02
6.904000000000000909e+02 1.559624536591039910e-02
6.906000000000000227e+02 1.538253370775160937e-02
6.907999999999999545e+02 1.516110606365129315e-02
6.910000000000000000e+02 1.493096896369112969e-02
6.912000000000000455e+02 1.469051809090152552e-02
6.914000000000000909e+02 1.444261430331439909e-02
6.916000000000000227e+02 1.419085796681124161e-02
6.917999999999999545e+02 1.393754837258221954e-02
6.920000000000000000e+02 1.368779078004079587e-02
6.922000000000000455e+02 1.344530265994165266e-02
6.924000000000000909e+02 1.321183329388293803e-02
6.926000000000000227e+02 1.299133201055847897e-02
6.927999999999999545e+02 1.278636631931369394e-02
6.930000000000000000e+02 1.259764232969809092e-02
6.932000000000000455e+02 1.242522198980822168e-02
6.934000000000000909e+02 1.226941476392623236e-02
6.936000000000000227e+02 1.213014677913667322e-02
6.937999999999999545e+02 1.200626472340982770e-02
6.940000000000000000e+02 1.189798867348823043e-02
6.942000000000000455e+02 1.180504260979033625e-02
6.944000000000000909e+02 1.172520770739216879e-02
6.946000000000000227e+02 1.165604057901123945e-02
6.947999999999999545e+02 1.159416942009968560e-02
6.950000000000000000e+02 1.153549620113458046e-02
6.952000000000000455e+02 1.147737211735692063e-02
6.954000000000000909e+02 1.141744069022524073e-02
6.956000000000000227e+02 1.135346342753445516e-02
6.957999999999999545e+02 1.128380390253800117e-02
6.960000000000000000e+02 1.120639473552281253e-02
6.962000000000000455e+02 1.111912068021016220e-02
6.964000000000000909e+02 1.102092234631363472e-02
6.966000000000000227e+02 1.091352548416740439e-02
6.967999999999999545e+02 1.079790612257183931e-02
6.970000000000000000e+02 1.067169224380632060e-02
6.972000000000000455e+02 1.053416249065938261e-02
6.974000000000000909e+02 1.038513985311883062e-02
6.976000000000000227e+02 1.022396369928279918e-02
6.977999999999999545e+02 1.005047421663840881e-02
6.980000000000000000e+02 9.864885255988128585e-03
6.982000000000000455e+02 9.667671311364589570e-03
6.984000000000000909e+02 9.459591607904917210e-03
6.986000000000000227e+02 9.240905947638492629e-03
6.987999999999999545e+02 9.011232637830764863e-03
6.990000000000000000e+02 8.772201057654409329e-03
6.992000000000000455e+02 8.525566645175576205e-03
6.994000000000000909e+02 8.272114152699645145e-03
6.996000000000000227e+02 8.013315294139049944e-03
6.997999999999999545e+02 7.750888534052802897e-03
7.000000000000000000e+02 7.486498744270007021e-03
7.002000000000000455e+02 7.221980236387481877e-03
7.004000000000000909e+02 6.959535578117610408e-03
7.006000000000000227e+02 6.701865661579390655e-03
7.007999999999999545e+02 6.452086861563628706e-03
7.010000000000000000e+02 6.213345206940962089e-03
7.012000000000000455e+02 5.988515425559786005e-03
7.014000000000000909e+02 5.779784731589777090e-03
7.016000000000000227e+02 5.588860335559987964e-03
7.017999999999999545e+02 5.417112026649190636e-03
7.020000000000000000e+02 5.265816141777993412e-03
7.022000000000000455e+02 5.136014883995371205e-03
7.024000000000000909e+02 5.028382575300536020e-03
7.026000000000000227e+02 4.943077417297889534e-03
7.027999999999999545e+02 4.879576603389449568e-03
7.030000000000000000e+02 4.836682263807610439e-03
7.032000000000000455e+02 4.813091348835230043e-03
7.034000000000000909e+02 4.807241653263442764e-03
7.036000000000000227e+02 4.817137664368754436e-03
7.037999999999999545e+02 4.840049496920719764e-03
7.040000000000000000e+02 4.871894824849199238e-03
7.042000000000000455e+02 4.907121096376514807e-03
7.044000000000000909e+02 4.939629231503549905e-03
7.046000000000000227e+02 4.964134089958309286e-03
7.047999999999999545e+02 4.976745657860388861e-03
7.050000000000000000e+02 4.974906961138449504e-03
7.052000000000000455e+02 4.956723575327130239e-03
7.054000000000000909e+02 4.920690793960512052e-03
7.056000000000000227e+02 4.865592122171778083e-03
7.057999999999999545e+02 4.790475607808839485e-03
7.060000000000000000e+02 4.694634649235939795e-03
7.062000000000000455e+02 4.577521481979905833e-03
7.064000000000000909e+02 4.438391382197413339e-03
7.066000000000000227e+02 4.276275430336652118e-03
7.067999999999999545e+02 4.090344634200846451e-03
7.070000000000000000e+02 3.879761655783215291e-03
7.072000000000000455e+02 3.644499682257973903e-03
7.074000000000000909e+02 3.388128779616105847e-03
7.076000000000000227e+02 3.114864360596955681e-03
7.077999999999999545e+02 2.828705894655358846e-03
7.080000000000000000e+02 2.533965655476198928e-03
7.082000000000000455e+02 2.234536278542866797e-03
7.084000000000000909e+02 1.934024778481951545e-03
7.086000000000000227e+02 1.636878377489812226e-03
7.087999999999999545e+02 1.348351001337541209e-03
7.090000000000000000e+02 1.074240511250828525e-03
7.092000000000000455e+02 8.202093644657897087e-04
7.094000000000000909e+02 5.915172004559936638e-04
7.096000000000000227e+02 3.930634680800528273e-04
7.097999999999999545e+02 2.296939030237563550e-04
7.100000000000000000e+02 1.064471031660559178e-04
7.102000000000000455e+02 2.839635445937442986e-05
7.104000000000000909e+02 0.000000000000000000e+00
7.106000000000000227e+02 2.404449334375838843e-05
7.107999999999999545e+02 1.011393526634661198e-04
7.110000000000000000e+02 2.290858988891322561e-04
7.112000000000000455e+02 4.048045594649453817e-04
7.114000000000000909e+02 6.240094548405453493e-04
7.116000000000000227e+02 8.792113562840254710e-04
7.117999999999999545e+02 1.162203579788178729e-03
7.120000000000000000e+02 1.464382603814123884e-03
7.122000000000000455e+02 1.776031245212324585e-03
7.124000000000000909e+02 2.087543848767941645e-03
7.126000000000000227e+02 2.390312523842840972e-03
7.127999999999999545e+02 2.678236759432246327e-03
7.130000000000000000e+02 2.949558312550433145e-03
7.132000000000000455e+02 3.206278240872826365e-03
7.134000000000000909e+02 3.452492708074798161e-03
7.136000000000000227e+02 3.692457449318509600e-03
7.137999999999999545e+02 3.930631883302815842e-03
7.140000000000000000e+02 4.172600448542765697e-03
7.142000000000000455e+02 4.424646323609619965e-03
7.144000000000000909e+02 4.693120335659247203e-03
7.146000000000000227e+02 4.983419435552981051e-03
7.147999999999999545e+02 5.299546181957350693e-03
7.150000000000000000e+02 5.644590523744281996e-03
7.152000000000000455e+02 6.021283234688643189e-03
7.154000000000000909e+02 6.428099833623351390e-03
7.156000000000000227e+02 6.861132846071518222e-03
7.157999999999999545e+02 7.317886037825220395e-03
7.160000000000000000e+02 7.793337634628101813e-03
7.162000000000000455e+02 8.278844859522620225e-03
7.164000000000000909e+02 8.761207238146799178e-03
7.166000000000000227e+02 9.224946957220096083e-03
7.167999999999999545e+02 9.654356693354380209e-03
7.170000000000000000e+02 1.003591579000215339e-02
7.172000000000000455e+02 1.035812799206108602e-02
7.174000000000000909e+02 1.061196383248225530e-02
7.176000000000000227e+02 1.079205441438407798e-02
7.177999999999999545e+02 1.089728555070367845e-02
7.180000000000000000e+02 1.093046226926103377e-02
7.182000000000000455e+02 1.089836119049742737e-02
7.184000000000000909e+02 1.081131663921556900e-02
7.186000000000000227e+02 1.068216482704919916e-02
7.187999999999999545e+02 1.052501912225028112e-02
7.190000000000000000e+02 1.035184895428787645e-02
7.192000000000000455e+02 1.017243359484852963e-02
7.194000000000000909e+02 9.994766944773667700e-03
7.196000000000000227e+02 9.826506296595226286e-03
7.197999999999999545e+02 9.675497872707246663e-03
7.200000000000000000e+02 9.549910464303368318e-03
7.202000000000000455e+02 9.455925500783850593e-03
7.204000000000000909e+02 9.397953776179270718e-03
7.206000000000000227e+02 9.378804921637798331e-03
7.207999999999999545e+02 9.398397382076343828e-03
7.210000000000000000e+02 9.454147037576325283e-03
7.212000000000000455e+02 9.541268197058050751e-03
7.214000000000000909e+02 9.653660119955361288e-03
7.216000000000000227e+02 9.784256015153662903e-03
7.217999999999999545e+02 9.925316241227161509e-03
7.220000000000000000e+02 1.007013806315674651e-02
7.222000000000000455e+02 1.021464886381083861e-02
7.224000000000000909e+02 1.035898170346546618e-02
7.226000000000000227e+02 1.050589556382659252e-02
7.227999999999999545e+02 1.065898080224768167e-02
7.230000000000000000e+02 1.082120307364725989e-02
7.232000000000000455e+02 1.099429646011207753e-02
7.234000000000000909e+02 1.117909777318320565e-02
7.236000000000000227e+02 1.137561639330160121e-02
7.237999999999999545e+02 1.158195797928761664e-02
7.240000000000000000e+02 1.179589889771221964e-02
7.242000000000000455e+02 1.201598412251643315e-02
7.244000000000000909e+02 1.223951504345554414e-02
7.246000000000000227e+02 1.246298390893713082e-02
7.247999999999999545e+02 1.268249000130340122e-02
7.250000000000000000e+02 1.289374666024356575e-02
7.252000000000000455e+02 1.309205800753283563e-02
7.254000000000000909e+02 1.327227550167509387e-02
7.256000000000000227e+02 1.342899175733760012e-02
7.257999999999999545e+02 1.355684208097579849e-02
7.260000000000000000e+02 1.365076412456433727e-02
7.262000000000000455e+02 1.370628929825654617e-02
7.264000000000000909e+02 1.372038944964047713e-02
7.266000000000000227e+02 1.369236059154538970e-02
7.267999999999999545e+02 1.362454541114890838e-02
7.270000000000000000e+02 1.352162359641353138e-02
7.272000000000000455e+02 1.339033626422547751e-02
7.274000000000000909e+02 1.323930686637907195e-02
7.276000000000000227e+02 1.307838016764090172e-02
7.277999999999999545e+02 1.291796903644729273e-02
7.280000000000000000e+02 1.276707357945120261e-02
7.282000000000000455e+02 1.263383568023703635e-02
7.284000000000000909e+02 1.252558267664104913e-02
7.286000000000000227e+02 1.244729859302261266e-02
7.287999999999999545e+02 1.240301243440761723e-02
7.290000000000000000e+02 1.239653423164961514e-02
7.292000000000000455e+02 1.243126057670949566e-02
7.294000000000000909e+02 1.251008728534808850e-02
7.296000000000000227e+02 1.263515199498023954e-02
7.297999999999999545e+02 1.280702149275783110e-02
7.300000000000000000e+02 1.302477910766995303e-02
7.302000000000000455e+02 1.328611467663320771e-02
7.304000000000000909e+02 1.358791490462470455e-02
7.306000000000000227e+02 1.392634390115659107e-02
7.307999999999999545e+02 1.429685156435720438e-02
7.310000000000000000e+02 1.469438411006698114e-02
7.312000000000000455e+02 1.511433487408620976e-02
7.314000000000000909e+02 1.555303385299450399e-02
7.316000000000000227e+02 1.600784495499797330e-02
7.317999999999999545e+02 1.647836229064936556e-02
7.320000000000000000e+02 1.696589564305130138e-02
7.322000000000000455e+02 1.746880368761209029e-02
7.324000000000000909e+02 1.798636652602043223e-02
7.326000000000000227e+02 1.851956726299701025e-02
7.327999999999999545e+02 1.906710573425926883e-02
7.330000000000000000e+02 1.962706406955774460e-02
7.332000000000000455e+02 2.019734161691976587e-02
7.334000000000000909e+02 2.077447899355887653e-02
7.336000000000000227e+02 2.135346019153212815e-02
7.337999999999999545e+02 2.192789342782075837e-02
7.340000000000000000e+02 2.249104683993045223e-02
7.342000000000000455e+02 2.303687511693060588e-02
7.344000000000000909e+02 2.356048913370212966e-02
7.346000000000000227e+02 2.405844735223781547e-02
7.347999999999999545e+02 2.452798024306989191e-02
7.350000000000000000e+02 2.496667294599437190e-02
7.352000000000000455e+02 2.537231503329467897e-02
7.354000000000000909e+02 2.574302493263309205e-02
7.356000000000000227e+02 2.607732993901266255e-02
7.357999999999999545e+02 2.637426963811066033e-02
7.360000000000000000e+02 2.663336670972873965e-02
7.362000000000000455e+02 2.685456454092320991e-02
7.364000000000000909e+02 2.703802739344740927e-02
7.366000000000000227e+02 2.718326707218302746e-02
7.367999999999999545e+02 2.728986352310759991e-02
7.370000000000000000e+02 2.736025916313967674e-02
7.372000000000000455e+02 2.739808601242883779e-02
7.374000000000000909e+02 2.740746510028897048e-02
7.376000000000000227e+02 2.739252502651174509e-02
7.377999999999999545e+02 2.735670308276482929e-02
7.380000000000000000e+02 2.730279869236738877e-02
7.382000000000000455e+02 2.723360528784962709e-02
7.384000000000000909e+02 2.715236007218491815e-02
7.386000000000000227e+02 2.706267033677836609e-02
7.387999999999999545e+02 2.696806097611391742e-02
7.390000000000000000e+02 2.687190347654865377e-02
7.392000000000000455e+02 2.677769858942512932e-02
7.394000000000000909e+02 2.668985328956501035e-02
7.396000000000000227e+02 2.661447742485421875e-02
7.397999999999999545e+02 2.655920709397287249e-02
7.400000000000000000e+02 2.653244896743912201e-02
7.402000000000000455e+02 2.654227651784021175e-02
7.404000000000000909e+02 2.659566958860553471e-02
7.406000000000000227e+02 2.669730088963585130e-02
7.407999999999999545e+02 2.684970284729097656e-02
7.410000000000000000e+02 2.705344084230933491e-02
7.412000000000000455e+02 2.730713410102958427e-02
7.414000000000000909e+02 2.760824174929403518e-02
7.416000000000000227e+02 2.795317681037188737e-02
7.417999999999999545e+02 2.833703677428322729e-02
7.420000000000000000e+02 2.875375223766869423e-02
7.422000000000000455e+02 2.919623189905736285e-02
7.424000000000000909e+02 2.965644132787469481e-02
7.426000000000000227e+02 3.012579792217541866e-02
7.427999999999999545e+02 3.059518684097776997e-02
7.430000000000000000e+02 3.105483563760771601e-02
7.432000000000000455e+02 3.149530780014210551e-02
7.434000000000000909e+02 3.190815867641710185e-02
7.436000000000000227e+02 3.228687555945913140e-02
7.437999999999999545e+02 3.262686151677014063e-02
7.440000000000000000e+02 3.292557981811775059e-02
7.442000000000000455e+02 3.318306761260704507e-02
7.444000000000000909e+02 3.340094464548639536e-02
7.446000000000000227e+02 3.358200502739343285e-02
7.447999999999999545e+02 3.372999724227810497e-02
7.450000000000000000e+02 3.384871499271244893e-02
7.452000000000000455e+02 3.394262802310303584e-02
7.454000000000000909e+02 3.401803734369798771e-02
7.456000000000000227e+02 3.408177648216540595e-02
7.457999999999999545e+02 3.414066834620940044e-02
7.460000000000000000e+02 3.420103323466201078e-02
7.462000000000000455e+02 3.426817967091923267e-02
7.464000000000000909e+02 3.434620508063907646e-02
7.466000000000000227e+02 3.443759730556673199e-02
7.467999999999999545e+02 3.454296344012683373e-02
7.470000000000000000e+02 3.466109356238093742e-02
7.472000000000000455e+02 3.478879728225166973e-02
7.474000000000000909e+02 3.492113461840503502e-02
7.476000000000000227e+02 3.505244630847052095e-02
7.477999999999999545e+02 3.517752644654392052e-02
7.480000000000000000e+02 3.529244162205848884e-02
7.482000000000000455e+02 3.539427865485703789e-02
7.484000000000000909e+02 3.548087065897414377e-02
7.486000000000000227e+02 3.555062470879183367e-02
7.487999999999999545e+02 3.560242909015496476e-02
7.490000000000000000e+02 3.563569497684661996e-02
7.492000000000000455e+02 3.565062029438018781e-02
7.494000000000000909e+02 3.564749729156137942e-02
7.496000000000000227e+02 3.562605982246155184e-02
7.497999999999999545e+02 3.558613711940345620e-02
7.500000000000000000e+02 3.552790745864623650e-02
7.502000000000000455e+02 3.545223305065297453e-02
7.504000000000000909e+02 3.536150085080893429e-02
7.506000000000000227e+02 3.525969694897491957e-02
7.507999999999999545e+02 3.515240331317175115e-02
7.510000000000000000e+02 3.504514236324476201e-02
7.512000000000000455e+02 3.494270316335974097e-02
7.514000000000000909e+02 3.484865582213007851e-02
7.516000000000000227e+02 3.476573005607858785e-02
7.517999999999999545e+02 3.469610077292187983e-02
7.520000000000000000e+02 3.464146154240078240e-02
7.522000000000000455e+02 3.460269361276796518e-02
7.524000000000000909e+02 3.458032986680135284e-02
7.526000000000000227e+02 3.457502907549792753e-02
7.527999999999999545e+02 3.458829679157122972e-02
7.530000000000000000e+02 3.462250276788951531e-02
7.532000000000000455e+02 3.468080723357074013e-02
7.534000000000000909e+02 3.476624027817731138e-02
7.536000000000000227e+02 3.488117102810720654e-02
7.537999999999999545e+02 3.502671389960686915e-02
7.540000000000000000e+02 3.520163218445176989e-02
7.542000000000000455e+02 3.540365069134092380e-02
7.544000000000000909e+02 3.563025442233503509e-02
7.546000000000000227e+02 3.587828355070872555e-02
7.547999999999999545e+02 3.614337196819769615e-02
7.550000000000000000e+02 3.641962506517376630e-02
7.552000000000000455e+02 3.670057244983123551e-02
7.554000000000000909e+02 3.697985085716674891e-02
7.556000000000000227e+02 3.725161149110892134e-02
7.557999999999999545e+02 3.751058665951269994e-02
7.560000000000000000e+02 3.775183700490547523e-02
7.562000000000000455e+02 3.797061805621998465e-02
7.564000000000000909e+02 3.816233486955095816e-02
7.566000000000000227e+02 3.832270586527755651e-02
7.567999999999999545e+02 3.844820009799055499e-02
7.570000000000000000e+02 3.853755537101503231e-02
7.572000000000000455e+02 3.859171055124570315e-02
7.574000000000000909e+02 3.861382655418436893e-02
7.576000000000000227e+02 3.860892146080761173e-02
7.577999999999999545e+02 3.858403279670912650e-02
7.580000000000000000e+02 3.854855271150359891e-02
7.582000000000000455e+02 3.851449942614870725e-02
7.584000000000000909e+02 3.849438233420306166e-02
7.586000000000000227e+02 3.849991112776530999e-02
7.587999999999999545e+02 3.854090988888173031e-02
7.590000000000000000e+02 3.862563011650922695e-02
7.592000000000000455e+02 3.876087793236140944e-02
7.594000000000000909e+02 3.895217287200878481e-02
7.596000000000000227e+02 3.920291346837906366e-02
7.597999999999999545e+02 3.951363995756157488e-02
7.600000000000000000e+02 3.988112743868715837e-02
7.602000000000000455e+02 4.029924276533577987e-02
7.604000000000000909e+02 4.075959764975128213e-02
7.606000000000000227e+02 4.125312075428016340e-02
7.607999999999999545e+02 4.177039365670742743e-02
7.610000000000000000e+02 4.230117845815855454e-02
7.612000000000000455e+02 4.283240970220641985e-02
7.614000000000000909e+02 4.335072417526478900e-02
7.616000000000000227e+02 4.384298533332425807e-02
7.617999999999999545e+02 4.429461916444085712e-02
7.620000000000000000e+02 4.469516668404135279e-02
7.622000000000000455e+02 4.503927191541569341e-02
7.624000000000000909e+02 4.532254587896784870e-02
7.626000000000000227e+02 4.554232945891946438e-02
7.627999999999999545e+02 4.569831633116372416e-02
7.630000000000000000e+02 4.579336117741775181e-02
7.632000000000000455e+02 4.583307417639683606e-02
7.634000000000000909e+02 4.582550691609282162e-02
7.636000000000000227e+02 4.578038559311155969e-02
7.637999999999999545e+02 4.570516396006725490e-02
7.640000000000000000e+02 4.560435373768399747e-02
7.642000000000000455e+02 4.548136945992944935e-02
7.644000000000000909e+02 4.534024993761877342e-02
7.646000000000000227e+02 4.518622627632608302e-02
7.647999999999999545e+02 4.502553553582720053e-02
7.650000000000000000e+02 4.486436180542342778e-02
7.652000000000000455e+02 4.470807075180505824e-02
7.654000000000000909e+02 4.455984433005523437e-02
7.656000000000000227e+02 4.442185470636991068e-02
7.657999999999999545e+02 4.429597586693419242e-02
7.660000000000000000e+02 4.418462149114254361e-02
7.662000000000000455e+02 4.409011920654442446e-02
7.664000000000000909e+02 4.401413173740459372e-02
7.666000000000000227e+02 4.395686517115469927e-02
7.667999999999999545e+02 4.391784588582703375e-02
7.670000000000000000e+02 4.389666418445434953e-02
7.672000000000000455e+02 4.389447993817108262e-02
7.674000000000000909e+02 4.391322264612539800e-02
7.676000000000000227e+02 4.395475859421957981e-02
7.677999999999999545e+02 4.402001050675173610e-02
7.680000000000000000e+02 4.410874914243685663e-02
7.682000000000000455e+02 4.421925720049124653e-02
7.684000000000000909e+02 4.434854189226845878e-02
7.686000000000000227e+02 4.449316090743531127e-02
7.687999999999999545e+02 4.465008468563390343e-02
7.690000000000000000e+02 4.481573396634649931e-02
7.692000000000000455e+02 4.498537261488375766e-02
7.694000000000000909e+02 4.515224879964925553e-02
7.696000000000000227e+02 4.530902144893735051e-02
7.697999999999999545e+02 4.544857877997320050e-02
7.700000000000000000e+02 4.556506113579029960e-02
7.702000000000000455e+02 4.565286861000884822e-02
7.704000000000000909e+02 4.570640347631747813e-02
7.706000000000000227e+02 4.572007944003986940e-02
7.707999999999999545e+02 4.568980833151136539e-02
7.710000000000000000e+02 4.561328351043206913e-02
7.712000000000000455e+02 4.548986530695783154e-02
7.714000000000000909e+02 4.532019050861243320e-02
7.716000000000000227e+02 4.510612309578734130e-02
7.717999999999999545e+02 4.485095014680479802e-02
7.720000000000000000e+02 4.455871612107700774e-02
7.722000000000000455e+02 4.423392280827909140e-02
7.724000000000000909e+02 4.388119086199849389e-02
7.726000000000000227e+02 4.350514656098027066e-02
7.727999999999999545e+02 4.311031160214649771e-02
7.730000000000000000e+02 4.270079920004310470e-02
7.732000000000000455e+02 4.228073960091368461e-02
7.734000000000000909e+02 4.185475014594117887e-02
7.736000000000000227e+02 4.142913914679143689e-02
7.737999999999999545e+02 4.101054322760520898e-02
7.740000000000000000e+02 4.060479325041249643e-02
7.742000000000000455e+02 4.021532065226990360e-02
7.744000000000000909e+02 3.984402800704783115e-02
7.746000000000000227e+02 3.949181140258124778e-02
7.747999999999999545e+02 3.915867978458072857e-02
7.750000000000000000e+02 3.884419013499081086e-02
7.752000000000000455e+02 3.854776349749877706e-02
7.754000000000000909e+02 3.826885677410913483e-02
7.756000000000000227e+02 3.800844904149539710e-02
7.757999999999999545e+02 3.777067069568315616e-02
7.760000000000000000e+02 3.755991892425404599e-02
7.762000000000000455e+02 3.738112984828110413e-02
7.764000000000000909e+02 3.724054200036597262e-02
7.766000000000000227e+02 3.714300115516298156e-02
7.767999999999999545e+02 3.709132138693475161e-02
7.770000000000000000e+02 3.708564765883942682e-02
7.772000000000000455e+02 3.712504166417825158e-02
7.774000000000000909e+02 3.720801824776329148e-02
7.776000000000000227e+02 3.733281477904241280e-02
7.777999999999999545e+02 3.749656107912223424e-02
7.780000000000000000e+02 3.769524977038791330e-02
7.782000000000000455e+02 3.792392399241899248e-02
7.784000000000000909e+02 3.817734666994890280e-02
7.786000000000000227e+02 3.845014791374183616e-02
7.787999999999999545e+02 3.873673577370121551e-02
7.790000000000000000e+02 3.903087994687907958e-02
7.792000000000000455e+02 3.932566997380815971e-02
7.794000000000000909e+02 3.961379296944792655e-02
7.796000000000000227e+02 3.988828775940772564e-02
7.797999999999999545e+02 4.014310764679089594e-02
7.800000000000000000e+02 4.037423880259317227e-02
7.802000000000000455e+02 4.057971319525437853e-02
7.804000000000000909e+02 4.075958252628927164e-02
7.806000000000000227e+02 4.091526412653945233e-02
7.807999999999999545e+02 4.104884170551757056e-02
7.810000000000000000e+02 4.116274813397011179e-02
7.812000000000000455e+02 4.125949931920324526e-02
7.814000000000000909e+02 4.134174954038650346e-02
7.816000000000000227e+02 4.141232262386501661e-02
7.817999999999999545e+02 4.147400658376942245e-02
7.820000000000000000e+02 4.152916142265702243e-02
7.822000000000000455e+02 4.157933540183811338e-02
7.824000000000000909e+02 4.162502537031747413e-02
7.826000000000000227e+02 4.166630909843502956e-02
7.827999999999999545e+02 4.170332852060798512e-02
7.830000000000000000e+02 4.173612668882953347e-02
7.832000000000000455e+02 4.176401335457319286e-02
7.834000000000000909e+02 4.178476383419640200e-02
7.836000000000000227e+02 4.179475936367760963e-02
7.837999999999999545e+02 4.178980957161449600e-02
7.840000000000000000e+02 4.176617926518969709e-02
7.842000000000000455e+02 4.172186589696176562e-02
7.844000000000000909e+02 4.165652349631294993e-02
7.846000000000000227e+02 4.157134048893533496e-02
7.847999999999999545e+02 4.146835726617775081e-02
7.850000000000000000e+02 4.135023885777894953e-02
7.852000000000000455e+02 4.122016387115032959e-02
7.854000000000000909e+02 4.108097434391858038e-02
7.856000000000000227e+02 4.093502144148612742e-02
7.857999999999999545e+02 4.078417958639516533e-02
7.860000000000000000e+02 4.063036102062335397e-02
7.862000000000000455e+02 4.047576075016485336e-02
7.864000000000000909e+02 4.032321632528030469e-02
7.866000000000000227e+02 4.017650293323453414e-02
7.867999999999999545e+02 4.004045463935428095e-02
7.870000000000000000e+02 3.992106791944246419e-02
7.872000000000000455e+02 3.982445641276689124e-02
7.874000000000000909e+02 3.975603472591835580e-02
7.876000000000000227e+02 3.971878907746261705e-02
7.877999999999999545e+02 3.971334924122361248e-02
7.880000000000000000e+02 3.973806173055046548e-02
7.882000000000000455e+02 3.978972089269957463e-02
7.884000000000000909e+02 3.986405881969311976e-02
7.886000000000000227e+02 3.995597667444446971e-02
7.887999999999999545e+02 4.006014695477083665e-02
7.890000000000000000e+02 4.017162440048260841e-02
7.892000000000000455e+02 4.028625039494977689e-02
7.894000000000000909e+02 4.040068988045712739e-02
7.896000000000000227e+02 4.051236780918657937e-02
7.897999999999999545e+02 4.061940600595237427e-02
7.900000000000000000e+02 4.071965484418058751e-02
7.902000000000000455e+02 4.080989385153196980e-02
7.904000000000000909e+02 4.088510462041781285e-02
7.906000000000000227e+02 4.093927771728145260e-02
7.907999999999999545e+02 4.096631165016034748e-02
7.910000000000000000e+02 4.096092907198008864e-02
7.912000000000000455e+02 4.091939243726498698e-02
7.914000000000000909e+02 4.083962995355672199e-02
7.916000000000000227e+02 4.072159483070390135e-02
7.917999999999999545e+02 4.056672318778418301e-02
7.920000000000000000e+02 4.037737450410761736e-02
7.922000000000000455e+02 4.015626339689409158e-02
7.924000000000000909e+02 3.990590564121637013e-02
7.926000000000000227e+02 3.962820592541791559e-02
7.927999999999999545e+02 3.932374436085810804e-02
7.930000000000000000e+02 3.899172192106677842e-02
7.932000000000000455e+02 3.863021338655201614e-02
7.934000000000000909e+02 3.823642231116924917e-02
7.936000000000000227e+02 3.780414851174332402e-02
7.937999999999999545e+02 3.732384029522866492e-02
7.940000000000000000e+02 3.678431304942775953e-02
7.942000000000000455e+02 3.617691672594262886e-02
7.944000000000000909e+02 3.549682218243752768e-02
7.946000000000000227e+02 3.474332985984757843e-02
7.947999999999999545e+02 3.391892718567231929e-02
7.950000000000000000e+02 3.302893068759956557e-02
7.952000000000000455e+02 3.208100325417534426e-02
7.954000000000000909e+02 3.108487019335579374e-02
7.956000000000000227e+02 3.005228865960691415e-02
7.957999999999999545e+02 2.899677584014437315e-02
7.960000000000000000e+02 2.793355977748830654e-02
7.962000000000000455e+02 2.687964071055587087e-02
7.964000000000000909e+02 2.585328320184403575e-02
7.966000000000000227e+02 2.487375931905882673e-02
7.967999999999999545e+02 2.396195625614887595e-02
7.970000000000000000e+02 2.314388331053264525e-02
7.972000000000000455e+02 2.244777810437374038e-02
7.974000000000000909e+02 2.190121443913973023e-02
7.976000000000000227e+02 2.152499571431083433e-02
7.977999999999999545e+02 2.133319596239671712e-02
7.980000000000000000e+02 2.133253351936041653e-02
7.982000000000000455e+02 2.152296710142595493e-02
7.984000000000000909e+02 2.189865976865194852e-02
7.986000000000000227e+02 2.244788734457802554e-02
7.987999999999999545e+02 2.315484226365136650e-02
7.990000000000000000e+02 2.400021644680250255e-02
7.992000000000000455e+02 2.496114018564923875e-02
7.994000000000000909e+02 2.601447273107846195e-02
7.996000000000000227e+02 2.713538020010634183e-02
7.997999999999999545e+02 2.829487784325387945e-02
8.000000000000000000e+02 2.947204585397501797e-02
