4.300000000000000000e+02 4.316987972890072855e-01
4.301999999999999886e+02 4.236027408969593733e-01
4.303999999999999773e+02 4.160956577057055572e-01
4.306000000000000227e+02 4.091470151602440986e-01
4.308000000000000114e+02 4.028037826561962076e-01
4.310000000000000000e+02 3.970183720115324499e-01
4.311999999999999886e+02 3.917397620563087268e-01
4.313999999999999773e+02 3.869505785403662412e-01
4.316000000000000227e+02 3.825507196959641032e-01
4.318000000000000114e+02 3.784765397831322820e-01
4.320000000000000000e+02 3.746633867733186740e-01
4.321999999999999886e+02 3.710010112576092034e-01
4.323999999999999773e+02 3.674323893066236968e-01
4.326000000000000227e+02 3.638769502760178520e-01
4.328000000000000114e+02 3.602492951220102047e-01
4.330000000000000000e+02 3.565190292386732906e-01
4.331999999999999886e+02 3.526210675431193931e-01
4.333999999999999773e+02 3.485257108670626880e-01
4.336000000000000227e+02 3.442426557880264304e-01
4.338000000000000114e+02 3.397427846651785988e-01
4.340000000000000000e+02 3.350623390081517994e-01
4.341999999999999886e+02 3.302404534424243088e-01
4.343999999999999773e+02 3.252862838149861435e-01
4.346000000000000227e+02 3.202823280007999207e-01
4.348000000000000114e+02 3.152688870980301372e-01
4.350000000000000000e+02 3.102785420793464088e-01
4.351999999999999886e+02 3.053951041620592277e-01
4.353999999999999773e+02 3.006383879957493788e-01
4.356000000000000227e+02 2.960332470708151309e-01
4.358000000000000114e+02 2.916412990192022714e-01
4.360000000000000000e+02 2.875347799717223873e-01
4.361999999999999886e+02 2.836779520882740657e-01
4.363999999999999773e+02 2.800245591579395010e-01
4.366000000000000227e+02 2.765807553372365279e-01
4.368000000000000114e+02 2.733574150205276276e-01
4.370000000000000000e+02 2.703439556407970512e-01
4.371999999999999886e+02 2.675190413118416211e-01
4.373999999999999773e+02 2.648724644118634619e-01
4.376000000000000227e+02 2.623826244620214299e-01
4.378000000000000114e+02 2.600357323370842133e-01
4.380000000000000000e+02 2.578303031700007186e-01
4.381999999999999886e+02 2.557459638883607944e-01
4.383999999999999773e+02 2.537680954375007847e-01
4.386000000000000227e+02 2.518857382312489901e-01
4.388000000000000114e+02 2.500805145500995530e-01
4.390000000000000000e+02 2.483471829669515463e-01
4.391999999999999886e+02 2.466763573498869655e-01
4.393999999999999773e+02 2.450471945553876763e-01
4.396000000000000227e+02 2.434444623253867179e-01
4.398000000000000114e+02 2.418540340113380094e-01
4.400000000000000000e+02 2.402589068251330395e-01
4.401999999999999886e+02 2.386387883522816944e-01
4.403999999999999773e+02 2.369879373845080184e-01
4.406000000000000227e+02 2.352997529547549149e-01
4.408000000000000114e+02 2.335617884326881832e-01
4.410000000000000000e+02 2.317733971890208744e-01
4.411999999999999886e+02 2.299317840870893914e-01
4.413999999999999773e+02 2.280395605387129654e-01
4.416000000000000227e+02 2.261168106940248390e-01
4.418000000000000114e+02 2.241735231502974823e-01
4.420000000000000000e+02 2.222208319033233959e-01
4.421999999999999886e+02 2.202779683198947402e-01
4.423999999999999773e+02 2.183650727726860197e-01
4.426000000000000227e+02 2.164962138686694348e-01
4.428000000000000114e+02 2.146871923882383570e-01
4.430000000000000000e+02 2.129640745625708265e-01
4.431999999999999886e+02 2.113364308996446839e-01
4.433999999999999773e+02 2.098103290506045659e-01
4.436000000000000227e+02 2.083937197319257750e-01
4.438000000000000114e+02 2.070847064278263649e-01
4.440000000000000000e+02 2.058857701557448572e-01
4.441999999999999886e+02 2.047979930882679878e-01
4.443999999999999773e+02 2.038105636653214370e-01
4.446000000000000227e+02 2.029156533391540951e-01
4.448000000000000114e+02 2.021035377383409992e-01
4.450000000000000000e+02 2.013615932130581876e-01
4.451999999999999886e+02 2.006821198253825600e-01
4.453999999999999773e+02 2.000525582532494406e-01
4.456000000000000227e+02 1.994572227240855866e-01
4.458000000000000114e+02 1.988825304128414850e-01
4.460000000000000000e+02 1.983146977004607014e-01
4.461999999999999886e+02 1.977379906150707745e-01
4.463999999999999773e+02 1.971359444657512505e-01
4.466000000000000227e+02 1.964964012416362260e-01
4.468000000000000114e+02 1.958032984836522161e-01
4.470000000000000000e+02 1.950388377484323921e-01
4.471999999999999886e+02 1.941875439113747992e-01
4.473999999999999773e+02 1.932287374583442074e-01
4.476000000000000227e+02 1.921455141942553513e-01
4.478000000000000114e+02 1.909253487153086681e-01
4.480000000000000000e+02 1.895476793160008055e-01
4.481999999999999886e+02 1.879970185992572429e-01
4.483999999999999773e+02 1.862590152734755200e-01
4.486000000000000227e+02 1.843157298647221110e-01
4.488000000000000114e+02 1.821691679884154813e-01
4.490000000000000000e+02 1.798207425443335561e-01
4.491999999999999886e+02 1.772654567334418507e-01
4.493999999999999773e+02 1.745099374009913828e-01
4.496000000000000227e+02 1.715685833696689588e-01
4.498000000000000114e+02 1.684546275528115422e-01
4.500000000000000000e+02 1.651774939439484002e-01
4.501999999999999886e+02 1.617769732714058606e-01
4.503999999999999773e+02 1.582867998741901983e-01
4.506000000000000227e+02 1.547264813062901867e-01
4.508000000000000114e+02 1.511335929774835496e-01
4.510000000000000000e+02 1.475346060377355217e-01
4.511999999999999886e+02 1.439612364176983683e-01
4.513999999999999773e+02 1.404687994071668888e-01
4.516000000000000227e+02 1.370837329608623201e-01
4.518000000000000114e+02 1.338282932890306476e-01
4.520000000000000000e+02 1.307317136128880730e-01
4.521999999999999886e+02 1.278172056657281286e-01
4.523999999999999773e+02 1.250949195359598309e-01
4.526000000000000227e+02 1.225755911329764608e-01
4.528000000000000114e+02 1.202809815467786592e-01
4.530000000000000000e+02 1.182083340845879738e-01
4.531999999999999886e+02 1.163511637754284372e-01
4.533999999999999773e+02 1.147056836897641652e-01
4.536000000000000227e+02 1.132569146473321048e-01
4.538000000000000114e+02 1.119952446480381031e-01
4.540000000000000000e+02 1.109088098481457729e-01
4.541999999999999886e+02 1.099734376801327629e-01
4.543999999999999773e+02 1.091685295763567820e-01
4.546000000000000227e+02 1.084719849977491685e-01
4.548000000000000114e+02 1.078599703801518955e-01
4.550000000000000000e+02 1.073140534627806397e-01
4.551999999999999886e+02 1.068135723711439583e-01
4.553999999999999773e+02 1.063380650091324681e-01
4.556000000000000227e+02 1.058716204588293214e-01
4.558000000000000114e+02 1.054011183270374963e-01
4.560000000000000000e+02 1.049148271016457357e-01
4.561999999999999886e+02 1.044039370252684562e-01
4.563999999999999773e+02 1.038668772373002175e-01
4.566000000000000227e+02 1.033019172678574793e-01
4.568000000000000114e+02 1.027089658747616652e-01
4.570000000000000000e+02 1.020922947387786911e-01
4.571999999999999886e+02 1.014552072981280695e-01
4.573999999999999773e+02 1.008053398080180491e-01
4.576000000000000227e+02 1.001537860774787819e-01
4.578000000000000114e+02 9.950701455451876898e-02
4.580000000000000000e+02 9.887248290507688608e-02
4.581999999999999886e+02 9.825804187800146750e-02
4.583999999999999773e+02 9.766949117078370379e-02
4.586000000000000227e+02 9.710876364102150049e-02
4.588000000000000114e+02 9.657841177051612602e-02
4.590000000000000000e+02 9.608082499291775713e-02
4.591999999999999886e+02 9.561211693389534694e-02
4.593999999999999773e+02 9.516850301861530526e-02
4.596000000000000227e+02 9.474544120005866377e-02
4.598000000000000114e+02 9.433639985490578639e-02
4.600000000000000000e+02 9.393820896325431880e-02
4.601999999999999886e+02 9.354672210747774774e-02
4.603999999999999773e+02 9.315657793491370631e-02
4.606000000000000227e+02 9.276527644553973773e-02
4.608000000000000114e+02 9.236978785099414502e-02
4.610000000000000000e+02 9.196888304376968359e-02
4.611999999999999886e+02 9.156502949673080149e-02
4.613999999999999773e+02 9.115863262946598267e-02
4.616000000000000227e+02 9.075080616295162772e-02
4.618000000000000114e+02 9.034426290481080424e-02
4.620000000000000000e+02 8.994182253972100860e-02
4.621999999999999886e+02 8.954469642181836497e-02
4.623999999999999773e+02 8.915460658635665503e-02
4.626000000000000227e+02 8.877496650363105035e-02
4.628000000000000114e+02 8.840542774917174718e-02
4.630000000000000000e+02 8.804547829282800830e-02
4.631999999999999886e+02 8.769492226534593426e-02
4.633999999999999773e+02 8.735151436213012266e-02
4.636000000000000227e+02 8.701508736847303471e-02
4.638000000000000114e+02 8.668523763722184305e-02
4.640000000000000000e+02 8.635921850033544123e-02
4.641999999999999886e+02 8.603596590148475387e-02
4.643999999999999773e+02 8.571398769337737478e-02
4.646000000000000227e+02 8.539191357259730275e-02
4.648000000000000114e+02 8.507139152249325320e-02
4.650000000000000000e+02 8.475265676174012497e-02
4.651999999999999886e+02 8.443577060019633040e-02
4.653999999999999773e+02 8.412235816190047344e-02
4.656000000000000227e+02 8.381443198842308817e-02
4.658000000000000114e+02 8.351333596700004358e-02
4.660000000000000000e+02 8.322054374522351583e-02
4.661999999999999886e+02 8.293962339301978737e-02
4.663999999999999773e+02 8.267206310597820240e-02
4.666000000000000227e+02 8.241853257274436850e-02
4.668000000000000114e+02 8.218023461325320300e-02
4.670000000000000000e+02 8.195678229669321746e-02
4.671999999999999886e+02 8.174828998273921121e-02
4.673999999999999773e+02 8.155499280560461750e-02
4.676000000000000227e+02 8.137492871505153103e-02
4.678000000000000114e+02 8.120656665398418017e-02
4.680000000000000000e+02 8.104810023515086892e-02
4.681999999999999886e+02 8.089679004258761019e-02
4.683999999999999773e+02 8.075074566600504156e-02
4.686000000000000227e+02 8.060732276704289656e-02
4.688000000000000114e+02 8.046314568196112627e-02
4.690000000000000000e+02 8.031546346788162594e-02
4.691999999999999886e+02 8.016179920965833816e-02
4.693999999999999773e+02 7.999947407755003681e-02
4.696000000000000227e+02 7.982579728072128344e-02
4.698000000000000114e+02 7.964016177179454592e-02
4.700000000000000000e+02 7.944213732207694445e-02
4.701999999999999886e+02 7.923151435218600547e-02
4.703999999999999773e+02 7.900970884392488625e-02
4.706000000000000227e+02 7.877774477817507670e-02
4.708000000000000114e+02 7.853776523023831002e-02
4.710000000000000000e+02 7.829386958886189185e-02
4.711999999999999886e+02 7.804896668223358647e-02
4.713999999999999773e+02 7.780686169988043632e-02
4.716000000000000227e+02 7.757265030583954113e-02
4.718000000000000114e+02 7.735167560480848969e-02
4.720000000000000000e+02 7.714854932435086243e-02
4.721999999999999886e+02 7.696810547939535174e-02
4.723999999999999773e+02 7.681562389924495582e-02
4.726000000000000227e+02 7.669410973052934177e-02
4.728000000000000114e+02 7.660574133985154077e-02
4.730000000000000000e+02 7.655191961646456988e-02
4.731999999999999886e+02 7.653221831236921291e-02
4.733999999999999773e+02 7.654462901429581745e-02
4.736000000000000227e+02 7.658585509903961808e-02
4.738000000000000114e+02 7.665148773840085861e-02
4.740000000000000000e+02 7.673609860319584308e-02
4.741999999999999886e+02 7.683382953594099229e-02
4.743999999999999773e+02 7.693824780458270729e-02
4.746000000000000227e+02 7.704196651645564553e-02
4.748000000000000114e+02 7.713873897134831958e-02
4.750000000000000000e+02 7.722339802478803139e-02
4.751999999999999886e+02 7.729171124775800761e-02
4.753999999999999773e+02 7.734096749434764273e-02
4.756000000000000227e+02 7.736984160483265094e-02
4.758000000000000114e+02 7.737844101437739430e-02
4.760000000000000000e+02 7.736856364093483429e-02
4.761999999999999886e+02 7.734380795019372978e-02
4.763999999999999773e+02 7.730926314412762956e-02
4.766000000000000227e+02 7.727110717074871238e-02
4.768000000000000114e+02 7.723583299413271097e-02
4.770000000000000000e+02 7.720973094168213924e-02
4.771999999999999886e+02 7.719825268055389988e-02
4.773999999999999773e+02 7.720517656030685683e-02
4.776000000000000227e+02 7.723252953426844314e-02
4.778000000000000114e+02 7.728030188922706267e-02
4.780000000000000000e+02 7.734625971765329844e-02
4.781999999999999886e+02 7.742623229108050453e-02
4.783999999999999773e+02 7.751368612822175097e-02
4.786000000000000227e+02 7.760055488869090079e-02
4.788000000000000114e+02 7.767882196616339441e-02
4.790000000000000000e+02 7.774030533682484145e-02
4.791999999999999886e+02 7.777712386083297791e-02
4.793999999999999773e+02 7.778226368611552977e-02
4.796000000000000227e+02 7.775023971937233824e-02
4.798000000000000114e+02 7.767754470520733812e-02
4.800000000000000000e+02 7.756298113368946534e-02
4.801999999999999886e+02 7.740791857419501709e-02
4.803999999999999773e+02 7.721523717605482950e-02
4.806000000000000227e+02 7.699066131340372154e-02
4.808000000000000114e+02 7.674296106645672744e-02
4.810000000000000000e+02 7.648066834305600192e-02
4.811999999999999886e+02 7.621336772812768723e-02
4.813999999999999773e+02 7.595157208017240535e-02
4.816000000000000227e+02 7.570554781378895093e-02
4.818000000000000114e+02 7.548393878709067084e-02
4.820000000000000000e+02 7.529441031325771749e-02
4.821999999999999886e+02 7.514330927972666385e-02
4.823999999999999773e+02 7.503273583386846357e-02
4.826000000000000227e+02 7.496258040336978290e-02
4.828000000000000114e+02 7.493091533538791260e-02
4.830000000000000000e+02 7.493350002314877467e-02
4.831999999999999886e+02 7.496443896344821833e-02
4.833999999999999773e+02 7.501692241694048191e-02
4.836000000000000227e+02 7.508373548839759881e-02
4.838000000000000114e+02 7.515760915327802938e-02
4.840000000000000000e+02 7.523201156260207745e-02
4.841999999999999886e+02 7.530107509427769186e-02
4.843999999999999773e+02 7.535931679680700490e-02
4.846000000000000227e+02 7.540277963133663885e-02
4.848000000000000114e+02 7.542875819340343069e-02
4.850000000000000000e+02 7.543567419134086793e-02
4.851999999999999886e+02 7.542349810860882187e-02
4.853999999999999773e+02 7.539317790255788132e-02
4.856000000000000227e+02 7.534666911064182016e-02
4.858000000000000114e+02 7.528713312055747287e-02
4.860000000000000000e+02 7.521785538715258790e-02
4.861999999999999886e+02 7.514217010498323857e-02
4.863999999999999773e+02 7.506329455446887622e-02
4.866000000000000227e+02 7.498365642595311575e-02
4.868000000000000114e+02 7.490549310351121703e-02
4.870000000000000000e+02 7.483028969944868769e-02
4.871999999999999886e+02 7.475780951428742660e-02
4.873999999999999773e+02 7.468706373014070976e-02
4.876000000000000227e+02 7.461654637949052815e-02
4.878000000000000114e+02 7.454424139667654992e-02
4.880000000000000000e+02 7.446759174890517363e-02
4.881999999999999886e+02 7.438461518941782979e-02
4.883999999999999773e+02 7.429373685880588662e-02
4.886000000000000227e+02 7.419324103417859750e-02
4.888000000000000114e+02 7.408221072283183162e-02
4.890000000000000000e+02 7.396003807705760213e-02
4.891999999999999886e+02 7.382654997703416710e-02
4.893999999999999773e+02 7.368341965917650505e-02
4.896000000000000227e+02 7.353216161381170846e-02
4.898000000000000114e+02 7.337438099456895790e-02
4.900000000000000000e+02 7.321273566056872573e-02
4.901999999999999886e+02 7.304953429889456118e-02
4.903999999999999773e+02 7.288794879770536805e-02
4.906000000000000227e+02 7.273208946971676525e-02
4.908000000000000114e+02 7.258468611537524651e-02
4.910000000000000000e+02 7.244835496621158943e-02
4.911999999999999886e+02 7.232556215807857403e-02
4.913999999999999773e+02 7.221802485418413187e-02
4.916000000000000227e+02 7.212674981389285978e-02
4.918000000000000114e+02 7.205266155495533564e-02
4.920000000000000000e+02 7.199659604249429579e-02
4.921999999999999886e+02 7.195827506555327324e-02
4.923999999999999773e+02 7.193721522268700652e-02
4.926000000000000227e+02 7.193285351345013456e-02
4.928000000000000114e+02 7.194433798465824093e-02
4.930000000000000000e+02 7.197047371331991017e-02
4.931999999999999886e+02 7.201009676074743293e-02
4.933999999999999773e+02 7.206219273662839431e-02
4.936000000000000227e+02 7.212563296029850246e-02
4.938000000000000114e+02 7.219959552827620586e-02
4.940000000000000000e+02 7.228325377252853290e-02
4.941999999999999886e+02 7.237539757486532999e-02
4.943999999999999773e+02 7.247544817311660226e-02
4.946000000000000227e+02 7.258274541896313214e-02
4.948000000000000114e+02 7.269611220125643536e-02
4.950000000000000000e+02 7.281403885075694860e-02
4.951999999999999886e+02 7.293523297390015758e-02
4.953999999999999773e+02 7.305804528284859378e-02
4.956000000000000227e+02 7.317987268190669081e-02
4.958000000000000114e+02 7.329900239945352780e-02
4.960000000000000000e+02 7.341360160657790790e-02
4.961999999999999886e+02 7.352131615033184742e-02
4.963999999999999773e+02 7.362002184867783017e-02
4.966000000000000227e+02 7.370700944526623055e-02
4.968000000000000114e+02 7.377950203768696147e-02
4.970000000000000000e+02 7.383536851602448547e-02
4.971999999999999886e+02 7.387202307083158559e-02
4.973999999999999773e+02 7.388686769038439739e-02
4.976000000000000227e+02 7.387753910304170613e-02
4.978000000000000114e+02 7.384177595561033924e-02
4.980000000000000000e+02 7.377813791423312728e-02
4.981999999999999886e+02 7.368581828812408030e-02
4.983999999999999773e+02 7.356434721790020004e-02
4.986000000000000227e+02 7.341429296183214770e-02
4.988000000000000114e+02 7.323629526717122251e-02
4.990000000000000000e+02 7.303136037845125994e-02
4.991999999999999886e+02 7.280283938850286296e-02
4.993999999999999773e+02 7.255326418545261780e-02
4.996000000000000227e+02 7.228489973357514475e-02
4.998000000000000114e+02 7.200095707559234226e-02
5.000000000000000000e+02 7.170356830426465045e-02
5.001999999999999886e+02 7.139636303391860839e-02
5.003999999999999773e+02 7.108439046430652108e-02
5.006000000000000227e+02 7.077032036949351679e-02
5.008000000000000114e+02 7.045713610103207514e-02
5.010000000000000000e+02 7.014813316376761199e-02
5.011999999999999886e+02 6.984592913994301655e-02
5.013999999999999773e+02 6.955163734004510268e-02
5.016000000000000227e+02 6.926717833842517547e-02
5.018000000000000114e+02 6.899502696614980002e-02
5.020000000000000000e+02 6.873475315937113694e-02
5.021999999999999886e+02 6.848626997495997626e-02
5.023999999999999773e+02 6.824943707693216510e-02
5.026000000000000227e+02 6.802324302577392179e-02
5.028000000000000114e+02 6.780861752458110236e-02
5.030000000000000000e+02 6.760594885907825202e-02
5.031999999999999886e+02 6.741452085387661386e-02
5.033999999999999773e+02 6.723443146576618679e-02
5.036000000000000227e+02 6.706492244199960262e-02
5.038000000000000114e+02 6.690528033377601824e-02
5.040000000000000000e+02 6.675581959180963698e-02
5.041999999999999886e+02 6.661553934930626586e-02
5.043999999999999773e+02 6.648318266722626213e-02
5.046000000000000227e+02 6.635770926591257057e-02
5.048000000000000114e+02 6.623785323178285611e-02
5.050000000000000000e+02 6.612185165967893186e-02
5.051999999999999886e+02 6.600815010590818654e-02
5.053999999999999773e+02 6.589588315236576122e-02
5.056000000000000227e+02 6.578317684992361636e-02
5.058000000000000114e+02 6.566801270977555560e-02
5.060000000000000000e+02 6.554836712539653665e-02
5.061999999999999886e+02 6.542155111626687947e-02
5.063999999999999773e+02 6.528615352635210034e-02
5.066000000000000227e+02 6.514135878619875530e-02
5.068000000000000114e+02 6.498598929971217963e-02
5.070000000000000000e+02 6.481953864650934205e-02
5.071999999999999886e+02 6.464218969744030263e-02
5.073999999999999773e+02 6.445449345114934170e-02
5.076000000000000227e+02 6.425691383921891542e-02
5.078000000000000114e+02 6.405163127117000088e-02
5.080000000000000000e+02 6.384104165744965143e-02
5.081999999999999886e+02 6.362622548518263865e-02
5.083999999999999773e+02 6.340890623649549085e-02
5.086000000000000227e+02 6.319000088265550041e-02
5.088000000000000114e+02 6.296995461583954068e-02
5.090000000000000000e+02 6.275089419315021955e-02
5.091999999999999886e+02 6.253342665592223626e-02
5.093999999999999773e+02 6.231749095194270838e-02
5.096000000000000227e+02 6.210349660529017324e-02
5.098000000000000114e+02 6.189054430315515248e-02
5.100000000000000000e+02 6.167871230259771437e-02
5.101999999999999886e+02 6.146889779979988061e-02
5.103999999999999773e+02 6.126023154893019129e-02
5.106000000000000227e+02 6.105210160188814100e-02
5.108000000000000114e+02 6.084419467946049903e-02
5.110000000000000000e+02 6.063596059011065742e-02
5.111999999999999886e+02 6.042608048450199415e-02
5.113999999999999773e+02 6.021439670646404341e-02
5.116000000000000227e+02 6.000163242102560940e-02
5.118000000000000114e+02 5.978715141131797639e-02
5.120000000000000000e+02 5.957128574381628100e-02
5.122000000000000455e+02 5.935443404472984935e-02
5.123999999999999773e+02 5.913628880923304382e-02
5.126000000000000227e+02 5.891827338143546672e-02
5.127999999999999545e+02 5.870074997439977266e-02
5.130000000000000000e+02 5.848276584400204786e-02
5.132000000000000455e+02 5.826404202450084779e-02
5.133999999999999773e+02 5.804319120080500549e-02
5.136000000000000227e+02 5.781913563352378965e-02
5.137999999999999545e+02 5.759214071045783839e-02
5.140000000000000000e+02 5.736098580651805695e-02
5.142000000000000455e+02 5.712476509335139702e-02
5.143999999999999773e+02 5.688352728532040242e-02
5.146000000000000227e+02 5.663769115586028691e-02
5.147999999999999545e+02 5.638697844249503099e-02
5.150000000000000000e+02 5.613181417699419223e-02
5.152000000000000455e+02 5.587400746530402779e-02
5.153999999999999773e+02 5.561333615876774134e-02
5.156000000000000227e+02 5.534983723435852460e-02
5.157999999999999545e+02 5.508395328232747190e-02
5.160000000000000000e+02 5.481503083234560980e-02
5.162000000000000455e+02 5.454440099219211996e-02
5.163999999999999773e+02 5.427336462525660099e-02
5.166000000000000227e+02 5.400150030136588453e-02
5.167999999999999545e+02 5.372941784430856210e-02
5.170000000000000000e+02 5.345819166506193126e-02
5.172000000000000455e+02 5.318855682893967873e-02
5.173999999999999773e+02 5.292026822913002693e-02
5.176000000000000227e+02 5.265455776085851969e-02
5.177999999999999545e+02 5.239213860967791014e-02
5.180000000000000000e+02 5.213178640458451807e-02
5.182000000000000455e+02 5.187338975145389802e-02
5.183999999999999773e+02 5.161623574788021945e-02
5.186000000000000227e+02 5.135966536886914929e-02
5.187999999999999545e+02 5.110541961800574989e-02
5.190000000000000000e+02 5.085393024910037085e-02
5.192000000000000455e+02 5.060556224352055765e-02
5.193999999999999773e+02 5.036165951336202262e-02
5.196000000000000227e+02 5.012216567441944021e-02
5.197999999999999545e+02 4.988788587420091292e-02
5.200000000000000000e+02 4.965986694121718448e-02
5.202000000000000455e+02 4.943676696475855087e-02
5.203999999999999773e+02 4.921752385579746675e-02
5.206000000000000227e+02 4.900152023575561622e-02
5.207999999999999545e+02 4.878811000204769099e-02
5.210000000000000000e+02 4.857597333174583365e-02
5.212000000000000455e+02 4.836532891845785054e-02
5.213999999999999773e+02 4.815775337636719888e-02
5.216000000000000227e+02 4.795451504958928024e-02
5.217999999999999545e+02 4.775842170235863188e-02
5.220000000000000000e+02 4.757235877220711978e-02
5.222000000000000455e+02 4.739832031808128426e-02
5.223999999999999773e+02 4.723923893849985012e-02
5.226000000000000227e+02 4.709689149452429141e-02
5.227999999999999545e+02 4.697187974996751975e-02
5.230000000000000000e+02 4.686495253589496174e-02
5.232000000000000455e+02 4.677621394074645694e-02
5.233999999999999773e+02 4.670508457500849309e-02
5.236000000000000227e+02 4.665050819770626134e-02
5.237999999999999545e+02 4.661145063720689707e-02
5.240000000000000000e+02 4.658633390207254227e-02
5.242000000000000455e+02 4.657296125363946659e-02
5.243999999999999773e+02 4.656862336808337277e-02
5.246000000000000227e+02 4.656912815579480891e-02
5.247999999999999545e+02 4.656916521592859015e-02
5.250000000000000000e+02 4.656300896084412250e-02
5.252000000000000455e+02 4.654572063486685923e-02
5.253999999999999773e+02 4.651355076300981578e-02
5.256000000000000227e+02 4.646400126927919400e-02
5.257999999999999545e+02 4.639590691767494363e-02
5.260000000000000000e+02 4.631031439340347472e-02
5.262000000000000455e+02 4.620979468958583136e-02
5.263999999999999773e+02 4.609799421404670722e-02
5.266000000000000227e+02 4.598013305654156946e-02
5.267999999999999545e+02 4.586218145160947390e-02
5.270000000000000000e+02 4.574991988263783782e-02
5.272000000000000455e+02 4.564801974303970417e-02
5.273999999999999773e+02 4.556124741097895836e-02
5.276000000000000227e+02 4.549405938970670776e-02
5.277999999999999545e+02 4.545033958295500304e-02
5.280000000000000000e+02 4.543411955907985383e-02
5.282000000000000455e+02 4.544959152144455866e-02
5.283999999999999773e+02 4.550093309735318836e-02
5.286000000000000227e+02 4.559232491303442936e-02
5.287999999999999545e+02 4.572995815760969723e-02
5.290000000000000000e+02 4.592323213281169353e-02
5.292000000000000455e+02 4.618744936007042334e-02
5.293999999999999773e+02 4.655069176128959901e-02
5.296000000000000227e+02 4.705499663601043353e-02
5.297999999999999545e+02 4.776265225129892183e-02
5.300000000000000000e+02 4.876678005786039272e-02
5.302000000000000455e+02 5.019384720090536850e-02
5.303999999999999773e+02 5.220055388069397284e-02
5.306000000000000227e+02 5.497858304979984234e-02
5.307999999999999545e+02 5.877243784908206536e-02
5.310000000000000000e+02 6.382602349563683275e-02
5.312000000000000455e+02 7.039410534144156795e-02
5.313999999999999773e+02 7.877701942187921580e-02
5.316000000000000227e+02 8.924218204369407936e-02
5.317999999999999545e+02 1.020681465139067629e-01
5.320000000000000000e+02 1.175259335828037766e-01
5.322000000000000455e+02 1.356972032207370560e-01
5.323999999999999773e+02 1.566604850085470124e-01
5.326000000000000227e+02 1.804692791013904618e-01
5.327999999999999545e+02 2.070214611739973620e-01
5.330000000000000000e+02 2.360740858812982457e-01
5.332000000000000455e+02 2.673479542852210122e-01
5.333999999999999773e+02 3.004898634322630269e-01
5.336000000000000227e+02 3.347580112463310331e-01
5.337999999999999545e+02 3.694824056713507665e-01
5.340000000000000000e+02 4.040297559158305130e-01
5.342000000000000455e+02 4.375713361739675955e-01
5.343999999999999773e+02 4.693822943943176673e-01
5.346000000000000227e+02 4.986484107876744121e-01
5.347999999999999545e+02 5.244467052633797755e-01
5.350000000000000000e+02 5.461819063710160460e-01
5.352000000000000455e+02 5.633191357836208057e-01
5.353999999999999773e+02 5.753821931428387826e-01
5.356000000000000227e+02 5.820780829105339782e-01
5.357999999999999545e+02 5.832409525936034234e-01
5.360000000000000000e+02 5.788781702752171521e-01
5.362000000000000455e+02 5.691861526416031047e-01
5.363999999999999773e+02 5.544823922912609504e-01
5.366000000000000227e+02 5.352390328864924385e-01
5.367999999999999545e+02 5.120077015764880057e-01
5.370000000000000000e+02 4.853432263228611987e-01
5.372000000000000455e+02 4.560775444696893999e-01
5.373999999999999773e+02 4.250139927819910346e-01
5.376000000000000227e+02 3.927974523042143118e-01
5.377999999999999545e+02 3.601728366594909025e-01
5.380000000000000000e+02 3.277331816137292742e-01
5.382000000000000455e+02 2.960288471224257201e-01
5.383999999999999773e+02 2.657521274036961367e-01
5.386000000000000227e+02 2.372602683356900832e-01
5.387999999999999545e+02 2.108016482374332479e-01
5.390000000000000000e+02 1.866239436460233048e-01
5.392000000000000455e+02 1.647781357864096519e-01
5.393999999999999773e+02 1.453577633868251839e-01
5.396000000000000227e+02 1.284148484380097377e-01
5.397999999999999545e+02 1.137840213099344799e-01
5.400000000000000000e+02 1.013196505223239036e-01
5.402000000000000455e+02 9.086850295106152497e-02
5.403999999999999773e+02 8.223557001869129246e-02
5.406000000000000227e+02 7.519788617934609898e-02
5.407999999999999545e+02 6.956752740355753861e-02
5.410000000000000000e+02 6.516592923956784911e-02
5.412000000000000455e+02 6.177895568873136012e-02
5.413999999999999773e+02 5.923124140812960348e-02
5.416000000000000227e+02 5.737014666924293571e-02
5.417999999999999545e+02 5.605712183577039875e-02
5.420000000000000000e+02 5.518516483317007643e-02
5.422000000000000455e+02 5.465886210223697139e-02
5.423999999999999773e+02 5.439563311506589310e-02
5.426000000000000227e+02 5.433412016259827476e-02
5.427999999999999545e+02 5.442567705194686911e-02
5.430000000000000000e+02 5.463350729721841437e-02
5.432000000000000455e+02 5.493117414848281560e-02
5.433999999999999773e+02 5.529749983455598678e-02
5.436000000000000227e+02 5.571909354074388449e-02
5.437999999999999545e+02 5.618796871165936124e-02
5.440000000000000000e+02 5.669824426735738804e-02
5.442000000000000455e+02 5.724851097376450898e-02
5.443999999999999773e+02 5.783621158334249085e-02
5.446000000000000227e+02 5.845698011718506587e-02
5.447999999999999545e+02 5.911160129966488985e-02
5.450000000000000000e+02 5.979927092843911191e-02
5.452000000000000455e+02 6.051947294501999058e-02
5.453999999999999773e+02 6.127468506836040996e-02
5.456000000000000227e+02 6.205966053184367587e-02
5.457999999999999545e+02 6.287518706106903776e-02
5.460000000000000000e+02 6.372403533657818031e-02
5.462000000000000455e+02 6.458250607886348305e-02
5.463999999999999773e+02 6.545769070821058633e-02
5.466000000000000227e+02 6.636857059778969448e-02
5.467999999999999545e+02 6.730677643419114009e-02
5.470000000000000000e+02 6.827170189125840449e-02
5.472000000000000455e+02 6.926805228023526217e-02
5.473999999999999773e+02 7.029868915701435739e-02
5.476000000000000227e+02 7.135979310245219032e-02
5.477999999999999545e+02 7.245049476759482521e-02
5.480000000000000000e+02 7.357507290488859986e-02
5.482000000000000455e+02 7.473323175697585419e-02
5.483999999999999773e+02 7.592759289331148242e-02
5.486000000000000227e+02 7.716125277576338370e-02
5.487999999999999545e+02 7.842821131387921196e-02
5.490000000000000000e+02 7.972774400195202504e-02
5.492000000000000455e+02 8.106388143020602788e-02
5.493999999999999773e+02 8.243985399788300583e-02
5.496000000000000227e+02 8.385011175203294087e-02
5.497999999999999545e+02 8.528980218603213204e-02
5.500000000000000000e+02 8.676201244149951697e-02
5.502000000000000455e+02 8.827088924728718200e-02
5.503999999999999773e+02 8.981409498409725911e-02
5.506000000000000227e+02 9.138403000712005952e-02
5.507999999999999545e+02 9.298294584241618976e-02
5.510000000000000000e+02 9.461630781651632349e-02
5.512000000000000455e+02 9.628614338217965363e-02
5.513999999999999773e+02 9.798396704239399624e-02
5.516000000000000227e+02 9.971093275733565464e-02
5.517999999999999545e+02 1.014720662203822676e-01
5.520000000000000000e+02 1.032660353770261524e-01
5.522000000000000455e+02 1.050989207784553819e-01
5.523999999999999773e+02 1.069726882037813770e-01
5.526000000000000227e+02 1.088790847567841502e-01
5.527999999999999545e+02 1.108215270852401652e-01
5.530000000000000000e+02 1.128081777953302833e-01
5.532000000000000455e+02 1.148442071031619688e-01
5.533999999999999773e+02 1.169218211081710646e-01
5.536000000000000227e+02 1.190403526571301163e-01
5.537999999999999545e+02 1.212082748909929925e-01
5.540000000000000000e+02 1.234340045036233374e-01
5.542000000000000455e+02 1.257128689653885245e-01
5.543999999999999773e+02 1.280384230406839408e-01
5.546000000000000227e+02 1.304176020314056772e-01
5.547999999999999545e+02 1.328598158859894962e-01
5.550000000000000000e+02 1.353647208853957506e-01
5.552000000000000455e+02 1.379202404373315594e-01
5.553999999999999773e+02 1.405321335120857940e-01
5.556000000000000227e+02 1.432040947797316444e-01
5.557999999999999545e+02 1.459339546607929805e-01
5.560000000000000000e+02 1.487316537857322485e-01
5.562000000000000455e+02 1.515928124404655186e-01
5.563999999999999773e+02 1.545053555191567007e-01
5.566000000000000227e+02 1.574757758782639183e-01
5.567999999999999545e+02 1.605144757768477703e-01
5.570000000000000000e+02 1.636226673258792397e-01
5.572000000000000455e+02 1.667848863835979523e-01
5.573999999999999773e+02 1.700028227235504119e-01
5.576000000000000227e+02 1.732877942428417695e-01
5.577999999999999545e+02 1.766482486203608260e-01
5.580000000000000000e+02 1.800709828230968590e-01
5.582000000000000455e+02 1.835507927996142541e-01
5.583999999999999773e+02 1.870995252720148438e-01
5.586000000000000227e+02 1.907304731446854695e-01
5.587999999999999545e+02 1.944366866047584075e-01
5.590000000000000000e+02 1.982052088526668754e-01
5.592000000000000455e+02 2.020496055611346042e-01
5.593999999999999773e+02 2.059720116745531182e-01
5.596000000000000227e+02 2.099742226223050290e-01
5.597999999999999545e+02 2.140717513051535459e-01
5.600000000000000000e+02 2.182514303430042879e-01
5.602000000000000455e+02 2.225029833316260475e-01
5.603999999999999773e+02 2.268400356227810721e-01
5.606000000000000227e+02 2.312785069556561601e-01
5.607999999999999545e+02 2.358134652741890880e-01
5.610000000000000000e+02 2.404254524478508515e-01
5.612000000000000455e+02 2.451234332709374686e-01
5.613999999999999773e+02 2.499244722673235608e-01
5.616000000000000227e+02 2.548345243343403954e-01
5.617999999999999545e+02 2.598303276148003493e-01
5.620000000000000000e+02 2.649120398181118441e-01
5.622000000000000455e+02 2.700972601388595407e-01
5.623999999999999773e+02 2.754004495715280387e-01
5.626000000000000227e+02 2.808023453103544731e-01
5.627999999999999545e+02 2.862897053245671564e-01
5.630000000000000000e+02 2.918785548242618932e-01
5.632000000000000455e+02 2.975882699353126770e-01
5.633999999999999773e+02 3.034097435148974120e-01
5.636000000000000227e+02 3.093165768582477049e-01
5.637999999999999545e+02 3.153251880409114194e-01
5.640000000000000000e+02 3.214385627422837177e-01
5.642000000000000455e+02 3.276530940707645390e-01
5.643999999999999773e+02 3.339891983197540437e-01
5.646000000000000227e+02 3.404263910133332183e-01
5.647999999999999545e+02 3.469394417094440186e-01
5.650000000000000000e+02 3.535424142255539359e-01
5.652000000000000455e+02 3.602538989468132002e-01
5.653999999999999773e+02 3.670653569905498737e-01
5.656000000000000227e+02 3.739398498141910943e-01
5.657999999999999545e+02 3.808821774733692767e-01
5.660000000000000000e+02 3.879114931004875588e-01
5.662000000000000455e+02 3.950343004687242865e-01
5.663999999999999773e+02 4.022125400761630831e-01
5.666000000000000227e+02 4.094367691735830150e-01
5.667999999999999545e+02 4.167275011226517223e-01
5.670000000000000000e+02 4.241032376103547885e-01
5.672000000000000455e+02 4.315363115691703277e-01
5.673999999999999773e+02 4.390025820684141933e-01
5.676000000000000227e+02 4.465254922512740809e-01
5.677999999999999545e+02 4.540997886280987994e-01
5.680000000000000000e+02 4.617289526855066772e-01
5.682000000000000455e+02 4.694339349929548821e-01
5.683999999999999773e+02 4.771783399354420085e-01
5.686000000000000227e+02 4.849463735052212399e-01
5.687999999999999545e+02 4.927603026305208966e-01
5.690000000000000000e+02 5.006406999909827071e-01
5.692000000000000455e+02 5.085646210595782257e-01
5.693999999999999773e+02 5.164976402355135887e-01
5.696000000000000227e+02 5.244542200989750214e-01
5.697999999999999545e+02 5.324558004512571774e-01
5.700000000000000000e+02 5.404966177102087377e-01
5.702000000000000455e+02 5.485309502963814365e-01
5.703999999999999773e+02 5.565599570871129220e-01
5.706000000000000227e+02 5.646060391106418885e-01
5.707999999999999545e+02 5.726804203275609462e-01
5.710000000000000000e+02 5.807403199837950503e-01
5.712000000000000455e+02 5.887739371938495170e-01
5.713999999999999773e+02 5.968028343488570586e-01
5.716000000000000227e+02 6.048141504930995005e-01
5.717999999999999545e+02 6.128195913675811290e-01
5.720000000000000000e+02 6.208284921036320014e-01
5.722000000000000455e+02 6.287955395453015406e-01
5.723999999999999773e+02 6.367178766859312722e-01
5.726000000000000227e+02 6.446192403030178708e-01
5.727999999999999545e+02 6.525147520451600736e-01
5.730000000000000000e+02 6.603700901710548576e-01
5.732000000000000455e+02 6.681644337203788142e-01
5.733999999999999773e+02 6.759184673457019343e-01
5.736000000000000227e+02 6.836525589023101368e-01
5.737999999999999545e+02 6.913488848839837164e-01
5.740000000000000000e+02 6.989697847877266446e-01
5.742000000000000455e+02 7.065269089887455944e-01
5.743999999999999773e+02 7.140416039394232861e-01
5.746000000000000227e+02 7.215135106912180518e-01
5.747999999999999545e+02 7.288990098095048387e-01
5.750000000000000000e+02 7.362017243302213521e-01
5.752000000000000455e+02 7.434346298510279283e-01
5.753999999999999773e+02 7.505852934222698725e-01
5.756000000000000227e+02 7.576713895678587329e-01
5.757999999999999545e+02 7.646878014127036494e-01
5.760000000000000000e+02 7.715965057992404397e-01
5.762000000000000455e+02 7.784066324084009114e-01
5.763999999999999773e+02 7.851380398001069905e-01
5.766000000000000227e+02 7.917959502852328635e-01
5.767999999999999545e+02 7.983496584279832220e-01
5.770000000000000000e+02 8.047824253226888436e-01
5.772000000000000455e+02 8.111052686509079290e-01
5.773999999999999773e+02 8.173519639693982430e-01
5.776000000000000227e+02 8.234983725875271166e-01
5.777999999999999545e+02 8.295289079899764717e-01
5.780000000000000000e+02 8.354836799022050675e-01
5.782000000000000455e+02 8.413351985252638388e-01
5.783999999999999773e+02 8.470754755566629601e-01
5.786000000000000227e+02 8.527410107641981707e-01
5.787999999999999545e+02 8.582993458887581140e-01
5.790000000000000000e+02 8.637501853799923746e-01
5.792000000000000455e+02 8.691229884756738189e-01
5.793999999999999773e+02 8.743822612546925388e-01
5.796000000000000227e+02 8.795350579018464954e-01
5.797999999999999545e+02 8.846036926656200006e-01
5.800000000000000000e+02 8.895530241564970630e-01
5.802000000000000455e+02 8.943955902552744863e-01
5.803999999999999773e+02 8.991472035857952516e-01
5.806000000000000227e+02 9.037778897701211900e-01
5.807999999999999545e+02 9.082892536764562985e-01
5.810000000000000000e+02 9.126966833457991202e-01
5.812000000000000455e+02 9.170071419106693433e-01
5.813999999999999773e+02 9.211970222478232939e-01
5.816000000000000227e+02 9.252673199003177418e-01
5.817999999999999545e+02 9.292406678216168503e-01
5.820000000000000000e+02 9.330930456962195363e-01
5.822000000000000455e+02 9.368295011863492228e-01
5.823999999999999773e+02 9.404691421294808507e-01
5.826000000000000227e+02 9.439882162380832664e-01
5.827999999999999545e+02 9.473957902959938560e-01
5.830000000000000000e+02 9.507044131812514287e-01
5.832000000000000455e+02 9.538912192938988621e-01
5.833999999999999773e+02 9.569680146925420017e-01
5.836000000000000227e+02 9.599413506872374047e-01
5.837999999999999545e+02 9.627905055662729916e-01
5.840000000000000000e+02 9.655282637788762390e-01
5.842000000000000455e+02 9.681575409156017997e-01
5.843999999999999773e+02 9.706621217276083513e-01
5.846000000000000227e+02 9.730468153320654956e-01
5.847999999999999545e+02 9.753202881254872114e-01
5.850000000000000000e+02 9.774847513367802554e-01
5.852000000000000455e+02 9.795294102928031599e-01
5.853999999999999773e+02 9.814613849868659701e-01
5.856000000000000227e+02 9.832907914591009213e-01
5.857999999999999545e+02 9.850084221913568694e-01
5.860000000000000000e+02 9.866233965935115036e-01
5.862000000000000455e+02 9.881435645905255472e-01
5.863999999999999773e+02 9.895613122546561558e-01
5.866000000000000227e+02 9.908858270644189670e-01
5.867999999999999545e+02 9.921216964355703549e-01
5.870000000000000000e+02 9.932631282243369331e-01
5.872000000000000455e+02 9.943178497515908765e-01
5.873999999999999773e+02 9.952873949645827389e-01
5.876000000000000227e+02 9.961664418530201681e-01
5.877999999999999545e+02 9.969569720846350735e-01
5.880000000000000000e+02 9.976602401099032846e-01
5.882000000000000455e+02 9.982744232907172499e-01
5.883999999999999773e+02 9.987947988063292648e-01
5.886000000000000227e+02 9.992218854814882700e-01
5.887999999999999545e+02 9.995568283678026855e-01
5.890000000000000000e+02 9.997972068221406827e-01
5.892000000000000455e+02 9.999442129596777251e-01
5.893999999999999773e+02 1.000000000000000000e+00
5.896000000000000227e+02 9.999659363335036133e-01
5.897999999999999545e+02 9.998436173822148332e-01
5.900000000000000000e+02 9.996357903331940520e-01
5.902000000000000455e+02 9.993453046247378069e-01
5.903999999999999773e+02 9.989719791303336427e-01
5.906000000000000227e+02 9.985185965741129044e-01
5.907999999999999545e+02 9.979883792751113036e-01
5.910000000000000000e+02 9.973792690450330456e-01
5.912000000000000455e+02 9.966935417659049667e-01
5.913999999999999773e+02 9.959340097611758535e-01
5.916000000000000227e+02 9.950986147320485253e-01
5.917999999999999545e+02 9.941829573547966703e-01
5.920000000000000000e+02 9.931870368521442671e-01
5.922000000000000455e+02 9.921157817253887234e-01
5.923999999999999773e+02 9.909622358376245499e-01
5.926000000000000227e+02 9.897258001686475293e-01
5.927999999999999545e+02 9.884127117813104046e-01
5.930000000000000000e+02 9.870141489097966625e-01
5.932000000000000455e+02 9.855319980580105055e-01
5.933999999999999773e+02 9.839732432489042280e-01
5.936000000000000227e+02 9.823282725753565980e-01
5.937999999999999545e+02 9.806034011175913667e-01
5.940000000000000000e+02 9.788065466105767554e-01
5.942000000000000455e+02 9.769278696775399728e-01
5.943999999999999773e+02 9.749776435398112007e-01
5.946000000000000227e+02 9.729629085539303057e-01
5.947999999999999545e+02 9.708736692797866885e-01
5.950000000000000000e+02 9.687206954495042321e-01
5.952000000000000455e+02 9.665116981983028488e-01
5.953999999999999773e+02 9.642413932802624821e-01
5.956000000000000227e+02 9.619033264365925984e-01
5.957999999999999545e+02 9.595054715447579596e-01
5.960000000000000000e+02 9.570593158675829715e-01
5.962000000000000455e+02 9.545504839330897218e-01
5.963999999999999773e+02 9.519866591051275861e-01
5.966000000000000227e+02 9.493794619525008915e-01
5.967999999999999545e+02 9.467125990360154564e-01
5.970000000000000000e+02 9.439973323493349167e-01
5.972000000000000455e+02 9.412421466302017814e-01
5.973999999999999773e+02 9.384298483199119412e-01
5.976000000000000227e+02 9.355742750540005925e-01
5.977999999999999545e+02 9.326788027905895673e-01
5.980000000000000000e+02 9.297251346245644088e-01
5.982000000000000455e+02 9.267266051291809248e-01
5.983999999999999773e+02 9.236892592113558065e-01
5.986000000000000227e+02 9.206027913849954558e-01
5.987999999999999545e+02 9.174565098911966476e-01
5.990000000000000000e+02 9.142606309459632152e-01
5.992000000000000455e+02 9.110258408818934228e-01
5.993999999999999773e+02 9.077312664710909251e-01
5.996000000000000227e+02 9.043889646018223871e-01
5.997999999999999545e+02 9.010103465088318275e-01
6.000000000000000000e+02 8.975744071939112390e-01
6.002000000000000455e+02 8.940986879935759468e-01
6.003999999999999773e+02 8.905909770726219143e-01
6.006000000000000227e+02 8.870316357451951683e-01
6.007999999999999545e+02 8.834445263505539270e-01
6.010000000000000000e+02 8.798348672012124005e-01
6.012000000000000455e+02 8.761869982265654277e-01
6.013999999999999773e+02 8.725275645318039119e-01
6.016000000000000227e+02 8.688554560961360140e-01
6.017999999999999545e+02 8.651558191749094684e-01
6.020000000000000000e+02 8.614520231513056459e-01
6.022000000000000455e+02 8.577475608526548001e-01
6.023999999999999773e+02 8.540297233626313878e-01
6.026000000000000227e+02 8.502882724016107563e-01
6.027999999999999545e+02 8.465397093985456145e-01
6.030000000000000000e+02 8.427870530150048944e-01
6.032000000000000455e+02 8.390047571131055149e-01
6.033999999999999773e+02 8.352112479208199103e-01
6.036000000000000227e+02 8.314071121973923839e-01
6.037999999999999545e+02 8.275682374614082848e-01
6.040000000000000000e+02 8.237160513566127440e-01
6.042000000000000455e+02 8.198444258907999771e-01
6.043999999999999773e+02 8.159317943933683814e-01
6.046000000000000227e+02 8.120030011806801395e-01
6.047999999999999545e+02 8.080483622401080090e-01
6.050000000000000000e+02 8.040535217330813111e-01
6.052000000000000455e+02 8.000469429507667263e-01
6.053999999999999773e+02 7.960167886642016688e-01
6.056000000000000227e+02 7.919549744221308085e-01
6.057999999999999545e+02 7.878896305040521408e-01
6.060000000000000000e+02 7.838218367204763393e-01
6.062000000000000455e+02 7.797414568574591032e-01
6.063999999999999773e+02 7.756453690274055512e-01
6.066000000000000227e+02 7.715596890173322953e-01
6.067999999999999545e+02 7.674821539942078275e-01
6.070000000000000000e+02 7.633937355627260501e-01
6.072000000000000455e+02 7.593224833483305236e-01
6.073999999999999773e+02 7.552616655870210138e-01
6.076000000000000227e+02 7.511952502087517747e-01
6.077999999999999545e+02 7.471510146051726364e-01
6.080000000000000000e+02 7.431146501192800180e-01
6.082000000000000455e+02 7.390734088946806501e-01
6.083999999999999773e+02 7.350530434742363894e-01
6.086000000000000227e+02 7.310325639045665014e-01
6.087999999999999545e+02 7.270030926842081520e-01
6.090000000000000000e+02 7.229865680313044551e-01
6.092000000000000455e+02 7.189577432253848599e-01
6.093999999999999773e+02 7.149111317605472138e-01
6.096000000000000227e+02 7.108660845135612583e-01
6.097999999999999545e+02 7.068126048631723224e-01
6.100000000000000000e+02 7.027346482691382290e-01
6.102000000000000455e+02 6.986290581625741458e-01
6.103999999999999773e+02 6.945198340743251597e-01
6.106000000000000227e+02 6.903930482776762245e-01
6.107999999999999545e+02 6.862365841329686189e-01
6.110000000000000000e+02 6.820793661040178701e-01
6.112000000000000455e+02 6.779044503069198147e-01
6.113999999999999773e+02 6.737055095083631651e-01
6.116000000000000227e+02 6.695111679053095122e-01
6.117999999999999545e+02 6.653007911966277721e-01
6.120000000000000000e+02 6.610756565267825735e-01
6.122000000000000455e+02 6.568634029078098679e-01
6.123999999999999773e+02 6.526411353612581179e-01
6.126000000000000227e+02 6.484169115600474376e-01
6.127999999999999545e+02 6.442144293379564735e-01
6.130000000000000000e+02 6.400093493570021552e-01
6.132000000000000455e+02 6.358111523694779388e-01
6.133999999999999773e+02 6.316402286809409405e-01
6.136000000000000227e+02 6.274867645207118372e-01
6.137999999999999545e+02 6.233378923289596418e-01
6.140000000000000000e+02 6.191988916498136764e-01
6.142000000000000455e+02 6.150938362408124860e-01
6.143999999999999773e+02 6.110027510917072080e-01
6.146000000000000227e+02 6.069243455828452483e-01
6.147999999999999545e+02 6.028842266886400569e-01
6.150000000000000000e+02 5.988588701129284875e-01
6.152000000000000455e+02 5.948513996725945940e-01
6.153999999999999773e+02 5.908823460114192017e-01
6.156000000000000227e+02 5.869251143705654927e-01
6.157999999999999545e+02 5.829876557854224428e-01
6.160000000000000000e+02 5.790855277176153448e-01
6.162000000000000455e+02 5.751926208540142360e-01
6.163999999999999773e+02 5.713185753864939986e-01
6.166000000000000227e+02 5.674772882796309537e-01
6.167999999999999545e+02 5.636554238785524973e-01
6.170000000000000000e+02 5.598381214384842153e-01
6.172000000000000455e+02 5.560297375211908921e-01
6.173999999999999773e+02 5.522482262064147829e-01
6.176000000000000227e+02 5.484701621892730250e-01
6.177999999999999545e+02 5.446957108193088981e-01
6.180000000000000000e+02 5.409438646582868104e-01
6.182000000000000455e+02 5.371895858144269953e-01
6.183999999999999773e+02 5.334395755417860041e-01
6.186000000000000227e+02 5.297106455731677155e-01
6.187999999999999545e+02 5.259783826663210204e-01
6.190000000000000000e+02 5.222560052389697560e-01
6.192000000000000455e+02 5.185561698832223954e-01
6.193999999999999773e+02 5.148550061721901550e-01
6.196000000000000227e+02 5.111703284041791973e-01
6.197999999999999545e+02 5.075101852289042315e-01
6.200000000000000000e+02 5.038531620173474224e-01
6.202000000000000455e+02 5.002168242483086003e-01
6.203999999999999773e+02 4.966104918076536534e-01
6.206000000000000227e+02 4.930222993337172177e-01
6.207999999999999545e+02 4.894410996758976062e-01
6.210000000000000000e+02 4.858780982488716815e-01
6.212000000000000455e+02 4.823462231998400518e-01
6.213999999999999773e+02 4.788223278826362894e-01
6.216000000000000227e+02 4.753163065833287959e-01
6.217999999999999545e+02 4.718394117334692162e-01
6.220000000000000000e+02 4.683670471123339563e-01
6.222000000000000455e+02 4.649132262522058245e-01
6.223999999999999773e+02 4.614851660351448892e-01
6.226000000000000227e+02 4.580608522410329342e-01
6.227999999999999545e+02 4.546588451507152517e-01
6.230000000000000000e+02 4.512817218711675515e-01
6.232000000000000455e+02 4.479101513752141162e-01
6.233999999999999773e+02 4.445654142517012075e-01
6.236000000000000227e+02 4.412461119765555551e-01
6.237999999999999545e+02 4.379367744835321319e-01
6.240000000000000000e+02 4.346572756513112368e-01
6.242000000000000455e+02 4.314108420475940564e-01
6.243999999999999773e+02 4.281860453689919077e-01
6.246000000000000227e+02 4.249742128987777368e-01
6.247999999999999545e+02 4.217895088595724484e-01
6.250000000000000000e+02 4.186365813025392235e-01
6.252000000000000455e+02 4.154945901056094071e-01
6.253999999999999773e+02 4.123777384967771131e-01
6.256000000000000227e+02 4.092871579921714686e-01
6.257999999999999545e+02 4.062019768224472971e-01
6.260000000000000000e+02 4.031390343285894406e-01
6.262000000000000455e+02 4.000957761940748814e-01
6.263999999999999773e+02 3.970555747744358155e-01
6.266000000000000227e+02 3.940382288441233172e-01
6.267999999999999545e+02 3.910376889690950764e-01
6.270000000000000000e+02 3.880414278616348134e-01
6.272000000000000455e+02 3.850697307573135442e-01
6.273999999999999773e+02 3.821135842821795636e-01
6.276000000000000227e+02 3.791645783189309671e-01
6.277999999999999545e+02 3.762417476331521016e-01
6.280000000000000000e+02 3.733443095215388530e-01
6.282000000000000455e+02 3.704628981577228197e-01
6.283999999999999773e+02 3.675931985857489037e-01
6.286000000000000227e+02 3.647519676111776188e-01
6.287999999999999545e+02 3.619381296686007832e-01
6.290000000000000000e+02 3.591376870084582174e-01
6.292000000000000455e+02 3.563690395956785051e-01
6.293999999999999773e+02 3.536276197285646572e-01
6.296000000000000227e+02 3.509002683603014705e-01
6.297999999999999545e+02 3.482042754758497560e-01
6.300000000000000000e+02 3.455303945672847932e-01
6.302000000000000455e+02 3.428688540567464416e-01
6.303999999999999773e+02 3.402366990547884273e-01
6.306000000000000227e+02 3.376220521689858867e-01
6.307999999999999545e+02 3.350175356830178419e-01
6.310000000000000000e+02 3.324368137509496890e-01
6.312000000000000455e+02 3.298750198421435131e-01
6.313999999999999773e+02 3.273213997743861237e-01
6.316000000000000227e+02 3.247711525977813318e-01
6.317999999999999545e+02 3.222382403667454764e-01
6.320000000000000000e+02 3.197175493208917474e-01
6.322000000000000455e+02 3.171966898736755525e-01
6.323999999999999773e+02 3.146915427120150488e-01
6.326000000000000227e+02 3.121950263177489249e-01
6.327999999999999545e+02 3.096982732300496144e-01
6.330000000000000000e+02 3.072187520859623322e-01
6.332000000000000455e+02 3.047471430564637207e-01
6.333999999999999773e+02 3.022787577166729522e-01
6.336000000000000227e+02 2.998310035281305796e-01
6.337999999999999545e+02 2.973929264594899480e-01
6.340000000000000000e+02 2.949645883668843283e-01
6.342000000000000455e+02 2.925627752834870643e-01
6.343999999999999773e+02 2.901758236100683286e-01
6.346000000000000227e+02 2.878057958686789375e-01
6.347999999999999545e+02 2.854665291252949100e-01
6.350000000000000000e+02 2.831530375865921600e-01
6.352000000000000455e+02 2.808567053671160441e-01
6.353999999999999773e+02 2.785763574605572002e-01
6.356000000000000227e+02 2.763242130548154152e-01
6.357999999999999545e+02 2.740898870947109933e-01
6.360000000000000000e+02 2.718657128441338000e-01
6.362000000000000455e+02 2.696636441949679663e-01
6.363999999999999773e+02 2.674699345590405564e-01
6.366000000000000227e+02 2.652789776868070271e-01
6.367999999999999545e+02 2.631014166915721098e-01
6.370000000000000000e+02 2.609216299928096561e-01
6.372000000000000455e+02 2.587377925468937190e-01
6.373999999999999773e+02 2.565593237181527098e-01
6.376000000000000227e+02 2.543700957420169106e-01
6.377999999999999545e+02 2.521728577810922745e-01
6.380000000000000000e+02 2.499766630556275182e-01
6.382000000000000455e+02 2.477677847145738077e-01
6.383999999999999773e+02 2.455529931729380777e-01
6.386000000000000227e+02 2.433433030847060585e-01
6.387999999999999545e+02 2.411346064334851935e-01
6.390000000000000000e+02 2.389217293795313779e-01
6.392000000000000455e+02 2.367103149542261475e-01
6.393999999999999773e+02 2.345148430197173117e-01
6.396000000000000227e+02 2.323257716878879831e-01
6.397999999999999545e+02 2.301457454480939080e-01
6.400000000000000000e+02 2.279891806314465752e-01
6.402000000000000455e+02 2.258443182500050328e-01
6.403999999999999773e+02 2.237156704219516457e-01
6.406000000000000227e+02 2.216143865035758720e-01
6.407999999999999545e+02 2.195275019237750147e-01
6.410000000000000000e+02 2.174621177864164978e-01
6.412000000000000455e+02 2.154260876557242410e-01
6.413999999999999773e+02 2.134054861958492311e-01
6.416000000000000227e+02 2.114079743001377742e-01
6.417999999999999545e+02 2.094369990643580315e-01
6.420000000000000000e+02 2.074792083179734792e-01
6.422000000000000455e+02 2.055425158419231235e-01
6.423999999999999773e+02 2.036317858635216804e-01
6.426000000000000227e+02 2.017406076491677913e-01
6.427999999999999545e+02 1.998631693380809315e-01
6.430000000000000000e+02 1.980050443748419819e-01
6.432000000000000455e+02 1.961735985205713406e-01
6.433999999999999773e+02 1.943572646716739405e-01
6.436000000000000227e+02 1.925608856293119509e-01
6.437999999999999545e+02 1.907911106946837687e-01
6.440000000000000000e+02 1.890352259660763867e-01
6.442000000000000455e+02 1.872990975279863746e-01
6.443999999999999773e+02 1.855864758478179555e-01
6.446000000000000227e+02 1.838861421252762085e-01
6.447999999999999545e+02 1.822073104943503219e-01
6.450000000000000000e+02 1.805529788194561169e-01
6.452000000000000455e+02 1.789142928803573729e-01
6.453999999999999773e+02 1.773001608293185427e-01
6.456000000000000227e+02 1.757142839774109011e-01
6.457999999999999545e+02 1.741514874925216561e-01
6.460000000000000000e+02 1.726075338547502502e-01
6.462000000000000455e+02 1.710878809904660958e-01
6.463999999999999773e+02 1.695968186167012004e-01
6.466000000000000227e+02 1.681234472382093226e-01
6.467999999999999545e+02 1.666717238182136851e-01
6.470000000000000000e+02 1.652447299938250291e-01
6.472000000000000455e+02 1.638321386635673560e-01
6.473999999999999773e+02 1.624397804024735326e-01
6.476000000000000227e+02 1.610684572198349540e-01
6.477999999999999545e+02 1.597077033143132763e-01
6.480000000000000000e+02 1.583627550491552571e-01
6.482000000000000455e+02 1.570303051086703316e-01
6.483999999999999773e+02 1.556994358164701664e-01
6.486000000000000227e+02 1.543751431472014379e-01
6.487999999999999545e+02 1.530521415333763180e-01
6.490000000000000000e+02 1.517212188987243082e-01
6.492000000000000455e+02 1.503871183546237056e-01
6.493999999999999773e+02 1.490482769014011832e-01
6.496000000000000227e+02 1.476989630848012658e-01
6.497999999999999545e+02 1.463359844664801901e-01
6.500000000000000000e+02 1.449668946449152451e-01
6.502000000000000455e+02 1.435941326179415722e-01
6.503999999999999773e+02 1.422104746858399160e-01
6.506000000000000227e+02 1.408246937918638531e-01
6.507999999999999545e+02 1.394381494774487584e-01
6.510000000000000000e+02 1.380440749595840122e-01
6.512000000000000455e+02 1.366528230055761572e-01
6.513999999999999773e+02 1.352647297097685497e-01
6.516000000000000227e+02 1.338755811150413033e-01
6.517999999999999545e+02 1.324970516226843531e-01
6.520000000000000000e+02 1.311278600703263963e-01
6.522000000000000455e+02 1.297656584500226085e-01
6.523999999999999773e+02 1.284223177656138026e-01
6.526000000000000227e+02 1.270948638642495632e-01
6.527999999999999545e+02 1.257811672882136744e-01
6.530000000000000000e+02 1.244895754227181572e-01
6.532000000000000455e+02 1.232187939467907362e-01
6.533999999999999773e+02 1.219642358521645931e-01
6.536000000000000227e+02 1.207240101730355925e-01
6.537999999999999545e+02 1.195051876678518282e-01
6.540000000000000000e+02 1.183065260572164490e-01
6.542000000000000455e+02 1.171228756747485500e-01
6.543999999999999773e+02 1.159627188405082665e-01
6.546000000000000227e+02 1.148241015812169058e-01
6.547999999999999545e+02 1.137031438980528331e-01
6.550000000000000000e+02 1.126083006821469584e-01
6.552000000000000455e+02 1.115364033089630696e-01
6.553999999999999773e+02 1.104852030563003712e-01
6.556000000000000227e+02 1.094622516630077841e-01
6.557999999999999545e+02 1.084633265898176241e-01
6.560000000000000000e+02 1.074880126428178900e-01
6.562000000000000455e+02 1.065433673171209544e-01
6.563999999999999773e+02 1.056250391638951652e-01
6.566000000000000227e+02 1.047334615355297732e-01
6.567999999999999545e+02 1.038740494501514400e-01
6.570000000000000000e+02 1.030447345528497372e-01
6.572000000000000455e+02 1.022418421204658312e-01
6.573999999999999773e+02 1.014637810626740494e-01
6.576000000000000227e+02 1.007130577600522242e-01
6.577999999999999545e+02 9.998452329666522587e-02
6.580000000000000000e+02 9.927304849898105354e-02
6.582000000000000455e+02 9.857982124082204090e-02
6.583999999999999773e+02 9.789772659431464352e-02
6.586000000000000227e+02 9.722172316893266941e-02
6.587999999999999545e+02 9.655238013100353456e-02
6.590000000000000000e+02 9.588221867746242466e-02
6.592000000000000455e+02 9.520769258164547832e-02
6.593999999999999773e+02 9.452940258462347312e-02
6.596000000000000227e+02 9.384072511196256405e-02
6.597999999999999545e+02 9.314035919587990153e-02
6.600000000000000000e+02 9.243055263822569367e-02
6.602000000000000455e+02 9.170927613686929991e-02
6.603999999999999773e+02 9.097431705528080670e-02
6.606000000000000227e+02 9.022697281190003582e-02
6.607999999999999545e+02 8.947352061171837123e-02
6.610000000000000000e+02 8.871297707558582768e-02
6.612000000000000455e+02 8.794667476241034565e-02
6.613999999999999773e+02 8.718222733278617465e-02
6.616000000000000227e+02 8.641825398120756008e-02
6.617999999999999545e+02 8.565684913108310983e-02
6.620000000000000000e+02 8.490448400665005779e-02
6.622000000000000455e+02 8.415814955323955293e-02
6.623999999999999773e+02 8.341968721915819784e-02
6.626000000000000227e+02 8.269319413953091225e-02
6.627999999999999545e+02 8.197357776041204469e-02
6.630000000000000000e+02 8.126172492341311726e-02
6.632000000000000455e+02 8.055895611332872241e-02
6.633999999999999773e+02 7.985883787232424258e-02
6.636000000000000227e+02 7.916162875686459655e-02
6.637999999999999545e+02 7.846809352982118957e-02
6.640000000000000000e+02 7.777427882088609745e-02
6.642000000000000455e+02 7.707624199275002475e-02
6.643999999999999773e+02 7.637409214750097430e-02
6.646000000000000227e+02 7.567062914442435062e-02
6.647999999999999545e+02 7.496146128716094093e-02
6.650000000000000000e+02 7.424758990961302652e-02
6.652000000000000455e+02 7.353365336692616050e-02
6.653999999999999773e+02 7.281649104775916870e-02
6.656000000000000227e+02 7.209973300977820521e-02
6.657999999999999545e+02 7.138876970567127611e-02
6.660000000000000000e+02 7.068147994455577232e-02
6.662000000000000455e+02 6.998311971812987142e-02
6.663999999999999773e+02 6.929830243038503923e-02
6.666000000000000227e+02 6.862472209322241501e-02
6.667999999999999545e+02 6.796714835428978307e-02
6.670000000000000000e+02 6.732766081876608022e-02
6.672000000000000455e+02 6.670274004034387749e-02
6.673999999999999773e+02 6.609504991093437254e-02
6.676000000000000227e+02 6.550520872140309925e-02
6.677999999999999545e+02 6.493007431247650729e-02
6.680000000000000000e+02 6.436651936689491427e-02
6.682000000000000455e+02 6.381461263612339674e-02
6.683999999999999773e+02 6.327417054662635987e-02
6.686000000000000227e+02 6.273949042251932007e-02
6.687999999999999545e+02 6.221015940149896700e-02
6.690000000000000000e+02 6.168572323008273545e-02
6.692000000000000455e+02 6.116052292269241047e-02
6.693999999999999773e+02 6.063481029664381794e-02
6.696000000000000227e+02 6.010759476795567158e-02
6.697999999999999545e+02 5.957402658694046366e-02
6.700000000000000000e+02 5.903603712197483949e-02
6.702000000000000455e+02 5.849306540354229367e-02
6.703999999999999773e+02 5.794187729599825643e-02
6.706000000000000227e+02 5.738637576496530973e-02
6.707999999999999545e+02 5.682655283319212880e-02
6.710000000000000000e+02 5.626050532732825016e-02
6.712000000000000455e+02 5.569234572305177544e-02
6.713999999999999773e+02 5.512335174903558455e-02
6.716000000000000227e+02 5.455251152098444800e-02
6.717999999999999545e+02 5.397936917255529571e-02
6.720000000000000000e+02 5.340771021925570100e-02
6.722000000000000455e+02 5.283932336837120214e-02
6.723999999999999773e+02 5.227161258747323180e-02
6.726000000000000227e+02 5.170858966233311121e-02
6.727999999999999545e+02 5.115181061024318826e-02
6.730000000000000000e+02 5.059935228878028463e-02
6.732000000000000455e+02 5.005609173914087745e-02
6.733999999999999773e+02 4.952295482786615854e-02
6.736000000000000227e+02 4.899835950766415205e-02
6.737999999999999545e+02 4.848672479931428331e-02
6.740000000000000000e+02 4.798768736403015434e-02
6.742000000000000455e+02 4.749969815946493423e-02
6.743999999999999773e+02 4.702594026857469245e-02
6.746000000000000227e+02 4.656419530763850068e-02
6.747999999999999545e+02 4.611217699741127635e-02
6.750000000000000000e+02 4.567153911765618746e-02
6.752000000000000455e+02 4.524078537994099397e-02
6.753999999999999773e+02 4.481734771472439816e-02
6.756000000000000227e+02 4.439965274420205887e-02
6.757999999999999545e+02 4.398916817655271899e-02
6.760000000000000000e+02 4.358448910701247930e-02
6.762000000000000455e+02 4.318248713431456498e-02
6.763999999999999773e+02 4.278480902984771461e-02
6.766000000000000227e+02 4.239011715940073366e-02
6.767999999999999545e+02 4.199644399571862696e-02
6.770000000000000000e+02 4.160614947328567653e-02
6.772000000000000455e+02 4.121760604419898166e-02
6.773999999999999773e+02 4.082948911273034942e-02
6.776000000000000227e+02 4.044445736012078352e-02
6.777999999999999545e+02 4.006104844966099782e-02
6.780000000000000000e+02 3.967880591905972171e-02
6.782000000000000455e+02 3.930019101288569766e-02
6.783999999999999773e+02 3.892451380541575578e-02
6.786000000000000227e+02 3.854996431412085339e-02
6.787999999999999545e+02 3.817541509667185529e-02
6.790000000000000000e+02 3.780229178427159387e-02
6.792000000000000455e+02 3.742885744439843065e-02
6.793999999999999773e+02 3.705224599615981190e-02
6.796000000000000227e+02 3.667328357512632947e-02
6.797999999999999545e+02 3.628885774606525200e-02
6.800000000000000000e+02 3.589596901430675696e-02
6.802000000000000455e+02 3.549604791961329109e-02
6.803999999999999773e+02 3.508683410780692735e-02
6.806000000000000227e+02 3.466778026339572411e-02
6.807999999999999545e+02 3.424226514807220123e-02
6.810000000000000000e+02 3.380893086547797494e-02
6.812000000000000455e+02 3.336880514939768311e-02
6.813999999999999773e+02 3.292571102283493867e-02
6.816000000000000227e+02 3.247841993445165637e-02
6.817999999999999545e+02 3.202854454515684235e-02
6.820000000000000000e+02 3.157967341918669485e-02
6.822000000000000455e+02 3.113186372554254192e-02
6.823999999999999773e+02 3.068463501020216727e-02
6.826000000000000227e+02 3.023927893322283719e-02
6.827999999999999545e+02 2.979995527393557511e-02
6.830000000000000000e+02 2.936631194916418039e-02
6.832000000000000455e+02 2.893846319326665723e-02
6.833999999999999773e+02 2.851962631479179958e-02
6.836000000000000227e+02 2.810748401020529003e-02
6.837999999999999545e+02 2.770122612759172084e-02
6.840000000000000000e+02 2.730284531971093054e-02
6.842000000000000455e+02 2.690956161659621357e-02
6.843999999999999773e+02 2.652116986119393630e-02
6.846000000000000227e+02 2.613918888275048452e-02
6.847999999999999545e+02 2.576070263003335525e-02
6.850000000000000000e+02 2.538638555414966108e-02
6.852000000000000455e+02 2.501812950289626983e-02
6.853999999999999773e+02 2.465456231002461154e-02
6.856000000000000227e+02 2.429826706624490379e-02
6.857999999999999545e+02 2.395235229314958067e-02
6.860000000000000000e+02 2.361710125066610738e-02
6.862000000000000455e+02 2.329233874400344489e-02
6.864000000000000909e+02 2.297924259749916515e-02
6.866000000000000227e+02 2.267994991983528913e-02
6.867999999999999545e+02 2.239313636702726373e-02
6.870000000000000000e+02 2.211884249138775307e-02
6.872000000000000455e+02 2.185823167409232937e-02
6.874000000000000909e+02 2.160912216230349500e-02
6.876000000000000227e+02 2.137106415454978134e-02
6.877999999999999545e+02 2.114367600360711821e-02
6.880000000000000000e+02 2.092281688855959429e-02
6.882000000000000455e+02 2.070583511173812105e-02
6.884000000000000909e+02 2.048959246287683153e-02
6.886000000000000227e+02 2.026843747581261179e-02
6.887999999999999545e+02 2.003865236460388929e-02
6.890000000000000000e+02 1.979688885825473324e-02
6.892000000000000455e+02 1.953926533197565540e-02
6.894000000000000909e+02 1.926282603476783817e-02
6.896000000000000227e+02 1.896720343712862689e-02
6.897999999999999545e+02 1.865356649074474682e-02
6.900000000000000000e+02 1.832048707094611345e-02
6.902000000000000455e+02 1.796995416060129594e-02
6.904000000000000909e+02 1.760561371823669841e-02
6.906000000000000227e+02 1.722775589055136614e-02
6.907999999999999545e+02 1.684079184371480367e-02
6.910000000000000000e+02 1.644984997507581426e-02
6.912000000000000455e+02 1.605673964653374711e-02
6.914000000000000909e+02 1.566746420390109640e-02
6.916000000000000227e+02 1.528706124473275425e-02
6.917999999999999545e+02 1.491706426389918273e-02
6.920000000000000000e+02 1.456317491630781773e-02
6.922000000000000455e+02 1.422904743530959380e-02
6.924000000000000909e+02 1.391519129378631855e-02
6.926000000000000227e+02 1.362465252862034640e-02
6.927999999999999545e+02 1.335830601034829548e-02
6.930000000000000000e+02 1.311450368789931174e-02
6.932000000000000455e+02 1.289120140189929480e-02
6.934000000000000909e+02 1.268696108207694948e-02
6.936000000000000227e+02 1.249968979409306867e-02
6.937999999999999545e+02 1.232529748954988222e-02
6.940000000000000000e+02 1.216149883754032157e-02
6.942000000000000455e+02 1.200593451939656157e-02
6.944000000000000909e+02 1.185501623455859424e-02
6.946000000000000227e+02 1.170763518385595399e-02
6.947999999999999545e+02 1.156260841411026717e-02
6.950000000000000000e+02 1.141801047652169117e-02
6.952000000000000455e+02 1.127372138268348083e-02
6.954000000000000909e+02 1.112851238759928960e-02
6.956000000000000227e+02 1.098043340077294039e-02
6.957999999999999545e+02 1.082967730002134046e-02
6.960000000000000000e+02 1.067601371762440590e-02
6.962000000000000455e+02 1.051896760060954533e-02
6.964000000000000909e+02 1.035912267556423835e-02
6.966000000000000227e+02 1.019973633887757969e-02
6.967999999999999545e+02 1.004221524779019825e-02
6.970000000000000000e+02 9.883097962521465718e-03
6.972000000000000455e+02 9.722283142336583459e-03
6.974000000000000909e+02 9.560895916839446187e-03
6.976000000000000227e+02 9.399257602173003573e-03
6.977999999999999545e+02 9.237626085826714309e-03
6.980000000000000000e+02 9.075856676312053437e-03
6.982000000000000455e+02 8.913123780835223095e-03
6.984000000000000909e+02 8.748394401467697243e-03
6.986000000000000227e+02 8.580387087539788002e-03
6.987999999999999545e+02 8.407706223187426040e-03
6.990000000000000000e+02 8.230108844447995772e-03
6.992000000000000455e+02 8.047167568892949277e-03
6.994000000000000909e+02 7.857636203536888173e-03
6.996000000000000227e+02 7.661343655634317816e-03
6.997999999999999545e+02 7.458712538110573616e-03
7.000000000000000000e+02 7.250401302874868482e-03
7.002000000000000455e+02 7.037229271530619917e-03
7.004000000000000909e+02 6.820078819283969043e-03
7.006000000000000227e+02 6.599806547780273994e-03
7.007999999999999545e+02 6.377043033219362798e-03
7.010000000000000000e+02 6.152320218361211242e-03
7.012000000000000455e+02 5.926257322673273396e-03
7.014000000000000909e+02 5.700098719504219022e-03
7.016000000000000227e+02 5.475361748446819915e-03
7.017999999999999545e+02 5.253535936237190354e-03
7.020000000000000000e+02 5.035580348849279762e-03
7.022000000000000455e+02 4.822138399565533556e-03
7.024000000000000909e+02 4.613719258124302815e-03
7.026000000000000227e+02 4.411016289691568719e-03
7.027999999999999545e+02 4.214272040256668468e-03
7.030000000000000000e+02 4.023291241992353259e-03
7.032000000000000455e+02 3.839016355257697174e-03
7.034000000000000909e+02 3.661798857532251334e-03
7.036000000000000227e+02 3.490908224415128873e-03
7.037999999999999545e+02 3.326219523073684677e-03
7.040000000000000000e+02 3.168172578796968602e-03
7.042000000000000455e+02 3.017708876456948273e-03
7.044000000000000909e+02 2.876150619179725781e-03
7.046000000000000227e+02 2.744649652184911592e-03
7.047999999999999545e+02 2.624030500027844069e-03
7.050000000000000000e+02 2.515114933400603488e-03
7.052000000000000455e+02 2.419009030502266688e-03
7.054000000000000909e+02 2.337104977953223181e-03
7.056000000000000227e+02 2.270627459140521064e-03
7.057999999999999545e+02 2.220154329872697525e-03
7.060000000000000000e+02 2.185373750102496612e-03
7.062000000000000455e+02 2.164930507181240388e-03
7.064000000000000909e+02 2.156792511479542571e-03
7.066000000000000227e+02 2.158512024389825246e-03
7.067999999999999545e+02 2.167696044323226285e-03
7.070000000000000000e+02 2.181937213875445678e-03
7.072000000000000455e+02 2.198648146197774034e-03
7.074000000000000909e+02 2.214648187502621986e-03
7.076000000000000227e+02 2.226744828597425167e-03
7.077999999999999545e+02 2.232058111260676325e-03
7.080000000000000000e+02 2.228399528980715832e-03
7.082000000000000455e+02 2.214196701251941370e-03
7.084000000000000909e+02 2.188362027001096791e-03
7.086000000000000227e+02 2.149988568398924094e-03
7.087999999999999545e+02 2.098288577186884895e-03
7.090000000000000000e+02 2.032665660578443848e-03
7.092000000000000455e+02 1.952990732109166844e-03
7.094000000000000909e+02 1.859977236229777130e-03
7.096000000000000227e+02 1.755176165030514863e-03
7.097999999999999545e+02 1.640683806719680842e-03
7.100000000000000000e+02 1.518657909594442815e-03
7.102000000000000455e+02 1.391230158942565083e-03
7.104000000000000909e+02 1.260631341648649813e-03
7.106000000000000227e+02 1.129239246800219131e-03
7.107999999999999545e+02 9.995385023552974535e-04
7.110000000000000000e+02 8.739524119994227479e-04
7.112000000000000455e+02 7.540537673217187226e-04
7.114000000000000909e+02 6.407683422314580180e-04
7.116000000000000227e+02 5.352398905347694781e-04
7.117999999999999545e+02 4.378875583475441203e-04
7.120000000000000000e+02 3.486568444805303486e-04
7.122000000000000455e+02 2.680582539049060527e-04
7.124000000000000909e+02 1.968626396220119173e-04
7.126000000000000227e+02 1.358983186389270306e-04
7.127999999999999545e+02 8.580060342775533953e-05
7.130000000000000000e+02 4.703843575802499300e-05
7.132000000000000455e+02 1.988407995452467830e-05
7.134000000000000909e+02 4.308282271063415307e-06
7.136000000000000227e+02 0.000000000000000000e+00
7.137999999999999545e+02 6.397041470806490343e-06
7.140000000000000000e+02 2.271203993388547839e-05
7.142000000000000455e+02 4.811285160830182448e-05
7.144000000000000909e+02 8.189426867355418800e-05
7.146000000000000227e+02 1.237270866704984857e-04
7.147999999999999545e+02 1.734145488115902114e-04
7.150000000000000000e+02 2.309226369205687451e-04
7.152000000000000455e+02 2.964875105834971492e-04
7.154000000000000909e+02 3.697880281542069024e-04
7.156000000000000227e+02 4.502301525615583070e-04
7.157999999999999545e+02 5.376203448612393299e-04
7.160000000000000000e+02 6.315971569194611668e-04
7.162000000000000455e+02 7.316618033453292647e-04
7.164000000000000909e+02 8.373855271844592336e-04
7.166000000000000227e+02 9.484463933515651117e-04
7.167999999999999545e+02 1.064535605373993906e-03
7.170000000000000000e+02 1.185217482378237959e-03
7.172000000000000455e+02 1.310034222587444421e-03
7.174000000000000909e+02 1.438531062123698167e-03
7.176000000000000227e+02 1.570272463186180110e-03
7.177999999999999545e+02 1.704914356843655185e-03
7.180000000000000000e+02 1.842219771913233394e-03
7.182000000000000455e+02 1.982071966858422497e-03
7.184000000000000909e+02 2.124371127572370968e-03
7.186000000000000227e+02 2.268960524472598151e-03
7.187999999999999545e+02 2.415524922716163949e-03
7.190000000000000000e+02 2.563437269855873332e-03
7.192000000000000455e+02 2.711955364198733939e-03
7.194000000000000909e+02 2.860573113938699990e-03
7.196000000000000227e+02 3.009848916755612259e-03
7.197999999999999545e+02 3.160547935234378752e-03
7.200000000000000000e+02 3.312648839195803194e-03
7.202000000000000455e+02 3.466795101656192091e-03
7.204000000000000909e+02 3.623665401979990833e-03
7.206000000000000227e+02 3.783081183694849900e-03
7.207999999999999545e+02 3.944517698834550806e-03
7.210000000000000000e+02 4.107130598653092879e-03
7.212000000000000455e+02 4.269663939060158557e-03
7.214000000000000909e+02 4.430561021252753424e-03
7.216000000000000227e+02 4.587973938739383500e-03
7.217999999999999545e+02 4.739752786207200759e-03
7.220000000000000000e+02 4.883787283664503022e-03
7.222000000000000455e+02 5.018114572855434698e-03
7.224000000000000909e+02 5.140984357294165093e-03
7.226000000000000227e+02 5.250699740916877495e-03
7.227999999999999545e+02 5.345500633093756664e-03
7.230000000000000000e+02 5.423518361889528329e-03
7.232000000000000455e+02 5.483178924351895384e-03
7.234000000000000909e+02 5.523435536535227855e-03
7.236000000000000227e+02 5.543990194117540994e-03
7.237999999999999545e+02 5.545115305140097851e-03
7.240000000000000000e+02 5.527723771020874761e-03
7.242000000000000455e+02 5.493485685025276295e-03
7.244000000000000909e+02 5.444501367314944981e-03
7.246000000000000227e+02 5.383253194626107067e-03
7.247999999999999545e+02 5.312667361097728191e-03
7.250000000000000000e+02 5.236214214163286383e-03
7.252000000000000455e+02 5.157545608743639189e-03
7.254000000000000909e+02 5.080189261918415487e-03
7.256000000000000227e+02 5.007287182352251377e-03
7.257999999999999545e+02 4.941778313834172161e-03
7.260000000000000000e+02 4.886478914126505917e-03
7.262000000000000455e+02 4.843802909723250207e-03
7.264000000000000909e+02 4.815570270543878019e-03
7.266000000000000227e+02 4.802885214321466617e-03
7.267999999999999545e+02 4.806517893288038759e-03
7.270000000000000000e+02 4.826791119490076234e-03
7.272000000000000455e+02 4.863202879331998338e-03
7.274000000000000909e+02 4.913207999344851827e-03
7.276000000000000227e+02 4.972755084088151950e-03
7.277999999999999545e+02 5.036806153637868495e-03
7.280000000000000000e+02 5.100774327007202326e-03
7.282000000000000455e+02 5.160332543502382970e-03
7.284000000000000909e+02 5.211469128088989759e-03
7.286000000000000227e+02 5.251596108115421865e-03
7.287999999999999545e+02 5.279201017901320042e-03
7.290000000000000000e+02 5.293649246289215682e-03
7.292000000000000455e+02 5.294953775520264139e-03
7.294000000000000909e+02 5.283794873601935227e-03
7.296000000000000227e+02 5.261681352789357446e-03
7.297999999999999545e+02 5.231319000958212576e-03
7.300000000000000000e+02 5.195987164878047848e-03
7.302000000000000455e+02 5.159282060659731856e-03
7.304000000000000909e+02 5.125305541452417762e-03
7.306000000000000227e+02 5.099378065198580806e-03
7.307999999999999545e+02 5.088313603526370063e-03
7.310000000000000000e+02 5.099684503544810177e-03
7.312000000000000455e+02 5.140770585438085398e-03
7.314000000000000909e+02 5.217908873970337341e-03
7.316000000000000227e+02 5.335859483102407125e-03
7.317999999999999545e+02 5.498343852688031448e-03
7.320000000000000000e+02 5.707774997698359352e-03
7.322000000000000455e+02 5.963410219757624142e-03
7.324000000000000909e+02 6.263636045224402725e-03
7.326000000000000227e+02 6.606346788451246919e-03
7.327999999999999545e+02 6.986599216627312897e-03
7.330000000000000000e+02 7.397841909738425703e-03
7.332000000000000455e+02 7.832813809650739784e-03
7.334000000000000909e+02 8.285030754897781957e-03
7.336000000000000227e+02 8.748655300014765782e-03
7.337999999999999545e+02 9.218180383296315991e-03
7.340000000000000000e+02 9.687533170538623062e-03
7.342000000000000455e+02 1.015018374787803566e-02
7.344000000000000909e+02 1.059926585443084733e-02
7.346000000000000227e+02 1.102784639447172699e-02
7.347999999999999545e+02 1.142940802043969882e-02
7.350000000000000000e+02 1.179811314308307213e-02
7.352000000000000455e+02 1.212910039154146274e-02
7.354000000000000909e+02 1.241832366611555181e-02
7.356000000000000227e+02 1.266262953798192974e-02
7.357999999999999545e+02 1.286020700593147603e-02
7.360000000000000000e+02 1.301127467852257989e-02
7.362000000000000455e+02 1.311828785514675480e-02
7.364000000000000909e+02 1.318582035001289801e-02
7.366000000000000227e+02 1.321866348775197625e-02
7.367999999999999545e+02 1.322140568253828315e-02
7.370000000000000000e+02 1.319894842014401187e-02
7.372000000000000455e+02 1.315683819167368443e-02
7.374000000000000909e+02 1.310125812349051053e-02
7.376000000000000227e+02 1.303875555049819300e-02
7.377999999999999545e+02 1.297568186061805358e-02
7.380000000000000000e+02 1.291796770378120067e-02
7.382000000000000455e+02 1.287092177651471062e-02
7.384000000000000909e+02 1.283936648689274103e-02
7.386000000000000227e+02 1.282779629711695499e-02
7.387999999999999545e+02 1.284063338132879033e-02
7.390000000000000000e+02 1.288196869866624177e-02
7.392000000000000455e+02 1.295521715661449719e-02
7.394000000000000909e+02 1.306236429835920358e-02
7.396000000000000227e+02 1.320353347094387411e-02
7.397999999999999545e+02 1.337695432114729271e-02
7.400000000000000000e+02 1.357902953974935920e-02
7.402000000000000455e+02 1.380613973818393611e-02
7.404000000000000909e+02 1.405420495087975931e-02
7.406000000000000227e+02 1.431690460070190324e-02
7.407999999999999545e+02 1.458891100964531014e-02
7.410000000000000000e+02 1.486596089525816025e-02
7.412000000000000455e+02 1.514362230870070110e-02
7.414000000000000909e+02 1.541821637729063124e-02
7.416000000000000227e+02 1.568695952183016967e-02
7.417999999999999545e+02 1.594789701403344709e-02
7.420000000000000000e+02 1.619915989546580684e-02
7.422000000000000455e+02 1.643848174664812312e-02
7.424000000000000909e+02 1.666257461919548252e-02
7.426000000000000227e+02 1.686764832866943439e-02
7.427999999999999545e+02 1.705001745266149921e-02
7.430000000000000000e+02 1.720700836494197181e-02
7.432000000000000455e+02 1.733702524098035963e-02
7.434000000000000909e+02 1.743938902064178995e-02
7.436000000000000227e+02 1.751421142108250742e-02
7.437999999999999545e+02 1.756252816479782208e-02
7.440000000000000000e+02 1.758626098501929816e-02
7.442000000000000455e+02 1.758826506949515145e-02
7.444000000000000909e+02 1.757234059357618700e-02
7.446000000000000227e+02 1.754298228606176666e-02
7.447999999999999545e+02 1.750506903139071799e-02
7.450000000000000000e+02 1.746345019969419710e-02
7.452000000000000455e+02 1.742262494023178593e-02
7.454000000000000909e+02 1.738643451315913940e-02
7.456000000000000227e+02 1.735921273301331558e-02
7.457999999999999545e+02 1.734568998016111988e-02
7.460000000000000000e+02 1.735056039668711816e-02
7.462000000000000455e+02 1.737757100698758550e-02
7.464000000000000909e+02 1.742929010932690870e-02
7.466000000000000227e+02 1.750679496069332264e-02
7.467999999999999545e+02 1.760972759180044755e-02
7.470000000000000000e+02 1.773690617530370925e-02
7.472000000000000455e+02 1.788695003071070697e-02
7.474000000000000909e+02 1.805834335088122786e-02
7.476000000000000227e+02 1.824905518602620846e-02
7.477999999999999545e+02 1.845602499579505895e-02
7.480000000000000000e+02 1.867559141883964879e-02
7.482000000000000455e+02 1.890400445993242057e-02
7.484000000000000909e+02 1.913806113953596053e-02
7.486000000000000227e+02 1.937622153018954754e-02
7.487999999999999545e+02 1.961692287810063925e-02
7.490000000000000000e+02 1.985685641684627883e-02
7.492000000000000455e+02 2.009361148076066472e-02
7.494000000000000909e+02 2.032506307467370904e-02
7.496000000000000227e+02 2.054857473961971270e-02
7.497999999999999545e+02 2.076230705827545459e-02
7.500000000000000000e+02 2.096511705045331006e-02
7.502000000000000455e+02 2.115627173150305684e-02
7.504000000000000909e+02 2.133447716542933442e-02
7.506000000000000227e+02 2.149787691065659784e-02
7.507999999999999545e+02 2.164417930310529037e-02
7.510000000000000000e+02 2.177139697178220520e-02
7.512000000000000455e+02 2.187786977127362253e-02
7.514000000000000909e+02 2.196223137797692279e-02
7.516000000000000227e+02 2.202324853532753798e-02
7.517999999999999545e+02 2.206006680398969744e-02
7.520000000000000000e+02 2.207262649035181615e-02
7.522000000000000455e+02 2.206253594261838730e-02
7.524000000000000909e+02 2.203308599422365913e-02
7.526000000000000227e+02 2.198937874164323333e-02
7.527999999999999545e+02 2.193800849648353327e-02
7.530000000000000000e+02 2.188575056316536746e-02
7.532000000000000455e+02 2.183853876431946645e-02
7.534000000000000909e+02 2.180119790505405039e-02
7.536000000000000227e+02 2.177753326919368640e-02
7.537999999999999545e+02 2.177030572346186008e-02
7.540000000000000000e+02 2.178130418394294901e-02
7.542000000000000455e+02 2.181121192985054080e-02
7.544000000000000909e+02 2.185935641602731669e-02
7.546000000000000227e+02 2.192364314188526356e-02
7.547999999999999545e+02 2.200103018258331780e-02
7.550000000000000000e+02 2.208777076835057376e-02
7.552000000000000455e+02 2.217959083771560425e-02
7.554000000000000909e+02 2.227171608057710445e-02
7.556000000000000227e+02 2.235892150642818099e-02
7.557999999999999545e+02 2.243605670810325595e-02
7.560000000000000000e+02 2.249823164451719010e-02
7.562000000000000455e+02 2.254117501733227114e-02
7.564000000000000909e+02 2.256249258965884602e-02
7.566000000000000227e+02 2.256188132318402706e-02
7.567999999999999545e+02 2.254120055184927890e-02
7.570000000000000000e+02 2.250350569421392596e-02
7.572000000000000455e+02 2.245320205389166046e-02
7.574000000000000909e+02 2.239611905721189400e-02
7.576000000000000227e+02 2.233864489995029609e-02
7.577999999999999545e+02 2.228728400178311281e-02
7.580000000000000000e+02 2.224829343960991329e-02
7.582000000000000455e+02 2.222688295881131149e-02
7.584000000000000909e+02 2.222718230775681814e-02
7.586000000000000227e+02 2.225210023499540543e-02
7.587999999999999545e+02 2.230300320232558864e-02
7.590000000000000000e+02 2.237997729350955575e-02
7.592000000000000455e+02 2.248194152341961502e-02
7.594000000000000909e+02 2.260690257666793726e-02
7.596000000000000227e+02 2.275192564113940816e-02
7.597999999999999545e+02 2.291315052208120831e-02
7.600000000000000000e+02 2.308618785299674375e-02
7.602000000000000455e+02 2.326695540383230329e-02
7.604000000000000909e+02 2.345209185457765647e-02
7.606000000000000227e+02 2.363912454790288026e-02
7.607999999999999545e+02 2.382615088750218019e-02
7.610000000000000000e+02 2.401181635017939769e-02
7.612000000000000455e+02 2.419568026729420132e-02
7.614000000000000909e+02 2.437887560973884746e-02
7.616000000000000227e+02 2.456385345387150990e-02
7.617999999999999545e+02 2.475239995156005776e-02
7.620000000000000000e+02 2.494727743386065608e-02
7.622000000000000455e+02 2.515220767978780178e-02
7.624000000000000909e+02 2.536947217450540373e-02
7.626000000000000227e+02 2.559962701099957952e-02
7.627999999999999545e+02 2.584146465652408658e-02
7.630000000000000000e+02 2.609221947202572736e-02
7.632000000000000455e+02 2.634890634012462818e-02
7.634000000000000909e+02 2.660764232589269557e-02
7.636000000000000227e+02 2.686035127335338613e-02
7.637999999999999545e+02 2.710158588842906738e-02
7.640000000000000000e+02 2.732886438258874673e-02
7.642000000000000455e+02 2.753663051740891723e-02
7.644000000000000909e+02 2.771949103558002045e-02
7.646000000000000227e+02 2.787327857932257388e-02
7.647999999999999545e+02 2.799428911178237708e-02
7.650000000000000000e+02 2.807958534110394089e-02
7.652000000000000455e+02 2.812726567195315483e-02
7.654000000000000909e+02 2.813675629406113543e-02
7.656000000000000227e+02 2.810881596930931564e-02
7.657999999999999545e+02 2.804578581870650206e-02
7.660000000000000000e+02 2.795216776755462401e-02
7.662000000000000455e+02 2.783385052951749608e-02
7.664000000000000909e+02 2.769763715456110414e-02
7.666000000000000227e+02 2.755031902554159334e-02
7.667999999999999545e+02 2.739871934251922325e-02
7.670000000000000000e+02 2.724972713526855814e-02
7.672000000000000455e+02 2.710982170503975497e-02
7.674000000000000909e+02 2.698475949513188393e-02
7.676000000000000227e+02 2.687915813975117613e-02
7.677999999999999545e+02 2.679621919917902703e-02
7.680000000000000000e+02 2.673780718923667379e-02
7.682000000000000455e+02 2.670433095140157392e-02
7.684000000000000909e+02 2.669517964674635382e-02
7.686000000000000227e+02 2.670910214787542911e-02
7.687999999999999545e+02 2.674448589062692130e-02
7.690000000000000000e+02 2.679941550904012260e-02
7.692000000000000455e+02 2.687155276873379531e-02
7.694000000000000909e+02 2.695786661385073460e-02
7.696000000000000227e+02 2.705503786209971159e-02
7.697999999999999545e+02 2.715963720829430578e-02
7.700000000000000000e+02 2.726827891840799892e-02
7.702000000000000455e+02 2.737740458843201594e-02
7.704000000000000909e+02 2.748327104041661112e-02
7.706000000000000227e+02 2.758204078121722150e-02
7.707999999999999545e+02 2.767043428478301384e-02
7.710000000000000000e+02 2.774615871877805784e-02
7.712000000000000455e+02 2.780871331064549076e-02
7.714000000000000909e+02 2.785881400215908799e-02
7.716000000000000227e+02 2.789812059783149806e-02
7.717999999999999545e+02 2.792890633738446052e-02
7.720000000000000000e+02 2.795357207836721147e-02
7.722000000000000455e+02 2.797443658088734006e-02
7.724000000000000909e+02 2.799357853554959585e-02
7.726000000000000227e+02 2.801354445833428158e-02
7.727999999999999545e+02 2.803755470007142023e-02
7.730000000000000000e+02 2.806888011878991632e-02
7.732000000000000455e+02 2.811036956412636678e-02
7.734000000000000909e+02 2.816423903638323387e-02
7.736000000000000227e+02 2.823237527028505181e-02
7.737999999999999545e+02 2.831633086344656491e-02
7.740000000000000000e+02 2.841719933657868569e-02
7.742000000000000455e+02 2.853525123587937612e-02
7.744000000000000909e+02 2.866957716475660237e-02
7.746000000000000227e+02 2.881773116325243855e-02
7.747999999999999545e+02 2.897635875253321697e-02
7.750000000000000000e+02 2.914173708598708293e-02
7.752000000000000455e+02 2.931019419211794430e-02
7.754000000000000909e+02 2.947859705553550203e-02
7.756000000000000227e+02 2.964365972334109811e-02
7.757999999999999545e+02 2.980129174627392172e-02
7.760000000000000000e+02 2.994851497932850964e-02
7.762000000000000455e+02 3.008309965641385586e-02
7.764000000000000909e+02 3.020300526892516491e-02
7.766000000000000227e+02 3.030742696729696664e-02
7.767999999999999545e+02 3.039658722114523676e-02
7.770000000000000000e+02 3.047131518210537821e-02
7.772000000000000455e+02 3.053231392406050015e-02
7.774000000000000909e+02 3.058026206191431437e-02
7.776000000000000227e+02 3.061626377984730252e-02
7.777999999999999545e+02 3.064193010103725620e-02
7.780000000000000000e+02 3.065919730183052846e-02
7.782000000000000455e+02 3.066990204022476338e-02
7.784000000000000909e+02 3.067517399719247445e-02
7.786000000000000227e+02 3.067521897437920642e-02
7.787999999999999545e+02 3.066909388131651773e-02
7.790000000000000000e+02 3.065598322656091015e-02
7.792000000000000455e+02 3.063558718860909594e-02
7.794000000000000909e+02 3.060815891327848051e-02
7.796000000000000227e+02 3.057415982278133618e-02
7.797999999999999545e+02 3.053420060651439519e-02
7.800000000000000000e+02 3.048925314318143981e-02
7.802000000000000455e+02 3.044065731448537815e-02
7.804000000000000909e+02 3.039038943623243588e-02
7.806000000000000227e+02 3.034213402209560290e-02
7.807999999999999545e+02 3.030080536746312253e-02
7.810000000000000000e+02 3.027210661189246380e-02
7.812000000000000455e+02 3.026105017922561119e-02
7.814000000000000909e+02 3.027179309315359765e-02
7.816000000000000227e+02 3.030757277777410344e-02
7.817999999999999545e+02 3.037120822215317109e-02
7.820000000000000000e+02 3.046539784443749385e-02
7.822000000000000455e+02 3.059276795539071434e-02
7.824000000000000909e+02 3.075506802484454308e-02
7.826000000000000227e+02 3.095281208304710013e-02
7.827999999999999545e+02 3.118485093596774435e-02
7.830000000000000000e+02 3.144881481535950069e-02
7.832000000000000455e+02 3.174125946387244823e-02
7.834000000000000909e+02 3.205753875780907591e-02
7.836000000000000227e+02 3.239184951465966245e-02
7.837999999999999545e+02 3.273730673355281645e-02
7.840000000000000000e+02 3.308579069609235423e-02
7.842000000000000455e+02 3.342797976847922126e-02
7.844000000000000909e+02 3.375442420352926798e-02
7.846000000000000227e+02 3.405724369658316708e-02
7.847999999999999545e+02 3.433088990066378299e-02
7.850000000000000000e+02 3.457152341766997483e-02
7.852000000000000455e+02 3.477593757234929278e-02
7.854000000000000909e+02 3.494153014149380815e-02
7.856000000000000227e+02 3.506642690145823221e-02
7.857999999999999545e+02 3.514988204222074808e-02
7.860000000000000000e+02 3.519213331404153627e-02
7.862000000000000455e+02 3.519440239810548571e-02
7.864000000000000909e+02 3.515909111321582209e-02
7.866000000000000227e+02 3.508931779608658041e-02
7.867999999999999545e+02 3.498867658425624388e-02
7.870000000000000000e+02 3.486092067687392854e-02
7.872000000000000455e+02 3.471037883488057446e-02
7.874000000000000909e+02 3.454220766121131325e-02
7.876000000000000227e+02 3.436267201450610848e-02
7.877999999999999545e+02 3.417784400671958212e-02
7.880000000000000000e+02 3.399282687354048677e-02
7.882000000000000455e+02 3.381086167398966724e-02
7.884000000000000909e+02 3.363460435314865465e-02
7.886000000000000227e+02 3.346674577375844534e-02
7.887999999999999545e+02 3.331001679300927415e-02
7.890000000000000000e+02 3.316655174013750929e-02
7.892000000000000455e+02 3.303754371312417337e-02
7.894000000000000909e+02 3.292398491255447979e-02
7.896000000000000227e+02 3.282638620516967198e-02
7.897999999999999545e+02 3.274447189700793043e-02
7.900000000000000000e+02 3.267740110548993104e-02
7.902000000000000455e+02 3.262451129277246786e-02
7.904000000000000909e+02 3.258588800875324848e-02
7.906000000000000227e+02 3.256153203259871953e-02
7.907999999999999545e+02 3.255124086407801265e-02
7.910000000000000000e+02 3.255463423605605561e-02
7.912000000000000455e+02 3.257194711257830472e-02
7.914000000000000909e+02 3.260398526254845025e-02
7.916000000000000227e+02 3.265196159437218359e-02
7.917999999999999545e+02 3.271653427109953022e-02
7.920000000000000000e+02 3.279783011874259219e-02
7.922000000000000455e+02 3.289559504415205671e-02
7.924000000000000909e+02 3.300904727273696465e-02
7.926000000000000227e+02 3.313653378837636693e-02
7.927999999999999545e+02 3.327485360392235664e-02
7.930000000000000000e+02 3.342073584444082285e-02
7.932000000000000455e+02 3.357129310947529893e-02
7.934000000000000909e+02 3.372436213532468974e-02
7.936000000000000227e+02 3.387826153067691887e-02
7.937999999999999545e+02 3.403173054485655186e-02
7.940000000000000000e+02 3.418395243001015604e-02
7.942000000000000455e+02 3.433391553317396289e-02
7.944000000000000909e+02 3.448003566423443744e-02
7.946000000000000227e+02 3.461953744249671172e-02
7.947999999999999545e+02 3.474890401288119324e-02
7.950000000000000000e+02 3.486426495414380461e-02
7.952000000000000455e+02 3.496232039742819264e-02
7.954000000000000909e+02 3.504000460470542422e-02
7.956000000000000227e+02 3.509455307448720862e-02
7.957999999999999545e+02 3.512445087249101844e-02
7.960000000000000000e+02 3.512965255641502943e-02
7.962000000000000455e+02 3.511163246544300731e-02
7.964000000000000909e+02 3.507244872715128969e-02
7.966000000000000227e+02 3.501416493915442130e-02
7.967999999999999545e+02 3.493835383019584101e-02
7.970000000000000000e+02 3.484500468045911153e-02
7.972000000000000455e+02 3.473299177399209042e-02
7.974000000000000909e+02 3.460047488094119411e-02
7.976000000000000227e+02 3.444605529567594526e-02
7.977999999999999545e+02 3.426915953114045149e-02
7.980000000000000000e+02 3.407043761041948782e-02
7.982000000000000455e+02 3.385179721823793064e-02
7.984000000000000909e+02 3.361620328249691203e-02
7.986000000000000227e+02 3.336768348419906494e-02
7.987999999999999545e+02 3.311130612233647436e-02
7.990000000000000000e+02 3.285262362586410106e-02
7.992000000000000455e+02 3.259696796206618813e-02
7.994000000000000909e+02 3.234839857037782179e-02
7.996000000000000227e+02 3.211041480255678870e-02
7.997999999999999545e+02 3.188703813863510983e-02
8.000000000000000000e+02 3.168071542657216466e-02
