6.500000000000000000e+02 0.000000000000000000e+00
6.502000000000000455e+02 6.417614993275144730e-04
6.503999999999999773e+02 1.176442271612385126e-03
6.506000000000000227e+02 1.549899354120129469e-03
6.507999999999999545e+02 1.917882709273538433e-03
6.510000000000000000e+02 2.470239170501833947e-03
6.512000000000000455e+02 2.931244080707148814e-03
6.513999999999999773e+02 3.273117056454444285e-03
6.516000000000000227e+02 3.706493247375333699e-03
6.517999999999999545e+02 4.341135279161759120e-03
6.520000000000000000e+02 5.399231155039610486e-03
6.522000000000000455e+02 6.711101322447968198e-03
6.523999999999999773e+02 7.377650592353138248e-03
6.526000000000000227e+02 7.868991863015817323e-03
6.527999999999999545e+02 8.830185191606026995e-03
6.530000000000000000e+02 1.015056798126309778e-02
6.532000000000000455e+02 1.151000246173615460e-02
6.533999999999999773e+02 1.279035113095394749e-02
6.536000000000000227e+02 1.415531130586300534e-02
6.537999999999999545e+02 1.575702711406228029e-02
6.540000000000000000e+02 1.760037150034081399e-02
6.542000000000000455e+02 1.961625837105245018e-02
6.543999999999999773e+02 2.188118754166593072e-02
6.546000000000000227e+02 2.462201378918389694e-02
6.547999999999999545e+02 2.792081542731421340e-02
6.550000000000000000e+02 3.143066377554393220e-02
6.552000000000000455e+02 3.519481502107016380e-02
6.553999999999999773e+02 3.971441288780232226e-02
6.556000000000000227e+02 4.571773271481460732e-02
6.557999999999999545e+02 5.304813378477349350e-02
6.560000000000000000e+02 6.137446894327552860e-02
6.562000000000000455e+02 7.063519684951538591e-02
6.563999999999999773e+02 8.108855802366390919e-02
6.566000000000000227e+02 9.283579458216470459e-02
6.567999999999999545e+02 1.057556485901789689e-01
6.570000000000000000e+02 1.197232330108891629e-01
6.572000000000000455e+02 1.346262587446003522e-01
6.573999999999999773e+02 1.503286623518356735e-01
6.576000000000000227e+02 1.666019004130966374e-01
6.577999999999999545e+02 1.830473147962421443e-01
6.580000000000000000e+02 1.992169086401004430e-01
6.582000000000000455e+02 2.147577842730988840e-01
6.583999999999999773e+02 2.295371250181456046e-01
6.586000000000000227e+02 2.432403118587806445e-01
6.587999999999999545e+02 2.553334500366783999e-01
6.590000000000000000e+02 2.658664440903885096e-01
6.592000000000000455e+02 2.746837513798531805e-01
6.593999999999999773e+02 2.813171676110662878e-01
6.596000000000000227e+02 2.855567501596915636e-01
6.597999999999999545e+02 2.875893208005936286e-01
6.600000000000000000e+02 2.878497003383952424e-01
6.602000000000000455e+02 2.867069605197371529e-01
6.603999999999999773e+02 2.841298796254083658e-01
6.606000000000000227e+02 2.801586196051586430e-01
6.607999999999999545e+02 2.753788697392524076e-01
6.610000000000000000e+02 2.703075287587121678e-01
6.612000000000000455e+02 2.653552915128211676e-01
6.613999999999999773e+02 2.608010537215169622e-01
6.616000000000000227e+02 2.566199922399211575e-01
6.617999999999999545e+02 2.529194335355556267e-01
6.620000000000000000e+02 2.500662396681487265e-01
6.622000000000000455e+02 2.484760217769646506e-01
6.623999999999999773e+02 2.484793145383017987e-01
6.626000000000000227e+02 2.503154190578172900e-01
6.627999999999999545e+02 2.541431259257594388e-01
6.630000000000000000e+02 2.596503679487452421e-01
6.632000000000000455e+02 2.663432905818547414e-01
6.633999999999999773e+02 2.740099106789214978e-01
6.636000000000000227e+02 2.829823545126329831e-01
6.637999999999999545e+02 2.934534010599059162e-01
6.640000000000000000e+02 3.051223111607548888e-01
6.642000000000000455e+02 3.181358963918388127e-01
6.643999999999999773e+02 3.325684080569999979e-01
6.646000000000000227e+02 3.482156807679516741e-01
6.647999999999999545e+02 3.649028874268371858e-01
6.650000000000000000e+02 3.825007126567160909e-01
6.652000000000000455e+02 4.010906588759812763e-01
6.653999999999999773e+02 4.212079419798850366e-01
6.656000000000000227e+02 4.424597979266006731e-01
6.657999999999999545e+02 4.643158366902744860e-01
6.660000000000000000e+02 4.873751895070490003e-01
6.662000000000000455e+02 5.116910883767880058e-01
6.663999999999999773e+02 5.369962668121992522e-01
6.666000000000000227e+02 5.630740892237600104e-01
6.667999999999999545e+02 5.896429568163921164e-01
6.670000000000000000e+02 6.165526384914119529e-01
6.672000000000000455e+02 6.436957398606060199e-01
6.673999999999999773e+02 6.702940368458973897e-01
6.676000000000000227e+02 6.956596148464655460e-01
6.677999999999999545e+02 7.196636374446339079e-01
6.680000000000000000e+02 7.430429577392325680e-01
6.682000000000000455e+02 7.655417972126121740e-01
6.683999999999999773e+02 7.861085519757717854e-01
6.686000000000000227e+02 8.039098077872433024e-01
6.687999999999999545e+02 8.188390561534608647e-01
6.690000000000000000e+02 8.311366202289491856e-01
6.692000000000000455e+02 8.409025432545438328e-01
6.693999999999999773e+02 8.477609299133250786e-01
6.696000000000000227e+02 8.515239136540386777e-01
6.697999999999999545e+02 8.524600074745831702e-01
6.700000000000000000e+02 8.505669297343259050e-01
6.702000000000000455e+02 8.456952954566194780e-01
6.703999999999999773e+02 8.379972824609414062e-01
6.706000000000000227e+02 8.288212953653244508e-01
6.707999999999999545e+02 8.187348834757293137e-01
6.710000000000000000e+02 8.074792945755682183e-01
6.712000000000000455e+02 7.948399349029811045e-01
6.713999999999999773e+02 7.812307028761455996e-01
6.716000000000000227e+02 7.676363334770230917e-01
6.717999999999999545e+02 7.552456022109130807e-01
6.720000000000000000e+02 7.438825236773309868e-01
6.722000000000000455e+02 7.332871571815726686e-01
6.723999999999999773e+02 7.238897677276894260e-01
6.726000000000000227e+02 7.155857861713745827e-01
6.727999999999999545e+02 7.085094183791627032e-01
6.730000000000000000e+02 7.031564086398662816e-01
6.732000000000000455e+02 6.995414433994440184e-01
6.733999999999999773e+02 6.975051048674052456e-01
6.736000000000000227e+02 6.966813185714064716e-01
6.737999999999999545e+02 6.962936863220212658e-01
6.740000000000000000e+02 6.961111827735639856e-01
6.742000000000000455e+02 6.962369622075443854e-01
6.743999999999999773e+02 6.965881527869783874e-01
6.746000000000000227e+02 6.966587975695133217e-01
6.747999999999999545e+02 6.958988645580470589e-01
6.750000000000000000e+02 6.940749639892815903e-01
6.752000000000000455e+02 6.914055499285658435e-01
6.753999999999999773e+02 6.877954945291908651e-01
6.756000000000000227e+02 6.828226788465328045e-01
6.757999999999999545e+02 6.770168572199486423e-01
6.760000000000000000e+02 6.705212742508568358e-01
6.762000000000000455e+02 6.630519172444919729e-01
6.763999999999999773e+02 6.548245530801635184e-01
6.766000000000000227e+02 6.459833566373924807e-01
6.767999999999999545e+02 6.367285293999473961e-01
6.770000000000000000e+02 6.276105438899415301e-01
6.772000000000000455e+02 6.187483190449494241e-01
6.773999999999999773e+02 6.102216059500495948e-01
6.776000000000000227e+02 6.023798786456358023e-01
6.777999999999999545e+02 5.949846103501039707e-01
6.780000000000000000e+02 5.881251942141003664e-01
6.782000000000000455e+02 5.823797209466279323e-01
6.783999999999999773e+02 5.772237531463737525e-01
6.786000000000000227e+02 5.726376924655893763e-01
6.787999999999999545e+02 5.691965864384267437e-01
6.790000000000000000e+02 5.666904645054107181e-01
6.792000000000000455e+02 5.646364496903570895e-01
6.793999999999999773e+02 5.627491268769859722e-01
6.796000000000000227e+02 5.613751910910813603e-01
6.797999999999999545e+02 5.604853389595265689e-01
6.800000000000000000e+02 5.597601103997567051e-01
6.802000000000000455e+02 5.589098769605975736e-01
6.803999999999999773e+02 5.580909534687619189e-01
6.806000000000000227e+02 5.572258401681102757e-01
6.807999999999999545e+02 5.557863969722958153e-01
6.810000000000000000e+02 5.539439460096815537e-01
6.812000000000000455e+02 5.518294367598222117e-01
6.813999999999999773e+02 5.492825962006002705e-01
6.816000000000000227e+02 5.461616678318452767e-01
6.817999999999999545e+02 5.426305189510181037e-01
6.820000000000000000e+02 5.388097138277332387e-01
6.822000000000000455e+02 5.341187433471499268e-01
6.823999999999999773e+02 5.285833608109589132e-01
6.826000000000000227e+02 5.225979961282944952e-01
6.827999999999999545e+02 5.163133409047351297e-01
6.830000000000000000e+02 5.092461905712961645e-01
6.832000000000000455e+02 5.012890242531218288e-01
6.833999999999999773e+02 4.931908949464684500e-01
6.836000000000000227e+02 4.849590226252768477e-01
6.837999999999999545e+02 4.766725556929858887e-01
6.840000000000000000e+02 4.687508899743842439e-01
6.842000000000000455e+02 4.613402191365463811e-01
6.843999999999999773e+02 4.544461517359351110e-01
6.846000000000000227e+02 4.480757444733942108e-01
6.847999999999999545e+02 4.423815622698353267e-01
6.850000000000000000e+02 4.371840818297138553e-01
6.852000000000000455e+02 4.324457134181571294e-01
6.853999999999999773e+02 4.288675820877911327e-01
6.856000000000000227e+02 4.264711689476245460e-01
6.857999999999999545e+02 4.250455519404280902e-01
6.860000000000000000e+02 4.247092725627096832e-01
6.862000000000000455e+02 4.259891383035107615e-01
6.863999999999999773e+02 4.292512985255840241e-01
6.866000000000000227e+02 4.344273441517983447e-01
6.867999999999999545e+02 4.412403853300257972e-01
6.870000000000000000e+02 4.502250604383505883e-01
6.872000000000000455e+02 4.623365597316570486e-01
6.873999999999999773e+02 4.773261880221889020e-01
6.876000000000000227e+02 4.956330035847999471e-01
6.877999999999999545e+02 5.184830989784110500e-01
6.880000000000000000e+02 5.474380984970792507e-01
6.882000000000000455e+02 5.848113761984405912e-01
6.883999999999999773e+02 6.345832999277483122e-01
6.886000000000000227e+02 7.042782922833303871e-01
6.887999999999999545e+02 8.102057372336912699e-01
6.890000000000000000e+02 9.781201340452663207e-01
6.892000000000000455e+02 1.240664242722475219e+00
6.893999999999999773e+02 1.624712560560459762e+00
6.896000000000000227e+02 2.137581554722769894e+00
6.897999999999999545e+02 2.772158798947448322e+00
6.900000000000000000e+02 3.534651369675571697e+00
6.902000000000000455e+02 4.440555235516510990e+00
6.903999999999999773e+02 5.519458021587840157e+00
6.906000000000000227e+02 6.820572291410860188e+00
6.907999999999999545e+02 8.353765607308499597e+00
6.910000000000000000e+02 1.009324083188685428e+01
6.912000000000000455e+02 1.199018853277990004e+01
6.913999999999999773e+02 1.397258907558945751e+01
6.916000000000000227e+02 1.598787182133822959e+01
6.917999999999999545e+02 1.801891012657517521e+01
6.920000000000000000e+02 2.001892449383719708e+01
6.922000000000000455e+02 2.194164874418659750e+01
6.923999999999999773e+02 2.373880804633144592e+01
6.926000000000000227e+02 2.530999203647745333e+01
6.927999999999999545e+02 2.658681181810699812e+01
6.930000000000000000e+02 2.754610516843249712e+01
6.932000000000000455e+02 2.818481296469642317e+01
6.933999999999999773e+02 2.847897329090885066e+01
6.936000000000000227e+02 2.839799931221562090e+01
6.937999999999999545e+02 2.793221558758349587e+01
6.940000000000000000e+02 2.709216317610254521e+01
6.942000000000000455e+02 2.591939475761191147e+01
6.943999999999999773e+02 2.449238724958625468e+01
6.946000000000000227e+02 2.290021162275055744e+01
6.947999999999999545e+02 2.119791356390572190e+01
6.950000000000000000e+02 1.940232828649358154e+01
6.952000000000000455e+02 1.755102158405490798e+01
6.953999999999999773e+02 1.567086669158928380e+01
6.956000000000000227e+02 1.379100373848146610e+01
6.957999999999999545e+02 1.199148778102758861e+01
6.960000000000000000e+02 1.033246176645526049e+01
6.962000000000000455e+02 8.845759059422011461e+00
6.963999999999999773e+02 7.545551403674059188e+00
6.966000000000000227e+02 6.444852124975114727e+00
6.967999999999999545e+02 5.534980757732509637e+00
6.970000000000000000e+02 4.772285869983168283e+00
6.972000000000000455e+02 4.132154384384298496e+00
6.973999999999999773e+02 3.597436841521382433e+00
6.976000000000000227e+02 3.147541174973309985e+00
6.977999999999999545e+02 2.767137232528721125e+00
6.980000000000000000e+02 2.445259053448266329e+00
6.982000000000000455e+02 2.174254285581563195e+00
6.983999999999999773e+02 1.947997178464025980e+00
6.986000000000000227e+02 1.760920825799904499e+00
6.987999999999999545e+02 1.607594452582684852e+00
6.990000000000000000e+02 1.483080567991116983e+00
6.992000000000000455e+02 1.382853394334338626e+00
6.993999999999999773e+02 1.302805384673859423e+00
6.996000000000000227e+02 1.239453160089860839e+00
6.997999999999999545e+02 1.189654683427047832e+00
7.000000000000000000e+02 1.150635676332208757e+00
7.002000000000000455e+02 1.120900447782536391e+00
7.003999999999999773e+02 1.099509702798806110e+00
7.006000000000000227e+02 1.085563914187710699e+00
7.007999999999999545e+02 1.077762494813935712e+00
7.010000000000000000e+02 1.075714067471465141e+00
7.012000000000000455e+02 1.080147687739295259e+00
7.013999999999999773e+02 1.089844792411115870e+00
7.016000000000000227e+02 1.103820415088850204e+00
7.017999999999999545e+02 1.122307292742956930e+00
7.020000000000000000e+02 1.145082468545355114e+00
7.022000000000000455e+02 1.172009913636542056e+00
7.023999999999999773e+02 1.203198408102160721e+00
7.026000000000000227e+02 1.238121560215200034e+00
7.027999999999999545e+02 1.276232613733866872e+00
7.030000000000000000e+02 1.317237909860339728e+00
7.032000000000000455e+02 1.360822271497341696e+00
7.033999999999999773e+02 1.406743515904384401e+00
7.036000000000000227e+02 1.454652207673830411e+00
7.037999999999999545e+02 1.503171915535497227e+00
7.040000000000000000e+02 1.551839726384216522e+00
7.042000000000000455e+02 1.601343090368350985e+00
7.043999999999999773e+02 1.650773990551164916e+00
7.046000000000000227e+02 1.699070844224175092e+00
7.047999999999999545e+02 1.745713359534174280e+00
7.050000000000000000e+02 1.790745545582383080e+00
7.052000000000000455e+02 1.833766757453188179e+00
7.053999999999999773e+02 1.873776715975141949e+00
7.056000000000000227e+02 1.910164184397916465e+00
7.057999999999999545e+02 1.942166631316104786e+00
7.060000000000000000e+02 1.968885043525941514e+00
7.062000000000000455e+02 1.990154983784393261e+00
7.063999999999999773e+02 2.005879885843897981e+00
7.066000000000000227e+02 2.015802502801432805e+00
7.067999999999999545e+02 2.019647143976975645e+00
7.070000000000000000e+02 2.017635404158700130e+00
7.072000000000000455e+02 2.010358801553499664e+00
7.073999999999999773e+02 1.997777355484736228e+00
7.076000000000000227e+02 1.980238201215285043e+00
7.077999999999999545e+02 1.958702108424916988e+00
7.080000000000000000e+02 1.934295233219985866e+00
7.082000000000000455e+02 1.907639472151071880e+00
7.083999999999999773e+02 1.879276744394582588e+00
7.086000000000000227e+02 1.851451821605085923e+00
7.087999999999999545e+02 1.825700366839034361e+00
7.090000000000000000e+02 1.802624002652796209e+00
7.092000000000000455e+02 1.783417575932952692e+00
7.093999999999999773e+02 1.769914269043683985e+00
7.096000000000000227e+02 1.763889031316311584e+00
7.097999999999999545e+02 1.765265274786804284e+00
7.100000000000000000e+02 1.774222273198433175e+00
7.102000000000000455e+02 1.791344333771644370e+00
7.103999999999999773e+02 1.816462742807269937e+00
7.106000000000000227e+02 1.849693658503993143e+00
7.107999999999999545e+02 1.891054693831939248e+00
7.110000000000000000e+02 1.938890579970635963e+00
7.112000000000000455e+02 1.992400711052586759e+00
7.113999999999999773e+02 2.051242887592393593e+00
7.116000000000000227e+02 2.113141634338902453e+00
7.117999999999999545e+02 2.176548135271445972e+00
7.120000000000000000e+02 2.240362211645650081e+00
7.122000000000000455e+02 2.301993878224994905e+00
7.123999999999999773e+02 2.360384655087091499e+00
7.126000000000000227e+02 2.415206803519086787e+00
7.127999999999999545e+02 2.463921677710228852e+00
7.130000000000000000e+02 2.505964556164757440e+00
7.132000000000000455e+02 2.541905477797540058e+00
7.133999999999999773e+02 2.570060086167198499e+00
7.136000000000000227e+02 2.589616820500576289e+00
7.137999999999999545e+02 2.600842740979694589e+00
7.140000000000000000e+02 2.604159845912210614e+00
7.142000000000000455e+02 2.599321460444429910e+00
7.143999999999999773e+02 2.586047649101763657e+00
7.146000000000000227e+02 2.565437353716815583e+00
7.147999999999999545e+02 2.538700983416267487e+00
7.150000000000000000e+02 2.506838315620698143e+00
7.152000000000000455e+02 2.470558558638723756e+00
7.153999999999999773e+02 2.430777874851980602e+00
7.156000000000000227e+02 2.388476492582232602e+00
7.157999999999999545e+02 2.344298900960162690e+00
7.160000000000000000e+02 2.298583925644109627e+00
7.162000000000000455e+02 2.251703419580777243e+00
7.163999999999999773e+02 2.204543865331640706e+00
7.166000000000000227e+02 2.157917616874188038e+00
7.167999999999999545e+02 2.112400805712568719e+00
7.170000000000000000e+02 2.068219783996310124e+00
7.172000000000000455e+02 2.025313408781185931e+00
7.173999999999999773e+02 1.983634596229905567e+00
7.176000000000000227e+02 1.943550420060260242e+00
7.177999999999999545e+02 1.905582952713838152e+00
7.180000000000000000e+02 1.869635508187593720e+00
7.182000000000000455e+02 1.834142799942956259e+00
7.183999999999999773e+02 1.798776003263205636e+00
7.186000000000000227e+02 1.763918898562296667e+00
7.187999999999999545e+02 1.729505001285649879e+00
7.190000000000000000e+02 1.695108455439883421e+00
7.192000000000000455e+02 1.660322984971653204e+00
7.193999999999999773e+02 1.625158210691706850e+00
7.196000000000000227e+02 1.589432524180942163e+00
7.197999999999999545e+02 1.553300002406380553e+00
7.200000000000000000e+02 1.517749143996456773e+00
7.202000000000000455e+02 1.481865325789505583e+00
7.203999999999999773e+02 1.444650852279868003e+00
7.206000000000000227e+02 1.407204805445761986e+00
7.207999999999999545e+02 1.369983811094801052e+00
7.210000000000000000e+02 1.333035672835508167e+00
7.212000000000000455e+02 1.296593883979041406e+00
7.213999999999999773e+02 1.260975851005444737e+00
7.216000000000000227e+02 1.226413560683303539e+00
7.217999999999999545e+02 1.192956172722924535e+00
7.220000000000000000e+02 1.161061236938155439e+00
7.222000000000000455e+02 1.131108064583024930e+00
7.223999999999999773e+02 1.102977479374199099e+00
7.226000000000000227e+02 1.077167011774630367e+00
7.227999999999999545e+02 1.053815726352383297e+00
7.230000000000000000e+02 1.031908913084355950e+00
7.232000000000000455e+02 1.011550873874824230e+00
7.233999999999999773e+02 9.931650679135095583e-01
7.236000000000000227e+02 9.766965636823730090e-01
7.237999999999999545e+02 9.624771733583341593e-01
7.240000000000000000e+02 9.505814061449586738e-01
7.242000000000000455e+02 9.403240026431318732e-01
7.243999999999999773e+02 9.313722737450147449e-01
7.246000000000000227e+02 9.235836617776087554e-01
7.247999999999999545e+02 9.167995855443866748e-01
7.250000000000000000e+02 9.108269419109307208e-01
7.252000000000000455e+02 9.053194505681458892e-01
7.253999999999999773e+02 8.997341083234644543e-01
7.256000000000000227e+02 8.937409659016339880e-01
7.257999999999999545e+02 8.871415029829554655e-01
7.260000000000000000e+02 8.798321286010641895e-01
7.262000000000000455e+02 8.720178625265326833e-01
7.263999999999999773e+02 8.638505855848144233e-01
7.266000000000000227e+02 8.551658453875379262e-01
7.267999999999999545e+02 8.455589689196847392e-01
7.270000000000000000e+02 8.347132894214912557e-01
7.272000000000000455e+02 8.225975527390432251e-01
7.273999999999999773e+02 8.093130922335045607e-01
7.276000000000000227e+02 7.952242659480832643e-01
7.277999999999999545e+02 7.808824972203343151e-01
7.280000000000000000e+02 7.659989042816142124e-01
7.282000000000000455e+02 7.504308030029815946e-01
7.283999999999999773e+02 7.346834564946858048e-01
7.286000000000000227e+02 7.190405891766691315e-01
7.287999999999999545e+02 7.040024152126793666e-01
7.290000000000000000e+02 6.902867413321602807e-01
7.292000000000000455e+02 6.773541506840807802e-01
7.293999999999999773e+02 6.648054385571227076e-01
7.296000000000000227e+02 6.530253844772162530e-01
7.297999999999999545e+02 6.422657404712757145e-01
7.300000000000000000e+02 6.325872166895856186e-01
7.302000000000000455e+02 6.238620238039824795e-01
7.303999999999999773e+02 6.158297490592854473e-01
7.306000000000000227e+02 6.082375203929641927e-01
7.307999999999999545e+02 6.008345162920363247e-01
7.310000000000000000e+02 5.930820900064406320e-01
7.312000000000000455e+02 5.852446992099493706e-01
7.313999999999999773e+02 5.783551515120703979e-01
7.316000000000000227e+02 5.716807304634234921e-01
7.317999999999999545e+02 5.644425140613140712e-01
7.320000000000000000e+02 5.565688835412891944e-01
7.322000000000000455e+02 5.482700351672669115e-01
7.323999999999999773e+02 5.399136444226833031e-01
7.326000000000000227e+02 5.317754566205206146e-01
7.327999999999999545e+02 5.232516826818716105e-01
7.330000000000000000e+02 5.138004919292264994e-01
7.332000000000000455e+02 5.033746538820014216e-01
7.333999999999999773e+02 4.925062877071360590e-01
7.336000000000000227e+02 4.817594086311534629e-01
7.337999999999999545e+02 4.714058236591956441e-01
7.340000000000000000e+02 4.610774863754334985e-01
7.342000000000000455e+02 4.509665995261850635e-01
7.343999999999999773e+02 4.416894613108641177e-01
7.346000000000000227e+02 4.323060819258278120e-01
7.347999999999999545e+02 4.225022702034781363e-01
7.350000000000000000e+02 4.130402566948120913e-01
7.352000000000000455e+02 4.045000832549455749e-01
7.353999999999999773e+02 3.965719515084812352e-01
7.356000000000000227e+02 3.883419231482419520e-01
7.357999999999999545e+02 3.798981465726908313e-01
7.360000000000000000e+02 3.717024936359495935e-01
7.362000000000000455e+02 3.641827172942571633e-01
7.363999999999999773e+02 3.571984589066471982e-01
7.366000000000000227e+02 3.504192218336016906e-01
7.367999999999999545e+02 3.436442129461076966e-01
7.370000000000000000e+02 3.373227318961173338e-01
7.372000000000000455e+02 3.316815892519303088e-01
7.373999999999999773e+02 3.264892996897768573e-01
7.376000000000000227e+02 3.211715265015690490e-01
7.377999999999999545e+02 3.159234522561998881e-01
7.380000000000000000e+02 3.113453569290175471e-01
7.382000000000000455e+02 3.067817887342024208e-01
7.383999999999999773e+02 3.021513473100987390e-01
7.386000000000000227e+02 2.980099533355794472e-01
7.387999999999999545e+02 2.944618047593992594e-01
7.390000000000000000e+02 2.912915092690261942e-01
7.392000000000000455e+02 2.881730966482934919e-01
7.393999999999999773e+02 2.850343218378103005e-01
7.396000000000000227e+02 2.817673501596197894e-01
7.397999999999999545e+02 2.783802829634864917e-01
7.400000000000000000e+02 2.754417956074013962e-01
7.402000000000000455e+02 2.726114066387827495e-01
7.403999999999999773e+02 2.691793604682016228e-01
7.406000000000000227e+02 2.658905371720421962e-01
7.407999999999999545e+02 2.631622530641866686e-01
7.410000000000000000e+02 2.607779086132854252e-01
7.412000000000000455e+02 2.581464343287675489e-01
7.413999999999999773e+02 2.554704278138560936e-01
7.416000000000000227e+02 2.531703376417467344e-01
7.417999999999999545e+02 2.504126720096079839e-01
7.420000000000000000e+02 2.469595673806487257e-01
7.422000000000000455e+02 2.431884489841927288e-01
7.423999999999999773e+02 2.394461831243833716e-01
7.426000000000000227e+02 2.359444013259904827e-01
7.427999999999999545e+02 2.328128699795297685e-01
7.430000000000000000e+02 2.301815722780493623e-01
7.432000000000000455e+02 2.277691757415642448e-01
7.433999999999999773e+02 2.252921664563149462e-01
7.436000000000000227e+02 2.231831017321134758e-01
7.437999999999999545e+02 2.211234489453864915e-01
7.440000000000000000e+02 2.186204763677751517e-01
7.442000000000000455e+02 2.162579905665186208e-01
7.443999999999999773e+02 2.141544896090438743e-01
7.446000000000000227e+02 2.120019156925589954e-01
7.447999999999999545e+02 2.095358006547261009e-01
7.450000000000000000e+02 2.067752733971426893e-01
7.452000000000000455e+02 2.040772211459246366e-01
7.453999999999999773e+02 2.021176109001491250e-01
7.456000000000000227e+02 2.009529379596848297e-01
7.457999999999999545e+02 2.001206156443605111e-01
7.460000000000000000e+02 1.989941057138038261e-01
7.462000000000000455e+02 1.975958276657187596e-01
7.463999999999999773e+02 1.961778545795315187e-01
7.466000000000000227e+02 1.945934445455729800e-01
7.467999999999999545e+02 1.929356946616435642e-01
7.470000000000000000e+02 1.913942010112294478e-01
7.472000000000000455e+02 1.899517758921130950e-01
7.473999999999999773e+02 1.883318299980324961e-01
7.476000000000000227e+02 1.863432890212312620e-01
7.477999999999999545e+02 1.842655148971403256e-01
7.480000000000000000e+02 1.823366661972888325e-01
7.482000000000000455e+02 1.807726138042839437e-01
7.483999999999999773e+02 1.798115916993733299e-01
7.486000000000000227e+02 1.791803299620010614e-01
7.487999999999999545e+02 1.783155799236774697e-01
7.490000000000000000e+02 1.767548331481841872e-01
7.492000000000000455e+02 1.750110695461061794e-01
7.493999999999999773e+02 1.735659622389228440e-01
7.496000000000000227e+02 1.719097636509464011e-01
7.497999999999999545e+02 1.701625045703159256e-01
7.500000000000000000e+02 1.685880733875692594e-01
