6.500000000000000000e+02 0.000000000000000000e+00
6.502000000000000455e+02 9.154013252220816188e-04
6.503999999999999773e+02 1.705765529077724052e-03
6.506000000000000227e+02 2.148399081134483302e-03
6.507999999999999545e+02 2.407735438238731152e-03
6.510000000000000000e+02 2.836468799829641729e-03
6.512000000000000455e+02 3.261610977242285214e-03
6.513999999999999773e+02 3.544007944724661407e-03
6.516000000000000227e+02 3.707525945415346413e-03
6.517999999999999545e+02 3.884720259613755333e-03
6.520000000000000000e+02 4.266933377894008284e-03
6.522000000000000455e+02 4.805611302781134797e-03
6.523999999999999773e+02 5.015687322069348197e-03
6.526000000000000227e+02 4.997344959146457488e-03
6.527999999999999545e+02 5.046218421997858417e-03
6.530000000000000000e+02 5.294054143608589724e-03
6.532000000000000455e+02 5.730152271210153803e-03
6.533999999999999773e+02 6.242938725935398558e-03
6.536000000000000227e+02 6.745596800331543630e-03
6.537999999999999545e+02 7.482515566736791524e-03
6.540000000000000000e+02 8.426235418553612577e-03
6.542000000000000455e+02 9.411997824664938839e-03
6.543999999999999773e+02 1.074090672863056706e-02
6.546000000000000227e+02 1.262633687036396335e-02
6.547999999999999545e+02 1.497668777026994746e-02
6.550000000000000000e+02 1.737226022899338029e-02
6.552000000000000455e+02 2.002505371913958221e-02
6.553999999999999773e+02 2.339894270495022910e-02
6.556000000000000227e+02 2.777176321438430684e-02
6.557999999999999545e+02 3.308394700724867632e-02
6.560000000000000000e+02 3.922120766146197646e-02
6.562000000000000455e+02 4.614943505480062491e-02
6.563999999999999773e+02 5.385148881550937128e-02
6.566000000000000227e+02 6.232455524543403791e-02
6.567999999999999545e+02 7.157387023730066300e-02
6.570000000000000000e+02 8.158993084097401760e-02
6.572000000000000455e+02 9.225855612167174757e-02
6.573999999999999773e+02 1.034511616366207420e-01
6.576000000000000227e+02 1.151212058587700593e-01
6.577999999999999545e+02 1.267769115106865407e-01
6.580000000000000000e+02 1.379785580648288934e-01
6.582000000000000455e+02 1.487793961654396147e-01
6.583999999999999773e+02 1.591078927002644028e-01
6.586000000000000227e+02 1.686054954430472319e-01
6.587999999999999545e+02 1.768052651001582876e-01
6.590000000000000000e+02 1.840270508013792938e-01
6.592000000000000455e+02 1.900951983976793824e-01
6.593999999999999773e+02 1.943601636576667013e-01
6.596000000000000227e+02 1.970291333518226773e-01
6.597999999999999545e+02 1.983425082661728622e-01
6.600000000000000000e+02 1.984068519121493790e-01
6.602000000000000455e+02 1.973000796266433932e-01
6.603999999999999773e+02 1.951939571219388492e-01
6.606000000000000227e+02 1.922931910174047465e-01
6.607999999999999545e+02 1.887972699860597514e-01
6.610000000000000000e+02 1.851769066156574162e-01
6.612000000000000455e+02 1.818031923804449834e-01
6.613999999999999773e+02 1.787182603218228083e-01
6.616000000000000227e+02 1.758673300984220089e-01
6.617999999999999545e+02 1.733343108996193982e-01
6.620000000000000000e+02 1.714015288733149733e-01
6.622000000000000455e+02 1.704391277449906206e-01
6.623999999999999773e+02 1.708332979842329680e-01
6.626000000000000227e+02 1.727157484354359396e-01
6.627999999999999545e+02 1.755790315423183534e-01
6.630000000000000000e+02 1.793479205093136963e-01
6.632000000000000455e+02 1.841431649893167932e-01
6.633999999999999773e+02 1.898163213237668845e-01
6.636000000000000227e+02 1.963466924823732140e-01
6.637999999999999545e+02 2.037154257712951166e-01
6.640000000000000000e+02 2.118440274431384329e-01
6.642000000000000455e+02 2.209360605240259512e-01
6.643999999999999773e+02 2.309424386667547624e-01
6.646000000000000227e+02 2.415735150500647743e-01
6.647999999999999545e+02 2.532093212303075935e-01
6.650000000000000000e+02 2.658832984482951689e-01
6.652000000000000455e+02 2.792683634295598516e-01
6.653999999999999773e+02 2.933298955002147101e-01
6.656000000000000227e+02 3.078529992550504968e-01
6.657999999999999545e+02 3.228504285178080968e-01
6.660000000000000000e+02 3.390610761592559586e-01
6.662000000000000455e+02 3.562107016333753151e-01
6.663999999999999773e+02 3.737259743428502645e-01
6.666000000000000227e+02 3.915135108484242288e-01
6.667999999999999545e+02 4.096982294036577432e-01
6.670000000000000000e+02 4.282781671709399163e-01
6.672000000000000455e+02 4.469577303980077909e-01
6.673999999999999773e+02 4.652213002708244227e-01
6.676000000000000227e+02 4.828356745977381292e-01
6.677999999999999545e+02 4.998013776461380786e-01
6.680000000000000000e+02 5.158378324854172581e-01
6.682000000000000455e+02 5.306947539982761475e-01
6.683999999999999773e+02 5.442147010815550079e-01
6.686000000000000227e+02 5.562833858193824144e-01
6.687999999999999545e+02 5.665953114563503368e-01
6.690000000000000000e+02 5.749376008576950747e-01
6.692000000000000455e+02 5.814273515568391115e-01
6.693999999999999773e+02 5.859899221180359108e-01
6.696000000000000227e+02 5.885519748179791621e-01
6.697999999999999545e+02 5.891431955325047154e-01
6.700000000000000000e+02 5.876795326342287851e-01
6.702000000000000455e+02 5.843005144904171999e-01
6.703999999999999773e+02 5.793931213178554751e-01
6.706000000000000227e+02 5.732582981610019335e-01
6.707999999999999545e+02 5.659647314455397149e-01
6.710000000000000000e+02 5.576821701064734738e-01
6.712000000000000455e+02 5.491984893713756088e-01
6.713999999999999773e+02 5.406269459231979324e-01
6.716000000000000227e+02 5.319703687124694991e-01
6.717999999999999545e+02 5.238425048273667173e-01
6.720000000000000000e+02 5.163918873214367045e-01
6.722000000000000455e+02 5.095821521056158598e-01
6.723999999999999773e+02 5.034538304359844618e-01
6.726000000000000227e+02 4.980152981495437059e-01
6.727999999999999545e+02 4.935512020165822022e-01
6.730000000000000000e+02 4.905166589000475863e-01
6.732000000000000455e+02 4.887770263597223108e-01
6.733999999999999773e+02 4.879281703603074449e-01
6.736000000000000227e+02 4.875927591902714520e-01
6.737999999999999545e+02 4.877626761590977411e-01
6.740000000000000000e+02 4.884741040903894937e-01
6.742000000000000455e+02 4.895614163805406260e-01
6.743999999999999773e+02 4.904795269767873167e-01
6.746000000000000227e+02 4.907863385549935398e-01
6.747999999999999545e+02 4.903471364113621833e-01
6.750000000000000000e+02 4.893296662288725285e-01
6.752000000000000455e+02 4.875309599902363233e-01
6.753999999999999773e+02 4.847691581008565231e-01
6.756000000000000227e+02 4.811601748134547440e-01
6.757999999999999545e+02 4.772159076958848445e-01
6.760000000000000000e+02 4.729718241735039186e-01
6.762000000000000455e+02 4.680678469145014287e-01
6.763999999999999773e+02 4.625542102358898289e-01
6.766000000000000227e+02 4.565173657431678134e-01
6.767999999999999545e+02 4.500628155145965925e-01
6.770000000000000000e+02 4.434236454202792332e-01
6.772000000000000455e+02 4.369208500656802663e-01
6.773999999999999773e+02 4.306827561312061015e-01
6.776000000000000227e+02 4.245341660455281829e-01
6.777999999999999545e+02 4.188463690787487259e-01
6.780000000000000000e+02 4.140375309574032547e-01
6.782000000000000455e+02 4.101436850265687273e-01
6.783999999999999773e+02 4.065478105860172997e-01
6.786000000000000227e+02 4.030669366627674943e-01
6.787999999999999545e+02 4.000628314164280663e-01
6.790000000000000000e+02 3.976729946172705699e-01
6.792000000000000455e+02 3.958677330358193469e-01
6.793999999999999773e+02 3.945033010464640277e-01
6.796000000000000227e+02 3.933694678104331377e-01
6.797999999999999545e+02 3.922841807025725380e-01
6.800000000000000000e+02 3.913141530856500960e-01
6.802000000000000455e+02 3.908658368292277085e-01
6.803999999999999773e+02 3.908003311518741807e-01
6.806000000000000227e+02 3.908376003645123165e-01
6.807999999999999545e+02 3.908389268017947726e-01
6.810000000000000000e+02 3.906182687149523103e-01
6.812000000000000455e+02 3.901645050270001747e-01
6.813999999999999773e+02 3.896795877402279284e-01
6.816000000000000227e+02 3.893777105248225068e-01
6.817999999999999545e+02 3.892629522930444175e-01
6.820000000000000000e+02 3.889760557073400626e-01
6.822000000000000455e+02 3.877218749398133602e-01
6.823999999999999773e+02 3.854891573868290955e-01
6.826000000000000227e+02 3.826689938997265283e-01
6.827999999999999545e+02 3.793803872080562245e-01
6.830000000000000000e+02 3.756099117751714456e-01
6.832000000000000455e+02 3.712503654873821057e-01
6.833999999999999773e+02 3.661831094018701549e-01
6.836000000000000227e+02 3.606224694105052420e-01
6.837999999999999545e+02 3.548796436602230653e-01
6.840000000000000000e+02 3.492259470849252700e-01
6.842000000000000455e+02 3.438446152430119085e-01
6.843999999999999773e+02 3.386192545027192358e-01
6.846000000000000227e+02 3.332806580848867162e-01
6.847999999999999545e+02 3.278535424167479118e-01
6.850000000000000000e+02 3.227215706311612475e-01
6.852000000000000455e+02 3.182946707745138992e-01
6.853999999999999773e+02 3.146024655419344951e-01
6.856000000000000227e+02 3.116752387248912237e-01
6.857999999999999545e+02 3.097128337111634266e-01
6.860000000000000000e+02 3.090853401453068638e-01
6.862000000000000455e+02 3.097968972098129603e-01
6.863999999999999773e+02 3.119501344011288424e-01
6.866000000000000227e+02 3.157775291798232686e-01
6.867999999999999545e+02 3.207994715051200041e-01
6.870000000000000000e+02 3.271827193828470426e-01
6.872000000000000455e+02 3.356583125424400516e-01
6.873999999999999773e+02 3.462115596843785559e-01
6.876000000000000227e+02 3.589541667097898570e-01
6.877999999999999545e+02 3.745923843671619125e-01
6.880000000000000000e+02 3.947167211922028018e-01
6.882000000000000455e+02 4.206939931413796741e-01
6.883999999999999773e+02 4.550245883388099877e-01
6.886000000000000227e+02 5.033961911134324785e-01
6.887999999999999545e+02 5.773285992309942216e-01
6.890000000000000000e+02 6.943793678286870330e-01
6.892000000000000455e+02 8.766446467516479935e-01
6.893999999999999773e+02 1.143511033032831303e+00
6.896000000000000227e+02 1.502412785257392747e+00
6.897999999999999545e+02 1.951627184035673146e+00
6.900000000000000000e+02 2.497109332563727691e+00
6.902000000000000455e+02 3.148302827056616238e+00
6.903999999999999773e+02 3.922857569461782212e+00
6.906000000000000227e+02 4.853344746808388344e+00
6.907999999999999545e+02 5.946284652909930024e+00
6.910000000000000000e+02 7.183735162105646666e+00
6.912000000000000455e+02 8.531464997591069022e+00
6.913999999999999773e+02 9.941280142151894594e+00
6.916000000000000227e+02 1.137530788224623279e+01
6.917999999999999545e+02 1.281505070826554338e+01
6.920000000000000000e+02 1.422541281258763846e+01
6.922000000000000455e+02 1.557613836521097284e+01
6.923999999999999773e+02 1.683744872151893190e+01
6.926000000000000227e+02 1.793793071070155776e+01
6.927999999999999545e+02 1.882815532218037191e+01
6.930000000000000000e+02 1.949116126577207808e+01
6.932000000000000455e+02 1.992461200479766248e+01
6.933999999999999773e+02 2.011440814962999468e+01
6.936000000000000227e+02 2.004239142284498243e+01
6.937999999999999545e+02 1.970243768169192933e+01
6.940000000000000000e+02 1.910165271195871028e+01
6.942000000000000455e+02 1.826849584202706467e+01
6.943999999999999773e+02 1.725690155488534572e+01
6.946000000000000227e+02 1.612683062501999132e+01
6.947999999999999545e+02 1.491888207748956319e+01
6.950000000000000000e+02 1.365164903759892390e+01
6.952000000000000455e+02 1.235346894642322013e+01
6.953999999999999773e+02 1.104123254705488044e+01
6.956000000000000227e+02 9.732044554255539381e+00
6.957999999999999545e+02 8.481558049681906297e+00
6.960000000000000000e+02 7.330273507266871214e+00
6.962000000000000455e+02 6.298096402223507084e+00
6.963999999999999773e+02 5.393631812182047014e+00
6.966000000000000227e+02 4.625193073760091700e+00
6.967999999999999545e+02 3.986831466377099176e+00
6.970000000000000000e+02 3.449261135878453288e+00
6.972000000000000455e+02 2.995883042542910601e+00
6.973999999999999773e+02 2.615261823610498748e+00
6.976000000000000227e+02 2.293939410831656200e+00
6.977999999999999545e+02 2.021693936193321051e+00
6.980000000000000000e+02 1.790694805805377099e+00
6.982000000000000455e+02 1.594803648920777750e+00
6.983999999999999773e+02 1.429607696352622748e+00
6.986000000000000227e+02 1.291298100281132566e+00
6.987999999999999545e+02 1.176121273398882838e+00
6.990000000000000000e+02 1.081310701338956237e+00
6.992000000000000455e+02 1.004401150969051804e+00
6.993999999999999773e+02 9.427404244634499664e-01
6.996000000000000227e+02 8.934704501587982239e-01
6.997999999999999545e+02 8.542151036794698449e-01
7.000000000000000000e+02 8.234483115483525184e-01
7.002000000000000455e+02 7.998911148420724260e-01
7.003999999999999773e+02 7.825344512623123583e-01
7.006000000000000227e+02 7.706197912321989252e-01
7.007999999999999545e+02 7.632030575656274518e-01
7.010000000000000000e+02 7.601785734444400644e-01
7.012000000000000455e+02 7.623812385176379491e-01
7.013999999999999773e+02 7.688045851588533042e-01
7.016000000000000227e+02 7.782896162417100028e-01
7.017999999999999545e+02 7.905342125192711400e-01
7.020000000000000000e+02 8.059692343326297914e-01
7.022000000000000455e+02 8.247252093746048063e-01
7.023999999999999773e+02 8.462573349334931994e-01
7.026000000000000227e+02 8.701739581190968131e-01
7.027999999999999545e+02 8.963066505974514042e-01
7.030000000000000000e+02 9.246692832076416346e-01
7.032000000000000455e+02 9.551819872567278713e-01
7.033999999999999773e+02 9.874294240575868242e-01
7.036000000000000227e+02 1.020689122694010020e+00
7.037999999999999545e+02 1.054558493720619161e+00
7.040000000000000000e+02 1.088999325233882987e+00
7.042000000000000455e+02 1.124006673834498260e+00
7.043999999999999773e+02 1.158274446948744263e+00
7.046000000000000227e+02 1.191166201818472992e+00
7.047999999999999545e+02 1.223203906771613170e+00
7.050000000000000000e+02 1.254468310630028283e+00
7.052000000000000455e+02 1.284467295854771374e+00
7.053999999999999773e+02 1.312375619211175293e+00
7.056000000000000227e+02 1.338012152874544114e+00
7.057999999999999545e+02 1.360651409854989558e+00
7.060000000000000000e+02 1.379119687517877280e+00
7.062000000000000455e+02 1.393846528987604749e+00
7.063999999999999773e+02 1.404915822896846800e+00
7.066000000000000227e+02 1.411689785666970343e+00
7.067999999999999545e+02 1.414159619275697111e+00
7.070000000000000000e+02 1.412549155331735751e+00
7.072000000000000455e+02 1.407177994387367681e+00
7.073999999999999773e+02 1.398526732555910534e+00
7.076000000000000227e+02 1.386803800148522781e+00
7.077999999999999545e+02 1.372100930251087147e+00
7.080000000000000000e+02 1.355294039560299924e+00
7.082000000000000455e+02 1.337018585546206451e+00
7.083999999999999773e+02 1.317643162761948261e+00
7.086000000000000227e+02 1.298186009783201644e+00
7.087999999999999545e+02 1.279807761816681211e+00
7.090000000000000000e+02 1.263675987991309091e+00
7.092000000000000455e+02 1.251031516613999583e+00
7.093999999999999773e+02 1.242637683653744496e+00
7.096000000000000227e+02 1.238742241332674743e+00
7.097999999999999545e+02 1.239439707241555055e+00
7.100000000000000000e+02 1.245471639290397503e+00
7.102000000000000455e+02 1.257833390921367700e+00
7.103999999999999773e+02 1.276225329576945677e+00
7.106000000000000227e+02 1.300111135293677611e+00
7.107999999999999545e+02 1.328970083619108289e+00
7.110000000000000000e+02 1.362187681531005889e+00
7.112000000000000455e+02 1.399534379985006849e+00
7.113999999999999773e+02 1.440733565218080603e+00
7.116000000000000227e+02 1.484222190660316354e+00
7.117999999999999545e+02 1.528965720417652552e+00
7.120000000000000000e+02 1.574142390848580542e+00
7.122000000000000455e+02 1.617566905523564857e+00
7.123999999999999773e+02 1.658251440918705244e+00
7.126000000000000227e+02 1.696039020787917462e+00
7.127999999999999545e+02 1.729706950861841452e+00
7.130000000000000000e+02 1.759026603004599787e+00
7.132000000000000455e+02 1.784264038686071085e+00
7.133999999999999773e+02 1.804315407725496367e+00
7.136000000000000227e+02 1.818191513662178238e+00
7.137999999999999545e+02 1.825679932493238011e+00
7.140000000000000000e+02 1.827903050717351041e+00
7.142000000000000455e+02 1.824972801583823356e+00
7.143999999999999773e+02 1.816403075301715520e+00
7.146000000000000227e+02 1.802688274890386300e+00
7.147999999999999545e+02 1.784489581840847272e+00
7.150000000000000000e+02 1.762479474986838657e+00
7.152000000000000455e+02 1.737380375363331009e+00
7.153999999999999773e+02 1.709890600772055569e+00
7.156000000000000227e+02 1.680661072236562692e+00
7.157999999999999545e+02 1.650261618274291298e+00
7.160000000000000000e+02 1.619032577666422723e+00
7.162000000000000455e+02 1.587182214901525334e+00
7.163999999999999773e+02 1.554953016886655215e+00
7.166000000000000227e+02 1.522492708116941929e+00
7.167999999999999545e+02 1.490287350755714835e+00
7.170000000000000000e+02 1.459695795899339288e+00
7.172000000000000455e+02 1.430566135532687300e+00
7.173999999999999773e+02 1.402054985363727857e+00
7.176000000000000227e+02 1.374256481088790727e+00
7.177999999999999545e+02 1.347515465943583512e+00
7.180000000000000000e+02 1.321838352686907081e+00
7.182000000000000455e+02 1.296365400444482230e+00
7.183999999999999773e+02 1.271157257442576904e+00
7.186000000000000227e+02 1.246662626160822462e+00
7.187999999999999545e+02 1.222701227853409955e+00
7.190000000000000000e+02 1.198653606535200256e+00
7.192000000000000455e+02 1.174155739950328181e+00
7.193999999999999773e+02 1.149784476844726289e+00
7.196000000000000227e+02 1.125222881182345924e+00
7.197999999999999545e+02 1.100132849038191862e+00
7.200000000000000000e+02 1.075272671517286893e+00
7.202000000000000455e+02 1.050015741396592484e+00
7.203999999999999773e+02 1.023657596549097937e+00
7.206000000000000227e+02 9.970668008626398793e-01
7.207999999999999545e+02 9.707164217883123003e-01
7.210000000000000000e+02 9.448592198522799412e-01
7.212000000000000455e+02 9.198869146389696549e-01
7.213999999999999773e+02 8.955506247852940138e-01
7.216000000000000227e+02 8.715023905878834798e-01
7.217999999999999545e+02 8.479101231505073999e-01
7.220000000000000000e+02 8.251506950853074729e-01
7.222000000000000455e+02 8.036197534652117502e-01
7.223999999999999773e+02 7.835943389400501502e-01
7.226000000000000227e+02 7.652812647162707815e-01
7.227999999999999545e+02 7.484958677676344374e-01
7.230000000000000000e+02 7.325429677136099382e-01
7.232000000000000455e+02 7.180216854732277554e-01
7.233999999999999773e+02 7.054385864457154431e-01
7.236000000000000227e+02 6.940496831599397565e-01
7.237999999999999545e+02 6.839811428296133089e-01
7.240000000000000000e+02 6.755051173416103394e-01
7.242000000000000455e+02 6.683024145073722666e-01
7.243999999999999773e+02 6.619509745744491802e-01
7.246000000000000227e+02 6.562724697321263845e-01
7.247999999999999545e+02 6.514694906035001232e-01
7.250000000000000000e+02 6.472906885655070885e-01
7.252000000000000455e+02 6.433568422938312770e-01
7.253999999999999773e+02 6.394432609121878386e-01
7.256000000000000227e+02 6.353575107863256299e-01
7.257999999999999545e+02 6.308166075386532068e-01
7.260000000000000000e+02 6.255298105000509645e-01
7.262000000000000455e+02 6.202084467283590641e-01
7.263999999999999773e+02 6.150821388947266266e-01
7.266000000000000227e+02 6.090733811511285234e-01
7.267999999999999545e+02 6.017672523553628805e-01
7.270000000000000000e+02 5.932819174512614646e-01
7.272000000000000455e+02 5.840084150707230970e-01
7.273999999999999773e+02 5.740136314187893607e-01
7.276000000000000227e+02 5.634896679031348166e-01
7.277999999999999545e+02 5.529386880199672616e-01
7.280000000000000000e+02 5.423714069441836205e-01
7.282000000000000455e+02 5.314917564447780851e-01
7.283999999999999773e+02 5.200205967294040388e-01
7.286000000000000227e+02 5.086728749519598969e-01
7.287999999999999545e+02 4.979840863759681380e-01
7.290000000000000000e+02 4.877436998885074093e-01
7.292000000000000455e+02 4.778106829680077716e-01
7.293999999999999773e+02 4.682378377472656839e-01
7.296000000000000227e+02 4.592154875830766203e-01
7.297999999999999545e+02 4.505968846780261661e-01
7.300000000000000000e+02 4.426416023352878204e-01
7.302000000000000455e+02 4.360902665302167636e-01
7.303999999999999773e+02 4.305464782804551138e-01
7.306000000000000227e+02 4.254079447970204875e-01
7.307999999999999545e+02 4.203103951420145146e-01
7.310000000000000000e+02 4.148593353846126153e-01
7.312000000000000455e+02 4.090662523593033839e-01
7.313999999999999773e+02 4.033789092041409896e-01
7.316000000000000227e+02 3.977948335250445222e-01
7.317999999999999545e+02 3.920828531209742396e-01
7.320000000000000000e+02 3.860799709610754915e-01
7.322000000000000455e+02 3.803892002986692944e-01
7.323999999999999773e+02 3.751918661411808298e-01
7.326000000000000227e+02 3.698670144411638772e-01
7.327999999999999545e+02 3.636679195848450119e-01
7.330000000000000000e+02 3.566582021694159055e-01
7.332000000000000455e+02 3.496911613169408906e-01
7.333999999999999773e+02 3.428897327283610963e-01
7.336000000000000227e+02 3.361183015134108221e-01
7.337999999999999545e+02 3.292262331807277453e-01
7.340000000000000000e+02 3.221771723153895595e-01
7.342000000000000455e+02 3.152332768320589285e-01
7.343999999999999773e+02 3.087590892680374122e-01
7.346000000000000227e+02 3.023445122772659976e-01
7.347999999999999545e+02 2.959636808888663762e-01
7.350000000000000000e+02 2.900959035757179061e-01
7.352000000000000455e+02 2.846937913190751290e-01
7.353999999999999773e+02 2.792959964509276194e-01
7.356000000000000227e+02 2.734185076210705612e-01
7.357999999999999545e+02 2.675857408231874235e-01
7.360000000000000000e+02 2.621867049920164616e-01
7.362000000000000455e+02 2.572166835451069611e-01
7.363999999999999773e+02 2.526571973457517606e-01
7.366000000000000227e+02 2.481220397902356989e-01
7.367999999999999545e+02 2.431673722216400046e-01
7.370000000000000000e+02 2.384545157462880927e-01
7.372000000000000455e+02 2.342823957727671880e-01
7.373999999999999773e+02 2.303270056624369955e-01
7.376000000000000227e+02 2.261691351054121724e-01
7.377999999999999545e+02 2.220634045649946542e-01
7.380000000000000000e+02 2.186037397039541086e-01
7.382000000000000455e+02 2.153609305012703368e-01
7.383999999999999773e+02 2.118915770709467739e-01
7.386000000000000227e+02 2.081435059378836938e-01
7.387999999999999545e+02 2.047105778577875956e-01
7.390000000000000000e+02 2.017329152858116925e-01
7.392000000000000455e+02 1.989819292016688779e-01
7.393999999999999773e+02 1.966868183596837405e-01
7.396000000000000227e+02 1.947420144610180481e-01
7.397999999999999545e+02 1.927670650950798203e-01
7.400000000000000000e+02 1.906789536759712356e-01
7.402000000000000455e+02 1.884278184971658610e-01
7.403999999999999773e+02 1.859970485517820349e-01
7.406000000000000227e+02 1.835545768555580382e-01
7.407999999999999545e+02 1.813542965980660948e-01
7.410000000000000000e+02 1.794520001599046455e-01
7.412000000000000455e+02 1.772522059571253195e-01
7.413999999999999773e+02 1.749961039484963787e-01
7.416000000000000227e+02 1.733530668584008783e-01
7.417999999999999545e+02 1.720797870737304225e-01
7.420000000000000000e+02 1.708258142482992348e-01
7.422000000000000455e+02 1.692342937380378332e-01
7.423999999999999773e+02 1.668534573943716848e-01
7.426000000000000227e+02 1.639980919386823111e-01
7.427999999999999545e+02 1.614310890327589065e-01
7.430000000000000000e+02 1.595106878872726008e-01
7.432000000000000455e+02 1.578106334290630131e-01
7.433999999999999773e+02 1.557479128590428252e-01
7.436000000000000227e+02 1.536740018382529160e-01
7.437999999999999545e+02 1.519246171368680565e-01
7.440000000000000000e+02 1.505757215863299803e-01
7.442000000000000455e+02 1.493582893898971475e-01
7.443999999999999773e+02 1.481825007798236449e-01
7.446000000000000227e+02 1.469124884676901721e-01
7.447999999999999545e+02 1.449656263386914778e-01
7.450000000000000000e+02 1.425541461162769252e-01
7.452000000000000455e+02 1.402395093275024540e-01
7.453999999999999773e+02 1.380734558320695915e-01
7.456000000000000227e+02 1.363756324433644807e-01
7.457999999999999545e+02 1.353464609408552011e-01
7.460000000000000000e+02 1.344139903610483688e-01
7.462000000000000455e+02 1.332016727604093675e-01
7.463999999999999773e+02 1.318046349144398055e-01
7.466000000000000227e+02 1.308917910275276542e-01
7.467999999999999545e+02 1.304443007825230316e-01
7.470000000000000000e+02 1.299821923609372765e-01
7.472000000000000455e+02 1.290935658928004937e-01
7.473999999999999773e+02 1.280296662349753312e-01
7.476000000000000227e+02 1.271716396946182270e-01
7.477999999999999545e+02 1.263671115761819952e-01
7.480000000000000000e+02 1.255617605848034501e-01
7.482000000000000455e+02 1.247629031131851918e-01
7.483999999999999773e+02 1.239102000623735766e-01
7.486000000000000227e+02 1.229872133214177932e-01
7.487999999999999545e+02 1.219487361898740907e-01
7.490000000000000000e+02 1.206865980249003101e-01
7.492000000000000455e+02 1.195826762568855395e-01
7.493999999999999773e+02 1.187377565943368019e-01
7.496000000000000227e+02 1.173295163450218392e-01
7.497999999999999545e+02 1.157826108226798767e-01
7.500000000000000000e+02 1.146569875338676325e-01
