6.800000000000000000e+02 7.778940907040280406e-01
6.802000000000000455e+02 7.644752156641761998e-01
6.803999999999999773e+02 7.523567330890120752e-01
6.806000000000000227e+02 7.407366019697423365e-01
6.807999999999999545e+02 7.297120887929960942e-01
6.810000000000000000e+02 7.194072815356714612e-01
6.812000000000000455e+02 7.098280194682081712e-01
6.813999999999999773e+02 7.007921746739396163e-01
6.816000000000000227e+02 6.918806501355359018e-01
6.817999999999999545e+02 6.832597459939160345e-01
6.820000000000000000e+02 6.753256518142477516e-01
6.822000000000000455e+02 6.677326872927553669e-01
6.823999999999999773e+02 6.604042152327287418e-01
6.826000000000000227e+02 6.535167418506977466e-01
6.827999999999999545e+02 6.471624132287727704e-01
6.830000000000000000e+02 6.406684844747468910e-01
6.832000000000000455e+02 6.336890511654463820e-01
6.833999999999999773e+02 6.268191223046550853e-01
6.836000000000000227e+02 6.201841335585930315e-01
6.837999999999999545e+02 6.136864235445247395e-01
6.840000000000000000e+02 6.072659188184852397e-01
6.842000000000000455e+02 6.011488811899046159e-01
6.843999999999999773e+02 5.953483374821564311e-01
6.846000000000000227e+02 5.896600605610927692e-01
6.847999999999999545e+02 5.839783286429020004e-01
6.850000000000000000e+02 5.782143465067413057e-01
6.852000000000000455e+02 5.722938614556452031e-01
6.853999999999999773e+02 5.661831496715977741e-01
6.856000000000000227e+02 5.598982200578981328e-01
6.857999999999999545e+02 5.536235049153531707e-01
6.860000000000000000e+02 5.477160052389500322e-01
6.862000000000000455e+02 5.421499321514628988e-01
6.863999999999999773e+02 5.366539694886042211e-01
6.866000000000000227e+02 5.308969141048908158e-01
6.867999999999999545e+02 5.248277246548050945e-01
6.870000000000000000e+02 5.190010616689365586e-01
6.872000000000000455e+02 5.140008890213978443e-01
6.873999999999999773e+02 5.089853667829892236e-01
6.876000000000000227e+02 5.039182402968626073e-01
6.877999999999999545e+02 4.994422606059342185e-01
6.880000000000000000e+02 4.958994743516395021e-01
6.882000000000000455e+02 4.932960883771843053e-01
6.883999999999999773e+02 4.914404138077561601e-01
6.886000000000000227e+02 4.902720842901815423e-01
6.887999999999999545e+02 4.910305411906266126e-01
6.890000000000000000e+02 4.948422639148987168e-01
6.892000000000000455e+02 5.021778949893854760e-01
6.893999999999999773e+02 5.144074934589510928e-01
6.896000000000000227e+02 5.321574949983819414e-01
6.897999999999999545e+02 5.550531606441757582e-01
6.900000000000000000e+02 5.829369352809344873e-01
6.902000000000000455e+02 6.160324406523023377e-01
6.903999999999999773e+02 6.554719833095554726e-01
6.906000000000000227e+02 7.038506749420753161e-01
6.907999999999999545e+02 7.616953978895081301e-01
6.910000000000000000e+02 8.275959465905575740e-01
6.912000000000000455e+02 8.991030956351454551e-01
6.913999999999999773e+02 9.740654111994396791e-01
6.916000000000000227e+02 1.050946403248600891e+00
6.917999999999999545e+02 1.128477615133973710e+00
6.920000000000000000e+02 1.203636404909778079e+00
6.922000000000000455e+02 1.274901433650510674e+00
6.923999999999999773e+02 1.341801135197217221e+00
6.926000000000000227e+02 1.399314868869353745e+00
6.927999999999999545e+02 1.444342219828721685e+00
6.930000000000000000e+02 1.476673927454791979e+00
6.932000000000000455e+02 1.496956390186607866e+00
6.933999999999999773e+02 1.504403124640395273e+00
6.936000000000000227e+02 1.497506368459067705e+00
6.937999999999999545e+02 1.475474892627596235e+00
6.940000000000000000e+02 1.438519101062349481e+00
6.942000000000000455e+02 1.388482654873099964e+00
6.943999999999999773e+02 1.328955704890036005e+00
6.946000000000000227e+02 1.262915180424700301e+00
6.947999999999999545e+02 1.192246166547914044e+00
6.950000000000000000e+02 1.118114345302890333e+00
6.952000000000000455e+02 1.042629624506725916e+00
6.953999999999999773e+02 9.667150538055616638e-01
6.956000000000000227e+02 8.910808751055491195e-01
6.957999999999999545e+02 8.195993487635926389e-01
6.960000000000000000e+02 7.544060466897020145e-01
6.962000000000000455e+02 6.959038947172041523e-01
6.963999999999999773e+02 6.443032340948635639e-01
6.966000000000000227e+02 6.004012107916291141e-01
6.967999999999999545e+02 5.644017600661667133e-01
6.970000000000000000e+02 5.349435118349269436e-01
6.972000000000000455e+02 5.104336093246786277e-01
6.973999999999999773e+02 4.896708084694559870e-01
6.976000000000000227e+02 4.721277415813178724e-01
6.977999999999999545e+02 4.571003367568327036e-01
6.980000000000000000e+02 4.441980196903478895e-01
6.982000000000000455e+02 4.336269725356328708e-01
6.983999999999999773e+02 4.251163174035526016e-01
6.986000000000000227e+02 4.180493986143706264e-01
6.987999999999999545e+02 4.117163565017923910e-01
6.990000000000000000e+02 4.060406968803931260e-01
6.992000000000000455e+02 4.012688515523907817e-01
6.993999999999999773e+02 3.976452281908208208e-01
6.996000000000000227e+02 3.948418020216050150e-01
6.997999999999999545e+02 3.923869164541118337e-01
7.000000000000000000e+02 3.899606457854651875e-01
7.002000000000000455e+02 3.874481473514660435e-01
7.003999999999999773e+02 3.849442746990456854e-01
7.006000000000000227e+02 3.826614703257484873e-01
7.007999999999999545e+02 3.803785124083683966e-01
7.010000000000000000e+02 3.782221829526581924e-01
7.012000000000000455e+02 3.767838048930722827e-01
7.013999999999999773e+02 3.752754104208787522e-01
7.016000000000000227e+02 3.732309391011493505e-01
7.017999999999999545e+02 3.712533419164956161e-01
7.020000000000000000e+02 3.696570391318398929e-01
7.022000000000000455e+02 3.684442495265238815e-01
7.023999999999999773e+02 3.674321548247593272e-01
7.026000000000000227e+02 3.667433315228644242e-01
7.027999999999999545e+02 3.665482376887077010e-01
7.030000000000000000e+02 3.669032227310548011e-01
7.032000000000000455e+02 3.676725632436148583e-01
7.033999999999999773e+02 3.687097687957175962e-01
7.036000000000000227e+02 3.699020315552674631e-01
7.037999999999999545e+02 3.710074411037858066e-01
7.040000000000000000e+02 3.721304128318355664e-01
7.042000000000000455e+02 3.737082685633799084e-01
7.043999999999999773e+02 3.755432928984048235e-01
7.046000000000000227e+02 3.773873564030073569e-01
7.047999999999999545e+02 3.792097499298994201e-01
7.050000000000000000e+02 3.811678887969405238e-01
7.052000000000000455e+02 3.832508754178617361e-01
7.053999999999999773e+02 3.852552727879779981e-01
7.056000000000000227e+02 3.872370042426376280e-01
7.057999999999999545e+02 3.890907609284586233e-01
7.060000000000000000e+02 3.904994002292578870e-01
7.062000000000000455e+02 3.913843260144658220e-01
7.063999999999999773e+02 3.917620811815385462e-01
7.066000000000000227e+02 3.916965199613960946e-01
7.067999999999999545e+02 3.913380565283364199e-01
7.070000000000000000e+02 3.908385241209847427e-01
7.072000000000000455e+02 3.902827107159440034e-01
7.073999999999999773e+02 3.895724339427580896e-01
7.076000000000000227e+02 3.886244973257244606e-01
7.077999999999999545e+02 3.874436998589285697e-01
7.080000000000000000e+02 3.861214665607139995e-01
7.082000000000000455e+02 3.845060342695917344e-01
7.083999999999999773e+02 3.824268529701253527e-01
7.086000000000000227e+02 3.806167705260684597e-01
7.087999999999999545e+02 3.792691978418204490e-01
7.090000000000000000e+02 3.778764591601481149e-01
7.092000000000000455e+02 3.760824744738008318e-01
7.093999999999999773e+02 3.742461681584429156e-01
7.096000000000000227e+02 3.730551911823953848e-01
7.097999999999999545e+02 3.721208794879659054e-01
7.100000000000000000e+02 3.713198765132396106e-01
7.102000000000000455e+02 3.709764809224346260e-01
7.103999999999999773e+02 3.713128539136176798e-01
7.106000000000000227e+02 3.722546926665604161e-01
7.107999999999999545e+02 3.734680903833723642e-01
7.110000000000000000e+02 3.745966385929193621e-01
7.112000000000000455e+02 3.760547700605990640e-01
7.113999999999999773e+02 3.785592808444883106e-01
7.116000000000000227e+02 3.815970755985651497e-01
7.117999999999999545e+02 3.844814633300494000e-01
7.120000000000000000e+02 3.867802997224684125e-01
7.122000000000000455e+02 3.886518298078112110e-01
7.123999999999999773e+02 3.905435175827135508e-01
7.126000000000000227e+02 3.926746998860061177e-01
7.127999999999999545e+02 3.941972155179103154e-01
7.130000000000000000e+02 3.952191504053370608e-01
7.132000000000000455e+02 3.963896205583018473e-01
7.133999999999999773e+02 3.972231414979016106e-01
7.136000000000000227e+02 3.972684567384794363e-01
7.137999999999999545e+02 3.964672375710383001e-01
7.140000000000000000e+02 3.953053795842672580e-01
7.142000000000000455e+02 3.938477370894118978e-01
7.143999999999999773e+02 3.918216390138635763e-01
7.146000000000000227e+02 3.891428164427860326e-01
7.147999999999999545e+02 3.862583365660514634e-01
7.150000000000000000e+02 3.836871137859637626e-01
7.152000000000000455e+02 3.811526264461941871e-01
7.153999999999999773e+02 3.784111633688896914e-01
7.156000000000000227e+02 3.754706318850001834e-01
7.157999999999999545e+02 3.726750950657197192e-01
7.160000000000000000e+02 3.703269068644088335e-01
7.162000000000000455e+02 3.684605160882299391e-01
7.163999999999999773e+02 3.666226007295365630e-01
7.166000000000000227e+02 3.646628626392458550e-01
7.167999999999999545e+02 3.628094194757948143e-01
7.170000000000000000e+02 3.615284796431440517e-01
7.172000000000000455e+02 3.604913379207919100e-01
7.173999999999999773e+02 3.592016312836044944e-01
7.176000000000000227e+02 3.580371444632431954e-01
7.177999999999999545e+02 3.571047528650999059e-01
7.180000000000000000e+02 3.560592874737988911e-01
7.182000000000000455e+02 3.541991512649842466e-01
7.183999999999999773e+02 3.519341281220503825e-01
7.186000000000000227e+02 3.500081039026072816e-01
7.187999999999999545e+02 3.482645536013107002e-01
7.190000000000000000e+02 3.462641707418802062e-01
7.192000000000000455e+02 3.438086281920289533e-01
7.193999999999999773e+02 3.413926194322672858e-01
7.196000000000000227e+02 3.390474734562559656e-01
7.197999999999999545e+02 3.366522436579404420e-01
7.200000000000000000e+02 3.344222646717104341e-01
7.202000000000000455e+02 3.322036263516555676e-01
7.203999999999999773e+02 3.298789522770586569e-01
7.206000000000000227e+02 3.278292557054487411e-01
7.207999999999999545e+02 3.259031131898560973e-01
7.210000000000000000e+02 3.239067778905342365e-01
7.212000000000000455e+02 3.222007805943954972e-01
7.213999999999999773e+02 3.210093195856794646e-01
7.216000000000000227e+02 3.203528729043464418e-01
7.217999999999999545e+02 3.200594891598069758e-01
7.220000000000000000e+02 3.198964343121650789e-01
7.222000000000000455e+02 3.197566679458500039e-01
7.223999999999999773e+02 3.197951671915166827e-01
7.226000000000000227e+02 3.200443105018736523e-01
7.227999999999999545e+02 3.204207634235067825e-01
7.230000000000000000e+02 3.208082338847725312e-01
7.232000000000000455e+02 3.214018075945661579e-01
7.233999999999999773e+02 3.222409242551473874e-01
7.236000000000000227e+02 3.228920135494358634e-01
7.237999999999999545e+02 3.235939685339981331e-01
7.240000000000000000e+02 3.246623787015281426e-01
7.242000000000000455e+02 3.259322385219405316e-01
7.243999999999999773e+02 3.271244020400264629e-01
7.246000000000000227e+02 3.280645757948216223e-01
7.247999999999999545e+02 3.288132864968105196e-01
7.250000000000000000e+02 3.294860104118642052e-01
7.252000000000000455e+02 3.301818049673572730e-01
7.253999999999999773e+02 3.309620458855097036e-01
7.256000000000000227e+02 3.319719457143588404e-01
7.257999999999999545e+02 3.329890974909688328e-01
7.260000000000000000e+02 3.332965604801978454e-01
7.262000000000000455e+02 3.332113348075231851e-01
7.263999999999999773e+02 3.330580864633554405e-01
7.266000000000000227e+02 3.325334796147648708e-01
7.267999999999999545e+02 3.317791395038327540e-01
7.270000000000000000e+02 3.308531281616786668e-01
7.272000000000000455e+02 3.294199012590046660e-01
7.273999999999999773e+02 3.274265614313501827e-01
7.276000000000000227e+02 3.251474999524235354e-01
7.277999999999999545e+02 3.230350820458528505e-01
7.280000000000000000e+02 3.208073115535563513e-01
7.282000000000000455e+02 3.180580989250074708e-01
7.283999999999999773e+02 3.147171671233747192e-01
7.286000000000000227e+02 3.112780134491608397e-01
7.287999999999999545e+02 3.079483412740690040e-01
7.290000000000000000e+02 3.043627223466838227e-01
7.292000000000000455e+02 3.007152956566175872e-01
7.293999999999999773e+02 2.973580628664138636e-01
7.296000000000000227e+02 2.945484978227844719e-01
7.297999999999999545e+02 2.924543136234474261e-01
7.300000000000000000e+02 2.908773275671076020e-01
7.302000000000000455e+02 2.892930175199207588e-01
7.303999999999999773e+02 2.877990379663568632e-01
7.306000000000000227e+02 2.866753846002584316e-01
7.307999999999999545e+02 2.859850666078705972e-01
7.310000000000000000e+02 2.849265583068141261e-01
7.312000000000000455e+02 2.832893669315145191e-01
7.313999999999999773e+02 2.818027014308933653e-01
7.316000000000000227e+02 2.804496764694256461e-01
7.317999999999999545e+02 2.789008155774558295e-01
7.320000000000000000e+02 2.768905729721684583e-01
7.322000000000000455e+02 2.747835490505472489e-01
7.323999999999999773e+02 2.728740346047782150e-01
7.326000000000000227e+02 2.709534432227018730e-01
7.327999999999999545e+02 2.679350340425132870e-01
7.330000000000000000e+02 2.634064429125336781e-01
7.332000000000000455e+02 2.580070633364949240e-01
7.333999999999999773e+02 2.523471664979863860e-01
7.336000000000000227e+02 2.466488717554049803e-01
7.337999999999999545e+02 2.407148930026127565e-01
7.340000000000000000e+02 2.342913923459414016e-01
7.342000000000000455e+02 2.275962074714173722e-01
7.343999999999999773e+02 2.211552337134287394e-01
7.346000000000000227e+02 2.146023793560762616e-01
7.347999999999999545e+02 2.078815646500522807e-01
7.350000000000000000e+02 2.014589114191951691e-01
7.352000000000000455e+02 1.955198923746872264e-01
7.353999999999999773e+02 1.899263599366435018e-01
7.356000000000000227e+02 1.843339810756113029e-01
7.357999999999999545e+02 1.785901249521092693e-01
7.360000000000000000e+02 1.729857293631733295e-01
7.362000000000000455e+02 1.680079898514054426e-01
7.363999999999999773e+02 1.633796974326239548e-01
7.366000000000000227e+02 1.587816361167014023e-01
7.367999999999999545e+02 1.540799113846003932e-01
7.370000000000000000e+02 1.492920611951622234e-01
7.372000000000000455e+02 1.445863386506981707e-01
7.373999999999999773e+02 1.401357968549602206e-01
7.376000000000000227e+02 1.357488750129987876e-01
7.377999999999999545e+02 1.314850284724833340e-01
7.380000000000000000e+02 1.274857813461829359e-01
7.382000000000000455e+02 1.231441216326458199e-01
7.383999999999999773e+02 1.185687643139802794e-01
7.386000000000000227e+02 1.143532523593006334e-01
7.387999999999999545e+02 1.100772199060897072e-01
7.390000000000000000e+02 1.056088716270859595e-01
7.392000000000000455e+02 1.012514429599122023e-01
7.393999999999999773e+02 9.726021364143463965e-02
7.396000000000000227e+02 9.362861687635035124e-02
7.397999999999999545e+02 9.013874688682799174e-02
7.400000000000000000e+02 8.657468085715841477e-02
7.402000000000000455e+02 8.280376354596857835e-02
7.403999999999999773e+02 7.888250022528278671e-02
7.406000000000000227e+02 7.522219744977204359e-02
7.407999999999999545e+02 7.184772166778569114e-02
7.410000000000000000e+02 6.846707053959869005e-02
7.412000000000000455e+02 6.494948295737704158e-02
7.413999999999999773e+02 6.158928750493472548e-02
7.416000000000000227e+02 5.864009997244312711e-02
7.417999999999999545e+02 5.542126584755002749e-02
7.420000000000000000e+02 5.214229083426644151e-02
7.422000000000000455e+02 4.940257674075257399e-02
7.423999999999999773e+02 4.666354820337748066e-02
7.426000000000000227e+02 4.356069196132431043e-02
7.427999999999999545e+02 4.016000388406873456e-02
7.430000000000000000e+02 3.692474218411725961e-02
7.432000000000000455e+02 3.405020742896630592e-02
7.433999999999999773e+02 3.155151198472758156e-02
7.436000000000000227e+02 2.956549141407965875e-02
7.437999999999999545e+02 2.777848336605048818e-02
7.440000000000000000e+02 2.586912251579148725e-02
7.442000000000000455e+02 2.431299677730505704e-02
7.443999999999999773e+02 2.322111870894041918e-02
7.446000000000000227e+02 2.229563115019977948e-02
7.447999999999999545e+02 2.108645552411636537e-02
7.450000000000000000e+02 1.953421853818174125e-02
7.452000000000000455e+02 1.779377276535482055e-02
7.453999999999999773e+02 1.589076675432504748e-02
7.456000000000000227e+02 1.398961883509799997e-02
7.457999999999999545e+02 1.247335625321019381e-02
7.460000000000000000e+02 1.191755662131754878e-02
7.462000000000000455e+02 1.200101540729461846e-02
7.463999999999999773e+02 1.202435228274154055e-02
7.466000000000000227e+02 1.176081291972094767e-02
7.467999999999999545e+02 1.133295121597116539e-02
7.470000000000000000e+02 1.087739705826468173e-02
7.472000000000000455e+02 1.020890345986529002e-02
7.473999999999999773e+02 9.366922191630142058e-03
7.476000000000000227e+02 8.509059992834466790e-03
7.477999999999999545e+02 7.699939202567923635e-03
7.480000000000000000e+02 6.921986165563942528e-03
7.482000000000000455e+02 6.261568849604964848e-03
7.483999999999999773e+02 6.044311306350927393e-03
7.486000000000000227e+02 6.018810076101124840e-03
7.487999999999999545e+02 5.787285174776113372e-03
7.490000000000000000e+02 5.339795645661199464e-03
7.492000000000000455e+02 4.658081142205033887e-03
7.493999999999999773e+02 3.630975994668952933e-03
7.496000000000000227e+02 2.111971361658804280e-03
7.497999999999999545e+02 7.095899514240472383e-04
7.500000000000000000e+02 0.000000000000000000e+00
