6.500000000000000000e+02 2.298631383785484927e-03
6.502000000000000455e+02 8.058078283563474553e-04
6.503999999999999773e+02 6.182555994990734938e-04
6.506000000000000227e+02 3.383897896719889609e-04
6.507999999999999545e+02 0.000000000000000000e+00
6.510000000000000000e+02 1.093038988710048898e-03
6.512000000000000455e+02 2.148935248677666388e-03
6.513999999999999773e+02 2.774257716728539824e-03
6.516000000000000227e+02 3.546687686011268381e-03
6.517999999999999545e+02 3.941607309609421184e-03
6.520000000000000000e+02 3.637666283150375879e-03
6.522000000000000455e+02 3.056687191560727990e-03
6.523999999999999773e+02 3.410190117972805579e-03
6.526000000000000227e+02 4.445960311381572105e-03
6.527999999999999545e+02 5.786358652484779874e-03
6.530000000000000000e+02 7.853267087653437173e-03
6.532000000000000455e+02 1.075357953570943437e-02
6.533999999999999773e+02 1.394911746695119692e-02
6.536000000000000227e+02 1.655825617272439765e-02
6.537999999999999545e+02 1.861472932435981331e-02
6.540000000000000000e+02 2.005360006876884260e-02
6.542000000000000455e+02 2.101707549674319830e-02
6.543999999999999773e+02 2.292305075627816546e-02
6.546000000000000227e+02 2.576069321551090197e-02
6.547999999999999545e+02 2.896706860093728464e-02
6.550000000000000000e+02 3.301800943935742638e-02
6.552000000000000455e+02 3.770973225313845045e-02
6.553999999999999773e+02 4.260963311471330228e-02
6.556000000000000227e+02 4.758266526001320162e-02
6.557999999999999545e+02 5.263627535898968146e-02
6.560000000000000000e+02 5.843989596200249714e-02
6.562000000000000455e+02 6.610263409781080846e-02
6.563999999999999773e+02 7.544632996981390227e-02
6.566000000000000227e+02 8.665074757378890546e-02
6.567999999999999545e+02 1.001166354318666074e-01
6.570000000000000000e+02 1.149119001837339005e-01
6.572000000000000455e+02 1.302011067873392602e-01
6.573999999999999773e+02 1.455761394998825453e-01
6.576000000000000227e+02 1.610528527710312907e-01
6.577999999999999545e+02 1.768675774279609980e-01
6.580000000000000000e+02 1.927021956543848447e-01
6.582000000000000455e+02 2.073531864325449670e-01
6.583999999999999773e+02 2.210094233563394961e-01
6.586000000000000227e+02 2.338176259978144156e-01
6.587999999999999545e+02 2.453243849595364012e-01
6.590000000000000000e+02 2.560938045961685949e-01
6.592000000000000455e+02 2.656679547262988939e-01
6.593999999999999773e+02 2.725719780279096671e-01
6.596000000000000227e+02 2.764628351613878099e-01
6.597999999999999545e+02 2.780586205765809837e-01
6.600000000000000000e+02 2.781508051168329887e-01
6.602000000000000455e+02 2.762989678282022354e-01
6.603999999999999773e+02 2.731384927645800764e-01
6.606000000000000227e+02 2.693678092961726556e-01
6.607999999999999545e+02 2.646159597812307029e-01
6.610000000000000000e+02 2.598049233395710589e-01
6.612000000000000455e+02 2.556575084157217681e-01
6.613999999999999773e+02 2.516641750882900874e-01
6.616000000000000227e+02 2.469881583768718247e-01
6.617999999999999545e+02 2.427188161648636266e-01
6.620000000000000000e+02 2.411117412268781734e-01
6.622000000000000455e+02 2.408154976506663991e-01
6.623999999999999773e+02 2.410079628125538775e-01
6.626000000000000227e+02 2.421814371968578627e-01
6.627999999999999545e+02 2.451729399863907810e-01
6.630000000000000000e+02 2.496642420752560043e-01
6.632000000000000455e+02 2.551514954547264291e-01
6.633999999999999773e+02 2.622351182677910009e-01
6.636000000000000227e+02 2.711934114604965806e-01
6.637999999999999545e+02 2.816749285865773333e-01
6.640000000000000000e+02 2.927845429094723118e-01
6.642000000000000455e+02 3.041021408804934212e-01
6.643999999999999773e+02 3.159577639550412154e-01
6.646000000000000227e+02 3.292502238931561132e-01
6.647999999999999545e+02 3.444405469482809679e-01
6.650000000000000000e+02 3.607413194509159204e-01
6.652000000000000455e+02 3.771759384804762028e-01
6.653999999999999773e+02 3.950882111257078000e-01
6.656000000000000227e+02 4.149926444175577323e-01
6.657999999999999545e+02 4.364615750435738573e-01
6.660000000000000000e+02 4.589075347965433371e-01
6.662000000000000455e+02 4.819371167986121751e-01
6.663999999999999773e+02 5.057766047626850447e-01
6.666000000000000227e+02 5.310479106124816884e-01
6.667999999999999545e+02 5.557542595400462027e-01
6.670000000000000000e+02 5.793153704194657916e-01
6.672000000000000455e+02 6.035540162527412988e-01
6.673999999999999773e+02 6.275597426824334191e-01
6.676000000000000227e+02 6.506517061115061340e-01
6.677999999999999545e+02 6.731899882652083722e-01
6.680000000000000000e+02 6.956016236351426629e-01
6.682000000000000455e+02 7.169897892268891626e-01
6.683999999999999773e+02 7.359154956727798069e-01
6.686000000000000227e+02 7.519895428140898064e-01
6.687999999999999545e+02 7.650690895377215694e-01
6.690000000000000000e+02 7.756244696330815147e-01
6.692000000000000455e+02 7.846917978590267628e-01
6.693999999999999773e+02 7.904464114289274645e-01
6.696000000000000227e+02 7.918740858233097590e-01
6.697999999999999545e+02 7.905257365309118489e-01
6.700000000000000000e+02 7.871555332025121920e-01
6.702000000000000455e+02 7.821658249703260513e-01
6.703999999999999773e+02 7.757923863905200612e-01
6.706000000000000227e+02 7.678791637452929697e-01
6.707999999999999545e+02 7.584234749804311670e-01
6.710000000000000000e+02 7.477690011468490772e-01
6.712000000000000455e+02 7.365550189744930476e-01
6.713999999999999773e+02 7.242723886142791168e-01
6.716000000000000227e+02 7.108735627713019811e-01
6.717999999999999545e+02 6.983728518119822759e-01
6.720000000000000000e+02 6.873597722621616057e-01
6.722000000000000455e+02 6.773823321091478888e-01
6.723999999999999773e+02 6.679706567153859131e-01
6.726000000000000227e+02 6.607006829087265221e-01
6.727999999999999545e+02 6.555854872222780516e-01
6.730000000000000000e+02 6.508937025898986484e-01
6.732000000000000455e+02 6.477069263407854161e-01
6.733999999999999773e+02 6.460554405110674470e-01
6.736000000000000227e+02 6.448643050733101623e-01
6.737999999999999545e+02 6.441910846000206137e-01
6.740000000000000000e+02 6.445676157795993122e-01
6.742000000000000455e+02 6.460193849230532193e-01
6.743999999999999773e+02 6.472070086714598602e-01
6.746000000000000227e+02 6.471864916605845064e-01
6.747999999999999545e+02 6.460248167299559308e-01
6.750000000000000000e+02 6.446697930199917215e-01
6.752000000000000455e+02 6.425120817797443928e-01
6.753999999999999773e+02 6.389304317390559484e-01
6.756000000000000227e+02 6.340877604981051130e-01
6.757999999999999545e+02 6.285127399384619062e-01
6.760000000000000000e+02 6.225069114944769000e-01
6.762000000000000455e+02 6.160942179449995226e-01
6.763999999999999773e+02 6.093195828312250040e-01
6.766000000000000227e+02 6.021575060893181730e-01
6.767999999999999545e+02 5.946216315418345610e-01
6.770000000000000000e+02 5.869229082438329748e-01
6.772000000000000455e+02 5.791642849448158659e-01
6.773999999999999773e+02 5.713687849452332435e-01
6.776000000000000227e+02 5.637563677372529058e-01
6.777999999999999545e+02 5.578203299506657720e-01
6.780000000000000000e+02 5.532941008628960988e-01
6.782000000000000455e+02 5.478411342573504816e-01
6.783999999999999773e+02 5.429097940676383960e-01
6.786000000000000227e+02 5.391661900496325099e-01
6.787999999999999545e+02 5.355203268278030393e-01
6.790000000000000000e+02 5.314627562675980910e-01
6.792000000000000455e+02 5.280748013218102832e-01
6.793999999999999773e+02 5.261739871041247740e-01
6.796000000000000227e+02 5.234481016588491409e-01
6.797999999999999545e+02 5.196778819519120018e-01
6.800000000000000000e+02 5.162912956728379354e-01
6.802000000000000455e+02 5.146158644115675918e-01
6.803999999999999773e+02 5.131034723926799490e-01
6.806000000000000227e+02 5.104427403999215462e-01
6.807999999999999545e+02 5.072799583684550750e-01
6.810000000000000000e+02 5.038232625587800717e-01
6.812000000000000455e+02 5.005983941008923521e-01
6.813999999999999773e+02 4.979948246921914734e-01
6.816000000000000227e+02 4.941096711757270166e-01
6.817999999999999545e+02 4.891985668449724267e-01
6.820000000000000000e+02 4.849619359268381169e-01
6.822000000000000455e+02 4.810889206939580331e-01
6.823999999999999773e+02 4.767971606843474097e-01
6.826000000000000227e+02 4.719231177880462980e-01
6.827999999999999545e+02 4.673751528579459524e-01
6.830000000000000000e+02 4.616265046346570422e-01
6.832000000000000455e+02 4.539020167963405683e-01
6.833999999999999773e+02 4.460950641393381932e-01
6.836000000000000227e+02 4.385806361738935344e-01
6.837999999999999545e+02 4.312206869737913451e-01
6.840000000000000000e+02 4.241444354155096130e-01
6.842000000000000455e+02 4.180778847577744650e-01
6.843999999999999773e+02 4.129307283737674861e-01
6.846000000000000227e+02 4.081155726377063697e-01
6.847999999999999545e+02 4.040105293279532273e-01
6.850000000000000000e+02 4.004324695179797833e-01
6.852000000000000455e+02 3.968640109365825230e-01
6.853999999999999773e+02 3.932220293633466035e-01
6.856000000000000227e+02 3.901358222737224546e-01
6.857999999999999545e+02 3.885560292770930402e-01
6.860000000000000000e+02 3.894222409100351334e-01
6.862000000000000455e+02 3.936520970633688998e-01
6.863999999999999773e+02 4.002746151963319510e-01
6.866000000000000227e+02 4.066986302403099440e-01
6.867999999999999545e+02 4.134918833303999897e-01
6.870000000000000000e+02 4.223158555901726507e-01
6.872000000000000455e+02 4.341436513900491789e-01
6.873999999999999773e+02 4.473831367851683893e-01
6.876000000000000227e+02 4.627477575646390395e-01
6.877999999999999545e+02 4.825582926356531965e-01
6.880000000000000000e+02 5.082187033596042847e-01
6.882000000000000455e+02 5.420466097619869306e-01
6.883999999999999773e+02 5.884237971587508165e-01
6.886000000000000227e+02 6.555160396484482899e-01
6.887999999999999545e+02 7.594421939699432800e-01
6.890000000000000000e+02 9.242402005671794818e-01
6.892000000000000455e+02 1.179254833175692685e+00
6.893999999999999773e+02 1.548059235067220873e+00
6.896000000000000227e+02 2.037267058148182208e+00
6.897999999999999545e+02 2.641459798445667140e+00
6.900000000000000000e+02 3.367615830509571140e+00
6.902000000000000455e+02 4.230313453682411406e+00
6.903999999999999773e+02 5.256941643721256163e+00
6.906000000000000227e+02 6.494306179804063994e+00
6.907999999999999545e+02 7.951306804453370347e+00
6.910000000000000000e+02 9.602210492961122057e+00
6.912000000000000455e+02 1.139914915150868424e+01
6.913999999999999773e+02 1.327516071628662786e+01
6.916000000000000227e+02 1.518093805510225813e+01
6.917999999999999545e+02 1.709750177833073082e+01
6.920000000000000000e+02 1.897650176591630000e+01
6.922000000000000455e+02 2.077231065358557771e+01
6.923999999999999773e+02 2.243957509366361691e+01
6.926000000000000227e+02 2.388148451583761300e+01
6.927999999999999545e+02 2.503753665790229022e+01
6.930000000000000000e+02 2.589230920341800868e+01
6.932000000000000455e+02 2.644106095713161508e+01
6.933999999999999773e+02 2.666466821373870388e+01
6.936000000000000227e+02 2.654023236994914114e+01
6.937999999999999545e+02 2.606040411495093778e+01
6.940000000000000000e+02 2.523491449988848956e+01
6.942000000000000455e+02 2.410260609047706737e+01
6.943999999999999773e+02 2.273766074538982096e+01
6.946000000000000227e+02 2.122214449049598883e+01
6.947999999999999545e+02 1.960637941854479749e+01
6.950000000000000000e+02 1.790687650031723877e+01
6.952000000000000455e+02 1.616323073800646526e+01
6.953999999999999773e+02 1.440173889067319557e+01
6.956000000000000227e+02 1.264932693085904525e+01
6.957999999999999545e+02 1.098685986929359437e+01
6.960000000000000000e+02 9.467199687665754482e+00
6.962000000000000455e+02 8.112648087649994011e+00
6.963999999999999773e+02 6.935757136020991531e+00
6.966000000000000227e+02 5.944393370301686019e+00
6.967999999999999545e+02 5.125632506427307611e+00
6.970000000000000000e+02 4.437308983150397346e+00
6.972000000000000455e+02 3.857380125274754157e+00
6.973999999999999773e+02 3.371171745563176003e+00
6.976000000000000227e+02 2.960021911295933172e+00
6.977999999999999545e+02 2.610507040492330511e+00
6.980000000000000000e+02 2.313497586001459716e+00
6.982000000000000455e+02 2.062692612702538675e+00
6.983999999999999773e+02 1.850941148068370623e+00
6.986000000000000227e+02 1.673063496846495024e+00
6.987999999999999545e+02 1.527207894713827008e+00
6.990000000000000000e+02 1.408494647667585475e+00
6.992000000000000455e+02 1.311569486755431502e+00
6.993999999999999773e+02 1.232745401712676880e+00
6.996000000000000227e+02 1.170462047692875096e+00
6.997999999999999545e+02 1.122718481320213124e+00
7.000000000000000000e+02 1.086024824718957005e+00
7.002000000000000455e+02 1.058664861622898856e+00
7.003999999999999773e+02 1.039289849481455530e+00
7.006000000000000227e+02 1.026327859649883045e+00
7.007999999999999545e+02 1.019868112026386608e+00
7.010000000000000000e+02 1.020201872421070188e+00
7.012000000000000455e+02 1.026908183646195516e+00
7.013999999999999773e+02 1.038823066133117257e+00
7.016000000000000227e+02 1.054692247723625353e+00
7.017999999999999545e+02 1.073719871531816139e+00
7.020000000000000000e+02 1.096459872879657738e+00
7.022000000000000455e+02 1.123395124839538628e+00
7.023999999999999773e+02 1.154235327278659407e+00
7.026000000000000227e+02 1.188279854928155688e+00
7.027999999999999545e+02 1.224381836722063355e+00
7.030000000000000000e+02 1.261374901366738133e+00
7.032000000000000455e+02 1.300124551732128708e+00
7.033999999999999773e+02 1.340781283625678721e+00
7.036000000000000227e+02 1.382073633645189314e+00
7.037999999999999545e+02 1.424138383594892199e+00
7.040000000000000000e+02 1.467160921818216002e+00
7.042000000000000455e+02 1.510757636431235618e+00
7.043999999999999773e+02 1.554234961984228836e+00
7.046000000000000227e+02 1.596284416377145687e+00
7.047999999999999545e+02 1.635642467576502890e+00
7.050000000000000000e+02 1.674101315958397507e+00
7.052000000000000455e+02 1.712161554258339269e+00
7.053999999999999773e+02 1.748041723332298014e+00
7.056000000000000227e+02 1.780970309243262939e+00
7.057999999999999545e+02 1.810226399901084138e+00
7.060000000000000000e+02 1.835040609609861040e+00
7.062000000000000455e+02 1.855732991878119131e+00
7.063999999999999773e+02 1.871276836284830658e+00
7.066000000000000227e+02 1.879522437301431648e+00
7.067999999999999545e+02 1.881168236606516109e+00
7.070000000000000000e+02 1.877403268707354300e+00
7.072000000000000455e+02 1.868831741109744149e+00
7.073999999999999773e+02 1.854962899229817941e+00
7.076000000000000227e+02 1.835619596711390633e+00
7.077999999999999545e+02 1.811966801894341783e+00
7.080000000000000000e+02 1.787955912390744695e+00
7.082000000000000455e+02 1.764517553389836957e+00
7.083999999999999773e+02 1.739768078672468521e+00
7.086000000000000227e+02 1.715055497898019032e+00
7.087999999999999545e+02 1.691198755317482316e+00
7.090000000000000000e+02 1.668286702805622301e+00
7.092000000000000455e+02 1.648535999442710454e+00
7.093999999999999773e+02 1.634278117065513847e+00
7.096000000000000227e+02 1.627237053477347262e+00
7.097999999999999545e+02 1.628271592794509948e+00
7.100000000000000000e+02 1.637831376864694155e+00
7.102000000000000455e+02 1.655859708141840914e+00
7.103999999999999773e+02 1.681259576794157384e+00
7.106000000000000227e+02 1.713816386072487541e+00
7.107999999999999545e+02 1.753914340828330420e+00
7.110000000000000000e+02 1.800588793176241431e+00
7.112000000000000455e+02 1.852550695034097306e+00
7.113999999999999773e+02 1.908249460988623802e+00
7.116000000000000227e+02 1.965422323024235807e+00
7.117999999999999545e+02 2.023072648516530236e+00
7.120000000000000000e+02 2.080672790826376684e+00
7.122000000000000455e+02 2.135548810273125930e+00
7.123999999999999773e+02 2.186725424763574566e+00
7.126000000000000227e+02 2.234548440294139127e+00
7.127999999999999545e+02 2.278040699752345688e+00
7.130000000000000000e+02 2.315469006615973768e+00
7.132000000000000455e+02 2.345407008347331512e+00
7.133999999999999773e+02 2.368464695196464298e+00
7.136000000000000227e+02 2.384718607705189619e+00
7.137999999999999545e+02 2.393775962907938037e+00
7.140000000000000000e+02 2.395892105891280544e+00
7.142000000000000455e+02 2.390667512874471434e+00
7.143999999999999773e+02 2.377262738250335516e+00
7.146000000000000227e+02 2.355439834274976718e+00
7.147999999999999545e+02 2.327664449304667649e+00
7.150000000000000000e+02 2.296836411728397920e+00
7.152000000000000455e+02 2.262014779969198308e+00
7.153999999999999773e+02 2.224523771033211972e+00
7.156000000000000227e+02 2.186462848248543978e+00
7.157999999999999545e+02 2.146611639500089375e+00
7.160000000000000000e+02 2.105365473019413791e+00
7.162000000000000455e+02 2.064253873327129618e+00
7.163999999999999773e+02 2.023816167407832545e+00
7.166000000000000227e+02 1.983498480062812819e+00
7.167999999999999545e+02 1.942757392921120152e+00
7.170000000000000000e+02 1.902623194397013995e+00
7.172000000000000455e+02 1.864211685736172797e+00
7.173999999999999773e+02 1.827953779870253870e+00
7.176000000000000227e+02 1.792941848881610678e+00
7.177999999999999545e+02 1.758928263436885464e+00
7.180000000000000000e+02 1.725946725903571011e+00
7.182000000000000455e+02 1.693477644359368650e+00
7.183999999999999773e+02 1.661689025391453800e+00
7.186000000000000227e+02 1.630492874119223945e+00
7.187999999999999545e+02 1.598435537189065281e+00
7.190000000000000000e+02 1.567146457008856020e+00
7.192000000000000455e+02 1.537594299227223349e+00
7.193999999999999773e+02 1.505352766637811923e+00
7.196000000000000227e+02 1.470239450665067560e+00
7.197999999999999545e+02 1.434857557058933697e+00
7.200000000000000000e+02 1.401224383851755517e+00
7.202000000000000455e+02 1.368479771299577097e+00
7.203999999999999773e+02 1.334596251780720388e+00
7.206000000000000227e+02 1.298620444510140359e+00
7.207999999999999545e+02 1.261761768764599667e+00
7.210000000000000000e+02 1.225818888127375272e+00
7.212000000000000455e+02 1.191460506697285648e+00
7.213999999999999773e+02 1.158610161206159228e+00
7.216000000000000227e+02 1.126885942399231899e+00
7.217999999999999545e+02 1.096155412811301133e+00
7.220000000000000000e+02 1.068117535291332132e+00
7.222000000000000455e+02 1.043088838286407194e+00
7.223999999999999773e+02 1.017585844601209377e+00
7.226000000000000227e+02 9.931772739100839242e-01
7.227999999999999545e+02 9.723101884839415732e-01
7.230000000000000000e+02 9.539569977809290169e-01
7.232000000000000455e+02 9.372976192172326471e-01
7.233999999999999773e+02 9.219272656715552516e-01
7.236000000000000227e+02 9.077370742868942077e-01
7.237999999999999545e+02 8.951662843256024127e-01
7.240000000000000000e+02 8.842183085988540858e-01
7.242000000000000455e+02 8.739145485573118766e-01
7.243999999999999773e+02 8.647586843812231638e-01
7.246000000000000227e+02 8.571134393647525940e-01
7.247999999999999545e+02 8.500325840234843611e-01
7.250000000000000000e+02 8.436404209043136815e-01
7.252000000000000455e+02 8.372075006354756654e-01
7.253999999999999773e+02 8.283646608215989859e-01
7.256000000000000227e+02 8.191906921329769053e-01
7.257999999999999545e+02 8.118169027416873851e-01
7.260000000000000000e+02 8.052875055146495598e-01
7.262000000000000455e+02 7.987767925971002159e-01
7.263999999999999773e+02 7.918512443102013743e-01
7.266000000000000227e+02 7.841928437810631314e-01
7.267999999999999545e+02 7.740314551827044420e-01
7.270000000000000000e+02 7.611141736262885260e-01
7.272000000000000455e+02 7.481696447453485277e-01
7.273999999999999773e+02 7.364716185650580504e-01
7.276000000000000227e+02 7.254892484567698752e-01
7.277999999999999545e+02 7.134352338290742557e-01
7.280000000000000000e+02 7.009874391393818849e-01
7.282000000000000455e+02 6.886711847159722177e-01
7.283999999999999773e+02 6.755827052067286953e-01
7.286000000000000227e+02 6.621229436211103492e-01
7.287999999999999545e+02 6.492558455009093121e-01
7.290000000000000000e+02 6.376650212933617778e-01
7.292000000000000455e+02 6.261623769567299380e-01
7.293999999999999773e+02 6.141849091971965935e-01
7.296000000000000227e+02 6.027024067268569318e-01
7.297999999999999545e+02 5.915717859093228004e-01
7.300000000000000000e+02 5.820106472766558570e-01
7.302000000000000455e+02 5.767247828785672104e-01
7.303999999999999773e+02 5.737861189539265050e-01
7.306000000000000227e+02 5.698259624531158973e-01
7.307999999999999545e+02 5.627428842754971239e-01
7.310000000000000000e+02 5.558130490037102023e-01
7.312000000000000455e+02 5.499927164648261702e-01
7.313999999999999773e+02 5.419384070103330231e-01
7.316000000000000227e+02 5.322373142903557008e-01
7.317999999999999545e+02 5.234200463610543252e-01
7.320000000000000000e+02 5.176278821844897404e-01
7.322000000000000455e+02 5.116107706232858598e-01
7.323999999999999773e+02 5.031719098282679825e-01
7.326000000000000227e+02 4.932970226402594305e-01
7.327999999999999545e+02 4.829408847656780912e-01
7.330000000000000000e+02 4.722079629427469172e-01
7.332000000000000455e+02 4.604783322897468834e-01
7.333999999999999773e+02 4.479110535192522002e-01
7.336000000000000227e+02 4.347948510954056101e-01
7.337999999999999545e+02 4.216451782243381685e-01
7.340000000000000000e+02 4.103932568168229822e-01
7.342000000000000455e+02 4.002126936891464704e-01
7.343999999999999773e+02 3.882679633226629456e-01
7.346000000000000227e+02 3.776267010322689188e-01
7.347999999999999545e+02 3.700803092498078373e-01
7.350000000000000000e+02 3.639757739167067130e-01
7.352000000000000455e+02 3.562343635646778028e-01
7.353999999999999773e+02 3.471179911711713695e-01
7.356000000000000227e+02 3.397512786412759667e-01
7.357999999999999545e+02 3.335982180080736548e-01
7.360000000000000000e+02 3.277277696166709942e-01
7.362000000000000455e+02 3.219333066247098696e-01
7.363999999999999773e+02 3.165912770125504649e-01
7.366000000000000227e+02 3.123517057108235462e-01
7.367999999999999545e+02 3.094471212225363144e-01
7.370000000000000000e+02 3.061311513948209440e-01
7.372000000000000455e+02 3.020961471075331306e-01
7.373999999999999773e+02 2.986105631848258168e-01
7.376000000000000227e+02 2.961061926951855106e-01
7.377999999999999545e+02 2.935556244977940987e-01
7.380000000000000000e+02 2.893661634256671222e-01
7.382000000000000455e+02 2.840132674540738478e-01
7.383999999999999773e+02 2.786858618244281161e-01
7.386000000000000227e+02 2.743172741937862646e-01
7.387999999999999545e+02 2.702553582903052254e-01
7.390000000000000000e+02 2.663636370707824774e-01
7.392000000000000455e+02 2.629692021096846077e-01
7.393999999999999773e+02 2.595123466343178809e-01
7.396000000000000227e+02 2.561753893457283104e-01
7.397999999999999545e+02 2.532802511871199425e-01
7.400000000000000000e+02 2.492272984591508700e-01
7.402000000000000455e+02 2.450579972614296276e-01
7.403999999999999773e+02 2.428178669695899017e-01
7.406000000000000227e+02 2.400268491544831351e-01
7.407999999999999545e+02 2.363322491872966724e-01
7.410000000000000000e+02 2.331168036096327167e-01
7.412000000000000455e+02 2.298209713441792257e-01
7.413999999999999773e+02 2.266261738347908894e-01
7.416000000000000227e+02 2.243895924562986366e-01
7.417999999999999545e+02 2.233310189583027627e-01
7.420000000000000000e+02 2.223283229896907409e-01
7.422000000000000455e+02 2.196551987753040946e-01
7.423999999999999773e+02 2.146997746148565089e-01
7.426000000000000227e+02 2.099947968650587304e-01
7.427999999999999545e+02 2.085503476435002224e-01
7.430000000000000000e+02 2.087414323965172680e-01
7.432000000000000455e+02 2.083718249329654104e-01
7.433999999999999773e+02 2.062695378397112478e-01
7.436000000000000227e+02 2.035116567958898948e-01
7.437999999999999545e+02 2.007927888471612854e-01
7.440000000000000000e+02 1.984500869503289522e-01
7.442000000000000455e+02 1.971804568391528623e-01
7.443999999999999773e+02 1.967621389171592128e-01
7.446000000000000227e+02 1.966265189265914981e-01
7.447999999999999545e+02 1.968478695589839789e-01
7.450000000000000000e+02 1.957129865407901126e-01
7.452000000000000455e+02 1.916456230205580424e-01
7.453999999999999773e+02 1.865172498197851247e-01
7.456000000000000227e+02 1.835592117677942725e-01
7.457999999999999545e+02 1.840062876623940746e-01
7.460000000000000000e+02 1.835451681412799130e-01
7.462000000000000455e+02 1.818102347685028319e-01
7.463999999999999773e+02 1.802139155906247181e-01
7.466000000000000227e+02 1.776305815405959665e-01
7.467999999999999545e+02 1.739194402310186294e-01
7.470000000000000000e+02 1.701485970346804932e-01
7.472000000000000455e+02 1.679868868237557322e-01
7.473999999999999773e+02 1.662794104055297095e-01
7.476000000000000227e+02 1.635348459963076040e-01
7.477999999999999545e+02 1.610433547181742142e-01
7.480000000000000000e+02 1.586062067532550690e-01
7.482000000000000455e+02 1.563295589328016211e-01
7.483999999999999773e+02 1.568728545737405056e-01
7.486000000000000227e+02 1.600767324694513383e-01
7.487999999999999545e+02 1.639068133737314747e-01
7.490000000000000000e+02 1.662164595180222748e-01
7.492000000000000455e+02 1.661716435982423523e-01
7.493999999999999773e+02 1.634915948885032055e-01
7.496000000000000227e+02 1.579303728712291022e-01
7.497999999999999545e+02 1.521441568984418513e-01
7.500000000000000000e+02 1.487729821523557372e-01
