4.200000000000000000e+02 6.561963639744152268e-04
4.205000000000000000e+02 5.861558423364632633e-04
4.210000000000000000e+02 3.375154949270334215e-04
4.215000000000000000e+02 5.627882905234254593e-04
4.220000000000000000e+02 6.164078692836739287e-04
4.225000000000000000e+02 3.303532085621296160e-04
4.230000000000000000e+02 3.462477266681770680e-04
4.235000000000000000e+02 2.699483914027278261e-04
4.240000000000000000e+02 5.516391521253822053e-04
4.245000000000000000e+02 4.369242428413225646e-04
4.250000000000000000e+02 2.613417902141423887e-04
4.255000000000000000e+02 1.864926066963753376e-04
4.260000000000000000e+02 2.013527933898071054e-04
4.265000000000000000e+02 3.705529565825073368e-04
4.270000000000000000e+02 2.542916092107411208e-04
4.275000000000000000e+02 1.853873497735117684e-04
4.280000000000000000e+02 2.225093573458144722e-04
4.285000000000000000e+02 3.940318126224732001e-04
4.290000000000000000e+02 3.110962590346967593e-04
4.295000000000000000e+02 2.866826278025355612e-04
4.300000000000000000e+02 2.263328655652419724e-04
4.305000000000000000e+02 2.993583575999951910e-04
4.310000000000000000e+02 4.240152622409327707e-04
4.315000000000000000e+02 4.135877849235714346e-04
4.320000000000000000e+02 6.461721599045709002e-04
4.325000000000000000e+02 6.274784170406918007e-04
4.330000000000000000e+02 5.428633198560411585e-04
4.335000000000000000e+02 3.252602554397595810e-04
4.340000000000000000e+02 3.068497882110256259e-04
4.345000000000000000e+02 2.239075321354708561e-04
4.350000000000000000e+02 0.000000000000000000e+00
4.355000000000000000e+02 2.379601269321277371e-05
4.360000000000000000e+02 1.074187242094512724e-04
4.365000000000000000e+02 1.853060872100990505e-04
4.370000000000000000e+02 2.831702746727941811e-04
4.375000000000000000e+02 3.890282051915361014e-04
4.380000000000000000e+02 5.385168011261083285e-04
4.385000000000000000e+02 4.313146753694013791e-04
4.390000000000000000e+02 3.978864803168957048e-04
4.395000000000000000e+02 4.351463016018250821e-04
4.400000000000000000e+02 3.382349810893943778e-04
4.405000000000000000e+02 3.739501695517542107e-04
4.410000000000000000e+02 4.154784797638930507e-04
4.415000000000000000e+02 5.249762408008592021e-04
4.420000000000000000e+02 6.029489917919470324e-04
4.425000000000000000e+02 8.264859573123960884e-04
4.430000000000000000e+02 9.954646146927460804e-04
4.435000000000000000e+02 9.930504528391850827e-04
4.440000000000000000e+02 1.052092848672132701e-03
4.445000000000000000e+02 1.311655075025327209e-03
4.450000000000000000e+02 1.485171287656149308e-03
4.455000000000000000e+02 1.548030150035282528e-03
4.460000000000000000e+02 1.683051536175344219e-03
4.465000000000000000e+02 1.903897261282919660e-03
4.470000000000000000e+02 2.163147595801192050e-03
4.475000000000000000e+02 2.149743655686573579e-03
4.480000000000000000e+02 2.224504872147954095e-03
4.485000000000000000e+02 2.563990840812903176e-03
4.490000000000000000e+02 2.794731712427424297e-03
4.495000000000000000e+02 3.075784009074623675e-03
4.500000000000000000e+02 3.396774159285301069e-03
4.505000000000000000e+02 3.664769076259894245e-03
4.510000000000000000e+02 4.223271553572147986e-03
4.515000000000000000e+02 4.529323509281258688e-03
4.520000000000000000e+02 4.760243582982228404e-03
4.525000000000000000e+02 5.121890825621423261e-03
4.530000000000000000e+02 5.418700958083731527e-03
4.535000000000000000e+02 5.911639828784505217e-03
4.540000000000000000e+02 6.556531771145928354e-03
4.545000000000000000e+02 7.174248394667097871e-03
4.550000000000000000e+02 7.751533017858017703e-03
4.555000000000000000e+02 8.429362156018076202e-03
4.560000000000000000e+02 9.078005273755317128e-03
4.565000000000000000e+02 9.755298838603525952e-03
4.570000000000000000e+02 1.039579049909755692e-02
4.575000000000000000e+02 1.120781912571780503e-02
4.580000000000000000e+02 1.246183104936246511e-02
4.585000000000000000e+02 1.375154153315812783e-02
4.590000000000000000e+02 1.547516009536143225e-02
4.595000000000000000e+02 1.757848829709418928e-02
4.600000000000000000e+02 1.993460677316505683e-02
4.605000000000000000e+02 2.249807985008630759e-02
4.610000000000000000e+02 2.351440035300695827e-02
4.615000000000000000e+02 2.702990856942384668e-02
4.620000000000000000e+02 3.099351213558471096e-02
4.625000000000000000e+02 3.519976135936982164e-02
4.630000000000000000e+02 3.958722119745292090e-02
4.635000000000000000e+02 4.439863966897053538e-02
4.640000000000000000e+02 5.137067437978797696e-02
4.645000000000000000e+02 5.703994079208736523e-02
4.650000000000000000e+02 6.245995001215030873e-02
4.655000000000000000e+02 6.849922397143885788e-02
4.660000000000000000e+02 7.484846615289070249e-02
4.665000000000000000e+02 8.208597689802780983e-02
4.670000000000000000e+02 9.003492846631934443e-02
4.675000000000000000e+02 9.875101354966685230e-02
4.680000000000000000e+02 1.082381840087016378e-01
4.685000000000000000e+02 1.177983505230919686e-01
4.690000000000000000e+02 1.272773323081896890e-01
4.695000000000000000e+02 1.351721001235436648e-01
4.700000000000000000e+02 1.414353999482720614e-01
4.705000000000000000e+02 1.455088843506010532e-01
4.710000000000000000e+02 1.469185295848072781e-01
4.715000000000000000e+02 1.460841334790797530e-01
4.720000000000000000e+02 1.436912697682324880e-01
4.725000000000000000e+02 1.402429848739973617e-01
4.730000000000000000e+02 1.358788909154780844e-01
4.735000000000000000e+02 1.313788468190844605e-01
4.740000000000000000e+02 1.276024742596758577e-01
4.745000000000000000e+02 1.247194907770199646e-01
4.750000000000000000e+02 1.220376419531638834e-01
4.755000000000000000e+02 1.205287607028239505e-01
4.760000000000000000e+02 1.201573157889484350e-01
4.765000000000000000e+02 1.211355185962028208e-01
4.770000000000000000e+02 1.231610227366401744e-01
4.775000000000000000e+02 1.269478395524114289e-01
4.780000000000000000e+02 1.326757064582185508e-01
4.785000000000000000e+02 1.405211910458598612e-01
4.790000000000000000e+02 1.504526542658368993e-01
4.795000000000000000e+02 1.622627303161983670e-01
4.800000000000000000e+02 1.759577587895126694e-01
4.805000000000000000e+02 1.908396023806285258e-01
4.810000000000000000e+02 2.071025007659063610e-01
4.815000000000000000e+02 2.240653296792582405e-01
4.820000000000000000e+02 2.428968544738776547e-01
4.825000000000000000e+02 2.637909091284845187e-01
4.830000000000000000e+02 2.875828878904544417e-01
4.835000000000000000e+02 3.153276091076051002e-01
4.840000000000000000e+02 3.474219019038070622e-01
4.845000000000000000e+02 3.832144837037995133e-01
4.850000000000000000e+02 4.207237713969686488e-01
4.855000000000000000e+02 4.571508700761905963e-01
4.860000000000000000e+02 4.896534374729729633e-01
4.865000000000000000e+02 5.155457593409196182e-01
4.870000000000000000e+02 5.325633268350040694e-01
4.875000000000000000e+02 5.415478690326963607e-01
4.880000000000000000e+02 5.423127389676134502e-01
4.885000000000000000e+02 5.365887112585067120e-01
4.890000000000000000e+02 5.252877640105768631e-01
4.895000000000000000e+02 5.098930544723634384e-01
4.900000000000000000e+02 4.914910814509355075e-01
4.905000000000000000e+02 4.702888592530904410e-01
4.910000000000000000e+02 4.475659621599812898e-01
4.915000000000000000e+02 4.227439510018249358e-01
4.920000000000000000e+02 3.978321777025706774e-01
4.925000000000000000e+02 3.728200613292098620e-01
4.930000000000000000e+02 3.483777275909518689e-01
4.935000000000000000e+02 3.251895391440829952e-01
4.940000000000000000e+02 3.038674824622698556e-01
4.945000000000000000e+02 2.850167015241066304e-01
4.950000000000000000e+02 2.686215415081992797e-01
4.955000000000000000e+02 2.551759858252791724e-01
4.960000000000000000e+02 2.445306698668227863e-01
4.965000000000000000e+02 2.376436259754146352e-01
4.970000000000000000e+02 2.335156101558970021e-01
4.975000000000000000e+02 2.324479216689576966e-01
4.980000000000000000e+02 2.341389684992228326e-01
4.985000000000000000e+02 2.388740320352399638e-01
4.990000000000000000e+02 2.466598687461000750e-01
4.995000000000000000e+02 2.563008686941461445e-01
5.000000000000000000e+02 2.685332441910073253e-01
5.005000000000000000e+02 2.825170210466694809e-01
5.010000000000000000e+02 2.983110222801591549e-01
5.015000000000000000e+02 3.154003001189075728e-01
5.020000000000000000e+02 3.337503077782251193e-01
5.025000000000000000e+02 3.542842338847702055e-01
5.030000000000000000e+02 3.768017950546709294e-01
5.035000000000000000e+02 4.033350243358668208e-01
5.040000000000000000e+02 4.347236728777691406e-01
5.045000000000000000e+02 4.710158690570554474e-01
5.050000000000000000e+02 5.117492414032690506e-01
5.055000000000000000e+02 5.547174127824311407e-01
5.060000000000000000e+02 5.970369001781400398e-01
5.065000000000000000e+02 6.356151778754269843e-01
5.070000000000000000e+02 6.663345772709788895e-01
5.075000000000000000e+02 6.870495620092813560e-01
5.080000000000000000e+02 6.963135120777613762e-01
5.085000000000000000e+02 6.937155402174620678e-01
5.090000000000000000e+02 6.816685232452124321e-01
5.095000000000000000e+02 6.611274127131914202e-01
5.100000000000000000e+02 6.359846812850569187e-01
5.105000000000000000e+02 6.068447286251452688e-01
5.110000000000000000e+02 5.753808016372368161e-01
5.115000000000000000e+02 5.429117501837862347e-01
5.120000000000000000e+02 5.116539069364985926e-01
5.125000000000000000e+02 4.810457049176434796e-01
5.130000000000000000e+02 4.515508540931218451e-01
5.135000000000000000e+02 4.228095051664654269e-01
5.140000000000000000e+02 3.958716049626918032e-01
5.145000000000000000e+02 3.702000685744556430e-01
5.150000000000000000e+02 3.453186521205267590e-01
5.155000000000000000e+02 3.228329512667654222e-01
5.160000000000000000e+02 3.022675752992187714e-01
5.165000000000000000e+02 2.841100016510780812e-01
5.170000000000000000e+02 2.680528194324653946e-01
5.175000000000000000e+02 2.545899126931467915e-01
5.180000000000000000e+02 2.435889934651923605e-01
5.185000000000000000e+02 2.356102444389154282e-01
5.190000000000000000e+02 2.298001780807640282e-01
5.195000000000000000e+02 2.263079239303678603e-01
5.200000000000000000e+02 2.246260118496894165e-01
5.205000000000000000e+02 2.244695769555137554e-01
5.210000000000000000e+02 2.264189343095309448e-01
5.215000000000000000e+02 2.296270137168667236e-01
5.220000000000000000e+02 2.339097231562590196e-01
5.225000000000000000e+02 2.389085358973314088e-01
5.230000000000000000e+02 2.450341790383076812e-01
5.235000000000000000e+02 2.515293708495014990e-01
5.240000000000000000e+02 2.593680597542454280e-01
5.245000000000000000e+02 2.683470763364779188e-01
5.250000000000000000e+02 2.781386595721035415e-01
5.255000000000000000e+02 2.895277792087256885e-01
5.260000000000000000e+02 3.025591350600617124e-01
5.265000000000000000e+02 3.180975320177226173e-01
5.270000000000000000e+02 3.358054805849438607e-01
5.275000000000000000e+02 3.547527256908757365e-01
5.280000000000000000e+02 3.753860810195054909e-01
5.285000000000000000e+02 3.955481036511485637e-01
5.290000000000000000e+02 4.137662890541574101e-01
5.295000000000000000e+02 4.280141481851491569e-01
5.300000000000000000e+02 4.371823881563872694e-01
5.305000000000000000e+02 4.407846070422827278e-01
5.310000000000000000e+02 4.388717355740804904e-01
5.315000000000000000e+02 4.313861622385835037e-01
5.320000000000000000e+02 4.194532467501023709e-01
5.325000000000000000e+02 4.033494745756630029e-01
5.330000000000000000e+02 3.847810740044751432e-01
5.335000000000000000e+02 3.651234518169657051e-01
5.340000000000000000e+02 3.448749764211272995e-01
5.345000000000000000e+02 3.248849118371718303e-01
5.350000000000000000e+02 3.059816361307711174e-01
5.355000000000000000e+02 2.877898716288310732e-01
5.360000000000000000e+02 2.704976843667087349e-01
5.365000000000000000e+02 2.540717069437556930e-01
5.370000000000000000e+02 2.383795672911033781e-01
5.375000000000000000e+02 2.238142773912265293e-01
5.380000000000000000e+02 2.098809684219695715e-01
5.385000000000000000e+02 1.967429935556961607e-01
5.390000000000000000e+02 1.847846781572491937e-01
5.395000000000000000e+02 1.737644918409977091e-01
5.400000000000000000e+02 1.637836080611111411e-01
5.405000000000000000e+02 1.549401139866291022e-01
5.410000000000000000e+02 1.472170784440096081e-01
5.415000000000000000e+02 1.413302778080009203e-01
5.420000000000000000e+02 1.364138333120745450e-01
5.425000000000000000e+02 1.325888675813683415e-01
5.430000000000000000e+02 1.298867849912374861e-01
5.435000000000000000e+02 1.279290231739469430e-01
5.440000000000000000e+02 1.266690410538836853e-01
5.445000000000000000e+02 1.257478780037754595e-01
5.450000000000000000e+02 1.255184739617473677e-01
5.455000000000000000e+02 1.257266112115621171e-01
5.460000000000000000e+02 1.261773446149407618e-01
5.465000000000000000e+02 1.271086263256176740e-01
5.470000000000000000e+02 1.282681520232789030e-01
5.475000000000000000e+02 1.296693115436839405e-01
5.480000000000000000e+02 1.318088695350567441e-01
5.485000000000000000e+02 1.340129292512524384e-01
5.490000000000000000e+02 1.367235042240404208e-01
5.495000000000000000e+02 1.394670861459008648e-01
5.500000000000000000e+02 1.431201758674612301e-01
5.505000000000000000e+02 1.474338329296957795e-01
5.510000000000000000e+02 1.517992234091994352e-01
5.515000000000000000e+02 1.567739776303594124e-01
5.520000000000000000e+02 1.619092644825564642e-01
5.525000000000000000e+02 1.673306935760441871e-01
5.530000000000000000e+02 1.723420439388193837e-01
5.535000000000000000e+02 1.766846184573619694e-01
5.540000000000000000e+02 1.798571237608316276e-01
5.545000000000000000e+02 1.816193302565829726e-01
5.550000000000000000e+02 1.817510389540053783e-01
5.555000000000000000e+02 1.802336885275905853e-01
5.560000000000000000e+02 1.769441169524043900e-01
5.565000000000000000e+02 1.722567211701966916e-01
5.570000000000000000e+02 1.664445318790971629e-01
5.575000000000000000e+02 1.598662914769751198e-01
5.580000000000000000e+02 1.528719967907992139e-01
5.585000000000000000e+02 1.459093924335945480e-01
5.590000000000000000e+02 1.387405085075460731e-01
5.595000000000000000e+02 1.316830353826994315e-01
5.600000000000000000e+02 1.248667368818491274e-01
5.605000000000000000e+02 1.186499104669908322e-01
5.610000000000000000e+02 1.124531490654045035e-01
5.615000000000000000e+02 1.064635376930133936e-01
5.620000000000000000e+02 1.008925372335405107e-01
5.625000000000000000e+02 9.527114599321848121e-02
5.630000000000000000e+02 9.020713040412312034e-02
5.635000000000000000e+02 8.515742704603192215e-02
5.640000000000000000e+02 8.046484806344869622e-02
5.645000000000000000e+02 7.607226471832513603e-02
5.650000000000000000e+02 7.186997136786048290e-02
5.655000000000000000e+02 6.843593635099039230e-02
5.660000000000000000e+02 6.563923007848787572e-02
5.665000000000000000e+02 6.297029233938684911e-02
5.670000000000000000e+02 6.053338550091551251e-02
5.675000000000000000e+02 5.831580195612721257e-02
5.680000000000000000e+02 5.639039664159217757e-02
5.685000000000000000e+02 5.489125001464333770e-02
5.690000000000000000e+02 5.329987952971119297e-02
5.695000000000000000e+02 5.204885585917622820e-02
5.700000000000000000e+02 5.122721881961941198e-02
5.705000000000000000e+02 5.056766175615404202e-02
5.710000000000000000e+02 5.025720862911810249e-02
5.715000000000000000e+02 5.020557502011828432e-02
5.720000000000000000e+02 4.985569530855159248e-02
5.725000000000000000e+02 4.973928531288344251e-02
5.730000000000000000e+02 4.994343654430711404e-02
5.735000000000000000e+02 5.007509068219306858e-02
5.740000000000000000e+02 5.018659690975781074e-02
5.745000000000000000e+02 5.016433507060137631e-02
5.750000000000000000e+02 5.059320530685716688e-02
5.755000000000000000e+02 5.107710237816727450e-02
5.760000000000000000e+02 5.142754163078969154e-02
5.765000000000000000e+02 5.204257118609858374e-02
5.770000000000000000e+02 5.287417249701693162e-02
5.775000000000000000e+02 5.350158704830718787e-02
5.780000000000000000e+02 5.434706087225400079e-02
5.785000000000000000e+02 5.538242812961185341e-02
5.790000000000000000e+02 5.656044393905097084e-02
5.795000000000000000e+02 5.737855944900413507e-02
5.800000000000000000e+02 5.809133691817994910e-02
5.805000000000000000e+02 5.909641879127104647e-02
5.810000000000000000e+02 5.965160711512257352e-02
5.815000000000000000e+02 5.966078917236217194e-02
5.820000000000000000e+02 5.939934514832936885e-02
5.825000000000000000e+02 5.878457644356020750e-02
5.830000000000000000e+02 5.814838033656294369e-02
5.835000000000000000e+02 5.688190599603231562e-02
5.840000000000000000e+02 5.536523371056454451e-02
5.845000000000000000e+02 5.377528655083665260e-02
5.850000000000000000e+02 5.180176330235377463e-02
5.855000000000000000e+02 4.980625167464294845e-02
5.860000000000000000e+02 4.761005253639500473e-02
5.865000000000000000e+02 4.562647211018373838e-02
5.870000000000000000e+02 4.371649361054833621e-02
5.875000000000000000e+02 4.182412837173384024e-02
5.880000000000000000e+02 3.989550983460001671e-02
5.885000000000000000e+02 3.816683706226292605e-02
5.890000000000000000e+02 3.659482944071237864e-02
5.895000000000000000e+02 3.492662939912244413e-02
5.900000000000000000e+02 3.327393508194492061e-02
5.905000000000000000e+02 3.150144031069061074e-02
5.910000000000000000e+02 2.999416193024936200e-02
5.915000000000000000e+02 2.875103691952470703e-02
5.920000000000000000e+02 2.733270778341126070e-02
5.925000000000000000e+02 2.598366679864898970e-02
5.930000000000000000e+02 2.459390926392544807e-02
5.935000000000000000e+02 2.366592017853251864e-02
5.940000000000000000e+02 2.270977182255311255e-02
5.945000000000000000e+02 2.166066138635966420e-02
5.950000000000000000e+02 2.063874951159944474e-02
5.955000000000000000e+02 1.981759087608226527e-02
5.960000000000000000e+02 1.932630355650330131e-02
5.965000000000000000e+02 1.858336422827164963e-02
5.970000000000000000e+02 1.795746069030261516e-02
5.975000000000000000e+02 1.751681877589384914e-02
5.980000000000000000e+02 1.725329695645855255e-02
5.985000000000000000e+02 1.696857347379435860e-02
5.990000000000000000e+02 1.651185370727685509e-02
5.995000000000000000e+02 1.624303168819657417e-02
6.000000000000000000e+02 1.601103416637331134e-02
6.005000000000000000e+02 1.615162101594532287e-02
6.010000000000000000e+02 1.612339264006789480e-02
6.015000000000000000e+02 1.605921603098820274e-02
6.020000000000000000e+02 1.636689136423937971e-02
6.025000000000000000e+02 1.659851432320822578e-02
6.030000000000000000e+02 1.669912394549546639e-02
6.035000000000000000e+02 1.692372322370597898e-02
6.040000000000000000e+02 1.670046825451245234e-02
6.045000000000000000e+02 1.702322225301778139e-02
6.050000000000000000e+02 1.715586389898546282e-02
6.055000000000000000e+02 1.727412773385257616e-02
6.060000000000000000e+02 1.724042503588450043e-02
6.065000000000000000e+02 1.716326915475021794e-02
6.070000000000000000e+02 1.713431354717055016e-02
6.075000000000000000e+02 1.726716561748211504e-02
6.080000000000000000e+02 1.725066706997067240e-02
6.085000000000000000e+02 1.722183867342682445e-02
6.090000000000000000e+02 1.728018888152256516e-02
6.095000000000000000e+02 1.730356670876980613e-02
6.100000000000000000e+02 1.767610219803716215e-02
6.105000000000000000e+02 1.741544907240933152e-02
6.110000000000000000e+02 1.723338085269702363e-02
6.115000000000000000e+02 1.687913102437982663e-02
6.120000000000000000e+02 1.668643165648682480e-02
6.125000000000000000e+02 1.673677906855853409e-02
6.130000000000000000e+02 1.631595049146589496e-02
6.135000000000000000e+02 1.604934551480058022e-02
6.140000000000000000e+02 1.559434354300916203e-02
6.145000000000000000e+02 1.521907193945636061e-02
6.150000000000000000e+02 1.467602190054143746e-02
6.155000000000000000e+02 1.405036980056320953e-02
6.160000000000000000e+02 1.333580635826948566e-02
6.165000000000000000e+02 1.273059937678651041e-02
6.170000000000000000e+02 1.204698762834424328e-02
6.175000000000000000e+02 1.144786454714467536e-02
6.180000000000000000e+02 1.096168031483959332e-02
6.185000000000000000e+02 1.070812003120110573e-02
6.190000000000000000e+02 1.021557480274287374e-02
6.195000000000000000e+02 9.635148172510196729e-03
6.200000000000000000e+02 9.285122476798603891e-03
6.205000000000000000e+02 9.223098087839103065e-03
6.210000000000000000e+02 9.272328314992792087e-03
6.215000000000000000e+02 9.034012876221811372e-03
6.220000000000000000e+02 8.702125425736076392e-03
6.225000000000000000e+02 8.844037884851545239e-03
6.230000000000000000e+02 8.494031028928743926e-03
6.235000000000000000e+02 7.926748331042069579e-03
6.240000000000000000e+02 7.156711892898372056e-03
6.245000000000000000e+02 6.656978531253124852e-03
6.250000000000000000e+02 6.503095496981925634e-03
6.255000000000000000e+02 6.034209809968463407e-03
6.260000000000000000e+02 5.570962389014889361e-03
6.265000000000000000e+02 5.653729454378698428e-03
6.270000000000000000e+02 5.808811595563188705e-03
6.275000000000000000e+02 5.593351840243550831e-03
6.280000000000000000e+02 5.623243583895883892e-03
6.285000000000000000e+02 5.366082802425137070e-03
6.290000000000000000e+02 5.620501824390589617e-03
6.295000000000000000e+02 5.563754087275807857e-03
6.300000000000000000e+02 5.668341551742640642e-03
