4.200000000000000000e+02 0.000000000000000000e+00
4.205000000000000000e+02 2.926681730942327919e-05
4.210000000000000000e+02 1.869880177687872208e-04
4.215000000000000000e+02 3.782883637547303918e-04
4.220000000000000000e+02 4.612763161007350440e-04
4.225000000000000000e+02 4.245456701813254963e-04
4.230000000000000000e+02 5.375201972403148912e-04
4.235000000000000000e+02 9.869159842699880975e-04
4.240000000000000000e+02 1.389230222506203545e-03
4.245000000000000000e+02 1.583977705088277996e-03
4.250000000000000000e+02 1.647840813184552056e-03
4.255000000000000000e+02 1.819622647643827362e-03
4.260000000000000000e+02 1.973512948059145261e-03
4.265000000000000000e+02 2.035441735916335496e-03
4.270000000000000000e+02 2.048807717130115419e-03
4.275000000000000000e+02 2.085282120202510206e-03
4.280000000000000000e+02 2.191665043159596316e-03
4.285000000000000000e+02 2.386145098568053999e-03
4.290000000000000000e+02 2.709258602959495679e-03
4.295000000000000000e+02 3.083469147006622293e-03
4.300000000000000000e+02 3.334065311603255991e-03
4.305000000000000000e+02 3.576408879268895211e-03
4.310000000000000000e+02 3.878507612184972642e-03
4.315000000000000000e+02 4.170074286718308126e-03
4.320000000000000000e+02 4.363496119963635941e-03
4.325000000000000000e+02 4.309367752924399622e-03
4.330000000000000000e+02 4.246765339397396907e-03
4.335000000000000000e+02 4.279756214457593189e-03
4.340000000000000000e+02 4.376894076390046295e-03
4.345000000000000000e+02 4.373055494438079713e-03
4.350000000000000000e+02 4.339278896111633047e-03
4.355000000000000000e+02 4.356683396400225228e-03
4.360000000000000000e+02 4.593161541615965737e-03
4.365000000000000000e+02 4.809178295947784398e-03
4.370000000000000000e+02 5.037952521869271810e-03
4.375000000000000000e+02 5.298467520939880923e-03
4.380000000000000000e+02 5.474095510128633782e-03
4.385000000000000000e+02 5.710539956729277986e-03
4.390000000000000000e+02 5.693650426537502987e-03
4.395000000000000000e+02 5.721219795587871235e-03
4.400000000000000000e+02 5.656499651784746563e-03
4.405000000000000000e+02 5.574101901906023532e-03
4.410000000000000000e+02 5.517549356765388130e-03
4.415000000000000000e+02 5.538334120843287425e-03
4.420000000000000000e+02 5.687174651364802075e-03
4.425000000000000000e+02 5.826362787383364966e-03
4.430000000000000000e+02 5.988911487955543567e-03
4.435000000000000000e+02 6.008524276689542268e-03
4.440000000000000000e+02 6.197901823641669208e-03
4.445000000000000000e+02 6.295770941390978204e-03
4.450000000000000000e+02 6.211766174612319905e-03
4.455000000000000000e+02 6.233590979134404422e-03
4.460000000000000000e+02 6.183318749171917358e-03
4.465000000000000000e+02 6.306609920328266200e-03
4.470000000000000000e+02 6.212125453719357857e-03
4.475000000000000000e+02 6.147064574245920607e-03
4.480000000000000000e+02 6.124231332997697938e-03
4.485000000000000000e+02 6.146358585859022089e-03
4.490000000000000000e+02 6.209605938569198041e-03
4.495000000000000000e+02 6.355791692512727242e-03
4.500000000000000000e+02 6.473618304235118429e-03
4.505000000000000000e+02 6.503451083376892566e-03
4.510000000000000000e+02 6.797590090676691038e-03
4.515000000000000000e+02 7.040188173282417236e-03
4.520000000000000000e+02 7.027801788976472883e-03
4.525000000000000000e+02 7.004198559971650320e-03
4.530000000000000000e+02 7.126585059743839601e-03
4.535000000000000000e+02 7.461064241171804640e-03
4.540000000000000000e+02 7.925302621572786685e-03
4.545000000000000000e+02 8.230107666767459348e-03
4.550000000000000000e+02 8.736827449559926573e-03
4.555000000000000000e+02 9.203592829923445962e-03
4.560000000000000000e+02 9.527371438519187732e-03
4.565000000000000000e+02 9.753158934878334088e-03
4.570000000000000000e+02 9.895213762361984230e-03
4.575000000000000000e+02 1.013257078417846048e-02
4.580000000000000000e+02 1.040099903448538955e-02
4.585000000000000000e+02 1.099498869061442570e-02
4.590000000000000000e+02 1.185335322628323050e-02
4.595000000000000000e+02 1.291061325447501705e-02
4.600000000000000000e+02 1.398872548986226060e-02
4.605000000000000000e+02 1.534632524124361456e-02
4.610000000000000000e+02 1.715504486207476698e-02
4.615000000000000000e+02 1.888055040036289156e-02
4.620000000000000000e+02 2.089131025079276477e-02
4.625000000000000000e+02 2.292051844911255354e-02
4.630000000000000000e+02 2.512119365841582880e-02
4.635000000000000000e+02 2.741884442135892469e-02
4.640000000000000000e+02 2.965675248230799366e-02
4.645000000000000000e+02 3.225302242493251204e-02
4.650000000000000000e+02 3.486475517386745243e-02
4.655000000000000000e+02 3.772441154111617900e-02
4.660000000000000000e+02 4.083607541856282969e-02
4.665000000000000000e+02 4.433172318123468347e-02
4.670000000000000000e+02 4.822237324683043003e-02
4.675000000000000000e+02 5.245474845964389482e-02
4.680000000000000000e+02 5.685250533310319543e-02
4.685000000000000000e+02 6.135824498400867244e-02
4.690000000000000000e+02 6.589910209391992846e-02
4.695000000000000000e+02 6.972593883390754144e-02
4.700000000000000000e+02 7.251189381194400596e-02
4.705000000000000000e+02 7.423120691860096709e-02
4.710000000000000000e+02 7.467001189694894014e-02
4.715000000000000000e+02 7.425458905746486205e-02
4.720000000000000000e+02 7.292902720382221649e-02
4.725000000000000000e+02 7.104906809375426124e-02
4.730000000000000000e+02 6.888045984661450571e-02
4.735000000000000000e+02 6.667767596316374890e-02
4.740000000000000000e+02 6.488590723231242585e-02
4.745000000000000000e+02 6.351732345812438618e-02
4.750000000000000000e+02 6.209607379857144671e-02
4.755000000000000000e+02 6.124274128679053908e-02
4.760000000000000000e+02 6.114410870125681907e-02
4.765000000000000000e+02 6.153804118866336437e-02
4.770000000000000000e+02 6.245696835142537651e-02
4.775000000000000000e+02 6.409946042755232387e-02
4.780000000000000000e+02 6.667757417279923660e-02
4.785000000000000000e+02 7.027296980976095730e-02
4.790000000000000000e+02 7.477866076786557348e-02
4.795000000000000000e+02 8.012187866731988739e-02
4.800000000000000000e+02 8.646655359736310498e-02
4.805000000000000000e+02 9.329436864095155824e-02
4.810000000000000000e+02 1.006334029763018556e-01
4.815000000000000000e+02 1.084826906575910022e-01
4.820000000000000000e+02 1.172381605130027454e-01
4.825000000000000000e+02 1.269799774524923153e-01
4.830000000000000000e+02 1.377702958747679673e-01
4.835000000000000000e+02 1.505025110039215075e-01
4.840000000000000000e+02 1.654226308436334558e-01
4.845000000000000000e+02 1.820199933109083457e-01
4.850000000000000000e+02 1.990107926238345593e-01
4.855000000000000000e+02 2.155926486647370410e-01
4.860000000000000000e+02 2.304585156940930635e-01
4.865000000000000000e+02 2.423995359805515282e-01
4.870000000000000000e+02 2.503096903440155674e-01
4.875000000000000000e+02 2.543457557304077410e-01
4.880000000000000000e+02 2.547671063484630571e-01
4.885000000000000000e+02 2.520607300276233032e-01
4.890000000000000000e+02 2.471269972144724270e-01
4.895000000000000000e+02 2.401098215902588984e-01
4.900000000000000000e+02 2.314067242766184029e-01
4.905000000000000000e+02 2.215116680635365876e-01
4.910000000000000000e+02 2.110613818363930860e-01
4.915000000000000000e+02 1.999028856856562564e-01
4.920000000000000000e+02 1.883995484420692701e-01
4.925000000000000000e+02 1.769891496700651268e-01
4.930000000000000000e+02 1.658803470085471743e-01
4.935000000000000000e+02 1.553724532928649482e-01
4.940000000000000000e+02 1.456616112105510730e-01
4.945000000000000000e+02 1.372166263491201021e-01
4.950000000000000000e+02 1.297728267778771316e-01
4.955000000000000000e+02 1.235575907704722226e-01
4.960000000000000000e+02 1.188703736991535559e-01
4.965000000000000000e+02 1.160485953451199370e-01
4.970000000000000000e+02 1.146895103558365769e-01
4.975000000000000000e+02 1.144810769081264362e-01
4.980000000000000000e+02 1.156584289687572070e-01
4.985000000000000000e+02 1.186087326686825483e-01
4.990000000000000000e+02 1.225026901467413526e-01
4.995000000000000000e+02 1.273742384006860406e-01
5.000000000000000000e+02 1.333370632561850233e-01
5.005000000000000000e+02 1.399200373435887101e-01
5.010000000000000000e+02 1.474567265843309272e-01
5.015000000000000000e+02 1.552205749917933142e-01
5.020000000000000000e+02 1.638350698924841697e-01
5.025000000000000000e+02 1.733764808831219639e-01
5.030000000000000000e+02 1.837508903776529923e-01
5.035000000000000000e+02 1.962276522380077826e-01
5.040000000000000000e+02 2.108714324129720430e-01
5.045000000000000000e+02 2.279205739392683727e-01
5.050000000000000000e+02 2.469502393506278481e-01
5.055000000000000000e+02 2.666943321766275243e-01
5.060000000000000000e+02 2.859792950127983402e-01
5.065000000000000000e+02 3.036458208500728562e-01
5.070000000000000000e+02 3.177820189645790827e-01
5.075000000000000000e+02 3.274020542431388958e-01
5.080000000000000000e+02 3.317641136791986689e-01
5.085000000000000000e+02 3.308651113933108179e-01
5.090000000000000000e+02 3.260727161275693842e-01
5.095000000000000000e+02 3.173625634204234602e-01
5.100000000000000000e+02 3.066679188730374594e-01
5.105000000000000000e+02 2.940880037752288123e-01
5.110000000000000000e+02 2.806659606467849510e-01
5.115000000000000000e+02 2.671099904290467064e-01
5.120000000000000000e+02 2.541430487928876270e-01
5.125000000000000000e+02 2.414447201009836952e-01
5.130000000000000000e+02 2.292302153765546358e-01
5.135000000000000000e+02 2.169591686615679471e-01
5.140000000000000000e+02 2.057854159985388065e-01
5.145000000000000000e+02 1.948883551278707271e-01
5.150000000000000000e+02 1.842780676986009725e-01
5.155000000000000000e+02 1.747027036002705702e-01
5.160000000000000000e+02 1.659782558376464434e-01
5.165000000000000000e+02 1.584298981680154206e-01
5.170000000000000000e+02 1.518063976898219314e-01
5.175000000000000000e+02 1.462542557741086657e-01
5.180000000000000000e+02 1.419333435684602407e-01
5.185000000000000000e+02 1.390785711885745290e-01
5.190000000000000000e+02 1.371874458329997715e-01
5.195000000000000000e+02 1.364663696602354537e-01
5.200000000000000000e+02 1.362174851963446620e-01
5.205000000000000000e+02 1.367051504687042396e-01
5.210000000000000000e+02 1.378980937444166388e-01
5.215000000000000000e+02 1.395446636498685611e-01
5.220000000000000000e+02 1.416166446600526096e-01
5.225000000000000000e+02 1.441666552389723743e-01
5.230000000000000000e+02 1.471408648899063809e-01
5.235000000000000000e+02 1.503966906812685689e-01
5.240000000000000000e+02 1.542534675063105265e-01
5.245000000000000000e+02 1.587245428134875513e-01
5.250000000000000000e+02 1.634781221257859962e-01
5.255000000000000000e+02 1.687379269029545548e-01
5.260000000000000000e+02 1.748452015770506074e-01
5.265000000000000000e+02 1.819157311844745162e-01
5.270000000000000000e+02 1.899177107865140934e-01
5.275000000000000000e+02 1.987212612803150869e-01
5.280000000000000000e+02 2.078081990778278543e-01
5.285000000000000000e+02 2.166849392822118026e-01
5.290000000000000000e+02 2.247437319891342211e-01
5.295000000000000000e+02 2.310223830751278740e-01
5.300000000000000000e+02 2.351968325106147673e-01
5.305000000000000000e+02 2.365184843080826438e-01
5.310000000000000000e+02 2.358016331077905925e-01
5.315000000000000000e+02 2.325752086377158023e-01
5.320000000000000000e+02 2.272824631958976216e-01
5.325000000000000000e+02 2.202509481015669790e-01
5.330000000000000000e+02 2.116818247154129695e-01
5.335000000000000000e+02 2.027336815099572143e-01
5.340000000000000000e+02 1.934937934818556360e-01
5.345000000000000000e+02 1.846215288712436675e-01
5.350000000000000000e+02 1.764133050328461905e-01
5.355000000000000000e+02 1.679830368358176673e-01
5.360000000000000000e+02 1.603400661866388466e-01
5.365000000000000000e+02 1.532201019168040745e-01
5.370000000000000000e+02 1.463446141751186258e-01
5.375000000000000000e+02 1.397687110853951808e-01
5.380000000000000000e+02 1.332892407280244496e-01
5.385000000000000000e+02 1.273882739482370685e-01
5.390000000000000000e+02 1.218732104993523330e-01
5.395000000000000000e+02 1.167162290255572971e-01
5.400000000000000000e+02 1.120461050160281996e-01
5.405000000000000000e+02 1.077916028387476965e-01
5.410000000000000000e+02 1.042678198634559017e-01
5.415000000000000000e+02 1.013019139579128813e-01
5.420000000000000000e+02 9.881616634988905912e-02
5.425000000000000000e+02 9.689939284655006702e-02
5.430000000000000000e+02 9.532778254233810478e-02
5.435000000000000000e+02 9.443291717675682262e-02
5.440000000000000000e+02 9.341449829544332117e-02
5.445000000000000000e+02 9.281625917268025716e-02
5.450000000000000000e+02 9.248875359135531882e-02
5.455000000000000000e+02 9.234651449528849532e-02
5.460000000000000000e+02 9.209477434823071240e-02
5.465000000000000000e+02 9.206576094600636695e-02
5.470000000000000000e+02 9.237426840550892748e-02
5.475000000000000000e+02 9.260776658930713889e-02
5.480000000000000000e+02 9.326602103901408813e-02
5.485000000000000000e+02 9.380477935237649389e-02
5.490000000000000000e+02 9.484974876964152868e-02
5.495000000000000000e+02 9.586088714079946116e-02
5.500000000000000000e+02 9.707572991103491367e-02
5.505000000000000000e+02 9.874351152298387058e-02
5.510000000000000000e+02 1.000652064353805826e-01
5.515000000000000000e+02 1.018243033484972915e-01
5.520000000000000000e+02 1.034955175067055339e-01
5.525000000000000000e+02 1.055166786859208089e-01
5.530000000000000000e+02 1.073662880897541250e-01
5.535000000000000000e+02 1.087272751371590601e-01
5.540000000000000000e+02 1.097857952039929808e-01
5.545000000000000000e+02 1.102987702369383621e-01
5.550000000000000000e+02 1.101253422868407744e-01
5.555000000000000000e+02 1.091039277651768280e-01
5.560000000000000000e+02 1.071149390870332896e-01
5.565000000000000000e+02 1.045885183577076882e-01
5.570000000000000000e+02 1.017185010313270410e-01
5.575000000000000000e+02 9.846934894389403059e-02
5.580000000000000000e+02 9.472558899044664082e-02
5.585000000000000000e+02 9.110374886074397438e-02
5.590000000000000000e+02 8.741258141927425729e-02
5.595000000000000000e+02 8.396367873433184525e-02
5.600000000000000000e+02 8.037942369469026904e-02
5.605000000000000000e+02 7.714779866589514812e-02
5.610000000000000000e+02 7.420156771602906542e-02
5.615000000000000000e+02 7.110729867191376008e-02
5.620000000000000000e+02 6.826692065415766730e-02
5.625000000000000000e+02 6.564258086481536414e-02
5.630000000000000000e+02 6.323615797336347433e-02
5.635000000000000000e+02 6.086501821209729102e-02
5.640000000000000000e+02 5.850697845366169270e-02
5.645000000000000000e+02 5.631933362834840029e-02
5.650000000000000000e+02 5.426556518966182269e-02
5.655000000000000000e+02 5.234787148011447316e-02
5.660000000000000000e+02 5.055256869635253031e-02
5.665000000000000000e+02 4.889668511622104891e-02
5.670000000000000000e+02 4.730505415737178143e-02
5.675000000000000000e+02 4.602638218567135092e-02
5.680000000000000000e+02 4.488013758722842611e-02
5.685000000000000000e+02 4.378219573038782259e-02
5.690000000000000000e+02 4.268016216946786401e-02
5.695000000000000000e+02 4.164054140674928323e-02
5.700000000000000000e+02 4.088829789754375166e-02
5.705000000000000000e+02 4.018644997995082097e-02
5.710000000000000000e+02 3.964548391438633274e-02
5.715000000000000000e+02 3.932829855239317052e-02
5.720000000000000000e+02 3.897876648607155603e-02
5.725000000000000000e+02 3.864564541388459951e-02
5.730000000000000000e+02 3.858535628585486876e-02
5.735000000000000000e+02 3.831964738543106042e-02
5.740000000000000000e+02 3.784146957772051290e-02
5.745000000000000000e+02 3.740501088568767146e-02
5.750000000000000000e+02 3.713308919789169021e-02
5.755000000000000000e+02 3.713055082492371789e-02
5.760000000000000000e+02 3.688123015277332967e-02
5.765000000000000000e+02 3.691944806255530176e-02
5.770000000000000000e+02 3.709621799548361992e-02
5.775000000000000000e+02 3.693877556996270906e-02
5.780000000000000000e+02 3.708013831637522323e-02
5.785000000000000000e+02 3.709826413096441872e-02
5.790000000000000000e+02 3.728120418708145978e-02
5.795000000000000000e+02 3.725631709044933265e-02
5.800000000000000000e+02 3.725778978025445776e-02
5.805000000000000000e+02 3.745183688241626729e-02
5.810000000000000000e+02 3.747696375570390426e-02
5.815000000000000000e+02 3.732106821475904279e-02
5.820000000000000000e+02 3.699401583697813772e-02
5.825000000000000000e+02 3.639695606640729053e-02
5.830000000000000000e+02 3.589242949230699031e-02
5.835000000000000000e+02 3.509624779379030141e-02
5.840000000000000000e+02 3.429465310497437774e-02
5.845000000000000000e+02 3.335263600147825302e-02
5.850000000000000000e+02 3.233067872454436359e-02
5.855000000000000000e+02 3.123091840330150665e-02
5.860000000000000000e+02 3.002775741633328249e-02
5.865000000000000000e+02 2.892514492882343469e-02
5.870000000000000000e+02 2.791253366262898966e-02
5.875000000000000000e+02 2.674887090382239985e-02
5.880000000000000000e+02 2.547484764342214381e-02
5.885000000000000000e+02 2.437213312118069464e-02
5.890000000000000000e+02 2.358451352266200535e-02
5.895000000000000000e+02 2.259693017212753563e-02
5.900000000000000000e+02 2.153854232101917732e-02
5.905000000000000000e+02 2.051892022913140434e-02
5.910000000000000000e+02 1.963023169532519818e-02
5.915000000000000000e+02 1.918211226896074373e-02
5.920000000000000000e+02 1.849178505365885183e-02
5.925000000000000000e+02 1.765960199933513941e-02
5.930000000000000000e+02 1.677765835456512117e-02
5.935000000000000000e+02 1.622454160028058423e-02
5.940000000000000000e+02 1.558005896094650546e-02
5.945000000000000000e+02 1.484093821227188033e-02
5.950000000000000000e+02 1.381332057565206294e-02
5.955000000000000000e+02 1.319377291437717585e-02
5.960000000000000000e+02 1.289555050451538128e-02
5.965000000000000000e+02 1.245376108203114819e-02
5.970000000000000000e+02 1.200215782919555017e-02
5.975000000000000000e+02 1.169374240329985014e-02
5.980000000000000000e+02 1.147136019040985618e-02
5.985000000000000000e+02 1.121469111276181090e-02
5.990000000000000000e+02 1.091012176823634265e-02
5.995000000000000000e+02 1.083364239485655987e-02
6.000000000000000000e+02 1.068433481243722706e-02
6.005000000000000000e+02 1.062083447380901373e-02
6.010000000000000000e+02 1.050945921906598461e-02
6.015000000000000000e+02 1.049342378615743428e-02
6.020000000000000000e+02 1.050324566699788360e-02
6.025000000000000000e+02 1.021264144902326622e-02
6.030000000000000000e+02 9.936505272130987873e-03
6.035000000000000000e+02 9.918505064778445832e-03
6.040000000000000000e+02 9.510247714400102761e-03
6.045000000000000000e+02 9.462542632591742012e-03
6.050000000000000000e+02 9.409052892835148910e-03
6.055000000000000000e+02 9.635022212887230444e-03
6.060000000000000000e+02 9.618587838524044961e-03
6.065000000000000000e+02 9.387374889440603179e-03
6.070000000000000000e+02 9.370379756909649402e-03
6.075000000000000000e+02 9.443205865567872240e-03
6.080000000000000000e+02 9.189037252750375043e-03
6.085000000000000000e+02 8.894270630383610890e-03
6.090000000000000000e+02 8.626125539743550313e-03
6.095000000000000000e+02 8.527876671938879743e-03
6.100000000000000000e+02 8.539588981486994843e-03
6.105000000000000000e+02 8.294126702927133790e-03
6.110000000000000000e+02 8.034426006969653047e-03
6.115000000000000000e+02 7.762252039725112823e-03
6.120000000000000000e+02 7.707685471570824634e-03
6.125000000000000000e+02 7.814609737607215029e-03
6.130000000000000000e+02 7.616169040430534679e-03
6.135000000000000000e+02 7.511439366365139578e-03
6.140000000000000000e+02 7.207455201920296220e-03
6.145000000000000000e+02 6.887098818667058975e-03
6.150000000000000000e+02 6.470691290129790621e-03
6.155000000000000000e+02 6.071413433277160140e-03
6.160000000000000000e+02 5.499778791783057827e-03
6.165000000000000000e+02 5.272013794939807430e-03
6.170000000000000000e+02 4.981278491241471554e-03
6.175000000000000000e+02 4.834316452319048496e-03
6.180000000000000000e+02 4.614936937363228742e-03
6.185000000000000000e+02 4.240686367602670981e-03
6.190000000000000000e+02 3.721253309718817320e-03
6.195000000000000000e+02 3.267684482486078734e-03
6.200000000000000000e+02 3.146509786771011646e-03
6.205000000000000000e+02 3.171618505665328366e-03
6.210000000000000000e+02 3.167685667405627237e-03
6.215000000000000000e+02 3.022619038015613921e-03
6.220000000000000000e+02 3.084880107424348844e-03
6.225000000000000000e+02 3.438642086666386308e-03
6.230000000000000000e+02 3.133034517391794158e-03
6.235000000000000000e+02 2.742716180748490037e-03
6.240000000000000000e+02 2.343218282343200246e-03
6.245000000000000000e+02 2.137006486968056479e-03
6.250000000000000000e+02 1.902971459279752947e-03
6.255000000000000000e+02 1.472274873705344163e-03
6.260000000000000000e+02 1.006424804707615334e-03
6.265000000000000000e+02 9.718722360802468582e-04
6.270000000000000000e+02 8.291357601859063522e-04
6.275000000000000000e+02 5.869502183428057865e-04
6.280000000000000000e+02 5.976392422743798810e-04
6.285000000000000000e+02 6.617626348410666354e-04
6.290000000000000000e+02 9.008939252098122422e-04
6.295000000000000000e+02 7.413446572436784357e-04
6.300000000000000000e+02 7.332824004956843902e-04
