4.200000000000000000e+02 9.861812404330363643e-04
4.205000000000000000e+02 9.462413001687986804e-04
4.210000000000000000e+02 7.668631766545785586e-04
4.215000000000000000e+02 9.871294267415832609e-04
4.220000000000000000e+02 1.070519242775110590e-03
4.225000000000000000e+02 9.727886099490127766e-04
4.230000000000000000e+02 9.752139236288283157e-04
4.235000000000000000e+02 1.090907098139064918e-03
4.240000000000000000e+02 1.491980053190739529e-03
4.245000000000000000e+02 1.401617619148491124e-03
4.250000000000000000e+02 1.212753652036629125e-03
4.255000000000000000e+02 9.861117683649459065e-04
4.260000000000000000e+02 1.091737517097172115e-03
4.265000000000000000e+02 1.126236651005032945e-03
4.270000000000000000e+02 9.256372284367265536e-04
4.275000000000000000e+02 8.667401528064918106e-04
4.280000000000000000e+02 9.854777700769516528e-04
4.285000000000000000e+02 1.317224364136463689e-03
4.290000000000000000e+02 1.151184888158310327e-03
4.295000000000000000e+02 1.134886788834981591e-03
4.300000000000000000e+02 1.036116397789875812e-03
4.305000000000000000e+02 1.021995547359258981e-03
4.310000000000000000e+02 1.195726885370489850e-03
4.315000000000000000e+02 1.125923949953179515e-03
4.320000000000000000e+02 1.325784329606211238e-03
4.325000000000000000e+02 1.246356784668646578e-03
4.330000000000000000e+02 1.207913803813426973e-03
4.335000000000000000e+02 1.327832836556382470e-03
4.340000000000000000e+02 1.529671089502116464e-03
4.345000000000000000e+02 2.090056596206633401e-03
4.350000000000000000e+02 2.473956494418693731e-03
4.355000000000000000e+02 2.711573643025370906e-03
4.360000000000000000e+02 2.929611051696321203e-03
4.365000000000000000e+02 2.809967427710807764e-03
4.370000000000000000e+02 2.697198663541571124e-03
4.375000000000000000e+02 2.194698686397989797e-03
4.380000000000000000e+02 1.541000113087689222e-03
4.385000000000000000e+02 1.106087335059092840e-03
4.390000000000000000e+02 6.908384171785751475e-04
4.395000000000000000e+02 5.044561700091681165e-04
4.400000000000000000e+02 2.136385320922794609e-04
4.405000000000000000e+02 0.000000000000000000e+00
4.410000000000000000e+02 8.964974343306187851e-05
4.415000000000000000e+02 1.245337438449357556e-04
4.420000000000000000e+02 1.738763327826802103e-04
4.425000000000000000e+02 4.015521335871820134e-04
4.430000000000000000e+02 5.234000778260336322e-04
4.435000000000000000e+02 4.418772494553355364e-04
4.440000000000000000e+02 4.921165022180144788e-04
4.445000000000000000e+02 7.752958496094154370e-04
4.450000000000000000e+02 8.525014946832703416e-04
4.455000000000000000e+02 9.720948504197790378e-04
4.460000000000000000e+02 9.713337609659387049e-04
4.465000000000000000e+02 1.124838712771969451e-03
4.470000000000000000e+02 1.387959831461276806e-03
4.475000000000000000e+02 1.283102931152316217e-03
4.480000000000000000e+02 1.377349874766301864e-03
4.485000000000000000e+02 1.506640104375327020e-03
4.490000000000000000e+02 1.598701699080338871e-03
4.495000000000000000e+02 1.745689958668895057e-03
4.500000000000000000e+02 1.601264305824932899e-03
4.505000000000000000e+02 1.443218195702825057e-03
4.510000000000000000e+02 1.519898676529565437e-03
4.515000000000000000e+02 1.397827254814705718e-03
4.520000000000000000e+02 1.251858411528991230e-03
4.525000000000000000e+02 1.160779306382518118e-03
4.530000000000000000e+02 1.100526478070251897e-03
4.535000000000000000e+02 1.291213954327354377e-03
4.540000000000000000e+02 1.605100828867458973e-03
4.545000000000000000e+02 1.768123399779966860e-03
4.550000000000000000e+02 1.866858351859517970e-03
4.555000000000000000e+02 2.149247898642240445e-03
4.560000000000000000e+02 2.130514888999364594e-03
4.565000000000000000e+02 2.103913127801932022e-03
4.570000000000000000e+02 1.852635689534753993e-03
4.575000000000000000e+02 1.786225483572797049e-03
4.580000000000000000e+02 1.970914176305163003e-03
4.585000000000000000e+02 1.956225796369944619e-03
4.590000000000000000e+02 2.298906795265800995e-03
4.595000000000000000e+02 2.540774417322726707e-03
4.600000000000000000e+02 2.788737659596086417e-03
4.605000000000000000e+02 2.908747560443136933e-03
4.610000000000000000e+02 9.938908327182119709e-04
4.615000000000000000e+02 1.201151154216604892e-03
4.620000000000000000e+02 1.616225612831007075e-03
4.625000000000000000e+02 2.053736300748814324e-03
4.630000000000000000e+02 2.367090703249030703e-03
4.635000000000000000e+02 2.799341846060773853e-03
4.640000000000000000e+02 5.102577500036765100e-03
4.645000000000000000e+02 5.969646992245632340e-03
4.650000000000000000e+02 6.354540079351783492e-03
4.655000000000000000e+02 7.051122827899504973e-03
4.660000000000000000e+02 7.587430128079463744e-03
4.665000000000000000e+02 8.390556482214869133e-03
4.670000000000000000e+02 9.120863096755006671e-03
4.675000000000000000e+02 9.964012299846100595e-03
4.680000000000000000e+02 1.074864287618022482e-02
4.685000000000000000e+02 1.149724502371982440e-02
4.690000000000000000e+02 1.221666662424759214e-02
4.695000000000000000e+02 1.265209024455279940e-02
4.700000000000000000e+02 1.307561107018348490e-02
4.705000000000000000e+02 1.344448023141309526e-02
4.710000000000000000e+02 1.336339621532750890e-02
4.715000000000000000e+02 1.279338737927594033e-02
4.720000000000000000e+02 1.246687295194641443e-02
4.725000000000000000e+02 1.217469696529654630e-02
4.730000000000000000e+02 1.158277056562026855e-02
4.735000000000000000e+02 1.097843425466375755e-02
4.740000000000000000e+02 1.064449585482559260e-02
4.745000000000000000e+02 1.093093579060035875e-02
4.750000000000000000e+02 1.071400854645174552e-02
4.755000000000000000e+02 1.061610566598095162e-02
4.760000000000000000e+02 1.082044192622207482e-02
4.765000000000000000e+02 1.099121476386612228e-02
4.770000000000000000e+02 1.105208287113172358e-02
4.775000000000000000e+02 1.107139243133124437e-02
4.780000000000000000e+02 1.154336197306390921e-02
4.785000000000000000e+02 1.218571780033630633e-02
4.790000000000000000e+02 1.283434387028519613e-02
4.795000000000000000e+02 1.359411064451258866e-02
4.800000000000000000e+02 1.476143528703914229e-02
4.805000000000000000e+02 1.577100828737711125e-02
4.810000000000000000e+02 1.683071007429679314e-02
4.815000000000000000e+02 1.794132965641899793e-02
4.820000000000000000e+02 1.936699225245298514e-02
4.825000000000000000e+02 2.101553433174538354e-02
4.830000000000000000e+02 2.273148744266820925e-02
4.835000000000000000e+02 2.485287191606178059e-02
4.840000000000000000e+02 2.723655141540142627e-02
4.845000000000000000e+02 2.984325251221200612e-02
4.850000000000000000e+02 3.253068421140629940e-02
4.855000000000000000e+02 3.500947837947881308e-02
4.860000000000000000e+02 3.717655251954186252e-02
4.865000000000000000e+02 3.896209686371174957e-02
4.870000000000000000e+02 4.032312917418855169e-02
4.875000000000000000e+02 4.090872412159501231e-02
4.880000000000000000e+02 4.081353407629530194e-02
4.885000000000000000e+02 4.026181289217164311e-02
4.890000000000000000e+02 3.949917341293502498e-02
4.895000000000000000e+02 3.850513758569477918e-02
4.900000000000000000e+02 3.695828112118111630e-02
4.905000000000000000e+02 3.527320754387504309e-02
4.910000000000000000e+02 3.357119621319769320e-02
4.915000000000000000e+02 3.173979888811373495e-02
4.920000000000000000e+02 2.978561075667437649e-02
4.925000000000000000e+02 2.791223514059947355e-02
4.930000000000000000e+02 2.628380245603578053e-02
4.935000000000000000e+02 2.440494157055824245e-02
4.940000000000000000e+02 2.276463725320738637e-02
4.945000000000000000e+02 2.137762576504996515e-02
4.950000000000000000e+02 2.032636655647406324e-02
4.955000000000000000e+02 1.907024096809266031e-02
4.960000000000000000e+02 1.822489678063386395e-02
4.965000000000000000e+02 1.809345865729655028e-02
4.970000000000000000e+02 1.800208563936644621e-02
4.975000000000000000e+02 1.797773668898334717e-02
4.980000000000000000e+02 1.814602670090080180e-02
4.985000000000000000e+02 1.881614460805689990e-02
4.990000000000000000e+02 1.943848488385264972e-02
4.995000000000000000e+02 1.993613843760794202e-02
5.000000000000000000e+02 2.077249413364019165e-02
5.005000000000000000e+02 2.167703009104053613e-02
5.010000000000000000e+02 2.267492422405315011e-02
5.015000000000000000e+02 2.362331045839362667e-02
5.020000000000000000e+02 2.456101244131988007e-02
5.025000000000000000e+02 2.582005350288408413e-02
5.030000000000000000e+02 2.743374617050594114e-02
5.035000000000000000e+02 2.954350332132705051e-02
5.040000000000000000e+02 3.181286260196023591e-02
5.045000000000000000e+02 3.453692059241899454e-02
5.050000000000000000e+02 3.748445677675826121e-02
5.055000000000000000e+02 4.070248292229772941e-02
5.060000000000000000e+02 4.354490160566217016e-02
5.065000000000000000e+02 4.595386518374165730e-02
5.070000000000000000e+02 4.775039539444226461e-02
5.075000000000000000e+02 4.904628964174993083e-02
5.080000000000000000e+02 4.965759972860531862e-02
5.085000000000000000e+02 4.896556209169281720e-02
5.090000000000000000e+02 4.799032542588151096e-02
5.095000000000000000e+02 4.628157804679264298e-02
5.100000000000000000e+02 4.470083197862990965e-02
5.105000000000000000e+02 4.252277117206946372e-02
5.110000000000000000e+02 4.008753850243500227e-02
5.115000000000000000e+02 3.802294136504933558e-02
5.120000000000000000e+02 3.627030666913765716e-02
5.125000000000000000e+02 3.451603403817691401e-02
5.130000000000000000e+02 3.251895003336571083e-02
5.135000000000000000e+02 3.029292616641996241e-02
5.140000000000000000e+02 2.851154978290397837e-02
5.145000000000000000e+02 2.698118486792871681e-02
5.150000000000000000e+02 2.490774372885921559e-02
5.155000000000000000e+02 2.305459773393457937e-02
5.160000000000000000e+02 2.167582971743972284e-02
5.165000000000000000e+02 2.067747622731391788e-02
5.170000000000000000e+02 1.975026068994697320e-02
5.175000000000000000e+02 1.882191289765711845e-02
5.180000000000000000e+02 1.796498284156932204e-02
5.185000000000000000e+02 1.759223656056862692e-02
5.190000000000000000e+02 1.694258881069546710e-02
5.195000000000000000e+02 1.667898813479002165e-02
5.200000000000000000e+02 1.655415034050808018e-02
5.205000000000000000e+02 1.629596891223299496e-02
5.210000000000000000e+02 1.653412347148805472e-02
5.215000000000000000e+02 1.677814628207347988e-02
5.220000000000000000e+02 1.712820627903444137e-02
5.225000000000000000e+02 1.742961438280250103e-02
5.230000000000000000e+02 1.762934541580278569e-02
5.235000000000000000e+02 1.781807025920546447e-02
5.240000000000000000e+02 1.846576769952133421e-02
5.245000000000000000e+02 1.920081722176037245e-02
5.250000000000000000e+02 1.971564452505973619e-02
5.255000000000000000e+02 2.059193362542409422e-02
5.260000000000000000e+02 2.139139601734576374e-02
5.265000000000000000e+02 2.278449107470505164e-02
5.270000000000000000e+02 2.395727169093067599e-02
5.275000000000000000e+02 2.482823913564900439e-02
5.280000000000000000e+02 2.624622606489302595e-02
5.285000000000000000e+02 2.766304045494311428e-02
5.290000000000000000e+02 2.914523648403477898e-02
5.295000000000000000e+02 3.006557438602457458e-02
5.300000000000000000e+02 3.048486844565141338e-02
5.305000000000000000e+02 3.056548073895229076e-02
5.310000000000000000e+02 3.046929886143204605e-02
5.315000000000000000e+02 3.007314021799340972e-02
5.320000000000000000e+02 2.915324683557321203e-02
5.325000000000000000e+02 2.783742389911449469e-02
5.330000000000000000e+02 2.664567818940455357e-02
5.335000000000000000e+02 2.543646770774943278e-02
5.340000000000000000e+02 2.402785372826916205e-02
5.345000000000000000e+02 2.250652698254876349e-02
5.350000000000000000e+02 2.110321313849874286e-02
5.355000000000000000e+02 1.996933112598345966e-02
5.360000000000000000e+02 1.871449397032545758e-02
5.365000000000000000e+02 1.755178268622626520e-02
5.370000000000000000e+02 1.649897944315802459e-02
5.375000000000000000e+02 1.566574470746586942e-02
5.380000000000000000e+02 1.504740192838953036e-02
5.385000000000000000e+02 1.421560620132493111e-02
5.390000000000000000e+02 1.329009456656982807e-02
5.395000000000000000e+02 1.281968455943147470e-02
5.400000000000000000e+02 1.237995057017801659e-02
5.405000000000000000e+02 1.155836044703702908e-02
5.410000000000000000e+02 1.087478431202778748e-02
5.415000000000000000e+02 1.065054360773328573e-02
5.420000000000000000e+02 1.048849951257111585e-02
5.425000000000000000e+02 1.016747169429266240e-02
5.430000000000000000e+02 9.762456759728831146e-03
5.435000000000000000e+02 9.822389442458539371e-03
5.440000000000000000e+02 9.729006504338111316e-03
5.445000000000000000e+02 9.599642041814814009e-03
5.450000000000000000e+02 9.666738878082392628e-03
5.455000000000000000e+02 9.957104291478505870e-03
5.460000000000000000e+02 1.015800705154190978e-02
5.465000000000000000e+02 1.029567567421872318e-02
5.470000000000000000e+02 1.035765133431200066e-02
5.475000000000000000e+02 1.034409507298258632e-02
5.480000000000000000e+02 1.069217141642330587e-02
5.485000000000000000e+02 1.069765160749711064e-02
5.490000000000000000e+02 1.088328281246424625e-02
5.495000000000000000e+02 1.114416460431577605e-02
5.500000000000000000e+02 1.136490815662456397e-02
5.505000000000000000e+02 1.171516714670847725e-02
5.510000000000000000e+02 1.165482272914545800e-02
5.515000000000000000e+02 1.181649006357942538e-02
5.520000000000000000e+02 1.208243030921589758e-02
5.525000000000000000e+02 1.242630756315707755e-02
5.530000000000000000e+02 1.273967450555042388e-02
5.535000000000000000e+02 1.303616705279630333e-02
5.540000000000000000e+02 1.325046764433715843e-02
5.545000000000000000e+02 1.372686153899107739e-02
5.550000000000000000e+02 1.395909567627394779e-02
5.555000000000000000e+02 1.379814962548072191e-02
5.560000000000000000e+02 1.348951993969041419e-02
5.565000000000000000e+02 1.323134952743643816e-02
5.570000000000000000e+02 1.272967005268825849e-02
5.575000000000000000e+02 1.209178522913119044e-02
5.580000000000000000e+02 1.133163945395590858e-02
5.585000000000000000e+02 1.079850643425197751e-02
5.590000000000000000e+02 1.010522075639185002e-02
5.595000000000000000e+02 9.455146056315526237e-03
5.600000000000000000e+02 8.913266694198861140e-03
5.605000000000000000e+02 8.629150296953640858e-03
5.610000000000000000e+02 8.213348930741170423e-03
5.615000000000000000e+02 7.682017208944872007e-03
5.620000000000000000e+02 7.468451247030351119e-03
5.625000000000000000e+02 7.315229501066062255e-03
5.630000000000000000e+02 7.230194105939109599e-03
5.635000000000000000e+02 6.759126506527954846e-03
5.640000000000000000e+02 6.376445687474973333e-03
5.645000000000000000e+02 6.332709763610563404e-03
5.650000000000000000e+02 5.954551111191377054e-03
5.655000000000000000e+02 5.656754880157135491e-03
5.660000000000000000e+02 5.689243560652303307e-03
5.665000000000000000e+02 5.522962232569024986e-03
5.670000000000000000e+02 5.478663508134776379e-03
5.675000000000000000e+02 5.305650718272449627e-03
5.680000000000000000e+02 5.193677454591775523e-03
5.685000000000000000e+02 5.243693761734442675e-03
5.690000000000000000e+02 4.942301009781594444e-03
5.695000000000000000e+02 4.739384252855732144e-03
5.700000000000000000e+02 4.710110326439348634e-03
5.705000000000000000e+02 4.498787224376560485e-03
5.710000000000000000e+02 4.604264149041781794e-03
5.715000000000000000e+02 4.784324029560368431e-03
5.720000000000000000e+02 4.659032781097084165e-03
5.725000000000000000e+02 4.757710667787201468e-03
5.730000000000000000e+02 5.039918941529538364e-03
5.735000000000000000e+02 5.115493515596223305e-03
5.740000000000000000e+02 5.017772347510490207e-03
5.745000000000000000e+02 4.680917494371801893e-03
5.750000000000000000e+02 4.864901746930360045e-03
5.755000000000000000e+02 5.035798130167632065e-03
5.760000000000000000e+02 4.875618137086926845e-03
5.765000000000000000e+02 5.095363614501707654e-03
5.770000000000000000e+02 5.197666978988776422e-03
5.775000000000000000e+02 5.174806222105899321e-03
5.780000000000000000e+02 5.145175657782666105e-03
5.785000000000000000e+02 5.292458448192584493e-03
5.790000000000000000e+02 5.699567392835304218e-03
5.795000000000000000e+02 5.746881451221441846e-03
5.800000000000000000e+02 5.885217435606555046e-03
5.805000000000000000e+02 6.144531864118591737e-03
5.810000000000000000e+02 6.528170803468556251e-03
5.815000000000000000e+02 6.355552468476465509e-03
5.820000000000000000e+02 6.017292081396566177e-03
5.825000000000000000e+02 5.781128034124660524e-03
5.830000000000000000e+02 5.894706741473922616e-03
5.835000000000000000e+02 5.916353400717211213e-03
5.840000000000000000e+02 6.051468594412522627e-03
5.845000000000000000e+02 6.162133129295146831e-03
5.850000000000000000e+02 6.078656859721579507e-03
5.855000000000000000e+02 5.739400509937638527e-03
5.860000000000000000e+02 5.609892949982147638e-03
5.865000000000000000e+02 5.649485937136609730e-03
5.870000000000000000e+02 5.456948078511109600e-03
5.875000000000000000e+02 5.251431038570277161e-03
5.880000000000000000e+02 4.909708392669472066e-03
5.885000000000000000e+02 5.126930799969136969e-03
5.890000000000000000e+02 5.055748090759529766e-03
5.895000000000000000e+02 4.939097472157093736e-03
5.900000000000000000e+02 4.428833673923751948e-03
5.905000000000000000e+02 4.058667453649136662e-03
5.910000000000000000e+02 4.014308997984310061e-03
5.915000000000000000e+02 4.023434030192128523e-03
5.920000000000000000e+02 4.066722252625093632e-03
5.925000000000000000e+02 3.631556721287869036e-03
5.930000000000000000e+02 3.447456066245873155e-03
5.935000000000000000e+02 3.789035372139260872e-03
5.940000000000000000e+02 3.545924956563666595e-03
5.945000000000000000e+02 3.594702764792824523e-03
5.950000000000000000e+02 3.171374548238704676e-03
5.955000000000000000e+02 3.176807523702915477e-03
5.960000000000000000e+02 3.660718015471050094e-03
5.965000000000000000e+02 3.557336488375739507e-03
5.970000000000000000e+02 3.650421708011148889e-03
5.975000000000000000e+02 3.779617922069981005e-03
5.980000000000000000e+02 3.738256277886022917e-03
5.985000000000000000e+02 4.034723656447281558e-03
5.990000000000000000e+02 3.712091756328664456e-03
5.995000000000000000e+02 3.762526958329868131e-03
6.000000000000000000e+02 3.782688291659958534e-03
6.005000000000000000e+02 3.693996985178033508e-03
6.010000000000000000e+02 3.951890220315272539e-03
6.015000000000000000e+02 3.995270371808332804e-03
6.020000000000000000e+02 4.364623998663771237e-03
6.025000000000000000e+02 4.554373013178249739e-03
6.030000000000000000e+02 4.544814484038927314e-03
6.035000000000000000e+02 4.939990082569433068e-03
6.040000000000000000e+02 4.751647111056888848e-03
6.045000000000000000e+02 5.177395793760203833e-03
6.050000000000000000e+02 5.056354625896211478e-03
6.055000000000000000e+02 5.000730425746949953e-03
6.060000000000000000e+02 4.724048902155775220e-03
6.065000000000000000e+02 4.205265921221132928e-03
6.070000000000000000e+02 4.111960945339461666e-03
6.075000000000000000e+02 3.741702665656412331e-03
6.080000000000000000e+02 3.649386766099223245e-03
6.085000000000000000e+02 3.590894873678686545e-03
6.090000000000000000e+02 3.704156649409719691e-03
6.095000000000000000e+02 3.962441108238163798e-03
6.100000000000000000e+02 4.494896472370484702e-03
6.105000000000000000e+02 4.541069215648956166e-03
6.110000000000000000e+02 4.650292839515114858e-03
6.115000000000000000e+02 4.625183756392987899e-03
6.120000000000000000e+02 5.050021001230693522e-03
6.125000000000000000e+02 5.220961379266769557e-03
6.130000000000000000e+02 4.854759644932824317e-03
6.135000000000000000e+02 5.044642643687080423e-03
6.140000000000000000e+02 4.698027056093104573e-03
6.145000000000000000e+02 4.135535170371107926e-03
6.150000000000000000e+02 3.519716152081337097e-03
6.155000000000000000e+02 3.017195965816696877e-03
6.160000000000000000e+02 2.938180478332374883e-03
6.165000000000000000e+02 2.724046968270776858e-03
6.170000000000000000e+02 2.315317407953436553e-03
6.175000000000000000e+02 2.549026737643127379e-03
6.180000000000000000e+02 2.601320545351005521e-03
6.185000000000000000e+02 2.769817417483149552e-03
6.190000000000000000e+02 2.734073562182037093e-03
6.195000000000000000e+02 2.705898605334664322e-03
6.200000000000000000e+02 3.234357638481443267e-03
6.205000000000000000e+02 3.901378985728229561e-03
6.210000000000000000e+02 4.527725711916031140e-03
6.215000000000000000e+02 4.813348254456659148e-03
6.220000000000000000e+02 4.709210434180275198e-03
6.225000000000000000e+02 5.331090694530772438e-03
6.230000000000000000e+02 5.106785406178084193e-03
6.235000000000000000e+02 4.747857261532272694e-03
6.240000000000000000e+02 4.293169197499367880e-03
6.245000000000000000e+02 3.886574306058201630e-03
6.250000000000000000e+02 4.316646358028437998e-03
6.255000000000000000e+02 4.125724446117033824e-03
6.260000000000000000e+02 4.173828731060911547e-03
6.265000000000000000e+02 4.317766248804593907e-03
6.270000000000000000e+02 4.337388474166062498e-03
6.275000000000000000e+02 4.492973926590156097e-03
6.280000000000000000e+02 4.781358698759099503e-03
6.285000000000000000e+02 4.828052651814880060e-03
6.290000000000000000e+02 4.986037051674421273e-03
6.295000000000000000e+02 4.747899693835331940e-03
6.300000000000000000e+02 4.971952852168122494e-03
