4.250000000000000000e+02 5.896707342519283065e-03
4.255000000000000000e+02 5.002439021555371221e-03
4.260000000000000000e+02 5.368690664698423654e-03
4.265000000000000000e+02 4.449456503483927364e-03
4.270000000000000000e+02 5.042958561281798979e-03
4.275000000000000000e+02 5.939329245848397332e-03
4.280000000000000000e+02 6.563049917169093764e-03
4.285000000000000000e+02 6.948233986768968459e-03
4.290000000000000000e+02 5.754028553138886698e-03
4.295000000000000000e+02 6.898858477053664701e-03
4.300000000000000000e+02 6.032928772067944201e-03
4.305000000000000000e+02 5.211655909992266369e-03
4.310000000000000000e+02 5.232606977948370611e-03
4.315000000000000000e+02 3.371083863651428564e-03
4.320000000000000000e+02 3.403813397526362847e-03
4.325000000000000000e+02 2.641878701529466744e-03
4.330000000000000000e+02 2.372628089816516961e-03
4.335000000000000000e+02 1.856923781717150987e-03
4.340000000000000000e+02 4.147328951333781322e-04
4.345000000000000000e+02 1.625706777249057849e-03
4.350000000000000000e+02 2.196502740934230119e-03
4.355000000000000000e+02 2.425918638531730093e-03
4.360000000000000000e+02 2.962072581865664647e-03
4.365000000000000000e+02 3.224004966758091048e-03
4.370000000000000000e+02 3.895900735787121219e-03
4.375000000000000000e+02 3.949165383881960215e-03
4.380000000000000000e+02 4.859366201159094970e-03
4.385000000000000000e+02 3.250541616490531388e-03
4.390000000000000000e+02 2.986283296984018273e-03
4.395000000000000000e+02 2.216994147749824437e-03
4.400000000000000000e+02 2.163678247085099385e-03
4.405000000000000000e+02 3.145555434033126679e-03
4.410000000000000000e+02 1.955487773599412504e-03
4.415000000000000000e+02 3.625676968343812673e-03
4.420000000000000000e+02 3.202036228641102697e-03
4.425000000000000000e+02 4.701512349866529550e-03
4.430000000000000000e+02 5.271712296646746676e-03
4.435000000000000000e+02 4.096537197320258145e-03
4.440000000000000000e+02 4.631555000058023772e-03
4.445000000000000000e+02 3.783607841959434059e-03
4.450000000000000000e+02 4.683330372095773769e-03
4.455000000000000000e+02 4.885226015020375026e-03
4.460000000000000000e+02 5.621929380412312230e-03
4.465000000000000000e+02 6.080916942032239120e-03
4.470000000000000000e+02 5.171298844591448382e-03
4.475000000000000000e+02 4.926797212936342291e-03
4.480000000000000000e+02 4.369271039459813114e-03
4.485000000000000000e+02 3.173521209456891395e-03
4.490000000000000000e+02 1.670510081384831216e-03
4.495000000000000000e+02 1.253861906703575280e-03
4.500000000000000000e+02 5.962864880993670388e-04
4.505000000000000000e+02 2.159322926722972644e-04
4.510000000000000000e+02 1.620685155272040198e-03
4.515000000000000000e+02 3.236254112148362685e-03
4.520000000000000000e+02 4.191753802260890852e-03
4.525000000000000000e+02 3.464524202410695919e-03
4.530000000000000000e+02 4.820753206971719815e-03
4.535000000000000000e+02 4.840333129568438059e-03
4.540000000000000000e+02 4.054462868038951479e-03
4.545000000000000000e+02 3.509276898929590896e-03
4.550000000000000000e+02 2.343996930714889806e-03
4.555000000000000000e+02 3.653557656118171931e-03
4.560000000000000000e+02 3.303436247862865521e-03
4.565000000000000000e+02 2.986220376578588992e-03
4.570000000000000000e+02 2.893766473714925666e-03
4.575000000000000000e+02 3.041208843281293858e-03
4.580000000000000000e+02 2.770376189446182441e-03
4.585000000000000000e+02 2.521873956959198512e-03
4.590000000000000000e+02 2.399367326057050623e-03
4.595000000000000000e+02 4.588589348813823868e-03
4.600000000000000000e+02 5.486502979350500742e-03
4.605000000000000000e+02 5.024331045843081003e-03
4.610000000000000000e+02 1.849126999714494762e-03
4.615000000000000000e+02 2.419837065429640208e-03
4.620000000000000000e+02 2.841451507146814173e-03
4.625000000000000000e+02 1.597795815246201220e-03
4.630000000000000000e+02 1.217665399260948675e-04
4.635000000000000000e+02 0.000000000000000000e+00
4.640000000000000000e+02 3.175633158356122240e-03
4.645000000000000000e+02 3.928194651516099187e-03
4.650000000000000000e+02 4.390391347322983306e-03
4.655000000000000000e+02 5.609099225252593690e-03
4.660000000000000000e+02 6.081674004769660816e-03
4.665000000000000000e+02 7.933397946612149795e-03
4.670000000000000000e+02 8.216570748030841559e-03
4.675000000000000000e+02 7.274588176813524126e-03
4.680000000000000000e+02 7.479811270596775294e-03
4.685000000000000000e+02 7.361455130529867552e-03
4.690000000000000000e+02 8.420918424909711042e-03
4.695000000000000000e+02 7.816796085033946018e-03
4.700000000000000000e+02 8.477935737724076951e-03
4.705000000000000000e+02 9.176042657339159372e-03
4.710000000000000000e+02 9.733426002793503160e-03
4.715000000000000000e+02 9.175171501432070539e-03
4.720000000000000000e+02 8.960562595890663243e-03
4.725000000000000000e+02 8.826885363754319661e-03
4.730000000000000000e+02 9.314782211528973774e-03
4.735000000000000000e+02 1.062348592621162498e-02
4.740000000000000000e+02 1.122383466241522014e-02
4.745000000000000000e+02 1.308477918839791483e-02
4.750000000000000000e+02 1.496856147298933175e-02
4.755000000000000000e+02 1.668049515415968853e-02
4.760000000000000000e+02 1.795296505460727832e-02
4.765000000000000000e+02 1.923699597069542661e-02
4.770000000000000000e+02 1.961796622768275516e-02
4.775000000000000000e+02 2.059306464677935350e-02
4.780000000000000000e+02 2.083321848334798027e-02
4.785000000000000000e+02 2.202187203016053169e-02
4.790000000000000000e+02 2.518925200754587590e-02
4.795000000000000000e+02 2.720734341985337618e-02
4.800000000000000000e+02 3.043480925213375848e-02
4.805000000000000000e+02 3.494037068420207531e-02
4.810000000000000000e+02 3.920088738782200738e-02
4.815000000000000000e+02 4.350195050580103751e-02
4.820000000000000000e+02 4.866783845337254583e-02
4.825000000000000000e+02 5.359837475991835465e-02
4.830000000000000000e+02 5.944731903227128134e-02
4.835000000000000000e+02 6.444291697774334748e-02
4.840000000000000000e+02 7.004737083365489281e-02
4.845000000000000000e+02 7.726811816292653012e-02
4.850000000000000000e+02 8.350166102960245029e-02
4.855000000000000000e+02 9.009768443405868910e-02
4.860000000000000000e+02 9.653038479934024363e-02
4.865000000000000000e+02 1.055535377944174930e-01
4.870000000000000000e+02 1.133220243506385116e-01
4.875000000000000000e+02 1.197433671819285311e-01
4.880000000000000000e+02 1.263471204660562563e-01
4.885000000000000000e+02 1.359967183386858458e-01
4.890000000000000000e+02 1.470406691729264637e-01
4.895000000000000000e+02 1.573759541519433869e-01
4.900000000000000000e+02 1.706415462162887420e-01
4.905000000000000000e+02 1.851806836532236267e-01
4.910000000000000000e+02 2.016305510540871426e-01
4.915000000000000000e+02 2.175404568784842507e-01
4.920000000000000000e+02 2.346745866884696330e-01
4.925000000000000000e+02 2.517421410483369759e-01
4.930000000000000000e+02 2.686997675337911007e-01
4.935000000000000000e+02 2.889233366373509804e-01
4.940000000000000000e+02 3.107105509776569296e-01
4.945000000000000000e+02 3.341319870851101048e-01
4.950000000000000000e+02 3.607460017673789210e-01
4.955000000000000000e+02 3.945621258340383797e-01
4.960000000000000000e+02 4.335901094593247462e-01
4.965000000000000000e+02 4.775677915361921655e-01
4.970000000000000000e+02 5.266246548968516183e-01
4.975000000000000000e+02 5.817391047798192716e-01
4.980000000000000000e+02 6.392411624982095031e-01
4.985000000000000000e+02 6.993660335300782016e-01
4.990000000000000000e+02 7.596270241434223136e-01
4.995000000000000000e+02 8.227858988380902794e-01
5.000000000000000000e+02 8.867481139789717970e-01
5.005000000000000000e+02 9.523498012682203306e-01
5.010000000000000000e+02 1.024384961073599776e+00
5.015000000000000000e+02 1.093919394785942023e+00
5.020000000000000000e+02 1.162140669593753506e+00
5.025000000000000000e+02 1.225953607764541431e+00
5.030000000000000000e+02 1.276778886881506869e+00
5.035000000000000000e+02 1.312517102155599025e+00
5.040000000000000000e+02 1.323845113238979243e+00
5.045000000000000000e+02 1.314174726682260541e+00
5.050000000000000000e+02 1.287346373714920889e+00
5.055000000000000000e+02 1.242523574325341551e+00
5.060000000000000000e+02 1.189302948193566856e+00
5.065000000000000000e+02 1.132389457077493056e+00
5.070000000000000000e+02 1.078128219788887510e+00
5.075000000000000000e+02 1.030532966660124394e+00
5.080000000000000000e+02 9.891618799782503357e-01
5.085000000000000000e+02 9.522772759304137802e-01
5.090000000000000000e+02 9.234647009194917322e-01
5.095000000000000000e+02 9.020522997767750351e-01
5.100000000000000000e+02 8.870997711368429073e-01
5.105000000000000000e+02 8.768672628476220643e-01
5.110000000000000000e+02 8.695983505775579658e-01
5.115000000000000000e+02 8.660870573863782562e-01
5.120000000000000000e+02 8.667946030505883082e-01
5.125000000000000000e+02 8.686294943069190477e-01
5.130000000000000000e+02 8.719008081082882944e-01
5.135000000000000000e+02 8.741169084693428681e-01
5.140000000000000000e+02 8.818500909857990289e-01
5.145000000000000000e+02 8.932541113243915865e-01
5.150000000000000000e+02 9.092348238369665214e-01
5.155000000000000000e+02 9.300152489032856851e-01
5.160000000000000000e+02 9.584662609965668434e-01
5.165000000000000000e+02 9.957957493198817955e-01
5.170000000000000000e+02 1.041061515085970779e+00
5.175000000000000000e+02 1.094377022628303164e+00
5.180000000000000000e+02 1.154776187677876154e+00
5.185000000000000000e+02 1.226577621538330609e+00
5.190000000000000000e+02 1.300846023752003866e+00
5.195000000000000000e+02 1.377729240762586072e+00
5.200000000000000000e+02 1.455572748245596015e+00
5.205000000000000000e+02 1.532220435324147978e+00
5.210000000000000000e+02 1.608889850804088084e+00
5.215000000000000000e+02 1.685979227414009296e+00
5.220000000000000000e+02 1.766247177993547579e+00
5.225000000000000000e+02 1.850623219409113451e+00
5.230000000000000000e+02 1.939994739899766785e+00
5.235000000000000000e+02 2.025707037058180227e+00
5.240000000000000000e+02 2.111378175501208876e+00
5.245000000000000000e+02 2.182530338410458182e+00
5.250000000000000000e+02 2.230882518546977611e+00
5.255000000000000000e+02 2.246161961851512956e+00
5.260000000000000000e+02 2.223625108616513302e+00
5.265000000000000000e+02 2.169124392706499815e+00
5.270000000000000000e+02 2.084538178818309273e+00
5.275000000000000000e+02 1.979136405219879213e+00
5.280000000000000000e+02 1.861799895913541558e+00
5.285000000000000000e+02 1.741044920841196664e+00
5.290000000000000000e+02 1.624313680979486918e+00
5.295000000000000000e+02 1.515529059492039643e+00
5.300000000000000000e+02 1.416076804842934633e+00
5.305000000000000000e+02 1.327986776764636945e+00
5.310000000000000000e+02 1.250338911972026512e+00
5.315000000000000000e+02 1.185014545402446551e+00
5.320000000000000000e+02 1.131200425359812245e+00
5.325000000000000000e+02 1.081323817212923588e+00
5.330000000000000000e+02 1.040311674226731098e+00
5.335000000000000000e+02 1.004512623835384755e+00
5.340000000000000000e+02 9.758144207809206216e-01
5.345000000000000000e+02 9.503729913747090974e-01
5.350000000000000000e+02 9.261236503550684951e-01
5.355000000000000000e+02 9.050088244374154822e-01
5.360000000000000000e+02 8.851366223012677725e-01
5.365000000000000000e+02 8.659063340588725177e-01
5.370000000000000000e+02 8.499672886866133092e-01
5.375000000000000000e+02 8.371440031093498879e-01
5.380000000000000000e+02 8.304900613985943814e-01
5.385000000000000000e+02 8.292862287777190700e-01
5.390000000000000000e+02 8.331347532965296399e-01
5.395000000000000000e+02 8.426920059667173390e-01
5.400000000000000000e+02 8.572703792756978247e-01
5.405000000000000000e+02 8.761972890656590796e-01
5.410000000000000000e+02 8.994971548062095090e-01
5.415000000000000000e+02 9.255669967708675117e-01
5.420000000000000000e+02 9.532989006140552002e-01
5.425000000000000000e+02 9.810715389666998520e-01
5.430000000000000000e+02 1.009647056785073715e+00
5.435000000000000000e+02 1.038173814099803804e+00
5.440000000000000000e+02 1.065325591356670154e+00
5.445000000000000000e+02 1.093551154703606754e+00
5.450000000000000000e+02 1.124099535633092506e+00
5.455000000000000000e+02 1.158519162453725659e+00
5.460000000000000000e+02 1.195063689093562420e+00
5.465000000000000000e+02 1.234004656763585839e+00
5.470000000000000000e+02 1.273022196448239329e+00
5.475000000000000000e+02 1.307435382569731797e+00
5.480000000000000000e+02 1.336220732546583356e+00
5.485000000000000000e+02 1.352448614403817695e+00
5.490000000000000000e+02 1.356919253315520324e+00
5.495000000000000000e+02 1.344161590840974085e+00
5.500000000000000000e+02 1.314179890547652052e+00
5.505000000000000000e+02 1.270377713997153490e+00
5.510000000000000000e+02 1.214699623962943287e+00
5.515000000000000000e+02 1.154936423715255289e+00
5.520000000000000000e+02 1.089185743554898833e+00
5.525000000000000000e+02 1.025281371375475814e+00
5.530000000000000000e+02 9.648458143240908891e-01
5.535000000000000000e+02 9.094062561661990785e-01
5.540000000000000000e+02 8.595337770370859998e-01
5.545000000000000000e+02 8.110358301702578210e-01
5.550000000000000000e+02 7.709517485277744830e-01
5.555000000000000000e+02 7.327280812722551939e-01
5.560000000000000000e+02 6.985036327176425974e-01
5.565000000000000000e+02 6.682046674671928699e-01
5.570000000000000000e+02 6.417177510705852628e-01
5.575000000000000000e+02 6.177350533729530913e-01
5.580000000000000000e+02 5.956085191598674555e-01
5.585000000000000000e+02 5.739959756210014641e-01
5.590000000000000000e+02 5.517187700112050619e-01
5.595000000000000000e+02 5.322265776183259245e-01
5.600000000000000000e+02 5.140770722825486194e-01
5.605000000000000000e+02 4.979729351758537259e-01
5.610000000000000000e+02 4.817980849578498148e-01
5.615000000000000000e+02 4.666279544310360516e-01
5.620000000000000000e+02 4.564611426245730463e-01
5.625000000000000000e+02 4.464274411910692519e-01
5.630000000000000000e+02 4.391494029730595439e-01
5.635000000000000000e+02 4.322688040707818868e-01
5.640000000000000000e+02 4.277452092504480108e-01
5.645000000000000000e+02 4.254758253916661737e-01
5.650000000000000000e+02 4.246165178782677629e-01
5.655000000000000000e+02 4.265414833059694710e-01
5.660000000000000000e+02 4.287623064847848608e-01
5.665000000000000000e+02 4.326537658407741405e-01
5.670000000000000000e+02 4.354829204869109516e-01
5.675000000000000000e+02 4.398978688261555026e-01
5.680000000000000000e+02 4.427133086215150337e-01
5.685000000000000000e+02 4.466389684955478501e-01
5.690000000000000000e+02 4.484885176708740540e-01
5.695000000000000000e+02 4.484526001181167731e-01
5.700000000000000000e+02 4.508560584532905202e-01
5.705000000000000000e+02 4.558599347570121418e-01
5.710000000000000000e+02 4.632521286792834481e-01
5.715000000000000000e+02 4.702331712617228709e-01
5.720000000000000000e+02 4.776415210591592464e-01
5.725000000000000000e+02 4.872450769362373646e-01
5.730000000000000000e+02 4.999952332554232770e-01
5.735000000000000000e+02 5.114186096055803876e-01
5.740000000000000000e+02 5.183478405620571827e-01
5.745000000000000000e+02 5.207525122088992875e-01
5.750000000000000000e+02 5.217928206657121981e-01
5.755000000000000000e+02 5.203727957539443505e-01
5.760000000000000000e+02 5.109716478536211470e-01
5.765000000000000000e+02 4.966315704701829148e-01
5.770000000000000000e+02 4.787686068330692102e-01
5.775000000000000000e+02 4.605694906086025275e-01
5.780000000000000000e+02 4.406143059849809140e-01
5.785000000000000000e+02 4.178074170664546894e-01
5.790000000000000000e+02 3.972747572234731628e-01
5.795000000000000000e+02 3.768764325820377903e-01
5.800000000000000000e+02 3.563164909697457694e-01
5.805000000000000000e+02 3.399813051152846266e-01
5.810000000000000000e+02 3.230582083512122393e-01
5.815000000000000000e+02 3.068692013791610163e-01
5.820000000000000000e+02 2.915493413639118070e-01
5.825000000000000000e+02 2.790734264084309690e-01
5.830000000000000000e+02 2.680517709434231954e-01
5.835000000000000000e+02 2.570542700710078399e-01
5.840000000000000000e+02 2.467378269797919910e-01
5.845000000000000000e+02 2.357761920247890830e-01
5.850000000000000000e+02 2.273115669732535260e-01
5.855000000000000000e+02 2.169057562876922918e-01
5.860000000000000000e+02 2.089818161162229904e-01
5.865000000000000000e+02 2.013888425899355294e-01
5.870000000000000000e+02 1.930231034358576292e-01
5.875000000000000000e+02 1.848513100107922746e-01
5.880000000000000000e+02 1.783694752615920531e-01
5.885000000000000000e+02 1.743443559804693510e-01
5.890000000000000000e+02 1.679829821026525283e-01
5.895000000000000000e+02 1.633396370725163915e-01
5.900000000000000000e+02 1.574538695150985157e-01
5.905000000000000000e+02 1.551382074846752723e-01
5.910000000000000000e+02 1.519808029958296947e-01
5.915000000000000000e+02 1.490961918042573164e-01
5.920000000000000000e+02 1.466232851131957227e-01
5.925000000000000000e+02 1.440638015313839559e-01
5.930000000000000000e+02 1.406473184820722366e-01
5.935000000000000000e+02 1.377321912012097194e-01
5.940000000000000000e+02 1.355844044320859976e-01
5.945000000000000000e+02 1.354786900046256459e-01
5.950000000000000000e+02 1.345993385896263328e-01
5.955000000000000000e+02 1.346263622400022952e-01
5.960000000000000000e+02 1.347008635500014928e-01
5.965000000000000000e+02 1.356873209585792162e-01
5.970000000000000000e+02 1.361589190242415426e-01
5.975000000000000000e+02 1.364900148309269867e-01
5.980000000000000000e+02 1.369467293544350817e-01
5.985000000000000000e+02 1.389634361634651816e-01
5.990000000000000000e+02 1.381747788842516145e-01
5.995000000000000000e+02 1.379509083699393124e-01
6.000000000000000000e+02 1.375701070321958264e-01
6.005000000000000000e+02 1.390879182244379453e-01
6.010000000000000000e+02 1.403891165072616853e-01
6.015000000000000000e+02 1.379441459789253477e-01
6.020000000000000000e+02 1.403993701922095494e-01
6.025000000000000000e+02 1.447229579468659599e-01
6.030000000000000000e+02 1.451563542906635362e-01
6.035000000000000000e+02 1.470618291889732865e-01
6.040000000000000000e+02 1.450027680891160242e-01
6.045000000000000000e+02 1.429159188218066534e-01
6.050000000000000000e+02 1.412272777431657078e-01
6.055000000000000000e+02 1.353641149176197378e-01
6.060000000000000000e+02 1.303348629239053091e-01
6.065000000000000000e+02 1.264481056992135255e-01
6.070000000000000000e+02 1.195283395616647398e-01
6.075000000000000000e+02 1.161749242024622958e-01
6.080000000000000000e+02 1.115943662105173123e-01
6.085000000000000000e+02 1.064298404911557250e-01
6.090000000000000000e+02 1.029814172462285154e-01
6.095000000000000000e+02 9.917508907664197848e-02
6.100000000000000000e+02 9.521605098690211211e-02
6.105000000000000000e+02 8.935681997315254865e-02
6.110000000000000000e+02 8.509448988680375081e-02
6.115000000000000000e+02 8.204911541941890818e-02
6.120000000000000000e+02 7.877773175112016968e-02
6.125000000000000000e+02 7.670649798190276591e-02
6.130000000000000000e+02 7.321084903466608396e-02
6.135000000000000000e+02 7.433802423771013190e-02
6.140000000000000000e+02 7.441026700210010003e-02
6.145000000000000000e+02 7.345104598121424133e-02
6.150000000000000000e+02 7.295306463141605635e-02
6.155000000000000000e+02 7.008588287184445986e-02
6.160000000000000000e+02 6.710532878430042203e-02
6.165000000000000000e+02 6.445779023559955467e-02
6.170000000000000000e+02 6.232582928456988081e-02
6.175000000000000000e+02 5.864210434977314146e-02
6.180000000000000000e+02 5.555498718201456326e-02
6.185000000000000000e+02 5.371459627032139361e-02
6.190000000000000000e+02 5.443139507958924539e-02
6.195000000000000000e+02 5.424511172266494735e-02
6.200000000000000000e+02 5.151257448319274124e-02
6.205000000000000000e+02 4.609822468316567001e-02
6.210000000000000000e+02 4.601859861463160339e-02
6.215000000000000000e+02 4.494043679795663160e-02
6.220000000000000000e+02 4.313880593474459652e-02
6.225000000000000000e+02 4.189182899611481464e-02
6.230000000000000000e+02 3.988810748219421415e-02
6.235000000000000000e+02 4.379401997685288678e-02
6.240000000000000000e+02 4.434846737930100979e-02
6.245000000000000000e+02 4.343575293257875142e-02
6.250000000000000000e+02 4.237228093032135989e-02
6.255000000000000000e+02 4.059926414005943923e-02
6.260000000000000000e+02 3.957339292723504459e-02
6.265000000000000000e+02 3.921858681586424394e-02
6.270000000000000000e+02 3.747271533298418555e-02
6.275000000000000000e+02 3.546370872293966303e-02
6.280000000000000000e+02 3.474585730765050728e-02
6.285000000000000000e+02 3.417560675381731139e-02
6.290000000000000000e+02 3.297936496304146314e-02
6.295000000000000000e+02 3.264319638613109170e-02
6.300000000000000000e+02 3.135701457644463758e-02
6.305000000000000000e+02 3.439541439853609217e-02
6.310000000000000000e+02 3.545265404214121424e-02
6.315000000000000000e+02 3.515048428066591679e-02
6.320000000000000000e+02 3.558856494607980092e-02
6.325000000000000000e+02 3.552348114798160872e-02
6.330000000000000000e+02 3.662821286518282843e-02
6.335000000000000000e+02 3.683570988261661294e-02
6.340000000000000000e+02 3.682499897509477343e-02
6.345000000000000000e+02 3.736771198279945083e-02
6.350000000000000000e+02 3.591331761660447597e-02
6.355000000000000000e+02 3.334159792827943308e-02
6.360000000000000000e+02 3.036882236706191229e-02
6.365000000000000000e+02 2.947749480746562900e-02
6.370000000000000000e+02 2.552019416043347505e-02
6.375000000000000000e+02 2.595092527154131690e-02
6.380000000000000000e+02 2.768707494936761826e-02
6.385000000000000000e+02 2.902070460743626235e-02
6.390000000000000000e+02 3.252947418806983321e-02
6.395000000000000000e+02 3.260673564915885642e-02
6.400000000000000000e+02 3.456230182515261651e-02
6.405000000000000000e+02 3.303343839118525610e-02
6.410000000000000000e+02 3.426130001098807998e-02
6.415000000000000000e+02 3.728196996457332213e-02
6.420000000000000000e+02 3.841478573035021771e-02
6.425000000000000000e+02 3.809188517345221681e-02
6.430000000000000000e+02 3.778037683581823153e-02
6.435000000000000000e+02 3.689587881710613276e-02
6.440000000000000000e+02 3.268323971760502683e-02
6.445000000000000000e+02 2.716143015379129944e-02
6.450000000000000000e+02 2.414604131971005707e-02
6.455000000000000000e+02 2.147592767131546732e-02
6.460000000000000000e+02 1.799946506098081683e-02
6.465000000000000000e+02 1.532112654940265446e-02
6.470000000000000000e+02 1.372559596447001269e-02
6.475000000000000000e+02 1.470512254924859034e-02
6.480000000000000000e+02 1.314196961694318565e-02
6.485000000000000000e+02 1.099893054018383394e-02
6.490000000000000000e+02 1.171553582920962198e-02
6.495000000000000000e+02 1.289014052384222959e-02
6.500000000000000000e+02 1.181184828981018779e-02
6.505000000000000000e+02 1.050023681649521999e-02
6.510000000000000000e+02 1.001358479174307807e-02
6.515000000000000000e+02 1.216416272006772860e-02
6.520000000000000000e+02 1.355215342572983588e-02
6.525000000000000000e+02 1.293152290249247223e-02
6.530000000000000000e+02 1.063756965336751757e-02
6.535000000000000000e+02 1.147382481144684947e-02
6.540000000000000000e+02 1.249781465583254571e-02
6.545000000000000000e+02 1.280507799444356547e-02
6.550000000000000000e+02 1.172300683778161774e-02
6.555000000000000000e+02 1.057986560405573852e-02
6.560000000000000000e+02 1.347028701696287474e-02
6.565000000000000000e+02 1.817184250609290425e-02
6.570000000000000000e+02 1.804607448945101666e-02
6.575000000000000000e+02 1.623135010484020452e-02
6.580000000000000000e+02 1.536126269579773072e-02
6.585000000000000000e+02 1.646804314887413689e-02
6.590000000000000000e+02 1.384748035737830112e-02
