4.250000000000000000e+02 1.300137471589823436e-03
4.255000000000000000e+02 0.000000000000000000e+00
4.260000000000000000e+02 2.580283277941759074e-04
4.265000000000000000e+02 8.529307487974823604e-04
4.270000000000000000e+02 2.081647553253438560e-03
4.275000000000000000e+02 3.689699264108120200e-03
4.280000000000000000e+02 4.746755887604722432e-03
4.285000000000000000e+02 6.363911712438465734e-03
4.290000000000000000e+02 5.081762703205958825e-03
4.295000000000000000e+02 3.935240805496384442e-03
4.300000000000000000e+02 3.833530655312999968e-03
4.305000000000000000e+02 3.028598900570196942e-03
4.310000000000000000e+02 2.715811420029433376e-03
4.315000000000000000e+02 2.904287967481046853e-03
4.320000000000000000e+02 4.404359604476115048e-03
4.325000000000000000e+02 5.432162979856755558e-03
4.330000000000000000e+02 4.529168471260846401e-03
4.335000000000000000e+02 4.047274497506810065e-03
4.340000000000000000e+02 2.739553125739788847e-03
4.345000000000000000e+02 2.938465019809802584e-03
4.350000000000000000e+02 1.802326014333862150e-03
4.355000000000000000e+02 2.405308968023062849e-03
4.360000000000000000e+02 2.512298511005170085e-03
4.365000000000000000e+02 2.693914089126713332e-03
4.370000000000000000e+02 3.492065899424613706e-03
4.375000000000000000e+02 3.160636876251867594e-03
4.380000000000000000e+02 5.139470966320761405e-03
4.385000000000000000e+02 4.327885213200008060e-03
4.390000000000000000e+02 3.409224978834873160e-03
4.395000000000000000e+02 2.579794397183619165e-03
4.400000000000000000e+02 3.446885678939151654e-03
4.405000000000000000e+02 3.172031108004525965e-03
4.410000000000000000e+02 2.009441788514049893e-03
4.415000000000000000e+02 2.977082436157081624e-03
4.420000000000000000e+02 3.546286156570051251e-03
4.425000000000000000e+02 5.129284762328122083e-03
4.430000000000000000e+02 4.611272105454242154e-03
4.435000000000000000e+02 4.986959704973550900e-03
4.440000000000000000e+02 6.363380764498906966e-03
4.445000000000000000e+02 5.822337802120646291e-03
4.450000000000000000e+02 6.252397906504652408e-03
4.455000000000000000e+02 6.952566345070330250e-03
4.460000000000000000e+02 8.023856150606854462e-03
4.465000000000000000e+02 9.082660862315170003e-03
4.470000000000000000e+02 8.261299801491976680e-03
4.475000000000000000e+02 7.702968382766827923e-03
4.480000000000000000e+02 8.156924857791479633e-03
4.485000000000000000e+02 6.831836427818000629e-03
4.490000000000000000e+02 5.992634381166175167e-03
4.495000000000000000e+02 4.745918535866594165e-03
4.500000000000000000e+02 4.602124149727736258e-03
4.505000000000000000e+02 4.580051008599326026e-03
4.510000000000000000e+02 5.102092922116318111e-03
4.515000000000000000e+02 6.757053191179121857e-03
4.520000000000000000e+02 8.406800832955349523e-03
4.525000000000000000e+02 8.599381712343371481e-03
4.530000000000000000e+02 9.395983427759879714e-03
4.535000000000000000e+02 9.197727238854614198e-03
4.540000000000000000e+02 8.742929617110793000e-03
4.545000000000000000e+02 7.414009646857134747e-03
4.550000000000000000e+02 5.612134586156291433e-03
4.555000000000000000e+02 5.445238951796441823e-03
4.560000000000000000e+02 4.900208269649725806e-03
4.565000000000000000e+02 4.541970275061830292e-03
4.570000000000000000e+02 5.635417392009858806e-03
4.575000000000000000e+02 7.015355022202008489e-03
4.580000000000000000e+02 7.274549466958924598e-03
4.585000000000000000e+02 7.125447822003937171e-03
4.590000000000000000e+02 7.748339863582094644e-03
4.595000000000000000e+02 9.516985783454334769e-03
4.600000000000000000e+02 9.215212531017365899e-03
4.605000000000000000e+02 8.787099041385521350e-03
4.610000000000000000e+02 8.437224898676326176e-03
4.615000000000000000e+02 9.266457263456744781e-03
4.620000000000000000e+02 9.111871251227509835e-03
4.625000000000000000e+02 7.784533944699007987e-03
4.630000000000000000e+02 6.738876022323760442e-03
4.635000000000000000e+02 6.626738824765032385e-03
4.640000000000000000e+02 7.219511867523226503e-03
4.645000000000000000e+02 7.368052612944047883e-03
4.650000000000000000e+02 7.466169477469549939e-03
4.655000000000000000e+02 8.865049114835123895e-03
4.660000000000000000e+02 1.018333660471930704e-02
4.665000000000000000e+02 1.174605804017025273e-02
4.670000000000000000e+02 1.226582886131262137e-02
4.675000000000000000e+02 1.205053120241809939e-02
4.680000000000000000e+02 1.317806207700243648e-02
4.685000000000000000e+02 1.333119847528482088e-02
4.690000000000000000e+02 1.305267421775418643e-02
4.695000000000000000e+02 1.249586866093302731e-02
4.700000000000000000e+02 1.270355831029073776e-02
4.705000000000000000e+02 1.364992435141862415e-02
4.710000000000000000e+02 1.382176594534905573e-02
4.715000000000000000e+02 1.355209486386027909e-02
4.720000000000000000e+02 1.411706444295120558e-02
4.725000000000000000e+02 1.436997497025668119e-02
4.730000000000000000e+02 1.553566140589692987e-02
4.735000000000000000e+02 1.681522041346500407e-02
4.740000000000000000e+02 1.790890397320642202e-02
4.745000000000000000e+02 1.998179093602793152e-02
4.750000000000000000e+02 2.096673776992000540e-02
4.755000000000000000e+02 2.293898295191944617e-02
4.760000000000000000e+02 2.486552324955619217e-02
4.765000000000000000e+02 2.650788916723977387e-02
4.770000000000000000e+02 2.655203073306482489e-02
4.775000000000000000e+02 2.743639531223162134e-02
4.780000000000000000e+02 2.839988145091229890e-02
4.785000000000000000e+02 3.008574911184557291e-02
4.790000000000000000e+02 3.223749613700818695e-02
4.795000000000000000e+02 3.431335827797545035e-02
4.800000000000000000e+02 3.919804277713538621e-02
4.805000000000000000e+02 4.439117519784041566e-02
4.810000000000000000e+02 4.905110752193360402e-02
4.815000000000000000e+02 5.429780696939381923e-02
4.820000000000000000e+02 5.971215999628749771e-02
4.825000000000000000e+02 6.517422380382657809e-02
4.830000000000000000e+02 7.076566187741710479e-02
4.835000000000000000e+02 7.558270516131947170e-02
4.840000000000000000e+02 8.321607987705945120e-02
4.845000000000000000e+02 9.112552036125451393e-02
4.850000000000000000e+02 9.773085086029269231e-02
4.855000000000000000e+02 1.056586447259453415e-01
4.860000000000000000e+02 1.144884228023407835e-01
4.865000000000000000e+02 1.240209537766260584e-01
4.870000000000000000e+02 1.326764495119713838e-01
4.875000000000000000e+02 1.407310081959477210e-01
4.880000000000000000e+02 1.491604667178389743e-01
4.885000000000000000e+02 1.594140598862397729e-01
4.890000000000000000e+02 1.705760283792346899e-01
4.895000000000000000e+02 1.829993449285269858e-01
4.900000000000000000e+02 1.979269706254119243e-01
4.905000000000000000e+02 2.141372412516315826e-01
4.910000000000000000e+02 2.336094482279607587e-01
4.915000000000000000e+02 2.527431863273683632e-01
4.920000000000000000e+02 2.742587168196619629e-01
4.925000000000000000e+02 2.949114868398006739e-01
4.930000000000000000e+02 3.157802870441231979e-01
4.935000000000000000e+02 3.396373863207919896e-01
4.940000000000000000e+02 3.649150529758752315e-01
4.945000000000000000e+02 3.912554827750190367e-01
4.950000000000000000e+02 4.201188148977646475e-01
4.955000000000000000e+02 4.558493054483058193e-01
4.960000000000000000e+02 4.952718471130403977e-01
4.965000000000000000e+02 5.419311525754780812e-01
4.970000000000000000e+02 5.930387928863528613e-01
4.975000000000000000e+02 6.510561413927541397e-01
4.980000000000000000e+02 7.132227965310062867e-01
4.985000000000000000e+02 7.796101221552221849e-01
4.990000000000000000e+02 8.500762045941447909e-01
4.995000000000000000e+02 9.211517207892214731e-01
5.000000000000000000e+02 9.940371382897781327e-01
5.005000000000000000e+02 1.068998573208561176e+00
5.010000000000000000e+02 1.149012395672215581e+00
5.015000000000000000e+02 1.227761846106062649e+00
5.020000000000000000e+02 1.304397565330121855e+00
5.025000000000000000e+02 1.377450647246557525e+00
5.030000000000000000e+02 1.437066835944771803e+00
5.035000000000000000e+02 1.482212094801295565e+00
5.040000000000000000e+02 1.502172229920770263e+00
5.045000000000000000e+02 1.501439619640086987e+00
5.050000000000000000e+02 1.479677575728895800e+00
5.055000000000000000e+02 1.440374936682414342e+00
5.060000000000000000e+02 1.389770061971568271e+00
5.065000000000000000e+02 1.333234559947715114e+00
5.070000000000000000e+02 1.278386729203047301e+00
5.075000000000000000e+02 1.226495951906746429e+00
5.080000000000000000e+02 1.181138389927034016e+00
5.085000000000000000e+02 1.139750270265534438e+00
5.090000000000000000e+02 1.107389226032745144e+00
5.095000000000000000e+02 1.081927062251504257e+00
5.100000000000000000e+02 1.064071957625480236e+00
5.105000000000000000e+02 1.052760087790050925e+00
5.110000000000000000e+02 1.045197328196158404e+00
5.115000000000000000e+02 1.044886695786018782e+00
5.120000000000000000e+02 1.047473337039897867e+00
5.125000000000000000e+02 1.053253088949474892e+00
5.130000000000000000e+02 1.061830629300933637e+00
5.135000000000000000e+02 1.069160660925349671e+00
5.140000000000000000e+02 1.083198483696656167e+00
5.145000000000000000e+02 1.097150895642770463e+00
5.150000000000000000e+02 1.115600867411300490e+00
5.155000000000000000e+02 1.140787306038577142e+00
5.160000000000000000e+02 1.172584108786276502e+00
5.165000000000000000e+02 1.216855241314262592e+00
5.170000000000000000e+02 1.267353396590195080e+00
5.175000000000000000e+02 1.327618738093741868e+00
5.180000000000000000e+02 1.398582940173315192e+00
5.185000000000000000e+02 1.479099641632754203e+00
5.190000000000000000e+02 1.563482397672773638e+00
5.195000000000000000e+02 1.648761471091020114e+00
5.200000000000000000e+02 1.737648108390084323e+00
5.205000000000000000e+02 1.825452382879910518e+00
5.210000000000000000e+02 1.914203384574733935e+00
5.215000000000000000e+02 2.006984857833733038e+00
5.220000000000000000e+02 2.102573283614411537e+00
5.225000000000000000e+02 2.200680844993991858e+00
5.230000000000000000e+02 2.301151703594217945e+00
5.235000000000000000e+02 2.399253151073679202e+00
5.240000000000000000e+02 2.497479977362875303e+00
5.245000000000000000e+02 2.580716820910613052e+00
5.250000000000000000e+02 2.636253125453964063e+00
5.255000000000000000e+02 2.660129345955614344e+00
5.260000000000000000e+02 2.643010011246838431e+00
5.265000000000000000e+02 2.588192892427788827e+00
5.270000000000000000e+02 2.497855670045804111e+00
5.275000000000000000e+02 2.379149869950396123e+00
5.280000000000000000e+02 2.250424440942866866e+00
5.285000000000000000e+02 2.114929319039507760e+00
5.290000000000000000e+02 1.983991761621627603e+00
5.295000000000000000e+02 1.858422822211801995e+00
5.300000000000000000e+02 1.742666348283675948e+00
5.305000000000000000e+02 1.638938094441547033e+00
5.310000000000000000e+02 1.546020487315182823e+00
5.315000000000000000e+02 1.466218464110674802e+00
5.320000000000000000e+02 1.396439351946108243e+00
5.325000000000000000e+02 1.332864536239949604e+00
5.330000000000000000e+02 1.279235002126531962e+00
5.335000000000000000e+02 1.235221414122076311e+00
5.340000000000000000e+02 1.198022867286626436e+00
5.345000000000000000e+02 1.164593805346168409e+00
5.350000000000000000e+02 1.133373156166479934e+00
5.355000000000000000e+02 1.106385154428389361e+00
5.360000000000000000e+02 1.083120143101786947e+00
5.365000000000000000e+02 1.060467952545787407e+00
5.370000000000000000e+02 1.040180268958014853e+00
5.375000000000000000e+02 1.024448926117453862e+00
5.380000000000000000e+02 1.017729764373822343e+00
5.385000000000000000e+02 1.018271804559449434e+00
5.390000000000000000e+02 1.024332324039654685e+00
5.395000000000000000e+02 1.033780167077090972e+00
5.400000000000000000e+02 1.051205782729817573e+00
5.405000000000000000e+02 1.075525054932395141e+00
5.410000000000000000e+02 1.102741832444048109e+00
5.415000000000000000e+02 1.132443835086404338e+00
5.420000000000000000e+02 1.163722382008016476e+00
5.425000000000000000e+02 1.198613777699493399e+00
5.430000000000000000e+02 1.233567244540320518e+00
5.435000000000000000e+02 1.265804727366439231e+00
5.440000000000000000e+02 1.296704679220359591e+00
5.445000000000000000e+02 1.330104982060709373e+00
5.450000000000000000e+02 1.364962400680400867e+00
5.455000000000000000e+02 1.401671504472681740e+00
5.460000000000000000e+02 1.442675049368522755e+00
5.465000000000000000e+02 1.486454559862313562e+00
5.470000000000000000e+02 1.532337917136866512e+00
5.475000000000000000e+02 1.572717082919814491e+00
5.480000000000000000e+02 1.606427917588842957e+00
5.485000000000000000e+02 1.626549737908100868e+00
5.490000000000000000e+02 1.632672414299530139e+00
5.495000000000000000e+02 1.617712144456411982e+00
5.500000000000000000e+02 1.584911729754218124e+00
5.505000000000000000e+02 1.535691509577038705e+00
5.510000000000000000e+02 1.472628814446294232e+00
5.515000000000000000e+02 1.405495803634570606e+00
5.520000000000000000e+02 1.332369777760618268e+00
5.525000000000000000e+02 1.257118607783056285e+00
5.530000000000000000e+02 1.186646094310671584e+00
5.535000000000000000e+02 1.119550151820660311e+00
5.540000000000000000e+02 1.061166337512265079e+00
5.545000000000000000e+02 1.004809244320899797e+00
5.550000000000000000e+02 9.519690772618003560e-01
5.555000000000000000e+02 9.071073569608494314e-01
5.560000000000000000e+02 8.659761610599727710e-01
5.565000000000000000e+02 8.297543518370528171e-01
5.570000000000000000e+02 7.954759901416440515e-01
5.575000000000000000e+02 7.640946746089803954e-01
5.580000000000000000e+02 7.365262937162536661e-01
5.585000000000000000e+02 7.101979726000102744e-01
5.590000000000000000e+02 6.843604065147085302e-01
5.595000000000000000e+02 6.597232927965954730e-01
5.600000000000000000e+02 6.378854786921696052e-01
5.605000000000000000e+02 6.190260589168470329e-01
5.610000000000000000e+02 6.013502752864494649e-01
5.615000000000000000e+02 5.845451041651382740e-01
5.620000000000000000e+02 5.700924983158314197e-01
5.625000000000000000e+02 5.568207911808176203e-01
5.630000000000000000e+02 5.462291403075764107e-01
5.635000000000000000e+02 5.385811853635924518e-01
5.640000000000000000e+02 5.316842507839861787e-01
5.645000000000000000e+02 5.276427206774276790e-01
5.650000000000000000e+02 5.254526494790867641e-01
5.655000000000000000e+02 5.265680868383548763e-01
5.660000000000000000e+02 5.307733921613925210e-01
5.665000000000000000e+02 5.316620122433348694e-01
5.670000000000000000e+02 5.333348421579502396e-01
5.675000000000000000e+02 5.358684464612513132e-01
5.680000000000000000e+02 5.391600933121378780e-01
5.685000000000000000e+02 5.436447451607350212e-01
5.690000000000000000e+02 5.454747339460098710e-01
5.695000000000000000e+02 5.481965337672148886e-01
5.700000000000000000e+02 5.522468094175003728e-01
5.705000000000000000e+02 5.585710342013587848e-01
5.710000000000000000e+02 5.666668125337683826e-01
5.715000000000000000e+02 5.744122234993872533e-01
5.720000000000000000e+02 5.819517275090178021e-01
5.725000000000000000e+02 5.914034280736646387e-01
5.730000000000000000e+02 6.040016778771249983e-01
5.735000000000000000e+02 6.160620293665391989e-01
5.740000000000000000e+02 6.243409646067258345e-01
5.745000000000000000e+02 6.290618399627634361e-01
5.750000000000000000e+02 6.307765757474768087e-01
5.755000000000000000e+02 6.291909047577426417e-01
5.760000000000000000e+02 6.207087092383926086e-01
5.765000000000000000e+02 6.051754054117879367e-01
5.770000000000000000e+02 5.849024382686414114e-01
5.775000000000000000e+02 5.631502740596113776e-01
5.780000000000000000e+02 5.400614325977839414e-01
5.785000000000000000e+02 5.144892091145453206e-01
5.790000000000000000e+02 4.891185648254638418e-01
5.795000000000000000e+02 4.643569727552326887e-01
5.800000000000000000e+02 4.411114291842133106e-01
5.805000000000000000e+02 4.199944863740272538e-01
5.810000000000000000e+02 3.996957786786012323e-01
5.815000000000000000e+02 3.792661929858114900e-01
5.820000000000000000e+02 3.607569820360334023e-01
5.825000000000000000e+02 3.446749071729298119e-01
5.830000000000000000e+02 3.311926818442011977e-01
5.835000000000000000e+02 3.177726010827049974e-01
5.840000000000000000e+02 3.047418835400539927e-01
5.845000000000000000e+02 2.928393644769092807e-01
5.850000000000000000e+02 2.835871409324807191e-01
5.855000000000000000e+02 2.728664540352565004e-01
5.860000000000000000e+02 2.610514442036256377e-01
5.865000000000000000e+02 2.504143457668498995e-01
5.870000000000000000e+02 2.401963338465361031e-01
5.875000000000000000e+02 2.318766032733863003e-01
5.880000000000000000e+02 2.237724040916631296e-01
5.885000000000000000e+02 2.156710220167866177e-01
5.890000000000000000e+02 2.077887242918530220e-01
5.895000000000000000e+02 2.027239187887232841e-01
5.900000000000000000e+02 1.956184532050367353e-01
5.905000000000000000e+02 1.915399076800056721e-01
5.910000000000000000e+02 1.857218016143308836e-01
5.915000000000000000e+02 1.830173106729552357e-01
5.920000000000000000e+02 1.819866778228336202e-01
5.925000000000000000e+02 1.787103508908979288e-01
5.930000000000000000e+02 1.759586612936120120e-01
5.935000000000000000e+02 1.718857789852638596e-01
5.940000000000000000e+02 1.707291923130238309e-01
5.945000000000000000e+02 1.691853304981644490e-01
5.950000000000000000e+02 1.662071003021726445e-01
5.955000000000000000e+02 1.646969257783316154e-01
5.960000000000000000e+02 1.646787305051190531e-01
5.965000000000000000e+02 1.658369231965576562e-01
5.970000000000000000e+02 1.658139562629828423e-01
5.975000000000000000e+02 1.660418182489538652e-01
5.980000000000000000e+02 1.680970691151547625e-01
5.985000000000000000e+02 1.697802857834128654e-01
5.990000000000000000e+02 1.670207614032989119e-01
5.995000000000000000e+02 1.668721313747485446e-01
6.000000000000000000e+02 1.685342533996418146e-01
6.005000000000000000e+02 1.674844528760078000e-01
6.010000000000000000e+02 1.671215435155412321e-01
6.015000000000000000e+02 1.674359247555142483e-01
6.020000000000000000e+02 1.720303342309543460e-01
6.025000000000000000e+02 1.757732534249361322e-01
6.030000000000000000e+02 1.758113310886232072e-01
6.035000000000000000e+02 1.755273682049176553e-01
6.040000000000000000e+02 1.743449410728848126e-01
6.045000000000000000e+02 1.725756225128693977e-01
6.050000000000000000e+02 1.689308362922751772e-01
6.055000000000000000e+02 1.625981362214519443e-01
6.060000000000000000e+02 1.565705768567844935e-01
6.065000000000000000e+02 1.521891871518029626e-01
6.070000000000000000e+02 1.457494527647765215e-01
6.075000000000000000e+02 1.387775507854146217e-01
6.080000000000000000e+02 1.336498673300854090e-01
6.085000000000000000e+02 1.290894332414245782e-01
6.090000000000000000e+02 1.249762012581864257e-01
6.095000000000000000e+02 1.212095770890559976e-01
6.100000000000000000e+02 1.157896907151364646e-01
6.105000000000000000e+02 1.099988816733163816e-01
6.110000000000000000e+02 1.054337552646430753e-01
6.115000000000000000e+02 9.929197404407238969e-02
6.120000000000000000e+02 9.348074867892151862e-02
6.125000000000000000e+02 9.040458066511398993e-02
6.130000000000000000e+02 8.919989821083049164e-02
6.135000000000000000e+02 8.978142504902837662e-02
6.140000000000000000e+02 8.789562909773353250e-02
6.145000000000000000e+02 8.507941814067045139e-02
6.150000000000000000e+02 8.170179117720401119e-02
6.155000000000000000e+02 7.795598702830310034e-02
6.160000000000000000e+02 7.351268599731315689e-02
6.165000000000000000e+02 6.974060028130039945e-02
6.170000000000000000e+02 6.572892680853678615e-02
6.175000000000000000e+02 6.358260213560233687e-02
6.180000000000000000e+02 6.393589170376356989e-02
6.185000000000000000e+02 6.346567621152876537e-02
6.190000000000000000e+02 6.229475079076023103e-02
6.195000000000000000e+02 6.027444137088605602e-02
6.200000000000000000e+02 5.838988570500171227e-02
6.205000000000000000e+02 5.580174349063066197e-02
6.210000000000000000e+02 5.506082210334070637e-02
6.215000000000000000e+02 5.325570318802219649e-02
6.220000000000000000e+02 5.304166844476468357e-02
6.225000000000000000e+02 5.361167380990922160e-02
6.230000000000000000e+02 5.194902087457257955e-02
6.235000000000000000e+02 5.259830359971638669e-02
6.240000000000000000e+02 5.282006490581937774e-02
6.245000000000000000e+02 5.106528057224565820e-02
6.250000000000000000e+02 4.937800197062044982e-02
6.255000000000000000e+02 4.520434100288672763e-02
6.260000000000000000e+02 4.396352847393726615e-02
6.265000000000000000e+02 4.212378698463302429e-02
6.270000000000000000e+02 3.793891115385789048e-02
6.275000000000000000e+02 3.552386871595226980e-02
6.280000000000000000e+02 3.531544961796634352e-02
6.285000000000000000e+02 3.558469869727423629e-02
6.290000000000000000e+02 3.456205103163224879e-02
6.295000000000000000e+02 3.477203891092789378e-02
6.300000000000000000e+02 3.469564153429131881e-02
6.305000000000000000e+02 3.671178713898209933e-02
6.310000000000000000e+02 3.705785548758909476e-02
6.315000000000000000e+02 3.600457704342266418e-02
6.320000000000000000e+02 3.508140086838677785e-02
6.325000000000000000e+02 3.177627031423656268e-02
6.330000000000000000e+02 3.146758664259809157e-02
6.335000000000000000e+02 3.269385128245438921e-02
6.340000000000000000e+02 3.392056952510404122e-02
6.345000000000000000e+02 3.614383176623250926e-02
6.350000000000000000e+02 3.778762373627654603e-02
6.355000000000000000e+02 4.116882150844138055e-02
6.360000000000000000e+02 4.269107543527433934e-02
6.365000000000000000e+02 4.221396056827886323e-02
6.370000000000000000e+02 4.267001572546219590e-02
6.375000000000000000e+02 4.086921465355999872e-02
6.380000000000000000e+02 3.980756130075101262e-02
6.385000000000000000e+02 3.609642888265524041e-02
6.390000000000000000e+02 3.672182138705108734e-02
6.395000000000000000e+02 3.724122234502658113e-02
6.400000000000000000e+02 3.372398608042691259e-02
6.405000000000000000e+02 2.971886791580137174e-02
6.410000000000000000e+02 2.945018424899375695e-02
6.415000000000000000e+02 3.315562228883256468e-02
6.420000000000000000e+02 3.470195456364487396e-02
6.425000000000000000e+02 3.091985355585166392e-02
6.430000000000000000e+02 2.888290716053755133e-02
6.435000000000000000e+02 2.995541590410969249e-02
6.440000000000000000e+02 2.850840848431298105e-02
6.445000000000000000e+02 2.404726469648563528e-02
6.450000000000000000e+02 1.911302151898658028e-02
6.455000000000000000e+02 1.885031527392647469e-02
6.460000000000000000e+02 1.985879921745269117e-02
6.465000000000000000e+02 1.900448738546998625e-02
6.470000000000000000e+02 1.650387537538169913e-02
6.475000000000000000e+02 1.629855508728401264e-02
6.480000000000000000e+02 1.556181968237259697e-02
6.485000000000000000e+02 1.490840953206572922e-02
6.490000000000000000e+02 1.460365435274876139e-02
6.495000000000000000e+02 1.313798619600145892e-02
6.500000000000000000e+02 1.239917904512453928e-02
6.505000000000000000e+02 1.196352929757732095e-02
6.510000000000000000e+02 1.195903779809951925e-02
6.515000000000000000e+02 1.266617728012510435e-02
6.520000000000000000e+02 1.252881367540671642e-02
6.525000000000000000e+02 1.139227094402876436e-02
6.530000000000000000e+02 1.001006469533600313e-02
6.535000000000000000e+02 1.059549777184291136e-02
6.540000000000000000e+02 1.171140428790255067e-02
6.545000000000000000e+02 1.325831878897677091e-02
6.550000000000000000e+02 1.198335835863986731e-02
6.555000000000000000e+02 1.110951591009175579e-02
6.560000000000000000e+02 1.457608660977216877e-02
6.565000000000000000e+02 1.623540737685644914e-02
6.570000000000000000e+02 1.366561928431450287e-02
6.575000000000000000e+02 1.270625408604799875e-02
6.580000000000000000e+02 1.008873188123313169e-02
6.585000000000000000e+02 9.847687401134088553e-03
6.590000000000000000e+02 7.812698567034081013e-03
