3.500000000000000000e+02 6.704337141738822003e-01
3.501999999999999886e+02 6.669166330095537276e-01
3.503999999999999773e+02 6.634873408321668720e-01
3.506000000000000227e+02 6.600975409776662639e-01
3.508000000000000114e+02 6.567405019550132117e-01
3.510000000000000000e+02 6.533686346604428152e-01
3.511999999999999886e+02 6.499720216634753411e-01
3.513999999999999773e+02 6.465513734785987010e-01
3.516000000000000227e+02 6.430759389805363879e-01
3.518000000000000114e+02 6.395754967962790083e-01
3.520000000000000000e+02 6.360574943730121777e-01
3.521999999999999886e+02 6.325341915299445006e-01
3.523999999999999773e+02 6.290598686259399885e-01
3.526000000000000227e+02 6.256429235516850484e-01
3.528000000000000114e+02 6.223236134296412647e-01
3.530000000000000000e+02 6.191393627857344484e-01
3.531999999999999886e+02 6.160865400467118169e-01
3.533999999999999773e+02 6.131998612803116755e-01
3.536000000000000227e+02 6.104912275536601429e-01
3.538000000000000114e+02 6.079466325489516487e-01
3.540000000000000000e+02 6.055501068504203221e-01
3.541999999999999886e+02 6.033006898773731752e-01
3.543999999999999773e+02 6.011703520935193223e-01
3.546000000000000227e+02 5.991295554967670522e-01
3.548000000000000114e+02 5.971643796586988406e-01
3.550000000000000000e+02 5.952308875985895531e-01
3.551999999999999886e+02 5.933102716364057061e-01
3.553999999999999773e+02 5.913858663522417736e-01
3.556000000000000227e+02 5.894298887020499311e-01
3.558000000000000114e+02 5.874529113006918823e-01
3.560000000000000000e+02 5.854506600958881979e-01
3.561999999999999886e+02 5.834270871049666018e-01
3.563999999999999773e+02 5.814059466891707828e-01
3.566000000000000227e+02 5.793890630624988214e-01
3.568000000000000114e+02 5.774116507720538083e-01
3.570000000000000000e+02 5.755112830881531361e-01
3.571999999999999886e+02 5.737102493135076697e-01
3.573999999999999773e+02 5.720512495809437770e-01
3.576000000000000227e+02 5.705624016793799935e-01
3.578000000000000114e+02 5.692632729874022024e-01
3.580000000000000000e+02 5.681759496497387207e-01
3.581999999999999886e+02 5.673243325183078278e-01
3.583999999999999773e+02 5.667170608066860460e-01
3.586000000000000227e+02 5.663556804909498643e-01
3.588000000000000114e+02 5.662392315223009343e-01
3.590000000000000000e+02 5.663575689013948811e-01
3.591999999999999886e+02 5.666956702164749338e-01
3.593999999999999773e+02 5.672372322713410409e-01
3.596000000000000227e+02 5.679607687412944195e-01
3.598000000000000114e+02 5.688309475415733729e-01
3.600000000000000000e+02 5.698155526793011738e-01
3.601999999999999886e+02 5.708727890044761333e-01
3.603999999999999773e+02 5.719553030582138486e-01
3.606000000000000227e+02 5.730320314092174350e-01
3.608000000000000114e+02 5.740644336089745225e-01
3.610000000000000000e+02 5.750274160515789212e-01
3.611999999999999886e+02 5.759114030622620728e-01
3.613999999999999773e+02 5.767041878581421477e-01
3.616000000000000227e+02 5.774109951294715826e-01
3.618000000000000114e+02 5.780463072311669004e-01
3.620000000000000000e+02 5.786247331380535153e-01
3.621999999999999886e+02 5.791577766995917864e-01
3.623999999999999773e+02 5.796632134263671743e-01
3.626000000000000227e+02 5.801570699619816862e-01
3.628000000000000114e+02 5.806567743877801835e-01
3.630000000000000000e+02 5.811900900275697168e-01
3.631999999999999886e+02 5.817771485908682649e-01
3.633999999999999773e+02 5.824431963345337859e-01
3.636000000000000227e+02 5.832153427084980635e-01
3.638000000000000114e+02 5.841107774002557429e-01
3.640000000000000000e+02 5.851547376709053117e-01
3.641999999999999886e+02 5.863584922830847868e-01
3.643999999999999773e+02 5.877277285145795505e-01
3.646000000000000227e+02 5.892815786353469143e-01
3.648000000000000114e+02 5.910181279626199879e-01
3.650000000000000000e+02 5.929487862050639713e-01
3.651999999999999886e+02 5.950911496771730258e-01
3.653999999999999773e+02 5.974435365626342698e-01
3.656000000000000227e+02 6.000084695214960018e-01
3.658000000000000114e+02 6.027928272904965468e-01
3.660000000000000000e+02 6.058095155809960497e-01
3.661999999999999886e+02 6.090737866971051018e-01
3.663999999999999773e+02 6.125716513559404941e-01
3.666000000000000227e+02 6.162675189145203625e-01
3.668000000000000114e+02 6.201276581310500857e-01
3.670000000000000000e+02 6.241359634645259336e-01
3.671999999999999886e+02 6.282445304192716407e-01
3.673999999999999773e+02 6.323893011383849849e-01
3.676000000000000227e+02 6.365203156769900783e-01
3.678000000000000114e+02 6.406169205613985174e-01
3.680000000000000000e+02 6.446092224100978818e-01
3.681999999999999886e+02 6.484494329350199981e-01
3.683999999999999773e+02 6.521158523707074606e-01
3.686000000000000227e+02 6.555562542218384969e-01
3.688000000000000114e+02 6.587258032120476559e-01
3.690000000000000000e+02 6.616062216842224508e-01
3.691999999999999886e+02 6.641954303635881907e-01
3.693999999999999773e+02 6.664802820126918270e-01
3.696000000000000227e+02 6.684658303516036737e-01
3.698000000000000114e+02 6.701826046642155310e-01
3.700000000000000000e+02 6.716753164605947513e-01
3.701999999999999886e+02 6.729796698170433800e-01
3.703999999999999773e+02 6.741361999374527736e-01
3.706000000000000227e+02 6.751957077304153731e-01
3.708000000000000114e+02 6.762143743416478836e-01
3.710000000000000000e+02 6.772391296290649620e-01
3.711999999999999886e+02 6.783072245111368970e-01
3.713999999999999773e+02 6.794533840579726203e-01
3.716000000000000227e+02 6.807063802978947642e-01
3.718000000000000114e+02 6.820720011799475957e-01
3.720000000000000000e+02 6.835627660120753291e-01
3.721999999999999886e+02 6.851862087184593664e-01
3.723999999999999773e+02 6.869322391255692217e-01
3.726000000000000227e+02 6.887809399970704627e-01
3.728000000000000114e+02 6.907199408016694298e-01
3.730000000000000000e+02 6.927322039303860368e-01
3.731999999999999886e+02 6.947863553497103384e-01
3.733999999999999773e+02 6.968513557912120460e-01
3.736000000000000227e+02 6.989109479387909385e-01
3.738000000000000114e+02 7.009502112539208740e-01
3.740000000000000000e+02 7.029459208372510481e-01
3.741999999999999886e+02 7.048878632344001138e-01
3.743999999999999773e+02 7.067872525343673606e-01
3.746000000000000227e+02 7.086619471905865053e-01
3.748000000000000114e+02 7.105220334433929308e-01
3.750000000000000000e+02 7.123803666644870081e-01
3.751999999999999886e+02 7.142648271190485953e-01
3.753999999999999773e+02 7.161989429624494585e-01
3.756000000000000227e+02 7.181874056360610936e-01
3.758000000000000114e+02 7.202577215378226372e-01
3.760000000000000000e+02 7.224281286980331895e-01
3.761999999999999886e+02 7.247014953895923872e-01
3.763999999999999773e+02 7.270789112972896318e-01
3.766000000000000227e+02 7.295777566880314868e-01
3.768000000000000114e+02 7.322039446513775030e-01
3.770000000000000000e+02 7.349457523822140459e-01
3.771999999999999886e+02 7.377868107503864348e-01
3.773999999999999773e+02 7.407285258361187008e-01
3.776000000000000227e+02 7.437579983011572970e-01
3.778000000000000114e+02 7.468437170412611792e-01
3.780000000000000000e+02 7.499568874651723061e-01
3.781999999999999886e+02 7.530955776948959901e-01
3.783999999999999773e+02 7.562494531507573114e-01
3.786000000000000227e+02 7.593921178836496866e-01
3.788000000000000114e+02 7.625037263360343598e-01
3.790000000000000000e+02 7.655977067247038415e-01
3.791999999999999886e+02 7.686697981979764283e-01
3.793999999999999773e+02 7.717023396140907376e-01
3.796000000000000227e+02 7.747132110175759534e-01
3.798000000000000114e+02 7.777003342287954757e-01
3.800000000000000000e+02 7.806546961773699334e-01
3.801999999999999886e+02 7.835815606718377069e-01
3.803999999999999773e+02 7.865103868002435439e-01
3.806000000000000227e+02 7.894560604600103781e-01
3.808000000000000114e+02 7.924245576453831097e-01
3.810000000000000000e+02 7.954291201354659613e-01
3.811999999999999886e+02 7.985014697860528532e-01
3.813999999999999773e+02 8.016492172662037508e-01
3.816000000000000227e+02 8.048612237612757792e-01
3.818000000000000114e+02 8.081266432406207789e-01
3.820000000000000000e+02 8.114513104109924990e-01
3.821999999999999886e+02 8.148150354783866289e-01
3.823999999999999773e+02 8.181800839669417513e-01
3.826000000000000227e+02 8.215155733742615096e-01
3.828000000000000114e+02 8.248175908218817742e-01
3.830000000000000000e+02 8.280463663584946010e-01
3.831999999999999886e+02 8.311666443317530240e-01
3.833999999999999773e+02 8.341719078566701695e-01
3.836000000000000227e+02 8.370269919260049374e-01
3.838000000000000114e+02 8.396998052797950418e-01
3.840000000000000000e+02 8.421813589012354662e-01
3.841999999999999886e+02 8.444847016019513264e-01
3.843999999999999773e+02 8.466145003429594862e-01
3.846000000000000227e+02 8.485844834762327205e-01
3.848000000000000114e+02 8.504275330187971438e-01
3.850000000000000000e+02 8.521928617512555260e-01
3.851999999999999886e+02 8.539228738442762312e-01
3.853999999999999773e+02 8.556598663495178503e-01
3.856000000000000227e+02 8.574523254507461223e-01
3.858000000000000114e+02 8.593518639751885901e-01
3.860000000000000000e+02 8.613885803879687275e-01
3.861999999999999886e+02 8.635775350919938642e-01
3.863999999999999773e+02 8.659348069071908238e-01
3.866000000000000227e+02 8.684846751175053781e-01
3.868000000000000114e+02 8.712277321308832256e-01
3.870000000000000000e+02 8.741459044525762279e-01
3.871999999999999886e+02 8.772239615274251001e-01
3.873999999999999773e+02 8.804585700579051766e-01
3.876000000000000227e+02 8.837992372800573815e-01
3.878000000000000114e+02 8.872119093781408727e-01
3.880000000000000000e+02 8.906739772875278405e-01
3.881999999999999886e+02 8.941323496374907753e-01
3.883999999999999773e+02 8.975378604092704160e-01
3.886000000000000227e+02 9.008697591596558363e-01
3.888000000000000114e+02 9.041216432172684003e-01
3.890000000000000000e+02 9.072702510586657665e-01
3.891999999999999886e+02 9.102991145681652574e-01
3.893999999999999773e+02 9.132118835258564715e-01
3.896000000000000227e+02 9.160177628046171083e-01
3.898000000000000114e+02 9.187030384678019912e-01
3.900000000000000000e+02 9.212572920562785983e-01
3.901999999999999886e+02 9.236896876499490761e-01
3.903999999999999773e+02 9.260189919209789178e-01
3.906000000000000227e+02 9.282460432684594975e-01
3.908000000000000114e+02 9.303728883046150644e-01
3.910000000000000000e+02 9.324179676985505649e-01
3.911999999999999886e+02 9.344041362511463777e-01
3.913999999999999773e+02 9.363270554856134575e-01
3.916000000000000227e+02 9.382010601640204950e-01
3.918000000000000114e+02 9.400369734193253501e-01
3.920000000000000000e+02 9.418285162878049510e-01
3.921999999999999886e+02 9.435698190478395420e-01
3.923999999999999773e+02 9.452687389443785726e-01
3.926000000000000227e+02 9.469308227898677321e-01
3.928000000000000114e+02 9.485499349282833226e-01
3.930000000000000000e+02 9.501195866925288280e-01
3.931999999999999886e+02 9.516452543230304872e-01
3.933999999999999773e+02 9.531310054126544973e-01
3.936000000000000227e+02 9.545694239560971184e-01
3.938000000000000114e+02 9.559495894779455050e-01
3.940000000000000000e+02 9.572681176263495573e-01
3.941999999999999886e+02 9.585198894003369441e-01
3.943999999999999773e+02 9.596913874519965582e-01
3.946000000000000227e+02 9.607721667757861406e-01
3.948000000000000114e+02 9.617644858417673248e-01
3.950000000000000000e+02 9.626723963384302696e-01
3.951999999999999886e+02 9.634955632857088448e-01
3.953999999999999773e+02 9.642480968627497040e-01
3.956000000000000227e+02 9.649437836390469814e-01
3.958000000000000114e+02 9.655954708217652227e-01
3.960000000000000000e+02 9.662190788688966858e-01
3.961999999999999886e+02 9.668312992726366684e-01
3.963999999999999773e+02 9.674426783475522651e-01
3.966000000000000227e+02 9.680597725621811200e-01
3.968000000000000114e+02 9.686907205296270140e-01
3.970000000000000000e+02 9.693469358434126937e-01
3.971999999999999886e+02 9.700345614695580210e-01
3.973999999999999773e+02 9.707537401949529743e-01
3.976000000000000227e+02 9.715025691848961920e-01
3.978000000000000114e+02 9.722805843817836635e-01
3.980000000000000000e+02 9.730816595216736919e-01
3.981999999999999886e+02 9.738950922847338099e-01
3.983999999999999773e+02 9.747123462610020050e-01
3.986000000000000227e+02 9.755317024017510219e-01
3.988000000000000114e+02 9.763434791774596722e-01
3.990000000000000000e+02 9.771339392428060044e-01
3.991999999999999886e+02 9.778978195695333664e-01
3.993999999999999773e+02 9.786227165068152045e-01
3.996000000000000227e+02 9.792950587234051651e-01
3.998000000000000114e+02 9.799057911144392063e-01
4.000000000000000000e+02 9.804516826459444001e-01
4.001999999999999886e+02 9.809271461893919186e-01
4.003999999999999773e+02 9.813274014146486923e-01
4.006000000000000227e+02 9.816511091372781550e-01
4.008000000000000114e+02 9.818999871420339698e-01
4.010000000000000000e+02 9.820732813425249175e-01
4.011999999999999886e+02 9.821697162761526823e-01
4.013999999999999773e+02 9.821890042077955352e-01
4.016000000000000227e+02 9.821313450679874935e-01
4.018000000000000114e+02 9.819960748045329924e-01
4.020000000000000000e+02 9.817842936917176022e-01
4.021999999999999886e+02 9.814998215890974320e-01
4.023999999999999773e+02 9.811477817411701219e-01
4.026000000000000227e+02 9.807370903333700873e-01
4.028000000000000114e+02 9.802722133001687821e-01
4.030000000000000000e+02 9.797515362082803714e-01
4.031999999999999886e+02 9.791773832392169918e-01
4.033999999999999773e+02 9.785538646996230217e-01
4.036000000000000227e+02 9.778802542903577422e-01
4.038000000000000114e+02 9.771497623055271919e-01
4.040000000000000000e+02 9.763581098619689147e-01
4.041999999999999886e+02 9.755048647416344476e-01
4.043999999999999773e+02 9.745853835656125286e-01
4.046000000000000227e+02 9.735978216784914041e-01
4.048000000000000114e+02 9.725750263754936453e-01
4.050000000000000000e+02 9.715183368471689285e-01
4.051999999999999886e+02 9.704239951210784643e-01
4.053999999999999773e+02 9.693129385380648833e-01
4.056000000000000227e+02 9.681903909609557157e-01
4.058000000000000114e+02 9.670752246928314699e-01
4.060000000000000000e+02 9.659940719054079805e-01
4.061999999999999886e+02 9.649613959544530717e-01
4.063999999999999773e+02 9.640022821097171679e-01
4.066000000000000227e+02 9.631349340993610175e-01
4.068000000000000114e+02 9.623695098582766283e-01
4.070000000000000000e+02 9.617250319257791835e-01
4.071999999999999886e+02 9.612114528399113844e-01
4.073999999999999773e+02 9.608350329658472688e-01
4.076000000000000227e+02 9.606017154546965253e-01
4.078000000000000114e+02 9.605077870306977239e-01
4.080000000000000000e+02 9.605480307000034967e-01
4.081999999999999886e+02 9.607183971630010033e-01
4.083999999999999773e+02 9.610148085224802239e-01
4.086000000000000227e+02 9.614273658470836592e-01
4.088000000000000114e+02 9.619442362388124224e-01
4.090000000000000000e+02 9.625484779814963421e-01
4.091999999999999886e+02 9.632130317347474824e-01
4.093999999999999773e+02 9.639208619044163928e-01
4.096000000000000227e+02 9.646559914598219487e-01
4.098000000000000114e+02 9.654015251866161496e-01
4.100000000000000000e+02 9.661502228502023559e-01
4.101999999999999886e+02 9.668854100210961811e-01
4.103999999999999773e+02 9.675910029161427506e-01
4.106000000000000227e+02 9.682598117468389498e-01
4.108000000000000114e+02 9.688787592581035168e-01
4.110000000000000000e+02 9.694421687036509638e-01
4.111999999999999886e+02 9.699472239659536754e-01
4.113999999999999773e+02 9.703848468182408871e-01
4.116000000000000227e+02 9.707544630633200278e-01
4.118000000000000114e+02 9.710590116804767025e-01
4.120000000000000000e+02 9.713049449429111970e-01
4.121999999999999886e+02 9.715071952169882508e-01
4.123999999999999773e+02 9.716795308366935613e-01
4.126000000000000227e+02 9.718353722168296960e-01
4.128000000000000114e+02 9.719882786949982645e-01
4.130000000000000000e+02 9.721484684020804679e-01
4.131999999999999886e+02 9.723267239726056665e-01
4.133999999999999773e+02 9.725315927409240446e-01
4.136000000000000227e+02 9.727664358501229014e-01
4.138000000000000114e+02 9.730338369791760034e-01
4.140000000000000000e+02 9.733311656295646763e-01
4.141999999999999886e+02 9.736538211200154169e-01
4.143999999999999773e+02 9.740019041355555407e-01
4.146000000000000227e+02 9.743734911629157169e-01
4.148000000000000114e+02 9.747674410032530767e-01
4.150000000000000000e+02 9.751812030443257617e-01
4.151999999999999886e+02 9.756027190031139051e-01
4.153999999999999773e+02 9.760247485671232903e-01
4.156000000000000227e+02 9.764427291407867804e-01
4.158000000000000114e+02 9.768531647749492119e-01
4.160000000000000000e+02 9.772615862521122354e-01
4.161999999999999886e+02 9.776708915085714491e-01
4.163999999999999773e+02 9.780840285297079939e-01
4.166000000000000227e+02 9.785098339829041425e-01
4.168000000000000114e+02 9.789536375038015992e-01
4.170000000000000000e+02 9.794238629115632477e-01
4.171999999999999886e+02 9.799285019067084379e-01
4.173999999999999773e+02 9.804645266547468152e-01
4.176000000000000227e+02 9.810314694724046047e-01
4.178000000000000114e+02 9.816247635014209161e-01
4.180000000000000000e+02 9.822352379640780784e-01
4.181999999999999886e+02 9.828619777614148179e-01
4.183999999999999773e+02 9.834959304702388661e-01
4.186000000000000227e+02 9.841260068909625236e-01
4.188000000000000114e+02 9.847460904726925701e-01
4.190000000000000000e+02 9.853443815657406679e-01
4.191999999999999886e+02 9.859185082293272506e-01
4.193999999999999773e+02 9.864716895143373909e-01
4.196000000000000227e+02 9.870010195254164120e-01
4.198000000000000114e+02 9.875082028059106731e-01
4.200000000000000000e+02 9.879916549976950346e-01
4.201999999999999886e+02 9.884472102464284538e-01
4.203999999999999773e+02 9.888795761479352020e-01
4.206000000000000227e+02 9.892980098730526084e-01
4.208000000000000114e+02 9.897108601609556633e-01
4.210000000000000000e+02 9.901244499759180862e-01
4.211999999999999886e+02 9.905495805641080231e-01
4.213999999999999773e+02 9.909915804207778400e-01
4.216000000000000227e+02 9.914521607442103868e-01
4.218000000000000114e+02 9.919326127104283186e-01
4.220000000000000000e+02 9.924235737203008778e-01
4.221999999999999886e+02 9.929156558715918068e-01
4.223999999999999773e+02 9.933998531275104460e-01
4.226000000000000227e+02 9.938618932468844536e-01
4.228000000000000114e+02 9.942960191030286721e-01
4.230000000000000000e+02 9.946972747130441439e-01
4.231999999999999886e+02 9.950586977765719654e-01
4.233999999999999773e+02 9.953787797498472312e-01
4.236000000000000227e+02 9.956520577784049308e-01
4.238000000000000114e+02 9.958739384975457964e-01
4.240000000000000000e+02 9.960458212008759249e-01
4.241999999999999886e+02 9.961698864708848911e-01
4.243999999999999773e+02 9.962495180257101568e-01
4.246000000000000227e+02 9.962882767741650936e-01
4.248000000000000114e+02 9.962889059692816573e-01
4.250000000000000000e+02 9.962575427009452422e-01
4.251999999999999886e+02 9.962050841273122348e-01
4.253999999999999773e+02 9.961455391683264882e-01
4.256000000000000227e+02 9.960916300788743571e-01
4.258000000000000114e+02 9.960527822010561971e-01
4.260000000000000000e+02 9.960351795950443954e-01
4.261999999999999886e+02 9.960418354713458378e-01
4.263999999999999773e+02 9.960719267780124841e-01
4.266000000000000227e+02 9.961202107921964810e-01
4.268000000000000114e+02 9.961783458096845623e-01
4.270000000000000000e+02 9.962374972971763665e-01
4.271999999999999886e+02 9.962928828946934212e-01
4.273999999999999773e+02 9.963432961105423979e-01
4.276000000000000227e+02 9.963914428849025562e-01
4.278000000000000114e+02 9.964438790007962288e-01
4.280000000000000000e+02 9.965037598818538012e-01
4.281999999999999886e+02 9.965706972674454045e-01
4.283999999999999773e+02 9.966418888210515359e-01
4.286000000000000227e+02 9.967136619459330271e-01
4.288000000000000114e+02 9.967836396864457882e-01
4.290000000000000000e+02 9.968515004272143765e-01
4.291999999999999886e+02 9.969201148540915991e-01
4.293999999999999773e+02 9.969980453639799567e-01
4.296000000000000227e+02 9.970954345123277385e-01
4.298000000000000114e+02 9.972220535047954248e-01
4.300000000000000000e+02 9.973856449510534183e-01
4.301999999999999886e+02 9.975876003520043334e-01
4.303999999999999773e+02 9.978265031723804190e-01
4.306000000000000227e+02 9.980973242012292079e-01
4.308000000000000114e+02 9.983878323178887459e-01
4.310000000000000000e+02 9.986891071899226535e-01
4.311999999999999886e+02 9.989903894457049516e-01
4.313999999999999773e+02 9.992762541947250998e-01
4.316000000000000227e+02 9.995320596540048230e-01
4.318000000000000114e+02 9.997427831395984121e-01
4.320000000000000000e+02 9.998959041778691104e-01
4.321999999999999886e+02 9.999837824128936514e-01
4.323999999999999773e+02 1.000000000000000000e+00
4.326000000000000227e+02 9.999410449937057299e-01
4.328000000000000114e+02 9.998065886373369571e-01
4.330000000000000000e+02 9.995977654472909535e-01
4.331999999999999886e+02 9.993115220325615722e-01
4.333999999999999773e+02 9.989470362027894623e-01
4.336000000000000227e+02 9.985066455702101829e-01
4.338000000000000114e+02 9.979904793532530238e-01
4.340000000000000000e+02 9.974064795753870838e-01
4.341999999999999886e+02 9.967636438092107865e-01
4.343999999999999773e+02 9.960692430840679679e-01
4.346000000000000227e+02 9.953410270947123939e-01
4.348000000000000114e+02 9.945868124324533932e-01
4.350000000000000000e+02 9.938095562778995751e-01
4.351999999999999886e+02 9.930171930822577764e-01
4.353999999999999773e+02 9.922062726161311463e-01
4.356000000000000227e+02 9.913728744991819886e-01
4.358000000000000114e+02 9.905217695028416536e-01
4.360000000000000000e+02 9.896686699723808989e-01
4.361999999999999886e+02 9.888146687175143335e-01
4.363999999999999773e+02 9.879628581456322278e-01
4.366000000000000227e+02 9.871300778601550530e-01
4.368000000000000114e+02 9.863391770910031608e-01
4.370000000000000000e+02 9.856085271127401626e-01
4.371999999999999886e+02 9.849515154502733738e-01
4.373999999999999773e+02 9.843794835547161615e-01
4.376000000000000227e+02 9.838979276815518205e-01
4.378000000000000114e+02 9.835099364175577952e-01
4.380000000000000000e+02 9.832169436486228875e-01
4.381999999999999886e+02 9.830134011748884459e-01
4.383999999999999773e+02 9.828910959616677934e-01
4.386000000000000227e+02 9.828396450073282331e-01
4.388000000000000114e+02 9.828452971825566431e-01
4.390000000000000000e+02 9.828921826262819739e-01
4.391999999999999886e+02 9.829620820474914700e-01
4.393999999999999773e+02 9.830338367144737521e-01
4.396000000000000227e+02 9.830826542005418611e-01
4.398000000000000114e+02 9.830824600970152760e-01
4.400000000000000000e+02 9.830077885326397036e-01
4.401999999999999886e+02 9.828363691834212101e-01
4.403999999999999773e+02 9.825545734388003716e-01
4.406000000000000227e+02 9.821552360119553127e-01
4.408000000000000114e+02 9.816375957595067092e-01
4.410000000000000000e+02 9.810118558892900742e-01
4.411999999999999886e+02 9.802925016217686194e-01
4.413999999999999773e+02 9.794984023697300701e-01
4.416000000000000227e+02 9.786539203536415155e-01
4.418000000000000114e+02 9.777769728214128486e-01
4.420000000000000000e+02 9.768832388206384332e-01
4.421999999999999886e+02 9.759888560063719742e-01
4.423999999999999773e+02 9.751079062961751642e-01
4.426000000000000227e+02 9.742513563737290605e-01
4.428000000000000114e+02 9.734309410386863259e-01
4.430000000000000000e+02 9.726626725631105641e-01
4.431999999999999886e+02 9.719544928823693475e-01
4.433999999999999773e+02 9.713113866788524176e-01
4.436000000000000227e+02 9.707369607509934717e-01
4.438000000000000114e+02 9.702269443099842405e-01
4.440000000000000000e+02 9.697750616486632280e-01
4.441999999999999886e+02 9.693726366106122372e-01
4.443999999999999773e+02 9.690071666921455940e-01
4.446000000000000227e+02 9.686707318520075827e-01
4.448000000000000114e+02 9.683580864718374093e-01
4.450000000000000000e+02 9.680661598944969581e-01
4.451999999999999886e+02 9.677970832478566265e-01
4.453999999999999773e+02 9.675527952860454306e-01
4.456000000000000227e+02 9.673344098101086530e-01
4.458000000000000114e+02 9.671430043408790755e-01
4.460000000000000000e+02 9.669778223988753085e-01
4.461999999999999886e+02 9.668354932649220190e-01
4.463999999999999773e+02 9.667099852448246544e-01
4.466000000000000227e+02 9.665934217200286005e-01
4.468000000000000114e+02 9.664758521421750181e-01
4.470000000000000000e+02 9.663461714062856478e-01
4.471999999999999886e+02 9.661929164244505985e-01
4.473999999999999773e+02 9.660021984510964721e-01
4.476000000000000227e+02 9.657594951937729100e-01
4.478000000000000114e+02 9.654501233878901578e-01
4.480000000000000000e+02 9.650579302558505157e-01
4.481999999999999886e+02 9.645709165346785241e-01
4.483999999999999773e+02 9.639807689797418311e-01
4.486000000000000227e+02 9.632822443707408366e-01
4.488000000000000114e+02 9.624816397858150241e-01
4.490000000000000000e+02 9.615888722186415327e-01
4.491999999999999886e+02 9.606146099367445235e-01
4.493999999999999773e+02 9.595753034233202028e-01
4.496000000000000227e+02 9.584905291488688972e-01
4.498000000000000114e+02 9.573784527593215410e-01
4.500000000000000000e+02 9.562531815141444014e-01
4.501999999999999886e+02 9.551348037674504132e-01
4.503999999999999773e+02 9.540378601698683569e-01
4.506000000000000227e+02 9.529689430817501750e-01
4.508000000000000114e+02 9.519374133599139975e-01
4.510000000000000000e+02 9.509472708674145958e-01
4.511999999999999886e+02 9.500007401693575382e-01
4.513999999999999773e+02 9.491021153599625837e-01
4.516000000000000227e+02 9.482431816942175073e-01
4.518000000000000114e+02 9.474110998625264735e-01
4.520000000000000000e+02 9.465927899107019483e-01
4.521999999999999886e+02 9.457734645441854271e-01
4.523999999999999773e+02 9.449360682705263415e-01
4.526000000000000227e+02 9.440676574040953728e-01
4.528000000000000114e+02 9.431651193221741725e-01
4.530000000000000000e+02 9.422253755531457831e-01
4.531999999999999886e+02 9.412525872957950845e-01
4.533999999999999773e+02 9.402581529863238696e-01
4.536000000000000227e+02 9.392508529094693026e-01
4.538000000000000114e+02 9.382459654339460053e-01
4.540000000000000000e+02 9.372582231785850926e-01
4.541999999999999886e+02 9.362935805709271531e-01
4.543999999999999773e+02 9.353603913200729814e-01
4.546000000000000227e+02 9.344658097185264412e-01
4.548000000000000114e+02 9.336171300190134748e-01
4.550000000000000000e+02 9.328296656023286060e-01
4.551999999999999886e+02 9.321126673713550082e-01
4.553999999999999773e+02 9.314712849669931627e-01
4.556000000000000227e+02 9.309112620283649386e-01
4.558000000000000114e+02 9.304341613847786352e-01
4.560000000000000000e+02 9.300359843295112894e-01
4.561999999999999886e+02 9.297081040606103297e-01
4.563999999999999773e+02 9.294401720787127674e-01
4.566000000000000227e+02 9.292165290280274270e-01
4.568000000000000114e+02 9.290196266300806416e-01
4.570000000000000000e+02 9.288344846249712017e-01
4.571999999999999886e+02 9.286486538782912081e-01
4.573999999999999773e+02 9.284518745597316602e-01
4.576000000000000227e+02 9.282343558091146196e-01
4.578000000000000114e+02 9.279834594769780232e-01
4.580000000000000000e+02 9.276871071366259436e-01
4.581999999999999886e+02 9.273347555372987161e-01
4.583999999999999773e+02 9.269169654049590479e-01
4.586000000000000227e+02 9.264224613477065606e-01
4.588000000000000114e+02 9.258439805463472005e-01
4.590000000000000000e+02 9.251787983679041760e-01
4.591999999999999886e+02 9.244240629086881711e-01
4.593999999999999773e+02 9.235843389541925630e-01
4.596000000000000227e+02 9.226694956719312390e-01
4.598000000000000114e+02 9.216926277630279607e-01
4.600000000000000000e+02 9.206768132396274673e-01
4.601999999999999886e+02 9.196393614558411311e-01
4.603999999999999773e+02 9.185898713794292680e-01
4.606000000000000227e+02 9.175415941279833065e-01
4.608000000000000114e+02 9.165026967230470722e-01
4.610000000000000000e+02 9.154809447657141774e-01
4.611999999999999886e+02 9.144872783192442567e-01
4.613999999999999773e+02 9.135221415061212102e-01
4.616000000000000227e+02 9.125839960938345596e-01
4.618000000000000114e+02 9.116726306291808024e-01
4.620000000000000000e+02 9.107866752587567838e-01
4.621999999999999886e+02 9.099223464718435572e-01
4.623999999999999773e+02 9.090781806245435970e-01
4.626000000000000227e+02 9.082568153964206692e-01
4.628000000000000114e+02 9.074512756990756879e-01
4.630000000000000000e+02 9.066555795536827000e-01
4.631999999999999886e+02 9.058672524233377654e-01
4.633999999999999773e+02 9.050822999253608225e-01
4.636000000000000227e+02 9.043014622360924237e-01
4.638000000000000114e+02 9.035251180155354778e-01
4.640000000000000000e+02 9.027490554398481803e-01
4.641999999999999886e+02 9.019725548323628272e-01
4.643999999999999773e+02 9.011925568206426984e-01
4.646000000000000227e+02 9.004056791544985394e-01
4.648000000000000114e+02 8.996169422485852385e-01
4.650000000000000000e+02 8.988271167628550939e-01
4.651999999999999886e+02 8.980337862368507063e-01
4.653999999999999773e+02 8.972344136158317829e-01
4.656000000000000227e+02 8.964251730728788337e-01
4.658000000000000114e+02 8.955994081873905888e-01
4.660000000000000000e+02 8.947503135750309866e-01
4.661999999999999886e+02 8.938767540069232354e-01
4.663999999999999773e+02 8.929753422525905648e-01
4.666000000000000227e+02 8.920457025428357722e-01
4.668000000000000114e+02 8.910942971195453532e-01
4.670000000000000000e+02 8.901242463956761108e-01
4.671999999999999886e+02 8.891451638857279516e-01
4.673999999999999773e+02 8.881711466136983368e-01
4.676000000000000227e+02 8.872088860853505343e-01
4.678000000000000114e+02 8.862654728188779085e-01
4.680000000000000000e+02 8.853435298637191142e-01
4.681999999999999886e+02 8.844386860124311411e-01
4.683999999999999773e+02 8.835530523112327117e-01
4.686000000000000227e+02 8.826847855597599324e-01
4.688000000000000114e+02 8.818281780267106518e-01
4.690000000000000000e+02 8.809826068222011974e-01
4.691999999999999886e+02 8.801507767233676116e-01
4.693999999999999773e+02 8.793329174760035061e-01
4.696000000000000227e+02 8.785246035707551249e-01
4.698000000000000114e+02 8.777268736341100608e-01
4.700000000000000000e+02 8.769387047430614590e-01
4.701999999999999886e+02 8.761570830860441195e-01
4.703999999999999773e+02 8.753825804125303645e-01
4.706000000000000227e+02 8.746128232213858933e-01
4.708000000000000114e+02 8.738470517238734470e-01
4.710000000000000000e+02 8.730885354319597447e-01
4.711999999999999886e+02 8.723346330757978384e-01
4.713999999999999773e+02 8.715832203197669825e-01
4.716000000000000227e+02 8.708339089358720919e-01
4.718000000000000114e+02 8.700845679677390310e-01
4.720000000000000000e+02 8.693266799960367441e-01
4.721999999999999886e+02 8.685511025478578340e-01
4.723999999999999773e+02 8.677515613865433020e-01
4.726000000000000227e+02 8.669174395764404073e-01
4.728000000000000114e+02 8.660423036878382996e-01
4.730000000000000000e+02 8.651231478924263918e-01
4.731999999999999886e+02 8.641542638403271193e-01
4.733999999999999773e+02 8.631381652875680377e-01
4.736000000000000227e+02 8.620782551254718706e-01
4.738000000000000114e+02 8.609746076059096032e-01
4.740000000000000000e+02 8.598361425848014550e-01
4.741999999999999886e+02 8.586728422507171610e-01
4.743999999999999773e+02 8.574975568924156910e-01
4.746000000000000227e+02 8.563326176583199167e-01
4.748000000000000114e+02 8.551910423473407796e-01
4.750000000000000000e+02 8.540826509981016557e-01
4.751999999999999886e+02 8.530197359394269263e-01
4.753999999999999773e+02 8.520106337422254095e-01
4.756000000000000227e+02 8.510567715724315363e-01
4.758000000000000114e+02 8.501553243982878927e-01
4.760000000000000000e+02 8.493037263140581494e-01
4.761999999999999886e+02 8.484883427527978306e-01
4.763999999999999773e+02 8.476936092651562449e-01
4.766000000000000227e+02 8.469083667932941761e-01
4.768000000000000114e+02 8.461184842975176812e-01
4.770000000000000000e+02 8.453152972571916779e-01
4.771999999999999886e+02 8.444938503048624590e-01
4.773999999999999773e+02 8.436454771983084022e-01
4.776000000000000227e+02 8.427646265090039668e-01
4.778000000000000114e+02 8.418487574200553825e-01
4.780000000000000000e+02 8.408968303165245128e-01
4.782000000000000455e+02 8.399076057316769983e-01
4.783999999999999773e+02 8.388877724852761286e-01
4.786000000000000227e+02 8.378475012173723924e-01
4.788000000000000114e+02 8.367902782601815970e-01
4.790000000000000000e+02 8.357267240693162513e-01
4.792000000000000455e+02 8.346682285409077195e-01
4.793999999999999773e+02 8.336229806155918132e-01
4.796000000000000227e+02 8.326037678938652542e-01
4.798000000000000114e+02 8.316149084471974318e-01
4.800000000000000000e+02 8.306535164475146171e-01
4.802000000000000455e+02 8.297176474907028698e-01
4.803999999999999773e+02 8.287986238019618979e-01
4.806000000000000227e+02 8.278900435392358981e-01
4.808000000000000114e+02 8.269918603628187981e-01
4.810000000000000000e+02 8.260988736662401299e-01
4.812000000000000455e+02 8.252059215038348716e-01
4.813999999999999773e+02 8.243091835499283260e-01
4.816000000000000227e+02 8.234049434396083500e-01
4.818000000000000114e+02 8.224884663482466829e-01
4.820000000000000000e+02 8.215589816909920629e-01
4.822000000000000455e+02 8.206198819226957486e-01
4.823999999999999773e+02 8.196673510337398882e-01
4.826000000000000227e+02 8.186998463260742875e-01
4.828000000000000114e+02 8.177169215993161933e-01
4.830000000000000000e+02 8.167144810350279727e-01
4.832000000000000455e+02 8.156996343166428298e-01
4.833999999999999773e+02 8.146805870973526931e-01
4.836000000000000227e+02 8.136603717733845720e-01
4.838000000000000114e+02 8.126439308199426836e-01
4.840000000000000000e+02 8.116305724134380561e-01
4.842000000000000455e+02 8.106192212796935470e-01
4.843999999999999773e+02 8.096180738847982283e-01
4.846000000000000227e+02 8.086299382672518243e-01
4.848000000000000114e+02 8.076570182691416022e-01
4.850000000000000000e+02 8.067043858437087378e-01
4.852000000000000455e+02 8.057757850101485708e-01
4.853999999999999773e+02 8.048715573210015739e-01
4.856000000000000227e+02 8.039948534065828323e-01
4.858000000000000114e+02 8.031597425197245510e-01
4.860000000000000000e+02 8.023775093324475582e-01
4.862000000000000455e+02 8.016578993485715676e-01
4.863999999999999773e+02 8.010090646677169302e-01
4.866000000000000227e+02 8.004312926129751871e-01
4.868000000000000114e+02 7.999273947561000853e-01
4.870000000000000000e+02 7.995020782536408355e-01
4.872000000000000455e+02 7.991565039438704998e-01
4.873999999999999773e+02 7.988895994195859274e-01
4.876000000000000227e+02 7.986966686916765479e-01
4.878000000000000114e+02 7.985687440340180077e-01
4.880000000000000000e+02 7.984940707084700051e-01
4.882000000000000455e+02 7.984585618786783634e-01
4.883999999999999773e+02 7.984459319599388483e-01
4.886000000000000227e+02 7.984373395824700959e-01
4.888000000000000114e+02 7.984093311020729056e-01
4.890000000000000000e+02 7.983332662168123317e-01
4.892000000000000455e+02 7.981774985371333786e-01
4.893999999999999773e+02 7.979149321185589061e-01
4.896000000000000227e+02 7.975234061222347126e-01
4.898000000000000114e+02 7.969863463204840404e-01
4.900000000000000000e+02 7.962930137498482885e-01
4.902000000000000455e+02 7.954329710151260002e-01
4.903999999999999773e+02 7.944061176727021945e-01
4.906000000000000227e+02 7.932257657321073463e-01
4.908000000000000114e+02 7.919076273143167422e-01
4.910000000000000000e+02 7.904751265044073216e-01
4.912000000000000455e+02 7.889577950122634853e-01
4.913999999999999773e+02 7.873857036720015579e-01
4.916000000000000227e+02 7.857819362711233602e-01
4.918000000000000114e+02 7.841758795491960976e-01
4.920000000000000000e+02 7.826046101581597414e-01
4.922000000000000455e+02 7.810924989258170026e-01
4.923999999999999773e+02 7.796651764418310870e-01
4.926000000000000227e+02 7.783464007936520268e-01
4.928000000000000114e+02 7.771503467158988876e-01
4.930000000000000000e+02 7.760939773319972534e-01
4.932000000000000455e+02 7.751841847479192804e-01
4.933999999999999773e+02 7.744130212604479757e-01
4.936000000000000227e+02 7.737683186397661395e-01
4.938000000000000114e+02 7.732281545049634053e-01
4.940000000000000000e+02 7.727646368013736389e-01
4.942000000000000455e+02 7.723503562527276323e-01
4.943999999999999773e+02 7.719562484080658704e-01
4.946000000000000227e+02 7.715579442165502178e-01
4.948000000000000114e+02 7.711397898183325328e-01
4.950000000000000000e+02 7.706949078358550365e-01
4.952000000000000455e+02 7.702207430131285948e-01
4.953999999999999773e+02 7.697191530037782448e-01
4.956000000000000227e+02 7.691967723477574070e-01
4.958000000000000114e+02 7.686568696881725948e-01
4.960000000000000000e+02 7.681037615267686247e-01
4.962000000000000455e+02 7.675440514609442877e-01
4.963999999999999773e+02 7.669820963116820156e-01
4.966000000000000227e+02 7.664256660907026175e-01
4.968000000000000114e+02 7.658824333771047099e-01
4.970000000000000000e+02 7.653551955144712871e-01
4.972000000000000455e+02 7.648500911861311202e-01
4.973999999999999773e+02 7.643773845010310986e-01
4.976000000000000227e+02 7.639486198421973073e-01
4.978000000000000114e+02 7.635690788446994892e-01
4.980000000000000000e+02 7.632356940694271508e-01
4.982000000000000455e+02 7.629350463508481894e-01
4.983999999999999773e+02 7.626429079297082358e-01
4.986000000000000227e+02 7.623338932628306308e-01
4.988000000000000114e+02 7.619817688111092391e-01
4.990000000000000000e+02 7.615613789412074564e-01
4.992000000000000455e+02 7.610547261925147966e-01
4.993999999999999773e+02 7.604476122219601120e-01
4.996000000000000227e+02 7.597316388126177378e-01
4.998000000000000114e+02 7.589065360509296143e-01
5.000000000000000000e+02 7.579729117572734376e-01
5.002000000000000455e+02 7.569370480678558888e-01
5.003999999999999773e+02 7.558076299399986153e-01
5.006000000000000227e+02 7.545809012633395430e-01
5.008000000000000114e+02 7.532549210889825098e-01
5.010000000000000000e+02 7.518343380237865192e-01
5.012000000000000455e+02 7.503306702481632451e-01
5.013999999999999773e+02 7.487563437105752007e-01
5.016000000000000227e+02 7.471352459381735978e-01
5.018000000000000114e+02 7.454999938620958666e-01
5.020000000000000000e+02 7.438716655243330367e-01
5.022000000000000455e+02 7.422755497979478534e-01
5.023999999999999773e+02 7.407356481553345473e-01
5.026000000000000227e+02 7.392666226031948673e-01
5.028000000000000114e+02 7.378875102738868819e-01
5.030000000000000000e+02 7.366055882745874417e-01
5.032000000000000455e+02 7.354150086182338342e-01
5.033999999999999773e+02 7.343145104180804905e-01
5.036000000000000227e+02 7.332993911886623861e-01
5.038000000000000114e+02 7.323662777899043741e-01
5.040000000000000000e+02 7.315178179205128473e-01
5.042000000000000455e+02 7.307480847483968089e-01
5.043999999999999773e+02 7.300490154594859726e-01
5.046000000000000227e+02 7.294129953806743893e-01
5.048000000000000114e+02 7.288293840263811996e-01
5.050000000000000000e+02 7.282823042438620886e-01
5.052000000000000455e+02 7.277534699347696368e-01
5.053999999999999773e+02 7.272245576604531303e-01
5.056000000000000227e+02 7.266722421955198463e-01
5.058000000000000114e+02 7.260768069452228080e-01
5.060000000000000000e+02 7.254243166812832655e-01
5.062000000000000455e+02 7.247021371613957541e-01
5.063999999999999773e+02 7.239060613415271295e-01
5.066000000000000227e+02 7.230351748453285321e-01
5.068000000000000114e+02 7.220860398972648309e-01
5.070000000000000000e+02 7.210585984208421895e-01
5.072000000000000455e+02 7.199558284027137711e-01
5.073999999999999773e+02 7.187812338644792298e-01
5.076000000000000227e+02 7.175354992266821386e-01
5.078000000000000114e+02 7.162300105500852831e-01
5.080000000000000000e+02 7.148790914988686351e-01
5.082000000000000455e+02 7.134922391011587761e-01
5.083999999999999773e+02 7.120891408428987601e-01
5.086000000000000227e+02 7.106888969230655828e-01
5.088000000000000114e+02 7.093093962822806242e-01
5.090000000000000000e+02 7.079767282590427868e-01
5.092000000000000455e+02 7.067056172977091988e-01
5.093999999999999773e+02 7.055046666992780269e-01
5.096000000000000227e+02 7.043835616310158976e-01
5.098000000000000114e+02 7.033436119311980983e-01
5.100000000000000000e+02 7.023887919693598825e-01
5.102000000000000455e+02 7.015247763918707191e-01
5.103999999999999773e+02 7.007462069684601280e-01
5.106000000000000227e+02 7.000488032687486317e-01
5.108000000000000114e+02 6.994302512242516201e-01
5.110000000000000000e+02 6.988877715942737323e-01
5.112000000000000455e+02 6.984149821037801686e-01
5.113999999999999773e+02 6.980036603691334163e-01
5.116000000000000227e+02 6.976425842119443610e-01
5.118000000000000114e+02 6.973137760839054344e-01
5.120000000000000000e+02 6.969988617212603543e-01
5.122000000000000455e+02 6.966784654874209615e-01
5.123999999999999773e+02 6.963316381075090877e-01
5.126000000000000227e+02 6.959417966977468062e-01
5.127999999999999545e+02 6.954940568767390419e-01
5.130000000000000000e+02 6.949761209653314564e-01
5.132000000000000455e+02 6.943823774421415962e-01
5.133999999999999773e+02 6.937071344328216149e-01
5.136000000000000227e+02 6.929483999711204545e-01
5.137999999999999545e+02 6.921104425310202757e-01
5.140000000000000000e+02 6.911932483876489508e-01
5.142000000000000455e+02 6.901979455648290518e-01
5.143999999999999773e+02 6.891300280996384142e-01
5.146000000000000227e+02 6.880001589920857752e-01
5.147999999999999545e+02 6.868213994703680214e-01
5.150000000000000000e+02 6.856156628107697992e-01
5.152000000000000455e+02 6.844155934185952583e-01
5.153999999999999773e+02 6.832439940205007334e-01
5.156000000000000227e+02 6.821227016033217794e-01
5.157999999999999545e+02 6.810715290910652753e-01
5.160000000000000000e+02 6.800983163065600356e-01
5.162000000000000455e+02 6.792092153809992094e-01
5.163999999999999773e+02 6.784048542612275412e-01
5.166000000000000227e+02 6.776770584336024861e-01
5.167999999999999545e+02 6.770179984535801276e-01
5.170000000000000000e+02 6.764183291139661547e-01
5.172000000000000455e+02 6.758668768302408258e-01
5.173999999999999773e+02 6.753525202780672476e-01
5.176000000000000227e+02 6.748670959278589843e-01
5.177999999999999545e+02 6.744004006294692655e-01
5.180000000000000000e+02 6.739372065347950524e-01
5.182000000000000455e+02 6.734649718013867581e-01
5.183999999999999773e+02 6.729704515430072753e-01
5.186000000000000227e+02 6.724413231912040878e-01
5.187999999999999545e+02 6.718720262677662092e-01
5.190000000000000000e+02 6.712598488225434146e-01
5.192000000000000455e+02 6.706069842206937581e-01
5.193999999999999773e+02 6.699207759014127461e-01
5.196000000000000227e+02 6.692046971964018542e-01
5.197999999999999545e+02 6.684664031810665374e-01
5.200000000000000000e+02 6.677160170856586419e-01
5.202000000000000455e+02 6.669569715691890943e-01
5.203999999999999773e+02 6.661899557168076136e-01
5.206000000000000227e+02 6.654136103586923978e-01
5.207999999999999545e+02 6.646239445517176936e-01
5.210000000000000000e+02 6.638131967668869926e-01
5.212000000000000455e+02 6.629786470286269662e-01
5.213999999999999773e+02 6.621235412552390898e-01
5.216000000000000227e+02 6.612532193160218785e-01
5.217999999999999545e+02 6.603795995519388118e-01
5.220000000000000000e+02 6.595110551931684384e-01
5.222000000000000455e+02 6.586464691641423785e-01
5.223999999999999773e+02 6.577868661307699760e-01
5.226000000000000227e+02 6.569275040710509384e-01
5.227999999999999545e+02 6.560593315250464741e-01
5.230000000000000000e+02 6.551773534853827519e-01
5.232000000000000455e+02 6.542803751893734310e-01
5.233999999999999773e+02 6.533695516986369745e-01
5.236000000000000227e+02 6.524490440056742724e-01
5.237999999999999545e+02 6.515314402755389978e-01
5.240000000000000000e+02 6.506240161120661059e-01
5.242000000000000455e+02 6.497280541860728231e-01
5.243999999999999773e+02 6.488449591458046450e-01
5.246000000000000227e+02 6.479646095459103972e-01
5.247999999999999545e+02 6.470746313537999450e-01
5.250000000000000000e+02 6.461673151750162436e-01
5.252000000000000455e+02 6.452329499412610136e-01
5.253999999999999773e+02 6.442670465307428485e-01
5.256000000000000227e+02 6.432689489626960411e-01
5.257999999999999545e+02 6.422365286198035150e-01
5.260000000000000000e+02 6.411785344023643862e-01
5.262000000000000455e+02 6.401034707114683364e-01
5.263999999999999773e+02 6.390120132515796358e-01
5.266000000000000227e+02 6.379062531667482050e-01
5.267999999999999545e+02 6.367910369331755138e-01
5.270000000000000000e+02 6.356719285343566117e-01
5.272000000000000455e+02 6.345530642497850815e-01
5.273999999999999773e+02 6.334486668663157349e-01
5.276000000000000227e+02 6.323747120055035476e-01
5.277999999999999545e+02 6.313442544637586362e-01
5.280000000000000000e+02 6.303774360545815192e-01
5.282000000000000455e+02 6.294936984610763897e-01
5.283999999999999773e+02 6.287120416606943873e-01
5.286000000000000227e+02 6.280541271814706894e-01
5.287999999999999545e+02 6.275292986373088855e-01
5.290000000000000000e+02 6.271376198653736411e-01
5.292000000000000455e+02 6.268738106887795647e-01
5.293999999999999773e+02 6.267282978241545122e-01
5.296000000000000227e+02 6.266921621957155519e-01
5.297999999999999545e+02 6.267565253557750848e-01
5.300000000000000000e+02 6.269093250470109124e-01
5.302000000000000455e+02 6.271378295145713100e-01
5.303999999999999773e+02 6.274284996228792766e-01
5.306000000000000227e+02 6.277664698718887770e-01
5.307999999999999545e+02 6.281350114817934038e-01
5.310000000000000000e+02 6.285124320400135023e-01
5.312000000000000455e+02 6.288740989741334886e-01
5.313999999999999773e+02 6.291970386058272080e-01
5.316000000000000227e+02 6.294594568888596253e-01
5.317999999999999545e+02 6.296455397274116628e-01
5.320000000000000000e+02 6.297487230631240163e-01
5.322000000000000455e+02 6.297702702204864833e-01
5.323999999999999773e+02 6.297133719556814446e-01
5.326000000000000227e+02 6.295796322751149310e-01
5.327999999999999545e+02 6.293673072309609040e-01
5.330000000000000000e+02 6.290766533537528460e-01
5.332000000000000455e+02 6.287087973587220935e-01
5.333999999999999773e+02 6.282665984021814642e-01
5.336000000000000227e+02 6.277615463931743855e-01
5.337999999999999545e+02 6.272101109611628589e-01
5.340000000000000000e+02 6.266339498813048303e-01
5.342000000000000455e+02 6.260614747716198858e-01
5.343999999999999773e+02 6.255218080988935725e-01
5.346000000000000227e+02 6.250474896059942109e-01
5.347999999999999545e+02 6.246731328963508467e-01
5.350000000000000000e+02 6.244231699122442247e-01
5.352000000000000455e+02 6.243122047124559648e-01
5.353999999999999773e+02 6.243477436596340802e-01
5.356000000000000227e+02 6.245334825416705149e-01
5.357999999999999545e+02 6.248699985180393712e-01
5.360000000000000000e+02 6.253540993463518882e-01
5.362000000000000455e+02 6.259779006225476561e-01
5.363999999999999773e+02 6.267277698482728310e-01
5.366000000000000227e+02 6.275859368544267625e-01
5.367999999999999545e+02 6.285336182967062868e-01
5.370000000000000000e+02 6.295532365216913728e-01
5.372000000000000455e+02 6.306192368893432931e-01
5.373999999999999773e+02 6.317073767624097336e-01
5.376000000000000227e+02 6.327980676793988346e-01
5.377999999999999545e+02 6.338667778387250262e-01
5.380000000000000000e+02 6.348964472256778402e-01
5.382000000000000455e+02 6.358762065193870328e-01
5.383999999999999773e+02 6.367964076001759732e-01
5.386000000000000227e+02 6.376604996403474335e-01
5.387999999999999545e+02 6.384758737163196418e-01
5.390000000000000000e+02 6.392501805290258243e-01
5.392000000000000455e+02 6.399992021618324811e-01
5.393999999999999773e+02 6.407350391649039301e-01
5.396000000000000227e+02 6.414665720342447308e-01
5.397999999999999545e+02 6.422035266957646371e-01
5.400000000000000000e+02 6.429484800631433128e-01
5.402000000000000455e+02 6.436966356355972030e-01
5.403999999999999773e+02 6.444379769778133538e-01
5.406000000000000227e+02 6.451621561602779442e-01
5.407999999999999545e+02 6.458554328353895979e-01
5.410000000000000000e+02 6.465047528334101345e-01
5.412000000000000455e+02 6.471031140838688911e-01
5.413999999999999773e+02 6.476415138831248530e-01
5.416000000000000227e+02 6.481132803935389930e-01
5.417999999999999545e+02 6.485154423567019988e-01
5.420000000000000000e+02 6.488434282161706923e-01
5.422000000000000455e+02 6.490935268144601977e-01
5.423999999999999773e+02 6.492622680340797148e-01
5.426000000000000227e+02 6.493451631662853218e-01
5.427999999999999545e+02 6.493398007996290522e-01
5.430000000000000000e+02 6.492451436503614559e-01
5.432000000000000455e+02 6.490620854352843194e-01
5.433999999999999773e+02 6.487965953531719121e-01
5.436000000000000227e+02 6.484570458805327675e-01
5.437999999999999545e+02 6.480531473352632021e-01
5.440000000000000000e+02 6.475945204411271972e-01
5.442000000000000455e+02 6.470844123195442776e-01
5.443999999999999773e+02 6.465240340433097144e-01
5.446000000000000227e+02 6.459113565406938706e-01
5.447999999999999545e+02 6.452306691669008609e-01
5.450000000000000000e+02 6.444619355014181705e-01
5.452000000000000455e+02 6.435812598973665866e-01
5.453999999999999773e+02 6.425612716906130562e-01
5.456000000000000227e+02 6.413884922171377845e-01
5.457999999999999545e+02 6.400404952697804628e-01
5.460000000000000000e+02 6.384960691233788621e-01
5.462000000000000455e+02 6.367898201722501650e-01
5.463999999999999773e+02 6.348975338642585120e-01
5.466000000000000227e+02 6.327708430529783712e-01
5.467999999999999545e+02 6.304118254474799787e-01
5.470000000000000000e+02 6.278053361617016437e-01
5.472000000000000455e+02 6.249248717714349644e-01
5.473999999999999773e+02 6.217505507392705466e-01
5.476000000000000227e+02 6.182946482127001930e-01
5.477999999999999545e+02 6.145720968582756294e-01
5.480000000000000000e+02 6.105929363044771963e-01
5.482000000000000455e+02 6.063898222485787359e-01
5.483999999999999773e+02 6.019881782173555074e-01
5.486000000000000227e+02 5.974153371274267821e-01
5.487999999999999545e+02 5.927372747918894236e-01
5.490000000000000000e+02 5.880031050979209750e-01
5.492000000000000455e+02 5.832433283550800818e-01
5.493999999999999773e+02 5.784856552050897660e-01
5.496000000000000227e+02 5.737809202357883054e-01
5.497999999999999545e+02 5.691729392724946823e-01
5.500000000000000000e+02 5.646763128098516438e-01
5.502000000000000455e+02 5.603039978866023452e-01
5.503999999999999773e+02 5.560845528086739709e-01
5.506000000000000227e+02 5.520549223176770548e-01
5.507999999999999545e+02 5.482140058631986834e-01
5.510000000000000000e+02 5.445454431488426783e-01
5.512000000000000455e+02 5.410331989298986510e-01
5.513999999999999773e+02 5.376736273263587051e-01
5.516000000000000227e+02 5.344390984899317631e-01
5.517999999999999545e+02 5.312911690737450732e-01
5.520000000000000000e+02 5.282021709355100292e-01
5.522000000000000455e+02 5.251309195525590834e-01
5.523999999999999773e+02 5.220475593832090144e-01
5.526000000000000227e+02 5.189488225040387315e-01
5.527999999999999545e+02 5.158221830045361944e-01
5.530000000000000000e+02 5.126541832173898694e-01
5.532000000000000455e+02 5.094410643584443843e-01
5.533999999999999773e+02 5.062027975919820566e-01
5.536000000000000227e+02 5.029524488743258859e-01
5.537999999999999545e+02 4.996945086784985168e-01
5.540000000000000000e+02 4.964415426532122755e-01
5.542000000000000455e+02 4.932293517281171602e-01
5.543999999999999773e+02 4.900976430862190036e-01
5.546000000000000227e+02 4.870655832263650620e-01
5.547999999999999545e+02 4.841474734575172967e-01
5.550000000000000000e+02 4.813649680572749112e-01
5.552000000000000455e+02 4.787474934980559538e-01
5.553999999999999773e+02 4.762988183139708620e-01
5.556000000000000227e+02 4.740171894825260801e-01
5.557999999999999545e+02 4.719004240369820691e-01
5.560000000000000000e+02 4.699311452623439744e-01
5.562000000000000455e+02 4.680978420409374618e-01
5.563999999999999773e+02 4.663915074029704733e-01
5.566000000000000227e+02 4.647882613583526057e-01
5.567999999999999545e+02 4.632621039242210137e-01
5.570000000000000000e+02 4.617920867322746203e-01
5.572000000000000455e+02 4.603658250637480687e-01
5.573999999999999773e+02 4.589644812749619218e-01
5.576000000000000227e+02 4.575685095865461571e-01
5.577999999999999545e+02 4.561653098108653936e-01
5.580000000000000000e+02 4.547581092025250737e-01
5.582000000000000455e+02 4.533513670222409364e-01
5.583999999999999773e+02 4.519468161344030177e-01
5.586000000000000227e+02 4.505520625286541514e-01
5.587999999999999545e+02 4.491860014117687316e-01
5.590000000000000000e+02 4.478708809590781770e-01
5.592000000000000455e+02 4.466167126137022825e-01
5.593999999999999773e+02 4.454333905551189354e-01
5.596000000000000227e+02 4.443281197747903644e-01
5.597999999999999545e+02 4.433010084127257944e-01
5.600000000000000000e+02 4.423541390220780412e-01
5.602000000000000455e+02 4.414823902779627107e-01
5.603999999999999773e+02 4.406682024894693628e-01
5.606000000000000227e+02 4.398917413845683244e-01
5.607999999999999545e+02 4.391349672072857313e-01
5.610000000000000000e+02 4.383809220529342188e-01
5.612000000000000455e+02 4.376080902258773775e-01
5.613999999999999773e+02 4.367950233218330092e-01
5.616000000000000227e+02 4.359229740311357237e-01
5.617999999999999545e+02 4.349776757740582145e-01
5.620000000000000000e+02 4.339430595416199354e-01
5.622000000000000455e+02 4.328039741778036964e-01
5.623999999999999773e+02 4.315519677120708275e-01
5.626000000000000227e+02 4.301941420213020173e-01
5.627999999999999545e+02 4.287418139594936783e-01
5.630000000000000000e+02 4.272038207494800455e-01
5.632000000000000455e+02 4.255924700523427417e-01
5.633999999999999773e+02 4.239335871809758460e-01
5.636000000000000227e+02 4.222626428841702584e-01
5.637999999999999545e+02 4.206041303896675410e-01
5.640000000000000000e+02 4.189838448740657029e-01
5.642000000000000455e+02 4.174248085572366262e-01
5.643999999999999773e+02 4.159359567926829149e-01
5.646000000000000227e+02 4.145286520673571173e-01
5.647999999999999545e+02 4.132118948782400047e-01
5.650000000000000000e+02 4.119852255411607933e-01
5.652000000000000455e+02 4.108463659779429955e-01
5.653999999999999773e+02 4.097933813619978327e-01
5.656000000000000227e+02 4.088235893361285567e-01
5.657999999999999545e+02 4.079263321189212088e-01
5.660000000000000000e+02 4.070897371963416167e-01
5.662000000000000455e+02 4.063040035836661401e-01
5.663999999999999773e+02 4.055619679161399094e-01
5.666000000000000227e+02 4.048521543068616668e-01
5.667999999999999545e+02 4.041592491500000661e-01
5.670000000000000000e+02 4.034681422534617257e-01
5.672000000000000455e+02 4.027696553179222483e-01
5.673999999999999773e+02 4.020593559832096320e-01
5.676000000000000227e+02 4.013364572224550897e-01
5.677999999999999545e+02 4.006074799537790443e-01
5.680000000000000000e+02 3.998771912667124506e-01
5.682000000000000455e+02 3.991449307054079632e-01
5.683999999999999773e+02 3.984131642046909172e-01
5.686000000000000227e+02 3.976827408164377298e-01
5.687999999999999545e+02 3.969513409135771997e-01
5.690000000000000000e+02 3.962149772008159987e-01
5.692000000000000455e+02 3.954710997370564640e-01
5.693999999999999773e+02 3.947169975948853216e-01
5.696000000000000227e+02 3.939463128084931820e-01
5.697999999999999545e+02 3.931511291017956711e-01
5.700000000000000000e+02 3.923266849400226519e-01
5.702000000000000455e+02 3.914745629526476534e-01
5.703999999999999773e+02 3.905953210099719075e-01
5.706000000000000227e+02 3.896863215665739566e-01
5.707999999999999545e+02 3.887429971311506249e-01
5.710000000000000000e+02 3.877667632898960104e-01
5.712000000000000455e+02 3.867578613083458849e-01
5.713999999999999773e+02 3.857155174236905903e-01
5.716000000000000227e+02 3.846446429138125067e-01
5.717999999999999545e+02 3.835482084323784679e-01
5.720000000000000000e+02 3.824316386897712583e-01
5.722000000000000455e+02 3.813108924206275452e-01
5.723999999999999773e+02 3.801979855640615358e-01
5.726000000000000227e+02 3.791018860672848434e-01
5.727999999999999545e+02 3.780321630772578989e-01
5.730000000000000000e+02 3.770032829539434749e-01
5.732000000000000455e+02 3.760240296596229492e-01
5.733999999999999773e+02 3.750923334290341971e-01
5.736000000000000227e+02 3.742005913386142746e-01
5.737999999999999545e+02 3.733435893905839298e-01
5.740000000000000000e+02 3.725175750867948943e-01
5.742000000000000455e+02 3.717119433768789061e-01
5.743999999999999773e+02 3.709118233868292647e-01
5.746000000000000227e+02 3.701032280577855604e-01
5.747999999999999545e+02 3.692783877270647275e-01
5.750000000000000000e+02 3.684260014626148383e-01
5.752000000000000455e+02 3.675332225110747864e-01
5.753999999999999773e+02 3.665880202539901767e-01
5.756000000000000227e+02 3.655759986286373220e-01
5.757999999999999545e+02 3.644899568770049170e-01
5.760000000000000000e+02 3.633321373981160951e-01
5.762000000000000455e+02 3.621021034509950276e-01
5.763999999999999773e+02 3.608029844520296292e-01
5.766000000000000227e+02 3.594468225169794584e-01
5.767999999999999545e+02 3.580603702833682900e-01
5.770000000000000000e+02 3.566714291403678128e-01
5.772000000000000455e+02 3.553033915742961346e-01
5.773999999999999773e+02 3.539737714450849615e-01
5.776000000000000227e+02 3.527099928807767570e-01
5.777999999999999545e+02 3.515334564494419500e-01
5.780000000000000000e+02 3.504470711830443563e-01
5.782000000000000455e+02 3.494579997228323687e-01
5.783999999999999773e+02 3.485645355466887030e-01
5.786000000000000227e+02 3.477520163927766417e-01
5.787999999999999545e+02 3.470105788912883904e-01
5.790000000000000000e+02 3.463213570544940723e-01
5.792000000000000455e+02 3.456574589670442510e-01
5.793999999999999773e+02 3.449985844138572233e-01
5.796000000000000227e+02 3.443173852611317032e-01
5.797999999999999545e+02 3.435846043469497624e-01
5.800000000000000000e+02 3.427809028157657312e-01
5.802000000000000455e+02 3.418828407606231412e-01
5.803999999999999773e+02 3.408702004234542837e-01
5.806000000000000227e+02 3.397343901009707845e-01
5.807999999999999545e+02 3.384685766127602524e-01
5.810000000000000000e+02 3.370722253944615221e-01
5.812000000000000455e+02 3.355575887502719734e-01
5.813999999999999773e+02 3.339587587997401852e-01
5.816000000000000227e+02 3.323063523386263762e-01
5.817999999999999545e+02 3.306267115363423770e-01
5.820000000000000000e+02 3.289670911676407239e-01
5.822000000000000455e+02 3.273613533582441781e-01
5.823999999999999773e+02 3.258344094051872086e-01
5.826000000000000227e+02 3.244237405753962467e-01
5.827999999999999545e+02 3.231482286083331990e-01
5.830000000000000000e+02 3.220185112867502975e-01
5.832000000000000455e+02 3.210510289302351272e-01
5.833999999999999773e+02 3.202440031359570782e-01
5.836000000000000227e+02 3.195933040507609180e-01
5.837999999999999545e+02 3.191022745563225627e-01
5.840000000000000000e+02 3.187650361621140460e-01
5.842000000000000455e+02 3.185692222267016982e-01
5.843999999999999773e+02 3.184969974091907963e-01
5.846000000000000227e+02 3.185231930982368453e-01
5.847999999999999545e+02 3.186216211307189572e-01
5.850000000000000000e+02 3.187661905345349211e-01
5.852000000000000455e+02 3.189296564751047391e-01
5.853999999999999773e+02 3.190883697169819011e-01
5.856000000000000227e+02 3.192212927682936963e-01
5.857999999999999545e+02 3.193079985182465386e-01
5.860000000000000000e+02 3.193309018263485455e-01
5.862000000000000455e+02 3.192773002599755272e-01
5.863999999999999773e+02 3.191404027067321070e-01
5.866000000000000227e+02 3.189151573368777526e-01
5.867999999999999545e+02 3.185952814068556682e-01
5.870000000000000000e+02 3.181713580242563344e-01
5.872000000000000455e+02 3.176297256585519646e-01
5.873999999999999773e+02 3.169644763308547830e-01
5.876000000000000227e+02 3.161773431476336826e-01
5.877999999999999545e+02 3.152683692518308822e-01
5.880000000000000000e+02 3.142374476357379098e-01
5.882000000000000455e+02 3.130903411435383976e-01
5.883999999999999773e+02 3.118448413071283620e-01
5.886000000000000227e+02 3.105092472913124624e-01
5.887999999999999545e+02 3.090963548842287079e-01
5.890000000000000000e+02 3.076348495065394650e-01
5.892000000000000455e+02 3.061395095268455990e-01
5.893999999999999773e+02 3.046270954696943534e-01
5.896000000000000227e+02 3.031205268776882567e-01
5.897999999999999545e+02 3.016222723282634965e-01
5.900000000000000000e+02 3.001461674912062061e-01
5.902000000000000455e+02 2.987174657955821155e-01
5.903999999999999773e+02 2.973412594704821221e-01
5.906000000000000227e+02 2.960259512925140779e-01
5.907999999999999545e+02 2.947783141138886620e-01
5.910000000000000000e+02 2.935873427171244998e-01
5.912000000000000455e+02 2.924500394755689681e-01
5.913999999999999773e+02 2.913635577231100671e-01
5.916000000000000227e+02 2.903134039356042306e-01
5.917999999999999545e+02 2.892822024149510063e-01
5.920000000000000000e+02 2.882552457385815226e-01
5.922000000000000455e+02 2.872202509815417470e-01
5.923999999999999773e+02 2.861535621139517094e-01
5.926000000000000227e+02 2.850420659838125426e-01
5.927999999999999545e+02 2.838858475391023428e-01
5.930000000000000000e+02 2.826776292370394295e-01
5.932000000000000455e+02 2.814218374640299336e-01
5.933999999999999773e+02 2.801305660529309072e-01
5.936000000000000227e+02 2.788079806677485339e-01
5.937999999999999545e+02 2.774756444419466672e-01
5.940000000000000000e+02 2.761595407383095058e-01
5.942000000000000455e+02 2.748723851068518576e-01
5.943999999999999773e+02 2.736382181533544844e-01
5.946000000000000227e+02 2.724777674386291704e-01
5.947999999999999545e+02 2.713997492024781688e-01
5.950000000000000000e+02 2.704252886860297189e-01
5.952000000000000455e+02 2.695742458940585951e-01
5.953999999999999773e+02 2.688594171498772667e-01
5.956000000000000227e+02 2.682926569824551355e-01
5.957999999999999545e+02 2.678811251663500426e-01
5.960000000000000000e+02 2.676247044806918107e-01
5.962000000000000455e+02 2.675134874292775522e-01
5.963999999999999773e+02 2.675331410707991742e-01
5.966000000000000227e+02 2.676651665200076580e-01
5.967999999999999545e+02 2.678853246002207422e-01
5.970000000000000000e+02 2.681644159375244363e-01
5.972000000000000455e+02 2.684736896900198344e-01
5.973999999999999773e+02 2.687888742153792809e-01
5.976000000000000227e+02 2.690870890237319624e-01
5.977999999999999545e+02 2.693483139766916779e-01
5.980000000000000000e+02 2.695547445400338638e-01
5.982000000000000455e+02 2.696847730469418281e-01
5.983999999999999773e+02 2.697180000011498713e-01
5.986000000000000227e+02 2.696366229448634577e-01
5.987999999999999545e+02 2.694246339996433925e-01
5.990000000000000000e+02 2.690734142316437705e-01
5.992000000000000455e+02 2.685793993517761047e-01
5.993999999999999773e+02 2.679399978649401604e-01
5.996000000000000227e+02 2.671643535826840332e-01
5.997999999999999545e+02 2.662636985158226000e-01
6.000000000000000000e+02 2.652434357255051833e-01
6.002000000000000455e+02 2.641216877506741834e-01
6.003999999999999773e+02 2.629130324456897538e-01
6.006000000000000227e+02 2.616228751428589794e-01
6.007999999999999545e+02 2.602710650101435208e-01
6.010000000000000000e+02 2.588696646554337621e-01
6.012000000000000455e+02 2.574224256953093759e-01
6.013999999999999773e+02 2.559478558202986087e-01
6.016000000000000227e+02 2.544521600540191053e-01
6.017999999999999545e+02 2.529348096464192897e-01
6.020000000000000000e+02 2.514089035639892056e-01
6.022000000000000455e+02 2.498804084617967103e-01
6.023999999999999773e+02 2.483491914081905616e-01
6.026000000000000227e+02 2.468153776952111966e-01
6.027999999999999545e+02 2.452881697550614859e-01
6.030000000000000000e+02 2.437722668774858215e-01
6.032000000000000455e+02 2.422639507995114905e-01
6.033999999999999773e+02 2.407809536638624293e-01
6.036000000000000227e+02 2.393384392456186782e-01
6.037999999999999545e+02 2.379446485738353489e-01
6.040000000000000000e+02 2.366231733117415692e-01
6.042000000000000455e+02 2.353869445808890182e-01
6.043999999999999773e+02 2.342415011391338897e-01
6.046000000000000227e+02 2.332050052573659271e-01
6.047999999999999545e+02 2.322828082913588887e-01
6.050000000000000000e+02 2.314740444273985509e-01
6.052000000000000455e+02 2.307836067630226196e-01
6.053999999999999773e+02 2.302038064124446171e-01
6.056000000000000227e+02 2.297233570629794719e-01
6.057999999999999545e+02 2.293346402320795563e-01
6.060000000000000000e+02 2.290249886244792865e-01
6.062000000000000455e+02 2.287785124258465419e-01
6.064000000000000909e+02 2.285763947671803353e-01
6.066000000000000227e+02 2.283936142417125337e-01
6.067999999999999545e+02 2.281984869868165788e-01
6.070000000000000000e+02 2.279569567820279863e-01
6.072000000000000455e+02 2.276420970305293445e-01
6.074000000000000909e+02 2.272307595939104530e-01
6.076000000000000227e+02 2.267083986523495409e-01
6.077999999999999545e+02 2.260764248578408520e-01
6.080000000000000000e+02 2.253381538374979176e-01
6.082000000000000455e+02 2.245027160236196528e-01
6.084000000000000909e+02 2.235881790541944247e-01
6.086000000000000227e+02 2.226049197279215131e-01
6.087999999999999545e+02 2.215672914116307568e-01
6.090000000000000000e+02 2.204956474146386458e-01
6.092000000000000455e+02 2.193946077829520003e-01
6.094000000000000909e+02 2.182721668063870579e-01
6.096000000000000227e+02 2.171432187551363968e-01
6.097999999999999545e+02 2.160192565378273866e-01
6.100000000000000000e+02 2.149127847766355848e-01
6.102000000000000455e+02 2.138387698232414313e-01
6.104000000000000909e+02 2.128133126031069022e-01
6.106000000000000227e+02 2.118368242512619903e-01
6.107999999999999545e+02 2.109022974296776987e-01
6.110000000000000000e+02 2.100037646661793433e-01
6.112000000000000455e+02 2.091215550255751954e-01
6.114000000000000909e+02 2.082401542583567078e-01
6.116000000000000227e+02 2.073564576960817973e-01
6.117999999999999545e+02 2.064592111627989446e-01
6.120000000000000000e+02 2.055437805588895828e-01
6.122000000000000455e+02 2.046145271528153065e-01
6.124000000000000909e+02 2.036725984307748427e-01
6.126000000000000227e+02 2.027333223431729003e-01
6.127999999999999545e+02 2.018198500682543139e-01
6.130000000000000000e+02 2.009439624885337450e-01
6.132000000000000455e+02 2.001206794937308853e-01
6.134000000000000909e+02 1.993630175670662308e-01
6.136000000000000227e+02 1.986733359842526303e-01
6.137999999999999545e+02 1.980512793460179333e-01
6.140000000000000000e+02 1.974983935889772779e-01
6.142000000000000455e+02 1.970188095984811150e-01
6.144000000000000909e+02 1.966094424975495247e-01
6.146000000000000227e+02 1.962635420019216981e-01
6.147999999999999545e+02 1.959710547999282404e-01
6.150000000000000000e+02 1.957138414101412538e-01
6.152000000000000455e+02 1.954737013428423098e-01
6.154000000000000909e+02 1.952314079654924039e-01
6.156000000000000227e+02 1.949595783193201204e-01
6.157999999999999545e+02 1.946276154160141159e-01
6.160000000000000000e+02 1.942002099401653747e-01
6.162000000000000455e+02 1.936356407144611547e-01
6.164000000000000909e+02 1.929025716918478794e-01
6.166000000000000227e+02 1.919823011164067672e-01
6.167999999999999545e+02 1.908686650082098979e-01
6.170000000000000000e+02 1.895637049673387919e-01
6.172000000000000455e+02 1.880827099767411192e-01
6.174000000000000909e+02 1.864516736450598511e-01
6.176000000000000227e+02 1.846868925548811879e-01
6.177999999999999545e+02 1.828238001091840037e-01
6.180000000000000000e+02 1.809114016856024632e-01
6.182000000000000455e+02 1.789764537653693866e-01
6.184000000000000909e+02 1.770576412341994532e-01
6.186000000000000227e+02 1.751953566895081138e-01
6.187999999999999545e+02 1.734077681864901188e-01
6.190000000000000000e+02 1.717287898933868018e-01
6.192000000000000455e+02 1.701914672286150565e-01
6.194000000000000909e+02 1.688103883428123675e-01
6.196000000000000227e+02 1.676083288571740826e-01
6.197999999999999545e+02 1.665942557580008532e-01
6.200000000000000000e+02 1.657532881544530601e-01
6.202000000000000455e+02 1.650702173674549744e-01
6.204000000000000909e+02 1.645235498400092200e-01
6.206000000000000227e+02 1.640842292055334495e-01
6.207999999999999545e+02 1.637201999201175207e-01
6.210000000000000000e+02 1.633949975646689090e-01
6.212000000000000455e+02 1.630691015433012592e-01
6.214000000000000909e+02 1.627042173910017431e-01
6.216000000000000227e+02 1.622764199637615479e-01
6.217999999999999545e+02 1.617729840312943923e-01
6.220000000000000000e+02 1.611886039664872650e-01
6.222000000000000455e+02 1.605336321533367416e-01
6.224000000000000909e+02 1.598211717211983074e-01
6.226000000000000227e+02 1.590607461509754017e-01
6.227999999999999545e+02 1.582722360159597719e-01
6.230000000000000000e+02 1.574754635772918077e-01
6.232000000000000455e+02 1.566893422284425519e-01
6.234000000000000909e+02 1.559436551822325212e-01
6.236000000000000227e+02 1.552598310234478696e-01
6.237999999999999545e+02 1.546519690310974027e-01
6.240000000000000000e+02 1.541389697260021341e-01
6.242000000000000455e+02 1.537358510051031468e-01
6.244000000000000909e+02 1.534524512802127594e-01
6.246000000000000227e+02 1.532929288625164699e-01
6.247999999999999545e+02 1.532512397298629592e-01
6.250000000000000000e+02 1.533112840987225500e-01
6.252000000000000455e+02 1.534473760471987969e-01
6.254000000000000909e+02 1.536273732396746250e-01
6.256000000000000227e+02 1.538210779849951415e-01
6.257999999999999545e+02 1.540034524831025153e-01
6.260000000000000000e+02 1.541513067294484896e-01
6.262000000000000455e+02 1.542407514354959819e-01
6.264000000000000909e+02 1.542471337729878211e-01
6.266000000000000227e+02 1.541468445109936969e-01
6.267999999999999545e+02 1.539203798572154336e-01
6.270000000000000000e+02 1.535541103416711017e-01
6.272000000000000455e+02 1.530413684078536229e-01
6.274000000000000909e+02 1.523741324173570333e-01
6.276000000000000227e+02 1.515507919308176354e-01
6.277999999999999545e+02 1.505827184947275688e-01
6.280000000000000000e+02 1.494825044237270695e-01
6.282000000000000455e+02 1.482627345725401335e-01
6.284000000000000909e+02 1.469388818625223803e-01
6.286000000000000227e+02 1.455389017250139638e-01
6.287999999999999545e+02 1.440791661878626229e-01
6.290000000000000000e+02 1.425658501434956815e-01
6.292000000000000455e+02 1.410196530247803393e-01
6.294000000000000909e+02 1.394536790508785207e-01
6.296000000000000227e+02 1.378825097092032936e-01
6.297999999999999545e+02 1.363419321082504354e-01
6.300000000000000000e+02 1.348502674257572587e-01
6.302000000000000455e+02 1.334222904876927740e-01
6.304000000000000909e+02 1.320851116851136098e-01
6.306000000000000227e+02 1.308490765209930351e-01
6.307999999999999545e+02 1.297220862195548607e-01
6.310000000000000000e+02 1.287163704346206139e-01
6.312000000000000455e+02 1.278298840978673301e-01
6.314000000000000909e+02 1.270539293950651016e-01
6.316000000000000227e+02 1.263774442472465342e-01
6.317999999999999545e+02 1.257885646975495098e-01
6.320000000000000000e+02 1.252721613119294752e-01
6.322000000000000455e+02 1.248147900100805285e-01
6.324000000000000909e+02 1.244136730902744986e-01
6.326000000000000227e+02 1.240617552935368018e-01
6.327999999999999545e+02 1.237486057038361537e-01
6.330000000000000000e+02 1.234641529671281213e-01
6.332000000000000455e+02 1.231962103418237225e-01
6.334000000000000909e+02 1.229347143466069103e-01
6.336000000000000227e+02 1.226741898365922567e-01
6.337999999999999545e+02 1.224089781628775325e-01
6.340000000000000000e+02 1.221382788703131578e-01
6.342000000000000455e+02 1.218665168984913033e-01
6.344000000000000909e+02 1.215963156800822786e-01
6.346000000000000227e+02 1.213338951853146358e-01
6.347999999999999545e+02 1.210889874645502962e-01
6.350000000000000000e+02 1.208709451233643817e-01
6.352000000000000455e+02 1.206867070419812976e-01
6.354000000000000909e+02 1.205381765891811452e-01
6.356000000000000227e+02 1.204187119963994745e-01
6.357999999999999545e+02 1.203130070191573697e-01
6.360000000000000000e+02 1.202033353193743964e-01
6.362000000000000455e+02 1.200742464267242210e-01
6.364000000000000909e+02 1.199108946793911584e-01
6.366000000000000227e+02 1.197005796698126928e-01
6.367999999999999545e+02 1.194327751889254080e-01
6.370000000000000000e+02 1.190960981248973816e-01
6.372000000000000455e+02 1.186860293075930189e-01
6.374000000000000909e+02 1.182047384811261981e-01
6.376000000000000227e+02 1.176548753840776645e-01
6.377999999999999545e+02 1.170455367060305729e-01
6.380000000000000000e+02 1.163872274645438437e-01
6.382000000000000455e+02 1.156841127763622301e-01
6.384000000000000909e+02 1.149490061570078020e-01
6.386000000000000227e+02 1.141986543945834320e-01
6.387999999999999545e+02 1.134477758121970464e-01
6.390000000000000000e+02 1.127119380497504236e-01
6.392000000000000455e+02 1.120081280817975672e-01
6.394000000000000909e+02 1.113517256303084568e-01
6.396000000000000227e+02 1.107444462437002092e-01
6.397999999999999545e+02 1.101867731553392848e-01
6.400000000000000000e+02 1.096791185057364726e-01
6.402000000000000455e+02 1.092119600399862889e-01
6.404000000000000909e+02 1.087758414590956207e-01
6.406000000000000227e+02 1.083601210834476969e-01
6.407999999999999545e+02 1.079473089736986413e-01
6.410000000000000000e+02 1.075242260340676381e-01
6.412000000000000455e+02 1.070793578134920099e-01
6.414000000000000909e+02 1.065998143678505983e-01
6.416000000000000227e+02 1.060828824680014465e-01
6.417999999999999545e+02 1.055287336622947603e-01
6.420000000000000000e+02 1.049368772888282647e-01
6.422000000000000455e+02 1.043156773025663703e-01
6.424000000000000909e+02 1.036765625993451567e-01
6.426000000000000227e+02 1.030325105533600183e-01
6.427999999999999545e+02 1.024019174974725305e-01
6.430000000000000000e+02 1.018080353052184250e-01
6.432000000000000455e+02 1.012740381928825539e-01
6.434000000000000909e+02 1.008152395548348457e-01
6.436000000000000227e+02 1.004525684623686216e-01
6.437999999999999545e+02 1.002092866679422656e-01
6.440000000000000000e+02 1.001039037090918904e-01
6.442000000000000455e+02 1.001510604365438012e-01
6.444000000000000909e+02 1.003612257962190196e-01
6.446000000000000227e+02 1.007382375186585688e-01
6.447999999999999545e+02 1.012709323769352826e-01
6.450000000000000000e+02 1.019425713443001258e-01
6.452000000000000455e+02 1.027333029973181572e-01
6.454000000000000909e+02 1.036125385360002760e-01
6.456000000000000227e+02 1.045475750492743383e-01
6.457999999999999545e+02 1.055048830535457449e-01
6.460000000000000000e+02 1.064463399159005785e-01
6.462000000000000455e+02 1.073284409227972108e-01
6.464000000000000909e+02 1.081100008818747932e-01
6.466000000000000227e+02 1.087609094419415001e-01
6.467999999999999545e+02 1.092434428285283254e-01
6.470000000000000000e+02 1.095187404208144005e-01
6.472000000000000455e+02 1.095553649523745426e-01
6.474000000000000909e+02 1.093309418592951221e-01
6.476000000000000227e+02 1.088311332429479500e-01
6.477999999999999545e+02 1.080525100182136572e-01
6.480000000000000000e+02 1.070136434486899241e-01
6.482000000000000455e+02 1.057398349220677325e-01
6.484000000000000909e+02 1.042643498289451964e-01
6.486000000000000227e+02 1.026437817723334645e-01
6.487999999999999545e+02 1.009275675607212153e-01
6.490000000000000000e+02 9.916507949997033222e-02
6.492000000000000455e+02 9.742471545709455172e-02
6.494000000000000909e+02 9.575746096586780498e-02
6.496000000000000227e+02 9.419957052585707646e-02
6.497999999999999545e+02 9.278145993076312992e-02
6.500000000000000000e+02 9.153560674409624842e-02
6.502000000000000455e+02 9.048366884913067176e-02
6.504000000000000909e+02 8.963168537765162092e-02
6.506000000000000227e+02 8.898841730016886220e-02
6.507999999999999545e+02 8.855075571642269383e-02
6.510000000000000000e+02 8.830053993116443456e-02
6.512000000000000455e+02 8.821381672441166999e-02
6.514000000000000909e+02 8.825730275794003987e-02
6.516000000000000227e+02 8.839027939804491862e-02
6.517999999999999545e+02 8.856939489285581280e-02
6.520000000000000000e+02 8.874970618811335588e-02
6.522000000000000455e+02 8.888496834418378734e-02
6.524000000000000909e+02 8.892918859722036273e-02
6.526000000000000227e+02 8.884675935956078130e-02
6.527999999999999545e+02 8.861296216973769957e-02
6.530000000000000000e+02 8.821373153805754652e-02
6.532000000000000455e+02 8.764326666500274476e-02
6.534000000000000909e+02 8.690013681436220550e-02
6.536000000000000227e+02 8.598864622730013896e-02
6.537999999999999545e+02 8.492686793519689525e-02
6.540000000000000000e+02 8.372716963606839646e-02
6.542000000000000455e+02 8.239962397371769498e-02
6.544000000000000909e+02 8.096880341701563621e-02
6.546000000000000227e+02 7.944667432296602383e-02
6.547999999999999545e+02 7.784413851673391282e-02
6.550000000000000000e+02 7.618941807056181514e-02
6.552000000000000455e+02 7.449889754321012414e-02
6.554000000000000909e+02 7.279369793888411377e-02
6.556000000000000227e+02 7.111008285384032290e-02
6.557999999999999545e+02 6.946443035487696871e-02
6.560000000000000000e+02 6.787873266691753227e-02
6.562000000000000455e+02 6.638670517319762709e-02
6.564000000000000909e+02 6.500340426900749757e-02
6.566000000000000227e+02 6.375162668336548100e-02
6.567999999999999545e+02 6.266112785834736243e-02
6.570000000000000000e+02 6.174603611721755925e-02
6.572000000000000455e+02 6.101765042811044953e-02
6.574000000000000909e+02 6.048736096540007628e-02
6.576000000000000227e+02 6.016549816013087165e-02
6.577999999999999545e+02 6.005505912145681080e-02
6.580000000000000000e+02 6.015154613167846692e-02
6.582000000000000455e+02 6.044356756942729364e-02
6.584000000000000909e+02 6.091584348303544227e-02
6.586000000000000227e+02 6.154780959387184947e-02
6.587999999999999545e+02 6.231457458484225553e-02
6.590000000000000000e+02 6.319497681711705450e-02
6.592000000000000455e+02 6.415683197012311823e-02
6.594000000000000909e+02 6.515792800351921654e-02
6.596000000000000227e+02 6.616278442549618222e-02
6.597999999999999545e+02 6.712780031084990273e-02
6.600000000000000000e+02 6.800795685671938429e-02
6.602000000000000455e+02 6.877391044059673331e-02
6.604000000000000909e+02 6.940631517859058297e-02
6.606000000000000227e+02 6.989352792056853503e-02
6.607999999999999545e+02 7.023158752733184296e-02
6.610000000000000000e+02 7.042695697302106539e-02
6.612000000000000455e+02 7.049261824999722426e-02
6.614000000000000909e+02 7.044529675186521345e-02
6.616000000000000227e+02 7.030380334909885898e-02
6.617999999999999545e+02 7.008669096549674515e-02
6.620000000000000000e+02 6.981048884636945062e-02
6.622000000000000455e+02 6.948781135989653968e-02
6.624000000000000909e+02 6.913425476549187043e-02
6.626000000000000227e+02 6.876866043568738429e-02
6.627999999999999545e+02 6.841009765960325006e-02
6.630000000000000000e+02 6.807872439779860674e-02
6.632000000000000455e+02 6.778849925453518666e-02
6.634000000000000909e+02 6.753890900751542692e-02
6.636000000000000227e+02 6.732375975956707281e-02
6.637999999999999545e+02 6.713173457318119541e-02
6.640000000000000000e+02 6.694601735758887173e-02
6.642000000000000455e+02 6.674662700680500382e-02
6.644000000000000909e+02 6.651207692410172900e-02
6.646000000000000227e+02 6.621929934465682621e-02
6.647999999999999545e+02 6.584190693839230002e-02
6.650000000000000000e+02 6.536143264433726119e-02
6.652000000000000455e+02 6.476749841985421363e-02
6.654000000000000909e+02 6.405164452143158327e-02
6.656000000000000227e+02 6.321847968261962158e-02
6.657999999999999545e+02 6.227560931785873499e-02
6.660000000000000000e+02 6.121967826847420774e-02
6.662000000000000455e+02 6.005889830883068270e-02
6.664000000000000909e+02 5.880428002314000424e-02
6.666000000000000227e+02 5.746362234856396828e-02
6.667999999999999545e+02 5.606382320740940089e-02
6.670000000000000000e+02 5.462867242580671939e-02
6.672000000000000455e+02 5.317267037312759653e-02
6.674000000000000909e+02 5.172702809418185110e-02
6.676000000000000227e+02 5.032109502227338077e-02
6.677999999999999545e+02 4.897817508883521576e-02
6.680000000000000000e+02 4.772278779376162156e-02
6.682000000000000455e+02 4.658067386546989319e-02
6.684000000000000909e+02 4.556863301905674651e-02
6.686000000000000227e+02 4.468090704304732846e-02
6.687999999999999545e+02 4.391329097436433987e-02
6.690000000000000000e+02 4.326023875242746702e-02
6.692000000000000455e+02 4.270996390586490055e-02
6.694000000000000909e+02 4.225678514899412763e-02
6.696000000000000227e+02 4.189102586854859256e-02
6.697999999999999545e+02 4.159335433148022426e-02
6.700000000000000000e+02 4.134183645866432166e-02
6.702000000000000455e+02 4.110872431634789159e-02
6.704000000000000909e+02 4.086247714362448158e-02
6.706000000000000227e+02 4.057713175354984991e-02
6.707999999999999545e+02 4.022821520921397720e-02
6.710000000000000000e+02 3.979567828312492728e-02
6.712000000000000455e+02 3.927117231478981924e-02
6.714000000000000909e+02 3.865388093182720031e-02
6.716000000000000227e+02 3.795080471157937646e-02
6.717999999999999545e+02 3.717905393521493684e-02
6.720000000000000000e+02 3.636704976612902679e-02
6.722000000000000455e+02 3.553978255443995815e-02
6.724000000000000909e+02 3.471181673356121128e-02
6.726000000000000227e+02 3.390422509742649360e-02
6.727999999999999545e+02 3.313446883997971104e-02
6.730000000000000000e+02 3.241604620100386330e-02
6.732000000000000455e+02 3.177281974176252716e-02
6.734000000000000909e+02 3.122416100829047969e-02
6.736000000000000227e+02 3.078415864638956584e-02
6.737999999999999545e+02 3.046824184484284159e-02
6.740000000000000000e+02 3.028406684185422706e-02
6.742000000000000455e+02 3.023099501529968175e-02
6.744000000000000909e+02 3.030050524788342747e-02
6.746000000000000227e+02 3.047281470563823619e-02
6.747999999999999545e+02 3.071782719211437612e-02
6.750000000000000000e+02 3.099683897892102635e-02
6.752000000000000455e+02 3.126980636623816895e-02
6.754000000000000909e+02 3.149884556479760206e-02
6.756000000000000227e+02 3.165071619009011267e-02
6.757999999999999545e+02 3.170007925469257165e-02
6.760000000000000000e+02 3.162807195833135937e-02
6.762000000000000455e+02 3.142143305749927479e-02
6.764000000000000909e+02 3.107172426990803191e-02
6.766000000000000227e+02 3.057126686146971820e-02
6.767999999999999545e+02 2.991651827167678482e-02
6.770000000000000000e+02 2.911294567971108027e-02
6.772000000000000455e+02 2.816097034180734329e-02
6.774000000000000909e+02 2.706982014337114273e-02
6.776000000000000227e+02 2.586948225995862674e-02
6.777999999999999545e+02 2.459089251025133732e-02
6.780000000000000000e+02 2.327608051445712381e-02
6.782000000000000455e+02 2.197962942277250156e-02
6.784000000000000909e+02 2.074524836398754582e-02
6.786000000000000227e+02 1.961116827642753538e-02
6.787999999999999545e+02 1.861235034735461008e-02
6.790000000000000000e+02 1.777860279554082865e-02
6.792000000000000455e+02 1.712419878802868417e-02
6.794000000000000909e+02 1.665568707034919410e-02
6.796000000000000227e+02 1.638681359048197589e-02
6.797999999999999545e+02 1.632520640543969406e-02
6.800000000000000000e+02 1.647086587943799932e-02
6.802000000000000455e+02 1.681766372202537010e-02
6.804000000000000909e+02 1.736118097567760157e-02
6.806000000000000227e+02 1.808804275934018657e-02
6.807999999999999545e+02 1.897025630911610902e-02
6.810000000000000000e+02 1.997598719519714031e-02
6.812000000000000455e+02 2.106073867605503733e-02
6.814000000000000909e+02 2.217054328862962109e-02
6.816000000000000227e+02 2.326246248432985858e-02
6.817999999999999545e+02 2.429126206235179483e-02
6.820000000000000000e+02 2.521498980916332330e-02
6.822000000000000455e+02 2.601174525144940922e-02
6.824000000000000909e+02 2.666708716683847263e-02
6.826000000000000227e+02 2.716923430819526142e-02
6.827999999999999545e+02 2.750823496146823435e-02
6.830000000000000000e+02 2.768637410475118313e-02
6.832000000000000455e+02 2.771296003623821211e-02
6.834000000000000909e+02 2.759830160805180552e-02
6.836000000000000227e+02 2.734662916620996670e-02
6.837999999999999545e+02 2.696494691382484224e-02
6.840000000000000000e+02 2.646741423356391287e-02
6.842000000000000455e+02 2.587503636227547754e-02
6.844000000000000909e+02 2.522560297560486053e-02
6.846000000000000227e+02 2.457061689545117500e-02
6.847999999999999545e+02 2.396276683464143228e-02
6.850000000000000000e+02 2.345542414563748027e-02
6.852000000000000455e+02 2.309307741417788995e-02
6.854000000000000909e+02 2.289965247760331404e-02
6.856000000000000227e+02 2.289281085340294508e-02
6.857999999999999545e+02 2.308187283953207561e-02
6.860000000000000000e+02 2.346324775220845829e-02
6.862000000000000455e+02 2.401894402465997239e-02
6.864000000000000909e+02 2.471917922608602228e-02
6.866000000000000227e+02 2.552862564535533785e-02
6.867999999999999545e+02 2.642435616494215669e-02
6.870000000000000000e+02 2.737991265658126783e-02
6.872000000000000455e+02 2.836523212122229326e-02
6.874000000000000909e+02 2.935907797000642319e-02
6.876000000000000227e+02 3.032699806468982032e-02
6.877999999999999545e+02 3.122750784850782807e-02
6.880000000000000000e+02 3.202773481348356044e-02
6.882000000000000455e+02 3.269142072127763365e-02
6.884000000000000909e+02 3.318782248216856079e-02
6.886000000000000227e+02 3.350041748741655612e-02
6.887999999999999545e+02 3.361354749699389799e-02
6.890000000000000000e+02 3.352085196135422968e-02
6.892000000000000455e+02 3.323169553160440493e-02
6.894000000000000909e+02 3.277046742949289021e-02
6.896000000000000227e+02 3.217450827265956603e-02
6.897999999999999545e+02 3.148773020822665664e-02
6.900000000000000000e+02 3.074559761639543073e-02
6.902000000000000455e+02 2.997965612047223671e-02
6.904000000000000909e+02 2.921332495245114458e-02
6.906000000000000227e+02 2.845393284386209254e-02
6.907999999999999545e+02 2.771470811606847190e-02
6.910000000000000000e+02 2.700695287565990990e-02
6.912000000000000455e+02 2.632895255095126300e-02
6.914000000000000909e+02 2.568008631377741505e-02
6.916000000000000227e+02 2.505772374057035554e-02
6.917999999999999545e+02 2.445649058131831727e-02
6.920000000000000000e+02 2.388004792781580829e-02
6.922000000000000455e+02 2.332520108241585913e-02
6.924000000000000909e+02 2.277769162590822724e-02
6.926000000000000227e+02 2.222221199795569244e-02
6.927999999999999545e+02 2.163890881301239882e-02
6.930000000000000000e+02 2.100404049603527348e-02
6.932000000000000455e+02 2.029426908026461460e-02
6.934000000000000909e+02 1.949683527850407799e-02
6.936000000000000227e+02 1.860397869642827981e-02
6.937999999999999545e+02 1.760614732114622674e-02
6.940000000000000000e+02 1.650832382285116057e-02
6.942000000000000455e+02 1.531822669384908832e-02
6.944000000000000909e+02 1.404042210375103412e-02
6.946000000000000227e+02 1.270065264498434175e-02
6.947999999999999545e+02 1.132024811608998635e-02
6.950000000000000000e+02 9.910328932449006395e-03
6.952000000000000455e+02 8.499061209385493781e-03
6.954000000000000909e+02 7.110623074021680222e-03
6.956000000000000227e+02 5.767485138410220064e-03
6.957999999999999545e+02 4.509677028757142631e-03
6.960000000000000000e+02 3.366220702553082613e-03
6.962000000000000455e+02 2.358398026722285240e-03
6.964000000000000909e+02 1.512236399406505834e-03
6.966000000000000227e+02 8.526405416492972410e-04
6.967999999999999545e+02 3.890408014564316589e-04
6.970000000000000000e+02 1.073188760700905409e-04
6.972000000000000455e+02 0.000000000000000000e+00
6.974000000000000909e+02 5.606991682911373527e-05
6.976000000000000227e+02 2.519666132451135504e-04
6.977999999999999545e+02 5.626131148784596116e-04
6.980000000000000000e+02 9.639606528928727205e-04
6.982000000000000455e+02 1.432588158596449605e-03
6.984000000000000909e+02 1.936488545940089892e-03
6.986000000000000227e+02 2.435979441078831020e-03
6.987999999999999545e+02 2.885052860779726072e-03
6.990000000000000000e+02 3.237338706648456525e-03
6.992000000000000455e+02 3.452607328087964247e-03
6.994000000000000909e+02 3.500890528847926814e-03
6.996000000000000227e+02 3.359904990095254843e-03
6.997999999999999545e+02 3.014959045913757820e-03
7.000000000000000000e+02 2.460039934541599291e-03
