4.500000000000000000e+02 1.358644924789219055e-01
4.501999999999999886e+02 1.303859961273548529e-01
4.503999999999999773e+02 1.247484459738034124e-01
4.506000000000000227e+02 1.190023616206499768e-01
4.508000000000000114e+02 1.132264920626585014e-01
4.510000000000000000e+02 1.074783395125198937e-01
4.511999999999999886e+02 1.018183850919656130e-01
4.513999999999999773e+02 9.633816491920610403e-02
4.516000000000000227e+02 9.107880864802225807e-02
4.518000000000000114e+02 8.607189288347255607e-02
4.520000000000000000e+02 8.135767062505189218e-02
4.521999999999999886e+02 7.696437062218264291e-02
4.523999999999999773e+02 7.290133750829491666e-02
4.526000000000000227e+02 6.918019502166025680e-02
4.528000000000000114e+02 6.583047800096100688e-02
4.530000000000000000e+02 6.284711344126178711e-02
4.531999999999999886e+02 6.021844315857996510e-02
4.533999999999999773e+02 5.793469936486103644e-02
4.536000000000000227e+02 5.596826327671969303e-02
4.538000000000000114e+02 5.429726888303532117e-02
4.540000000000000000e+02 5.289718290451661531e-02
4.541999999999999886e+02 5.172899864355728905e-02
4.543999999999999773e+02 5.076075317695016853e-02
4.546000000000000227e+02 4.995927369694336262e-02
4.548000000000000114e+02 4.928845972187784197e-02
4.550000000000000000e+02 4.871735996662088231e-02
4.551999999999999886e+02 4.821185509651160217e-02
4.553999999999999773e+02 4.773559593764015174e-02
4.556000000000000227e+02 4.725308950930579011e-02
4.558000000000000114e+02 4.672943140530369521e-02
4.560000000000000000e+02 4.613241987183608339e-02
4.561999999999999886e+02 4.543729920329048211e-02
4.563999999999999773e+02 4.463463371245576794e-02
4.566000000000000227e+02 4.372038856848242672e-02
4.568000000000000114e+02 4.269878241868710345e-02
4.570000000000000000e+02 4.158586956444387805e-02
4.571999999999999886e+02 4.039838109820331757e-02
4.573999999999999773e+02 3.916337961250196398e-02
4.576000000000000227e+02 3.791655839894791935e-02
4.578000000000000114e+02 3.668660601401246835e-02
4.580000000000000000e+02 3.550117021311610666e-02
4.581999999999999886e+02 3.438447979632189289e-02
4.583999999999999773e+02 3.335284371584268381e-02
4.586000000000000227e+02 3.241356223491106969e-02
4.588000000000000114e+02 3.157105581741384559e-02
4.590000000000000000e+02 3.082490781674021574e-02
4.591999999999999886e+02 3.016012047403740515e-02
4.593999999999999773e+02 2.955955756987813099e-02
4.596000000000000227e+02 2.900257828493146839e-02
4.598000000000000114e+02 2.846268410378685609e-02
4.600000000000000000e+02 2.791732135517682734e-02
4.601999999999999886e+02 2.734589422386182744e-02
4.603999999999999773e+02 2.673192765805731952e-02
4.606000000000000227e+02 2.607035352048550636e-02
4.608000000000000114e+02 2.536136402428779135e-02
4.610000000000000000e+02 2.461329156666472451e-02
4.611999999999999886e+02 2.384437646986753423e-02
4.613999999999999773e+02 2.306979428897651396e-02
4.616000000000000227e+02 2.230519683333540004e-02
4.618000000000000114e+02 2.156655255805112192e-02
4.620000000000000000e+02 2.086481945804252724e-02
4.621999999999999886e+02 2.020378003734971117e-02
4.623999999999999773e+02 1.958569864704878816e-02
4.626000000000000227e+02 1.901516315547285840e-02
4.628000000000000114e+02 1.849020979475043958e-02
4.630000000000000000e+02 1.800649591968775387e-02
4.631999999999999886e+02 1.755801135371784505e-02
4.633999999999999773e+02 1.713436219356312407e-02
4.636000000000000227e+02 1.672514156669135943e-02
4.638000000000000114e+02 1.631770469080304209e-02
4.640000000000000000e+02 1.589641988907636305e-02
4.641999999999999886e+02 1.545268928966458954e-02
4.643999999999999773e+02 1.498209216120782727e-02
4.646000000000000227e+02 1.448431306466671509e-02
4.648000000000000114e+02 1.396567335095927342e-02
4.650000000000000000e+02 1.343208783771199233e-02
4.651999999999999886e+02 1.288979880644297582e-02
4.653999999999999773e+02 1.234698185262031456e-02
4.656000000000000227e+02 1.181174646166985309e-02
4.658000000000000114e+02 1.129043789971295730e-02
4.660000000000000000e+02 1.078826577493086081e-02
4.661999999999999886e+02 1.031151252794193507e-02
4.663999999999999773e+02 9.864493078763997280e-03
4.666000000000000227e+02 9.453123683716369019e-03
4.668000000000000114e+02 9.086689687905130652e-03
4.670000000000000000e+02 8.769159826744504782e-03
4.671999999999999886e+02 8.500966659111847123e-03
4.673999999999999773e+02 8.279444734907742687e-03
4.676000000000000227e+02 8.098209444246606825e-03
4.678000000000000114e+02 7.952574406314472100e-03
4.680000000000000000e+02 7.838408436666111090e-03
4.681999999999999886e+02 7.750053891598496225e-03
4.683999999999999773e+02 7.679737811325471064e-03
4.686000000000000227e+02 7.617558686559861014e-03
4.688000000000000114e+02 7.552445361214993325e-03
4.690000000000000000e+02 7.473980399058249846e-03
4.691999999999999886e+02 7.372671315406947867e-03
4.693999999999999773e+02 7.238972735419429982e-03
4.696000000000000227e+02 7.063303099121231998e-03
4.698000000000000114e+02 6.839672914638883494e-03
4.700000000000000000e+02 6.565287520357648843e-03
4.701999999999999886e+02 6.241001204728702234e-03
4.703999999999999773e+02 5.872166326419403504e-03
4.706000000000000227e+02 5.463291080021026591e-03
4.708000000000000114e+02 5.021004129952433281e-03
4.710000000000000000e+02 4.556264575315299714e-03
4.711999999999999886e+02 4.079517528747800270e-03
4.713999999999999773e+02 3.603603208167521776e-03
4.716000000000000227e+02 3.143320734214277712e-03
4.718000000000000114e+02 2.711955492442130744e-03
4.720000000000000000e+02 2.318710698377551838e-03
4.721999999999999886e+02 1.970184324253526631e-03
4.723999999999999773e+02 1.670878292909988572e-03
4.726000000000000227e+02 1.419781223511135115e-03
4.728000000000000114e+02 1.217719719196985739e-03
4.730000000000000000e+02 1.069680195300209968e-03
4.731999999999999886e+02 9.837059070300913088e-04
4.733999999999999773e+02 9.689920071329904960e-04
4.736000000000000227e+02 1.031306912554097455e-03
4.738000000000000114e+02 1.168990790947066483e-03
4.740000000000000000e+02 1.371335318333499753e-03
4.741999999999999886e+02 1.621700257857461303e-03
4.743999999999999773e+02 1.898106234707097606e-03
4.746000000000000227e+02 2.173022694245574371e-03
4.748000000000000114e+02 2.421034902231750108e-03
4.750000000000000000e+02 2.621823041957460632e-03
4.751999999999999886e+02 2.762370333994457194e-03
4.753999999999999773e+02 2.839567162368578090e-03
4.756000000000000227e+02 2.855945472347215519e-03
4.758000000000000114e+02 2.817331363231007080e-03
4.760000000000000000e+02 2.731570769808761012e-03
4.761999999999999886e+02 2.607976892381569378e-03
4.763999999999999773e+02 2.458713307486454225e-03
4.766000000000000227e+02 2.299615332866405959e-03
4.768000000000000114e+02 2.148630178191557327e-03
4.770000000000000000e+02 2.024797609799594555e-03
4.771999999999999886e+02 1.947172428413163070e-03
4.773999999999999773e+02 1.933477868166194602e-03
4.776000000000000227e+02 1.999688233360108480e-03
4.778000000000000114e+02 2.156767843768198079e-03
4.780000000000000000e+02 2.408082646221693102e-03
4.781999999999999886e+02 2.749065173052345212e-03
4.783999999999999773e+02 3.162672933264276676e-03
4.786000000000000227e+02 3.622224094909698433e-03
4.788000000000000114e+02 4.098373648369013633e-03
4.790000000000000000e+02 4.557922896623184394e-03
4.791999999999999886e+02 4.967037963160003677e-03
4.793999999999999773e+02 5.293663375536244997e-03
4.796000000000000227e+02 5.507654819870588803e-03
4.798000000000000114e+02 5.589152069579217397e-03
4.800000000000000000e+02 5.530119828759505474e-03
4.801999999999999886e+02 5.332158455152058441e-03
4.803999999999999773e+02 5.002609908533989236e-03
4.806000000000000227e+02 4.557176541749974330e-03
4.808000000000000114e+02 4.020801053928879654e-03
4.810000000000000000e+02 3.421821843003491903e-03
4.811999999999999886e+02 2.794428641927332313e-03
4.813999999999999773e+02 2.175845714752294713e-03
4.816000000000000227e+02 1.599653606212891876e-03
4.818000000000000114e+02 1.090478542503464654e-03
4.820000000000000000e+02 6.673974191674370005e-04
4.821999999999999886e+02 3.450665401475705441e-04
4.823999999999999773e+02 1.282912606089259278e-04
4.826000000000000227e+02 1.552128744314318354e-05
4.828000000000000114e+02 0.000000000000000000e+00
4.830000000000000000e+02 7.003175824116247838e-05
4.831999999999999886e+02 2.132342704955492163e-04
4.833999999999999773e+02 4.177342492870661506e-04
4.836000000000000227e+02 6.715544840079634703e-04
4.838000000000000114e+02 9.595275623566212886e-04
4.840000000000000000e+02 1.265046917799161896e-03
4.841999999999999886e+02 1.570385637030186077e-03
4.843999999999999773e+02 1.857363869594758077e-03
4.846000000000000227e+02 2.114999664811378910e-03
4.848000000000000114e+02 2.338246160633439263e-03
4.850000000000000000e+02 2.526468472022952438e-03
4.851999999999999886e+02 2.683250801293807219e-03
4.853999999999999773e+02 2.815816376269736354e-03
4.856000000000000227e+02 2.933170226736003805e-03
4.858000000000000114e+02 3.043240472496877569e-03
4.860000000000000000e+02 3.150246288058128341e-03
4.861999999999999886e+02 3.254287690726109794e-03
4.863999999999999773e+02 3.352514610687723495e-03
4.866000000000000227e+02 3.443200279778790840e-03
4.868000000000000114e+02 3.525843450917304223e-03
4.870000000000000000e+02 3.601981546181770577e-03
4.871999999999999886e+02 3.676036352165540366e-03
4.873999999999999773e+02 3.752317798623283629e-03
4.876000000000000227e+02 3.833950889650050708e-03
4.878000000000000114e+02 3.922665266769626013e-03
4.880000000000000000e+02 4.019288070640419930e-03
4.881999999999999886e+02 4.121261358196987024e-03
4.883999999999999773e+02 4.223024510197043169e-03
4.886000000000000227e+02 4.317942772444210986e-03
4.888000000000000114e+02 4.400827125587453148e-03
4.890000000000000000e+02 4.469963137156029997e-03
4.891999999999999886e+02 4.527292895474627210e-03
4.893999999999999773e+02 4.575670415711191596e-03
4.896000000000000227e+02 4.620571431836612009e-03
4.898000000000000114e+02 4.670236702842889276e-03
4.900000000000000000e+02 4.734847134327258011e-03
4.901999999999999886e+02 4.824125613564628212e-03
4.903999999999999773e+02 4.945105664429405579e-03
4.906000000000000227e+02 5.101220578237475323e-03
4.908000000000000114e+02 5.293227259488747505e-03
4.910000000000000000e+02 5.518695538190454553e-03
4.911999999999999886e+02 5.772224059651054340e-03
4.913999999999999773e+02 6.046308315883486273e-03
4.916000000000000227e+02 6.334215028000689252e-03
4.918000000000000114e+02 6.630111296665519571e-03
4.920000000000000000e+02 6.930817450598231177e-03
4.921999999999999886e+02 7.240624960904523677e-03
4.923999999999999773e+02 7.563244840424671045e-03
4.926000000000000227e+02 7.900365626995670132e-03
4.928000000000000114e+02 8.252287923247558776e-03
4.930000000000000000e+02 8.615381228299079375e-03
4.931999999999999886e+02 8.987077927321868165e-03
4.933999999999999773e+02 9.367849943306999494e-03
4.936000000000000227e+02 9.758036498730915387e-03
4.938000000000000114e+02 1.015977368082338073e-02
4.940000000000000000e+02 1.057588114023019776e-02
4.941999999999999886e+02 1.100862276996633637e-02
4.943999999999999773e+02 1.146478280825052876e-02
4.946000000000000227e+02 1.194879404968601788e-02
4.948000000000000114e+02 1.245847012407580445e-02
4.950000000000000000e+02 1.298589586375728522e-02
4.951999999999999886e+02 1.352570582416809386e-02
4.953999999999999773e+02 1.407467734643966240e-02
4.956000000000000227e+02 1.462927414096920620e-02
4.958000000000000114e+02 1.518988546791574801e-02
4.960000000000000000e+02 1.575552402648033867e-02
4.961999999999999886e+02 1.632161854404737267e-02
4.963999999999999773e+02 1.688249549886419731e-02
4.966000000000000227e+02 1.742583000595746001e-02
4.968000000000000114e+02 1.793683889864766678e-02
4.970000000000000000e+02 1.840434073204785803e-02
4.971999999999999886e+02 1.881601858565445928e-02
4.973999999999999773e+02 1.916339304053904513e-02
4.976000000000000227e+02 1.944569434644694006e-02
4.978000000000000114e+02 1.967108015444429814e-02
4.980000000000000000e+02 1.984725253127414546e-02
4.981999999999999886e+02 1.997873854868875698e-02
4.983999999999999773e+02 2.006672552044541646e-02
4.986000000000000227e+02 2.011050943914474698e-02
4.988000000000000114e+02 2.010986968981839929e-02
4.990000000000000000e+02 2.006691384251860222e-02
4.991999999999999886e+02 1.998780222870344403e-02
4.993999999999999773e+02 1.988241735940138311e-02
4.996000000000000227e+02 1.976352776340009609e-02
4.998000000000000114e+02 1.964536772991112845e-02
5.000000000000000000e+02 1.953985266496152673e-02
5.001999999999999886e+02 1.945538055713072478e-02
5.003999999999999773e+02 1.939520229491792369e-02
5.006000000000000227e+02 1.935480105105766291e-02
5.008000000000000114e+02 1.932615214666350001e-02
5.010000000000000000e+02 1.930166932716445571e-02
5.011999999999999886e+02 1.927777767713129142e-02
5.013999999999999773e+02 1.925612944261831383e-02
5.016000000000000227e+02 1.924037414323409578e-02
5.018000000000000114e+02 1.923394590684834871e-02
5.020000000000000000e+02 1.923884226516608953e-02
5.021999999999999886e+02 1.925579371363625447e-02
5.023999999999999773e+02 1.928300268839586162e-02
5.026000000000000227e+02 1.931471472535267742e-02
5.028000000000000114e+02 1.934220864049943089e-02
5.030000000000000000e+02 1.935650537884150979e-02
5.031999999999999886e+02 1.935081631626847654e-02
5.033999999999999773e+02 1.932347202202222558e-02
5.036000000000000227e+02 1.927905338659471890e-02
5.038000000000000114e+02 1.922625902567892675e-02
5.040000000000000000e+02 1.917505382546516590e-02
5.041999999999999886e+02 1.913463024812692148e-02
5.043999999999999773e+02 1.911447328986706773e-02
5.046000000000000227e+02 1.912276770539703130e-02
5.048000000000000114e+02 1.916099480808822197e-02
5.050000000000000000e+02 1.922332931143774792e-02
5.051999999999999886e+02 1.929900808686563218e-02
5.053999999999999773e+02 1.937597923974973546e-02
5.056000000000000227e+02 1.944681011609694643e-02
5.058000000000000114e+02 1.950862803543898516e-02
5.060000000000000000e+02 1.956253173929126121e-02
5.061999999999999886e+02 1.961275382547605917e-02
5.063999999999999773e+02 1.966449782648341249e-02
5.066000000000000227e+02 1.972406592448688878e-02
5.068000000000000114e+02 1.979877825799372659e-02
5.070000000000000000e+02 1.989312121535607991e-02
5.071999999999999886e+02 2.000369570080406945e-02
5.073999999999999773e+02 2.011914422779076395e-02
5.076000000000000227e+02 2.022575051421485193e-02
5.078000000000000114e+02 2.031452706571434952e-02
5.080000000000000000e+02 2.038230464613971504e-02
5.081999999999999886e+02 2.043096017080250903e-02
5.083999999999999773e+02 2.046513734052887723e-02
5.086000000000000227e+02 2.049361470407690122e-02
5.088000000000000114e+02 2.052885391730135956e-02
5.090000000000000000e+02 2.058403456979912560e-02
5.091999999999999886e+02 2.067066906226341927e-02
5.093999999999999773e+02 2.079544668378685568e-02
5.096000000000000227e+02 2.095745154655237474e-02
5.098000000000000114e+02 2.114874885804965410e-02
5.100000000000000000e+02 2.135799867634036175e-02
5.101999999999999886e+02 2.157419659107584486e-02
5.103999999999999773e+02 2.179093486240840649e-02
5.106000000000000227e+02 2.200207751270005785e-02
5.108000000000000114e+02 2.220328808891042227e-02
5.110000000000000000e+02 2.239473502634933832e-02
5.111999999999999886e+02 2.258170389012129076e-02
5.113999999999999773e+02 2.277050444096465065e-02
5.116000000000000227e+02 2.296673087820647052e-02
5.118000000000000114e+02 2.317497878032689917e-02
5.120000000000000000e+02 2.339454558668338513e-02
5.122000000000000455e+02 2.362123806291044348e-02
5.123999999999999773e+02 2.384980443452452969e-02
5.126000000000000227e+02 2.407401803071923529e-02
5.127999999999999545e+02 2.429051532337656027e-02
5.130000000000000000e+02 2.449890691987752223e-02
5.132000000000000455e+02 2.469895275417388625e-02
5.133999999999999773e+02 2.489360236943899407e-02
5.136000000000000227e+02 2.508681573484058958e-02
5.137999999999999545e+02 2.528098279201629328e-02
5.140000000000000000e+02 2.547711934953672541e-02
5.142000000000000455e+02 2.567454704853730507e-02
5.143999999999999773e+02 2.587184946374304628e-02
5.146000000000000227e+02 2.606918141446068482e-02
5.147999999999999545e+02 2.626868210143673554e-02
5.150000000000000000e+02 2.647236893536328295e-02
5.152000000000000455e+02 2.668088389755179923e-02
5.153999999999999773e+02 2.689652863877406430e-02
5.156000000000000227e+02 2.712032321742588459e-02
5.157999999999999545e+02 2.735160337737918557e-02
5.160000000000000000e+02 2.758951936262529769e-02
5.162000000000000455e+02 2.783017192133341311e-02
5.163999999999999773e+02 2.806899491752129494e-02
5.166000000000000227e+02 2.830347116170575661e-02
5.167999999999999545e+02 2.853345383404365387e-02
5.170000000000000000e+02 2.876108169260704894e-02
5.172000000000000455e+02 2.899060949691939504e-02
5.173999999999999773e+02 2.922778602115946867e-02
5.176000000000000227e+02 2.947644495370957407e-02
5.177999999999999545e+02 2.973980436615214495e-02
5.180000000000000000e+02 3.002118632930156350e-02
5.182000000000000455e+02 3.032016904604342700e-02
5.183999999999999773e+02 3.063525003237138611e-02
5.186000000000000227e+02 3.096416870325344184e-02
5.187999999999999545e+02 3.130261543041090722e-02
5.190000000000000000e+02 3.164755057229440283e-02
5.192000000000000455e+02 3.199642901689786489e-02
5.193999999999999773e+02 3.234710065121862432e-02
5.196000000000000227e+02 3.270186034885227966e-02
5.197999999999999545e+02 3.306219474081573129e-02
5.200000000000000000e+02 3.342944846568698947e-02
5.202000000000000455e+02 3.380983253121472298e-02
5.203999999999999773e+02 3.421174672476970380e-02
5.206000000000000227e+02 3.464332956763216398e-02
5.207999999999999545e+02 3.511059901578411635e-02
5.210000000000000000e+02 3.561621338680251436e-02
5.212000000000000455e+02 3.615497034635545281e-02
5.213999999999999773e+02 3.671555141869453642e-02
5.216000000000000227e+02 3.728641959754500079e-02
5.217999999999999545e+02 3.785336311560760780e-02
5.220000000000000000e+02 3.840404923643278567e-02
5.222000000000000455e+02 3.893116407681720959e-02
5.223999999999999773e+02 3.942875944543869360e-02
5.226000000000000227e+02 3.989869492371175830e-02
5.227999999999999545e+02 4.034954710818569601e-02
5.230000000000000000e+02 4.079038187096026280e-02
5.232000000000000455e+02 4.123065075068918506e-02
5.233999999999999773e+02 4.167991046077579309e-02
5.236000000000000227e+02 4.214624241681030892e-02
5.237999999999999545e+02 4.263154904227259290e-02
5.240000000000000000e+02 4.313770387918150484e-02
5.242000000000000455e+02 4.366689910950613540e-02
5.243999999999999773e+02 4.421880904618624708e-02
5.246000000000000227e+02 4.479608218202751901e-02
5.247999999999999545e+02 4.540060590083314085e-02
5.250000000000000000e+02 4.603166383372289672e-02
5.252000000000000455e+02 4.669245279450401354e-02
5.253999999999999773e+02 4.738309650531508099e-02
5.256000000000000227e+02 4.810258719512952585e-02
5.257999999999999545e+02 4.885502519517645470e-02
5.260000000000000000e+02 4.963756531388249793e-02
5.262000000000000455e+02 5.044596164492345935e-02
5.263999999999999773e+02 5.127906886168748235e-02
5.266000000000000227e+02 5.213437335327400501e-02
5.267999999999999545e+02 5.301184583479431889e-02
5.270000000000000000e+02 5.391621781502572985e-02
5.272000000000000455e+02 5.485664583027832775e-02
5.273999999999999773e+02 5.583344628022901546e-02
5.276000000000000227e+02 5.684694878907065041e-02
5.277999999999999545e+02 5.790250746935007853e-02
5.280000000000000000e+02 5.899954266396337244e-02
5.282000000000000455e+02 6.014128482509351059e-02
5.283999999999999773e+02 6.132964652215952550e-02
5.286000000000000227e+02 6.255346619291327070e-02
5.287999999999999545e+02 6.380787070336399469e-02
5.290000000000000000e+02 6.509062165826737245e-02
5.292000000000000455e+02 6.640098569551142194e-02
5.293999999999999773e+02 6.775190567387281981e-02
5.296000000000000227e+02 6.915456114877605032e-02
5.297999999999999545e+02 7.062542675905081335e-02
5.300000000000000000e+02 7.220730510692413562e-02
5.302000000000000455e+02 7.397542562583825365e-02
5.303999999999999773e+02 7.605853976570525754e-02
5.306000000000000227e+02 7.867515458945706364e-02
5.307999999999999545e+02 8.220064374770830185e-02
5.310000000000000000e+02 8.714087940318265835e-02
5.312000000000000455e+02 9.414723612993469715e-02
5.313999999999999773e+02 1.040404917104014726e-01
5.316000000000000227e+02 1.176807581000247627e-01
5.317999999999999545e+02 1.359894339622999548e-01
5.320000000000000000e+02 1.598727852039060759e-01
5.322000000000000455e+02 1.898802198433752753e-01
5.323999999999999773e+02 2.264635989654219528e-01
5.326000000000000227e+02 2.699263709160591995e-01
5.327999999999999545e+02 3.201965314183653488e-01
5.330000000000000000e+02 3.768099497910473161e-01
5.332000000000000455e+02 4.391381950074717544e-01
5.333999999999999773e+02 5.063257921386017379e-01
5.336000000000000227e+02 5.766544947362823859e-01
5.337999999999999545e+02 6.484892757975545541e-01
5.340000000000000000e+02 7.202129024709095217e-01
5.342000000000000455e+02 7.897598514371579892e-01
5.343999999999999773e+02 8.552524693372969278e-01
5.346000000000000227e+02 9.146423758747179722e-01
5.347999999999999545e+02 9.657015919737788057e-01
5.350000000000000000e+02 1.006943902507578592e+00
5.352000000000000455e+02 1.037111425843622925e+00
5.353999999999999773e+02 1.055172491406070945e+00
5.356000000000000227e+02 1.060588048231340341e+00
5.357999999999999545e+02 1.053318916699740759e+00
5.360000000000000000e+02 1.033827164999889137e+00
5.362000000000000455e+02 1.003049606029429386e+00
5.363999999999999773e+02 9.622851109004324499e-01
5.366000000000000227e+02 9.131610389159907637e-01
5.367999999999999545e+02 8.574192772297031251e-01
5.370000000000000000e+02 7.967173274528035476e-01
5.372000000000000455e+02 7.331910705914470583e-01
5.373999999999999773e+02 6.687562631673036329e-01
5.376000000000000227e+02 6.048128841747868467e-01
5.377999999999999545e+02 5.428362358834444290e-01
5.380000000000000000e+02 4.839073309462420536e-01
5.382000000000000455e+02 4.289058196846334825e-01
5.383999999999999773e+02 3.788499041986744809e-01
5.386000000000000227e+02 3.340859489496865731e-01
5.387999999999999545e+02 2.946926295648161775e-01
5.390000000000000000e+02 2.606938808558551535e-01
5.392000000000000455e+02 2.317781311634078967e-01
5.393999999999999773e+02 2.076560322286201132e-01
5.396000000000000227e+02 1.879854093783542845e-01
5.397999999999999545e+02 1.721740241396144677e-01
5.400000000000000000e+02 1.597102462147996227e-01
5.402000000000000455e+02 1.501312198351856253e-01
5.403999999999999773e+02 1.429811019451098231e-01
5.406000000000000227e+02 1.378283536239234275e-01
5.407999999999999545e+02 1.342985032474764973e-01
5.410000000000000000e+02 1.320577829440417461e-01
5.412000000000000455e+02 1.307896430277433186e-01
5.413999999999999773e+02 1.302478878863601586e-01
5.416000000000000227e+02 1.302413247841816557e-01
5.417999999999999545e+02 1.306176029939572492e-01
5.420000000000000000e+02 1.312529454785183458e-01
5.422000000000000455e+02 1.320565209447918109e-01
5.423999999999999773e+02 1.329666193983850553e-01
5.426000000000000227e+02 1.339438034422106849e-01
5.427999999999999545e+02 1.349622424470912629e-01
5.430000000000000000e+02 1.360078918553314087e-01
5.432000000000000455e+02 1.370736761256903247e-01
5.433999999999999773e+02 1.381475744209557655e-01
5.436000000000000227e+02 1.392270657145178725e-01
5.437999999999999545e+02 1.403154657999108879e-01
5.440000000000000000e+02 1.414135392409028302e-01
5.442000000000000455e+02 1.425263431783033163e-01
5.443999999999999773e+02 1.436534781564088870e-01
5.446000000000000227e+02 1.447898025477346584e-01
5.447999999999999545e+02 1.459431150434299940e-01
5.450000000000000000e+02 1.471195564285648905e-01
5.452000000000000455e+02 1.483243912211041904e-01
5.453999999999999773e+02 1.495646123701303565e-01
5.456000000000000227e+02 1.508303071681746932e-01
5.457999999999999545e+02 1.521189377749980753e-01
5.460000000000000000e+02 1.534319455515996689e-01
5.462000000000000455e+02 1.547331338846841264e-01
5.463999999999999773e+02 1.560315664941080427e-01
5.466000000000000227e+02 1.573537794914267041e-01
5.467999999999999545e+02 1.586866007304224557e-01
5.470000000000000000e+02 1.600292094931819453e-01
5.472000000000000455e+02 1.613885294917105639e-01
5.473999999999999773e+02 1.627684944393674171e-01
5.476000000000000227e+02 1.641661933620073288e-01
5.477999999999999545e+02 1.655827436380269413e-01
5.480000000000000000e+02 1.670245772262810569e-01
5.482000000000000455e+02 1.684889408094427110e-01
5.483999999999999773e+02 1.699759113862228666e-01
5.486000000000000227e+02 1.714861575429999507e-01
5.487999999999999545e+02 1.730087658121267635e-01
5.490000000000000000e+02 1.745392284447874198e-01
5.492000000000000455e+02 1.760794095912998625e-01
5.493999999999999773e+02 1.776311271312124296e-01
5.496000000000000227e+02 1.791839383341207181e-01
5.497999999999999545e+02 1.807284085952853836e-01
5.500000000000000000e+02 1.822667243221811062e-01
5.502000000000000455e+02 1.838047327679833698e-01
5.503999999999999773e+02 1.853419015985177110e-01
5.506000000000000227e+02 1.868711448540762432e-01
5.507999999999999545e+02 1.883933714358773104e-01
5.510000000000000000e+02 1.899123285736076805e-01
5.512000000000000455e+02 1.914290106741589059e-01
5.513999999999999773e+02 1.929355201573828005e-01
5.516000000000000227e+02 1.944320228372360404e-01
5.517999999999999545e+02 1.959217420470596993e-01
5.520000000000000000e+02 1.974021639126704586e-01
5.522000000000000455e+02 1.988768589639441919e-01
5.523999999999999773e+02 2.003492261950395870e-01
5.526000000000000227e+02 2.018193507549920773e-01
5.527999999999999545e+02 2.032979650721368770e-01
5.530000000000000000e+02 2.047971798473079419e-01
5.532000000000000455e+02 2.063230652952308675e-01
5.533999999999999773e+02 2.078690860872302593e-01
5.536000000000000227e+02 2.094323155277337256e-01
5.537999999999999545e+02 2.110154924285854716e-01
5.540000000000000000e+02 2.126203833252995334e-01
5.542000000000000455e+02 2.142373423412572975e-01
5.543999999999999773e+02 2.158542215172671863e-01
5.546000000000000227e+02 2.174686878974109727e-01
5.547999999999999545e+02 2.190825929626882274e-01
5.550000000000000000e+02 2.206955958715183241e-01
5.552000000000000455e+02 2.223045191871452775e-01
5.553999999999999773e+02 2.239193175892592036e-01
5.556000000000000227e+02 2.255474762850431802e-01
5.557999999999999545e+02 2.271912136849922881e-01
5.560000000000000000e+02 2.288615263046615000e-01
5.562000000000000455e+02 2.305613070499646367e-01
5.563999999999999773e+02 2.322868157211065432e-01
5.566000000000000227e+02 2.340394007562247580e-01
5.567999999999999545e+02 2.358182325637165344e-01
5.570000000000000000e+02 2.376157084657061214e-01
5.572000000000000455e+02 2.394164768674695298e-01
5.573999999999999773e+02 2.412189079158839622e-01
5.576000000000000227e+02 2.430299192245995998e-01
5.577999999999999545e+02 2.448566960121371094e-01
5.580000000000000000e+02 2.466936254541653439e-01
5.582000000000000455e+02 2.485385896438321862e-01
5.583999999999999773e+02 2.503983195449459020e-01
5.586000000000000227e+02 2.522804622374392181e-01
5.587999999999999545e+02 2.541789331952786779e-01
5.590000000000000000e+02 2.560815742887770918e-01
5.592000000000000455e+02 2.579894190901023676e-01
5.593999999999999773e+02 2.598997233724782974e-01
5.596000000000000227e+02 2.618120822091326017e-01
5.597999999999999545e+02 2.637362094611747643e-01
5.600000000000000000e+02 2.656723876100426929e-01
5.602000000000000455e+02 2.676219901233624632e-01
5.603999999999999773e+02 2.695940349198764352e-01
5.606000000000000227e+02 2.715940201642904617e-01
5.607999999999999545e+02 2.736170611908708694e-01
5.610000000000000000e+02 2.756514114192781251e-01
5.612000000000000455e+02 2.776952998023857755e-01
5.613999999999999773e+02 2.797477132366598118e-01
5.616000000000000227e+02 2.818019743004220867e-01
5.617999999999999545e+02 2.838411713385107227e-01
5.620000000000000000e+02 2.858593124301341826e-01
5.622000000000000455e+02 2.878597119210594135e-01
5.623999999999999773e+02 2.898477332631613779e-01
5.626000000000000227e+02 2.918179690437504581e-01
5.627999999999999545e+02 2.937678392003918448e-01
5.630000000000000000e+02 2.957059902051409339e-01
5.632000000000000455e+02 2.976442037334795510e-01
5.633999999999999773e+02 2.995844841534573977e-01
5.636000000000000227e+02 3.015210358390583711e-01
5.637999999999999545e+02 3.034582626307738562e-01
5.640000000000000000e+02 3.053929757273905476e-01
5.642000000000000455e+02 3.073182193391879036e-01
5.643999999999999773e+02 3.092362248172998984e-01
5.646000000000000227e+02 3.111434006477811764e-01
5.647999999999999545e+02 3.130395259998962620e-01
5.650000000000000000e+02 3.149382455092876731e-01
5.652000000000000455e+02 3.168532999033662478e-01
5.653999999999999773e+02 3.187895860662347536e-01
5.656000000000000227e+02 3.207419676016282084e-01
5.657999999999999545e+02 3.227109727459193111e-01
5.660000000000000000e+02 3.246966466399316964e-01
5.662000000000000455e+02 3.266919789372325633e-01
5.663999999999999773e+02 3.286750126392598004e-01
5.666000000000000227e+02 3.306333692186200768e-01
5.667999999999999545e+02 3.325677767827166509e-01
5.670000000000000000e+02 3.344868565143231942e-01
5.672000000000000455e+02 3.363938086595926746e-01
5.673999999999999773e+02 3.382942205701205962e-01
5.676000000000000227e+02 3.402030235265502967e-01
5.677999999999999545e+02 3.421255796296575058e-01
5.680000000000000000e+02 3.440678786688804447e-01
5.682000000000000455e+02 3.460385687328021431e-01
5.683999999999999773e+02 3.480280870713201580e-01
5.686000000000000227e+02 3.500292853257058745e-01
5.687999999999999545e+02 3.520422520455146476e-01
5.690000000000000000e+02 3.540646309759940547e-01
5.692000000000000455e+02 3.560865424279395786e-01
5.693999999999999773e+02 3.580984948740399965e-01
5.696000000000000227e+02 3.601043011618224599e-01
5.697999999999999545e+02 3.621094976538197230e-01
5.700000000000000000e+02 3.641141271312833272e-01
5.702000000000000455e+02 3.661106029623605318e-01
5.703999999999999773e+02 3.681024525984377682e-01
5.706000000000000227e+02 3.700965758249965543e-01
5.707999999999999545e+02 3.720946975832900572e-01
5.710000000000000000e+02 3.740836319836459145e-01
5.712000000000000455e+02 3.760579910735368792e-01
5.713999999999999773e+02 3.780227045127808605e-01
5.716000000000000227e+02 3.799794393204892762e-01
5.717999999999999545e+02 3.819400997913517948e-01
5.720000000000000000e+02 3.839185118948000852e-01
5.722000000000000455e+02 3.859155282741935089e-01
5.723999999999999773e+02 3.879419027044054280e-01
5.726000000000000227e+02 3.900118991638983346e-01
5.727999999999999545e+02 3.921313915320387977e-01
5.730000000000000000e+02 3.942836128303764953e-01
5.732000000000000455e+02 3.964507670754610080e-01
5.733999999999999773e+02 3.986257132435160333e-01
5.736000000000000227e+02 4.008058887046547225e-01
5.737999999999999545e+02 4.029827032179484902e-01
5.740000000000000000e+02 4.051464439529853800e-01
5.742000000000000455e+02 4.073053590804017743e-01
5.743999999999999773e+02 4.094733604253485426e-01
5.746000000000000227e+02 4.116592572860043875e-01
5.747999999999999545e+02 4.138579254920752293e-01
5.750000000000000000e+02 4.160723936276963242e-01
5.752000000000000455e+02 4.183030903033350123e-01
5.753999999999999773e+02 4.205387320435906018e-01
5.756000000000000227e+02 4.227758564943528974e-01
5.757999999999999545e+02 4.250053222517258256e-01
5.760000000000000000e+02 4.272113019174051951e-01
5.762000000000000455e+02 4.293980404650895588e-01
5.763999999999999773e+02 4.315765066322759802e-01
5.766000000000000227e+02 4.337547551649351130e-01
5.767999999999999545e+02 4.359291639554835340e-01
5.770000000000000000e+02 4.381012710406226862e-01
5.772000000000000455e+02 4.402822118595077772e-01
5.773999999999999773e+02 4.424899171182365976e-01
5.776000000000000227e+02 4.447155733704923897e-01
5.777999999999999545e+02 4.469482765620954590e-01
5.780000000000000000e+02 4.491936876797916200e-01
5.782000000000000455e+02 4.514342510542928011e-01
5.783999999999999773e+02 4.536639686180385933e-01
5.786000000000000227e+02 4.558972731905203135e-01
5.787999999999999545e+02 4.581211952094884632e-01
5.790000000000000000e+02 4.603357357024677743e-01
5.792000000000000455e+02 4.625520374775448085e-01
5.793999999999999773e+02 4.647525434504091724e-01
5.796000000000000227e+02 4.669376516112683229e-01
5.797999999999999545e+02 4.691145057939384300e-01
5.800000000000000000e+02 4.712659100717813132e-01
5.802000000000000455e+02 4.733912184616606567e-01
5.803999999999999773e+02 4.754880505652863132e-01
5.806000000000000227e+02 4.775332081128319528e-01
5.807999999999999545e+02 4.795204887943136374e-01
5.810000000000000000e+02 4.814516238922852409e-01
5.812000000000000455e+02 4.833248877762627016e-01
5.813999999999999773e+02 4.851228858465369553e-01
5.816000000000000227e+02 4.868437180532797504e-01
5.817999999999999545e+02 4.885029653930977878e-01
5.820000000000000000e+02 4.901041751291720372e-01
5.822000000000000455e+02 4.916643435241817572e-01
5.823999999999999773e+02 4.932059221062918830e-01
5.826000000000000227e+02 4.947326238755971328e-01
5.827999999999999545e+02 4.962579103923572266e-01
5.830000000000000000e+02 4.977885393263511427e-01
5.832000000000000455e+02 4.993045348036709852e-01
5.833999999999999773e+02 5.007963760502150974e-01
5.836000000000000227e+02 5.022520893412197873e-01
5.837999999999999545e+02 5.036515276514264006e-01
5.840000000000000000e+02 5.049984722450432395e-01
5.842000000000000455e+02 5.063000826299758339e-01
5.843999999999999773e+02 5.075602695061539604e-01
5.846000000000000227e+02 5.087914771163363215e-01
5.847999999999999545e+02 5.100048445708870171e-01
5.850000000000000000e+02 5.112063617091492373e-01
5.852000000000000455e+02 5.123961422956579970e-01
5.853999999999999773e+02 5.135785137803471345e-01
5.856000000000000227e+02 5.147521238209313843e-01
5.857999999999999545e+02 5.158985414529790869e-01
5.860000000000000000e+02 5.170169522537909623e-01
5.862000000000000455e+02 5.181122804600741816e-01
5.863999999999999773e+02 5.191858304914749311e-01
5.866000000000000227e+02 5.202549761032589926e-01
5.867999999999999545e+02 5.213316789715958244e-01
5.870000000000000000e+02 5.224176142761495223e-01
5.872000000000000455e+02 5.235291748280481716e-01
5.873999999999999773e+02 5.246774298135220560e-01
5.876000000000000227e+02 5.258641321940662472e-01
5.877999999999999545e+02 5.270891919840409168e-01
5.880000000000000000e+02 5.283509657281554306e-01
5.882000000000000455e+02 5.296430750551290867e-01
5.883999999999999773e+02 5.309521324154713451e-01
5.886000000000000227e+02 5.322810577801193599e-01
5.887999999999999545e+02 5.336353203102126574e-01
5.890000000000000000e+02 5.350113087152001956e-01
5.892000000000000455e+02 5.364210138117715410e-01
5.893999999999999773e+02 5.378702368261858435e-01
5.896000000000000227e+02 5.393523456774155234e-01
5.897999999999999545e+02 5.408801015419062441e-01
5.900000000000000000e+02 5.424550059525083956e-01
5.902000000000000455e+02 5.440647668265106152e-01
5.903999999999999773e+02 5.457080137979306578e-01
5.906000000000000227e+02 5.473754827007889512e-01
5.907999999999999545e+02 5.490590545288102087e-01
5.910000000000000000e+02 5.507712363413086454e-01
5.912000000000000455e+02 5.525076589963772156e-01
5.913999999999999773e+02 5.542585721727206760e-01
5.916000000000000227e+02 5.560258980063949030e-01
5.917999999999999545e+02 5.578123713180895837e-01
5.920000000000000000e+02 5.596131209373580440e-01
5.922000000000000455e+02 5.614169489603831886e-01
5.923999999999999773e+02 5.632330742102862331e-01
5.926000000000000227e+02 5.650589577508670081e-01
5.927999999999999545e+02 5.668784190614264418e-01
5.930000000000000000e+02 5.686981501234630310e-01
5.932000000000000455e+02 5.705205127256557374e-01
5.933999999999999773e+02 5.723486359060760975e-01
5.936000000000000227e+02 5.742076218544674981e-01
5.937999999999999545e+02 5.761012164671204250e-01
5.940000000000000000e+02 5.780294459272391494e-01
5.942000000000000455e+02 5.800133505006418444e-01
5.943999999999999773e+02 5.820504112895111826e-01
5.946000000000000227e+02 5.841370380583198463e-01
5.947999999999999545e+02 5.862820205854727407e-01
5.950000000000000000e+02 5.884682805513672399e-01
5.952000000000000455e+02 5.906774004747901152e-01
5.953999999999999773e+02 5.929014928535418782e-01
5.956000000000000227e+02 5.951369925466710731e-01
5.957999999999999545e+02 5.973730682570863593e-01
5.960000000000000000e+02 5.996001071746032141e-01
5.962000000000000455e+02 6.018320659898102054e-01
5.963999999999999773e+02 6.040648608694120236e-01
5.966000000000000227e+02 6.062926698053858754e-01
5.967999999999999545e+02 6.085362041832318436e-01
5.970000000000000000e+02 6.107923690480820955e-01
5.972000000000000455e+02 6.130568903117799007e-01
5.973999999999999773e+02 6.153418070436059706e-01
5.976000000000000227e+02 6.176305281003187098e-01
5.977999999999999545e+02 6.199121146459611875e-01
5.980000000000000000e+02 6.221914299070196996e-01
5.982000000000000455e+02 6.244491209634035478e-01
5.983999999999999773e+02 6.266744588209378630e-01
5.986000000000000227e+02 6.288714770822925182e-01
5.987999999999999545e+02 6.310426993451233590e-01
5.990000000000000000e+02 6.331776774603905533e-01
5.992000000000000455e+02 6.352664400878359485e-01
5.993999999999999773e+02 6.373194170224704136e-01
5.996000000000000227e+02 6.393236825884418550e-01
5.997999999999999545e+02 6.412640249689387506e-01
6.000000000000000000e+02 6.431442858521969619e-01
6.002000000000000455e+02 6.449490203433998481e-01
6.003999999999999773e+02 6.466676174432777202e-01
6.006000000000000227e+02 6.483044750661106637e-01
6.007999999999999545e+02 6.498480563047981384e-01
6.010000000000000000e+02 6.513000832080089175e-01
6.012000000000000455e+02 6.526757230894675299e-01
6.013999999999999773e+02 6.539711658923802462e-01
6.016000000000000227e+02 6.551883072481972103e-01
6.017999999999999545e+02 6.563305093277628233e-01
6.020000000000000000e+02 6.573852311363890255e-01
6.022000000000000455e+02 6.583470039740947355e-01
6.023999999999999773e+02 6.592170139967459264e-01
6.026000000000000227e+02 6.599973233851850196e-01
6.027999999999999545e+02 6.606837356071018075e-01
6.030000000000000000e+02 6.612722356059896889e-01
6.032000000000000455e+02 6.617631383759180475e-01
6.033999999999999773e+02 6.621563072282630191e-01
6.036000000000000227e+02 6.624571717799195847e-01
6.037999999999999545e+02 6.626769739587246022e-01
6.040000000000000000e+02 6.628244863353843774e-01
6.042000000000000455e+02 6.629090415327675290e-01
6.043999999999999773e+02 6.629403242912113026e-01
6.046000000000000227e+02 6.629261226303587717e-01
6.047999999999999545e+02 6.628749444640310573e-01
6.050000000000000000e+02 6.627960723307287916e-01
6.052000000000000455e+02 6.626985469130826090e-01
6.053999999999999773e+02 6.625879391491346082e-01
6.056000000000000227e+02 6.624675802572375094e-01
6.057999999999999545e+02 6.623410042431272515e-01
6.060000000000000000e+02 6.622180596397324592e-01
6.062000000000000455e+02 6.621112935058890425e-01
6.063999999999999773e+02 6.620325569496570139e-01
6.066000000000000227e+02 6.619884844613755925e-01
6.067999999999999545e+02 6.619818756217936695e-01
6.070000000000000000e+02 6.620131749613950012e-01
6.072000000000000455e+02 6.620827724505332634e-01
6.073999999999999773e+02 6.621951673824006956e-01
6.076000000000000227e+02 6.623578231388033144e-01
6.077999999999999545e+02 6.625781209711995023e-01
6.080000000000000000e+02 6.628605918031821309e-01
6.082000000000000455e+02 6.632046575769567909e-01
6.083999999999999773e+02 6.636051639008895275e-01
6.086000000000000227e+02 6.640667137019846678e-01
6.087999999999999545e+02 6.645901724345733008e-01
6.090000000000000000e+02 6.651666364822056421e-01
6.092000000000000455e+02 6.657884285313504513e-01
6.093999999999999773e+02 6.664480689860229345e-01
6.096000000000000227e+02 6.671392715600330536e-01
6.097999999999999545e+02 6.678606506838027368e-01
6.100000000000000000e+02 6.686084646098966466e-01
6.102000000000000455e+02 6.693744117058766374e-01
6.103999999999999773e+02 6.701461476756119806e-01
6.106000000000000227e+02 6.709202752957087457e-01
6.107999999999999545e+02 6.716970848752481515e-01
6.110000000000000000e+02 6.724758385220408474e-01
6.112000000000000455e+02 6.732712870487904677e-01
6.113999999999999773e+02 6.740982934015579131e-01
6.116000000000000227e+02 6.749637179872323145e-01
6.117999999999999545e+02 6.758800184913141829e-01
6.120000000000000000e+02 6.768499294983658654e-01
6.122000000000000455e+02 6.778663246688719779e-01
6.123999999999999773e+02 6.789309886015567619e-01
6.126000000000000227e+02 6.800381659945332613e-01
6.127999999999999545e+02 6.811830953218619422e-01
6.130000000000000000e+02 6.823839052757104673e-01
6.132000000000000455e+02 6.836514165335570992e-01
6.133999999999999773e+02 6.849913211680815905e-01
6.136000000000000227e+02 6.864126834969855873e-01
6.137999999999999545e+02 6.879233977165764014e-01
6.140000000000000000e+02 6.895200692407751353e-01
6.142000000000000455e+02 6.911855148844053831e-01
6.143999999999999773e+02 6.929139659403058538e-01
6.146000000000000227e+02 6.946905144892844275e-01
6.147999999999999545e+02 6.964932185131482711e-01
6.150000000000000000e+02 6.983333267271744083e-01
6.152000000000000455e+02 7.002153876595590409e-01
6.153999999999999773e+02 7.021387240564670451e-01
6.156000000000000227e+02 7.041242796476020471e-01
6.157999999999999545e+02 7.061698216680254436e-01
6.160000000000000000e+02 7.082653199328606819e-01
6.162000000000000455e+02 7.104212742018873872e-01
6.163999999999999773e+02 7.126329899494628917e-01
6.166000000000000227e+02 7.148921274537638482e-01
6.167999999999999545e+02 7.171981664703965809e-01
6.170000000000000000e+02 7.195445461258986874e-01
6.172000000000000455e+02 7.219126417634813553e-01
6.173999999999999773e+02 7.242806361959324146e-01
6.176000000000000227e+02 7.266633876260837344e-01
6.177999999999999545e+02 7.290627787801013948e-01
6.180000000000000000e+02 7.314658040115017412e-01
6.182000000000000455e+02 7.338802452767425599e-01
6.183999999999999773e+02 7.362899277325036795e-01
6.186000000000000227e+02 7.386708516854465501e-01
6.187999999999999545e+02 7.410257091363264825e-01
6.190000000000000000e+02 7.433311217522168279e-01
6.192000000000000455e+02 7.455575489482240137e-01
6.193999999999999773e+02 7.476911055449612098e-01
6.196000000000000227e+02 7.497028659626453484e-01
6.197999999999999545e+02 7.515835353607834834e-01
6.200000000000000000e+02 7.533555522534525206e-01
6.202000000000000455e+02 7.550250584001610976e-01
6.203999999999999773e+02 7.565953099303310836e-01
6.206000000000000227e+02 7.580686379855335888e-01
6.207999999999999545e+02 7.594340908804995127e-01
6.210000000000000000e+02 7.606720956372564624e-01
6.212000000000000455e+02 7.617644699559938948e-01
6.213999999999999773e+02 7.627071158007631135e-01
6.216000000000000227e+02 7.634882876583953815e-01
6.217999999999999545e+02 7.640972148911819861e-01
6.220000000000000000e+02 7.645373013407951168e-01
6.222000000000000455e+02 7.648204522737453992e-01
6.223999999999999773e+02 7.649647663527086028e-01
6.226000000000000227e+02 7.649904763450263712e-01
6.227999999999999545e+02 7.649053166812017635e-01
6.230000000000000000e+02 7.647052052140554945e-01
6.232000000000000455e+02 7.643787798530761179e-01
6.233999999999999773e+02 7.639188931010789663e-01
6.236000000000000227e+02 7.633224319085645249e-01
6.237999999999999545e+02 7.625908777496107627e-01
6.240000000000000000e+02 7.617314309503414593e-01
6.242000000000000455e+02 7.607487616265308228e-01
6.243999999999999773e+02 7.596458469432295635e-01
6.246000000000000227e+02 7.584286726502258436e-01
6.247999999999999545e+02 7.571182723422288374e-01
6.250000000000000000e+02 7.557331683630548191e-01
6.252000000000000455e+02 7.542786168539409308e-01
6.253999999999999773e+02 7.527692197756117309e-01
6.256000000000000227e+02 7.512092359642426054e-01
6.257999999999999545e+02 7.495921326497154702e-01
6.260000000000000000e+02 7.479353860126579656e-01
6.262000000000000455e+02 7.462480161386576549e-01
6.263999999999999773e+02 7.445309693652781835e-01
6.266000000000000227e+02 7.428006798485818907e-01
6.267999999999999545e+02 7.410615265273641228e-01
6.270000000000000000e+02 7.393187547481534505e-01
6.272000000000000455e+02 7.376003768831194130e-01
6.273999999999999773e+02 7.359138522534948157e-01
6.276000000000000227e+02 7.342625250096542766e-01
6.277999999999999545e+02 7.326611156777179668e-01
6.280000000000000000e+02 7.311091040353956405e-01
6.282000000000000455e+02 7.295981997911851202e-01
6.283999999999999773e+02 7.281210143644567534e-01
6.286000000000000227e+02 7.266821178501584599e-01
6.287999999999999545e+02 7.252804980880455110e-01
6.290000000000000000e+02 7.239132537603257811e-01
6.292000000000000455e+02 7.225996449924038112e-01
6.293999999999999773e+02 7.213500266119846627e-01
6.296000000000000227e+02 7.201692614459224151e-01
6.297999999999999545e+02 7.190717987653727494e-01
6.300000000000000000e+02 7.180561493959977115e-01
6.302000000000000455e+02 7.171187918547280438e-01
6.303999999999999773e+02 7.162686762735316348e-01
6.306000000000000227e+02 7.155029467935098975e-01
6.307999999999999545e+02 7.148123649916993116e-01
6.310000000000000000e+02 7.141862309137898546e-01
6.312000000000000455e+02 7.136125461505862244e-01
6.313999999999999773e+02 7.130885367238332107e-01
6.316000000000000227e+02 7.126236543964884484e-01
6.317999999999999545e+02 7.122347074113303256e-01
6.320000000000000000e+02 7.119338095845247905e-01
6.322000000000000455e+02 7.117284237811436487e-01
6.323999999999999773e+02 7.116267797825062136e-01
6.326000000000000227e+02 7.116344484149742522e-01
6.327999999999999545e+02 7.117556208309676613e-01
6.330000000000000000e+02 7.119954649103638067e-01
6.332000000000000455e+02 7.123613527562222547e-01
6.333999999999999773e+02 7.128549376946050620e-01
6.336000000000000227e+02 7.134699385877963929e-01
6.337999999999999545e+02 7.142109663782667539e-01
6.340000000000000000e+02 7.150839714601993080e-01
6.342000000000000455e+02 7.160923388175465254e-01
6.343999999999999773e+02 7.172400027914466181e-01
6.346000000000000227e+02 7.185131974982109648e-01
6.347999999999999545e+02 7.198845859276397086e-01
6.350000000000000000e+02 7.213329163513256814e-01
6.352000000000000455e+02 7.228434730734543123e-01
6.353999999999999773e+02 7.244025962251803286e-01
6.356000000000000227e+02 7.259931157897160370e-01
6.357999999999999545e+02 7.276126980113095666e-01
6.360000000000000000e+02 7.292553631235779710e-01
6.362000000000000455e+02 7.309013892734251838e-01
6.363999999999999773e+02 7.325573088334856875e-01
6.366000000000000227e+02 7.342263476039172510e-01
6.367999999999999545e+02 7.358985911159777737e-01
6.370000000000000000e+02 7.375785094382826257e-01
6.372000000000000455e+02 7.392593312992836729e-01
6.373999999999999773e+02 7.409273023415492432e-01
6.376000000000000227e+02 7.425908951505694189e-01
6.377999999999999545e+02 7.442463252809468077e-01
6.380000000000000000e+02 7.458863967261721850e-01
6.382000000000000455e+02 7.475217672876368624e-01
6.383999999999999773e+02 7.491466745564492324e-01
6.386000000000000227e+02 7.507532004524849478e-01
6.387999999999999545e+02 7.523474401377231446e-01
6.390000000000000000e+02 7.539350877728406841e-01
6.392000000000000455e+02 7.555121976583749621e-01
6.393999999999999773e+02 7.570678863121405033e-01
6.396000000000000227e+02 7.586136285597864237e-01
6.397999999999999545e+02 7.601524522608021917e-01
6.400000000000000000e+02 7.616751530371156376e-01
6.402000000000000455e+02 7.631825773645140032e-01
6.403999999999999773e+02 7.646614158076260326e-01
6.406000000000000227e+02 7.660941112019532540e-01
6.407999999999999545e+02 7.674833612786111647e-01
6.410000000000000000e+02 7.688222844287418978e-01
6.412000000000000455e+02 7.701033099742362609e-01
6.413999999999999773e+02 7.713286861449598630e-01
6.416000000000000227e+02 7.724798324043300468e-01
6.417999999999999545e+02 7.735388922999575367e-01
6.420000000000000000e+02 7.745020025447164613e-01
6.422000000000000455e+02 7.753615039048515900e-01
6.423999999999999773e+02 7.761094925237435049e-01
6.426000000000000227e+02 7.767383345934865124e-01
6.427999999999999545e+02 7.772361306413216875e-01
6.430000000000000000e+02 7.775932512570491451e-01
6.432000000000000455e+02 7.778049826788919763e-01
6.433999999999999773e+02 7.778721400208109538e-01
6.436000000000000227e+02 7.777913135545522216e-01
6.437999999999999545e+02 7.775524153097380653e-01
6.440000000000000000e+02 7.771394676283392977e-01
6.442000000000000455e+02 7.765444541706094661e-01
6.443999999999999773e+02 7.757641916443750452e-01
6.446000000000000227e+02 7.747997262522545725e-01
6.447999999999999545e+02 7.736698059223667823e-01
6.450000000000000000e+02 7.723864085287960313e-01
6.452000000000000455e+02 7.709487610504472954e-01
6.453999999999999773e+02 7.693653879093234060e-01
6.456000000000000227e+02 7.676389409910386874e-01
6.457999999999999545e+02 7.657636109658370049e-01
6.460000000000000000e+02 7.637322683621414754e-01
6.462000000000000455e+02 7.615546172497889010e-01
6.463999999999999773e+02 7.592440419417041397e-01
6.466000000000000227e+02 7.567997990350581183e-01
6.467999999999999545e+02 7.542519878070852446e-01
6.470000000000000000e+02 7.516289249345062817e-01
6.472000000000000455e+02 7.489321397515178447e-01
6.473999999999999773e+02 7.461900846354948547e-01
6.476000000000000227e+02 7.434133234897478681e-01
6.477999999999999545e+02 7.405808983991504224e-01
6.480000000000000000e+02 7.376954855768822483e-01
6.482000000000000455e+02 7.347439849644497034e-01
6.483999999999999773e+02 7.317057983292011292e-01
6.486000000000000227e+02 7.286069063129663181e-01
6.487999999999999545e+02 7.254555755871702205e-01
6.490000000000000000e+02 7.222553461127413366e-01
6.492000000000000455e+02 7.190444962771750381e-01
6.493999999999999773e+02 7.158397624713054297e-01
6.496000000000000227e+02 7.126381968113409959e-01
6.497999999999999545e+02 7.094313711968008862e-01
6.500000000000000000e+02 7.062313812003423452e-01
6.502000000000000455e+02 7.030350305011089374e-01
6.503999999999999773e+02 6.998138961910191913e-01
6.506000000000000227e+02 6.965772291083506262e-01
6.507999999999999545e+02 6.933301484953497962e-01
6.510000000000000000e+02 6.900750548548740815e-01
6.512000000000000455e+02 6.868636624413272385e-01
6.513999999999999773e+02 6.837190873331236984e-01
6.516000000000000227e+02 6.806457530544042234e-01
6.517999999999999545e+02 6.776785350665517349e-01
6.520000000000000000e+02 6.748174196818674808e-01
6.522000000000000455e+02 6.720526778055513351e-01
6.523999999999999773e+02 6.693994672213199326e-01
6.526000000000000227e+02 6.668497489693714364e-01
6.527999999999999545e+02 6.644032369842222119e-01
6.530000000000000000e+02 6.620850121472678929e-01
6.532000000000000455e+02 6.599014883809009024e-01
6.533999999999999773e+02 6.578554896885572267e-01
6.536000000000000227e+02 6.559551499084017578e-01
6.537999999999999545e+02 6.542132761487537973e-01
6.540000000000000000e+02 6.526216393385385617e-01
6.542000000000000455e+02 6.511595463913462112e-01
6.543999999999999773e+02 6.498240453000400096e-01
6.546000000000000227e+02 6.486030980394136281e-01
6.547999999999999545e+02 6.474871179455355952e-01
6.550000000000000000e+02 6.464883042326348139e-01
6.552000000000000455e+02 6.456150918542979955e-01
6.553999999999999773e+02 6.448797161930048816e-01
6.556000000000000227e+02 6.443036363958027923e-01
6.557999999999999545e+02 6.438964912934683760e-01
6.560000000000000000e+02 6.436602766013304056e-01
6.562000000000000455e+02 6.435916606183175181e-01
6.563999999999999773e+02 6.436800770031917418e-01
6.566000000000000227e+02 6.439124040256721804e-01
6.567999999999999545e+02 6.442747834802231566e-01
6.570000000000000000e+02 6.447538079061683192e-01
6.572000000000000455e+02 6.453457269461377876e-01
6.573999999999999773e+02 6.460534680325802359e-01
6.576000000000000227e+02 6.468803552401455326e-01
6.577999999999999545e+02 6.478347434144667849e-01
6.580000000000000000e+02 6.489200825334022760e-01
6.582000000000000455e+02 6.501277463456338612e-01
6.583999999999999773e+02 6.514550434899966103e-01
6.586000000000000227e+02 6.528847689496075635e-01
6.587999999999999545e+02 6.543812449609875959e-01
6.590000000000000000e+02 6.559282214772250708e-01
6.592000000000000455e+02 6.575041247572243064e-01
6.593999999999999773e+02 6.590827033704491633e-01
6.596000000000000227e+02 6.606600334853712786e-01
6.597999999999999545e+02 6.622290839414370911e-01
6.600000000000000000e+02 6.637832699913095436e-01
6.602000000000000455e+02 6.653325877119868892e-01
6.603999999999999773e+02 6.668923144277624226e-01
6.606000000000000227e+02 6.684716948582936080e-01
6.607999999999999545e+02 6.700672230004249830e-01
6.610000000000000000e+02 6.716853937770455030e-01
6.612000000000000455e+02 6.733222033737026324e-01
6.613999999999999773e+02 6.749555915660018224e-01
6.616000000000000227e+02 6.765826439268390891e-01
6.617999999999999545e+02 6.781949778927128802e-01
6.620000000000000000e+02 6.797770144313854956e-01
6.622000000000000455e+02 6.813340893197554760e-01
6.623999999999999773e+02 6.828636070297426919e-01
6.626000000000000227e+02 6.843608123538573729e-01
6.627999999999999545e+02 6.858423646144281571e-01
6.630000000000000000e+02 6.873091896347005569e-01
6.632000000000000455e+02 6.887537302788810933e-01
6.633999999999999773e+02 6.901736900981639833e-01
6.636000000000000227e+02 6.915504170813081553e-01
6.637999999999999545e+02 6.928622282615858330e-01
6.640000000000000000e+02 6.940947645807088451e-01
6.642000000000000455e+02 6.952321362483261380e-01
6.643999999999999773e+02 6.962555528129871218e-01
6.646000000000000227e+02 6.971466550195722922e-01
6.647999999999999545e+02 6.978990135285351171e-01
6.650000000000000000e+02 6.985096187357933140e-01
6.652000000000000455e+02 6.989786300247888828e-01
6.653999999999999773e+02 6.993141059846660346e-01
6.656000000000000227e+02 6.995184888281860136e-01
6.657999999999999545e+02 6.995897550996967862e-01
6.660000000000000000e+02 6.995266262815473812e-01
6.662000000000000455e+02 6.993278977230076299e-01
6.663999999999999773e+02 6.989896082817649292e-01
6.666000000000000227e+02 6.985038918408003061e-01
6.667999999999999545e+02 6.978663149428420143e-01
6.670000000000000000e+02 6.970709795401561770e-01
6.672000000000000455e+02 6.961117522001910585e-01
6.673999999999999773e+02 6.949974794520420440e-01
6.676000000000000227e+02 6.937387116985087587e-01
6.677999999999999545e+02 6.923405763394133716e-01
6.680000000000000000e+02 6.907990252352668170e-01
6.682000000000000455e+02 6.891171276788971012e-01
6.683999999999999773e+02 6.872976938546877523e-01
6.686000000000000227e+02 6.853294929563600313e-01
6.687999999999999545e+02 6.832210021692651791e-01
6.690000000000000000e+02 6.809738297611889202e-01
6.692000000000000455e+02 6.785599987020575208e-01
6.693999999999999773e+02 6.759787049680550108e-01
6.696000000000000227e+02 6.732296601982790119e-01
6.697999999999999545e+02 6.703058363913259043e-01
6.700000000000000000e+02 6.672455822463650987e-01
6.702000000000000455e+02 6.640759882208719933e-01
6.703999999999999773e+02 6.608089953260546379e-01
6.706000000000000227e+02 6.574929035854545356e-01
6.707999999999999545e+02 6.541493571866073831e-01
6.710000000000000000e+02 6.507842700372311606e-01
6.712000000000000455e+02 6.474306096709697700e-01
6.713999999999999773e+02 6.440907252937975169e-01
6.716000000000000227e+02 6.407425059304375781e-01
6.717999999999999545e+02 6.373622110534618024e-01
6.720000000000000000e+02 6.339644668179169607e-01
6.722000000000000455e+02 6.305654984621588133e-01
6.723999999999999773e+02 6.271654889084593565e-01
6.726000000000000227e+02 6.238008731401720741e-01
6.727999999999999545e+02 6.204844209999788029e-01
6.730000000000000000e+02 6.171977926392765434e-01
6.732000000000000455e+02 6.139559573259664171e-01
6.733999999999999773e+02 6.107468087836896986e-01
6.736000000000000227e+02 6.075398655966883776e-01
6.737999999999999545e+02 6.043353921955381125e-01
6.740000000000000000e+02 6.011065645026570925e-01
6.742000000000000455e+02 5.978307265337192700e-01
6.743999999999999773e+02 5.945354192497913637e-01
6.746000000000000227e+02 5.912292782085771803e-01
6.747999999999999545e+02 5.879290311642634270e-01
6.750000000000000000e+02 5.846778931362809351e-01
6.752000000000000455e+02 5.814868691571252191e-01
6.753999999999999773e+02 5.783537424031641727e-01
6.756000000000000227e+02 5.752806767170198787e-01
6.757999999999999545e+02 5.722905871996992744e-01
6.760000000000000000e+02 5.693834875479032442e-01
6.762000000000000455e+02 5.665450059186035725e-01
6.763999999999999773e+02 5.637948945217985397e-01
6.766000000000000227e+02 5.611355445018604282e-01
6.767999999999999545e+02 5.585685204517679692e-01
6.770000000000000000e+02 5.561282634724514784e-01
6.772000000000000455e+02 5.538194125947754065e-01
6.773999999999999773e+02 5.516373353696141235e-01
6.776000000000000227e+02 5.495882930895817919e-01
6.777999999999999545e+02 5.476521011952614204e-01
6.780000000000000000e+02 5.458151612748951553e-01
6.782000000000000455e+02 5.440836619343653036e-01
6.783999999999999773e+02 5.424512190171458803e-01
6.786000000000000227e+02 5.409105733447143738e-01
6.787999999999999545e+02 5.394613630452839148e-01
6.790000000000000000e+02 5.381151667511974157e-01
6.792000000000000455e+02 5.368735712986640873e-01
6.793999999999999773e+02 5.357325920311282186e-01
6.796000000000000227e+02 5.346960096919252114e-01
6.797999999999999545e+02 5.337509771275602555e-01
6.800000000000000000e+02 5.328813060371803134e-01
6.802000000000000455e+02 5.320830774234075466e-01
6.803999999999999773e+02 5.313497161394507007e-01
6.806000000000000227e+02 5.306805460152108633e-01
6.807999999999999545e+02 5.300839824164021996e-01
6.810000000000000000e+02 5.295607278207770108e-01
6.812000000000000455e+02 5.291116179111657880e-01
6.813999999999999773e+02 5.287389661539181329e-01
6.816000000000000227e+02 5.284398206155034305e-01
6.817999999999999545e+02 5.282137845730180414e-01
6.820000000000000000e+02 5.280621471947768431e-01
6.822000000000000455e+02 5.279826251627376399e-01
6.823999999999999773e+02 5.279743950512626460e-01
6.826000000000000227e+02 5.280375715395453362e-01
6.827999999999999545e+02 5.281712823534189249e-01
6.830000000000000000e+02 5.283723306088790039e-01
6.832000000000000455e+02 5.286352527617488306e-01
6.833999999999999773e+02 5.289535611564296635e-01
6.836000000000000227e+02 5.293253114666973680e-01
6.837999999999999545e+02 5.297467335023802182e-01
6.840000000000000000e+02 5.302126007504899263e-01
6.842000000000000455e+02 5.307272947007221076e-01
6.843999999999999773e+02 5.312910138595876575e-01
6.846000000000000227e+02 5.318993082309678710e-01
6.847999999999999545e+02 5.325504955004918273e-01
6.850000000000000000e+02 5.332348115536122979e-01
6.852000000000000455e+02 5.339416433823284125e-01
6.853999999999999773e+02 5.346704223583982341e-01
6.856000000000000227e+02 5.354162536274857942e-01
6.857999999999999545e+02 5.361740646126168519e-01
6.860000000000000000e+02 5.369432725365121950e-01
6.862000000000000455e+02 5.377240141114513206e-01
6.863999999999999773e+02 5.385100215564752046e-01
6.866000000000000227e+02 5.392893431598260179e-01
6.867999999999999545e+02 5.400604630246667037e-01
6.870000000000000000e+02 5.408209950320741477e-01
6.872000000000000455e+02 5.415676601635555087e-01
6.873999999999999773e+02 5.423053904526032865e-01
6.876000000000000227e+02 5.430317012852324821e-01
6.877999999999999545e+02 5.437412575759290601e-01
6.880000000000000000e+02 5.444360584237152301e-01
6.882000000000000455e+02 5.451054699258545133e-01
6.883999999999999773e+02 5.457322948068660251e-01
6.886000000000000227e+02 5.462997531530058293e-01
6.887999999999999545e+02 5.467827687331200393e-01
6.890000000000000000e+02 5.471585308652325841e-01
6.892000000000000455e+02 5.474153683037656926e-01
6.893999999999999773e+02 5.475590328929939021e-01
6.896000000000000227e+02 5.476077145825150039e-01
6.897999999999999545e+02 5.475832729629268592e-01
6.900000000000000000e+02 5.474933091383309414e-01
6.902000000000000455e+02 5.473332878425434256e-01
6.903999999999999773e+02 5.470890990803903842e-01
6.906000000000000227e+02 5.467400597458826894e-01
6.907999999999999545e+02 5.462648812245666230e-01
6.910000000000000000e+02 5.456409561469637293e-01
6.912000000000000455e+02 5.448456740235562146e-01
6.913999999999999773e+02 5.438779216891370671e-01
6.916000000000000227e+02 5.427463491063032608e-01
6.917999999999999545e+02 5.414643389614974822e-01
6.920000000000000000e+02 5.400683047100117706e-01
6.922000000000000455e+02 5.385824492274053910e-01
6.923999999999999773e+02 5.370081069871811552e-01
6.926000000000000227e+02 5.353411093269352383e-01
6.927999999999999545e+02 5.335662124892220914e-01
6.930000000000000000e+02 5.316632223706637683e-01
6.932000000000000455e+02 5.296234708876446096e-01
6.933999999999999773e+02 5.274618506755253122e-01
6.936000000000000227e+02 5.251986593770608946e-01
6.937999999999999545e+02 5.228403443542184448e-01
6.940000000000000000e+02 5.204213161142525745e-01
6.942000000000000455e+02 5.179690365828244492e-01
6.943999999999999773e+02 5.154812300551471216e-01
6.946000000000000227e+02 5.129747058485892852e-01
6.947999999999999545e+02 5.104447063907452398e-01
6.950000000000000000e+02 5.078582068576820152e-01
6.952000000000000455e+02 5.052083105632816373e-01
6.953999999999999773e+02 5.024753152653981259e-01
6.956000000000000227e+02 4.996353590013841162e-01
6.957999999999999545e+02 4.967059517601153384e-01
6.960000000000000000e+02 4.936923524542862207e-01
6.962000000000000455e+02 4.905936606852173698e-01
6.963999999999999773e+02 4.874326827757952119e-01
6.966000000000000227e+02 4.842864441935701425e-01
6.967999999999999545e+02 4.811933049692576070e-01
6.970000000000000000e+02 4.780898422150978710e-01
6.972000000000000455e+02 4.749703869780558252e-01
6.973999999999999773e+02 4.718494743849328543e-01
6.976000000000000227e+02 4.687255789392564820e-01
6.977999999999999545e+02 4.655995339252839704e-01
6.980000000000000000e+02 4.624722279978795703e-01
6.982000000000000455e+02 4.593431999478442274e-01
6.983999999999999773e+02 4.562204465625087080e-01
6.986000000000000227e+02 4.531126001917433754e-01
6.987999999999999545e+02 4.500263498207834889e-01
6.990000000000000000e+02 4.469859541406114856e-01
6.992000000000000455e+02 4.440069033864892933e-01
6.993999999999999773e+02 4.410807241273035917e-01
6.996000000000000227e+02 4.381990325861208069e-01
6.997999999999999545e+02 4.353525024324848003e-01
7.000000000000000000e+02 4.325303457466240786e-01
7.002000000000000455e+02 4.297284470801349121e-01
7.003999999999999773e+02 4.269444960063042416e-01
7.006000000000000227e+02 4.241754528798862278e-01
7.007999999999999545e+02 4.214207056928913619e-01
7.010000000000000000e+02 4.186850448520474943e-01
7.012000000000000455e+02 4.159797424045077463e-01
7.013999999999999773e+02 4.133176718453051013e-01
7.016000000000000227e+02 4.107080998203189726e-01
7.017999999999999545e+02 4.081539411204122558e-01
7.020000000000000000e+02 4.056527968704483067e-01
7.022000000000000455e+02 4.032004165211888758e-01
7.023999999999999773e+02 4.007933558845478972e-01
7.026000000000000227e+02 3.984334933465029094e-01
7.027999999999999545e+02 3.961217317234921875e-01
7.030000000000000000e+02 3.938580109754670211e-01
7.032000000000000455e+02 3.916554545801285148e-01
7.033999999999999773e+02 3.895202151414174363e-01
7.036000000000000227e+02 3.874466810967984731e-01
7.037999999999999545e+02 3.854401633307905639e-01
7.040000000000000000e+02 3.835078648931735668e-01
7.042000000000000455e+02 3.816545313056417532e-01
7.043999999999999773e+02 3.798835200126607914e-01
7.046000000000000227e+02 3.782012641465432035e-01
7.047999999999999545e+02 3.766186159785287479e-01
7.050000000000000000e+02 3.751481175749035168e-01
7.052000000000000455e+02 3.737991876013878612e-01
7.053999999999999773e+02 3.725767884424139309e-01
7.056000000000000227e+02 3.714838612633770687e-01
7.057999999999999545e+02 3.705195539950690842e-01
7.060000000000000000e+02 3.696776967340205111e-01
7.062000000000000455e+02 3.689446488982730532e-01
7.064000000000000909e+02 3.683050341060999378e-01
7.066000000000000227e+02 3.677448485051528770e-01
7.067999999999999545e+02 3.672547462935504825e-01
7.070000000000000000e+02 3.668283339909895746e-01
7.072000000000000455e+02 3.664620494312451626e-01
7.074000000000000909e+02 3.661565298155262660e-01
7.076000000000000227e+02 3.659099301729571430e-01
7.077999999999999545e+02 3.657164008788320597e-01
7.080000000000000000e+02 3.655686239688765715e-01
7.082000000000000455e+02 3.654619062793776907e-01
7.084000000000000909e+02 3.653947869302724971e-01
7.086000000000000227e+02 3.653669528065511818e-01
7.087999999999999545e+02 3.653764473299770943e-01
7.090000000000000000e+02 3.654205624200271840e-01
7.092000000000000455e+02 3.655007888211789790e-01
7.094000000000000909e+02 3.656231415960619069e-01
7.096000000000000227e+02 3.657964823361631312e-01
7.097999999999999545e+02 3.660278800589059633e-01
7.100000000000000000e+02 3.663212963585982251e-01
7.102000000000000455e+02 3.666776953231047909e-01
7.104000000000000909e+02 3.670960819215631776e-01
7.106000000000000227e+02 3.675754828301265320e-01
7.107999999999999545e+02 3.681155091069383545e-01
7.110000000000000000e+02 3.687162753473171017e-01
7.112000000000000455e+02 3.693749490159270454e-01
7.114000000000000909e+02 3.700830830121570880e-01
7.116000000000000227e+02 3.708226996886938576e-01
7.117999999999999545e+02 3.715802492063988716e-01
7.120000000000000000e+02 3.723475001809846141e-01
7.122000000000000455e+02 3.731160777375737148e-01
7.124000000000000909e+02 3.738765859106820688e-01
7.126000000000000227e+02 3.746192086502723173e-01
7.127999999999999545e+02 3.753355696514417694e-01
7.130000000000000000e+02 3.760224782676849786e-01
7.132000000000000455e+02 3.766809174580200148e-01
7.134000000000000909e+02 3.773125931873830829e-01
7.136000000000000227e+02 3.779172750769480560e-01
7.137999999999999545e+02 3.784941216139480202e-01
7.140000000000000000e+02 3.790454268711596075e-01
7.142000000000000455e+02 3.795780414497716970e-01
7.144000000000000909e+02 3.801019121907324161e-01
7.146000000000000227e+02 3.806267373266214449e-01
7.147999999999999545e+02 3.811548317700739208e-01
7.150000000000000000e+02 3.816806516846246167e-01
7.152000000000000455e+02 3.821916357570011025e-01
7.154000000000000909e+02 3.826720997994519369e-01
7.156000000000000227e+02 3.831071104373463543e-01
7.157999999999999545e+02 3.834874715251437305e-01
7.160000000000000000e+02 3.838058162347958158e-01
7.162000000000000455e+02 3.840582130668070970e-01
7.164000000000000909e+02 3.842485903543895187e-01
7.166000000000000227e+02 3.843891019565178757e-01
7.167999999999999545e+02 3.844954343394949570e-01
7.170000000000000000e+02 3.845793166360669257e-01
7.172000000000000455e+02 3.846391458894367066e-01
7.174000000000000909e+02 3.846611045372109183e-01
7.176000000000000227e+02 3.846221587679037324e-01
7.177999999999999545e+02 3.845016714299224203e-01
7.180000000000000000e+02 3.842861513670948748e-01
7.182000000000000455e+02 3.839739246134102890e-01
7.184000000000000909e+02 3.835708479394929205e-01
7.186000000000000227e+02 3.830877758191277849e-01
7.187999999999999545e+02 3.825389790287297975e-01
7.190000000000000000e+02 3.819414503125712068e-01
7.192000000000000455e+02 3.813124857494113451e-01
7.194000000000000909e+02 3.806656274877691093e-01
7.196000000000000227e+02 3.799999120048396239e-01
7.197999999999999545e+02 3.793045938889086921e-01
7.200000000000000000e+02 3.785654898093249177e-01
7.202000000000000455e+02 3.777678685021054195e-01
7.204000000000000909e+02 3.769006744739933357e-01
7.206000000000000227e+02 3.759609734954542093e-01
7.207999999999999545e+02 3.749497445818087416e-01
7.210000000000000000e+02 3.738713365778226771e-01
7.212000000000000455e+02 3.727339605506222453e-01
7.214000000000000909e+02 3.715484741410860492e-01
7.216000000000000227e+02 3.703256036706572552e-01
7.217999999999999545e+02 3.690726750052029104e-01
7.220000000000000000e+02 3.677893894786138373e-01
7.222000000000000455e+02 3.664672342322606857e-01
7.224000000000000909e+02 3.650891058450156379e-01
7.226000000000000227e+02 3.636368806580312363e-01
7.227999999999999545e+02 3.620951508956948839e-01
7.230000000000000000e+02 3.604543101756645385e-01
7.232000000000000455e+02 3.587107312418064131e-01
7.234000000000000909e+02 3.568641067261267841e-01
7.236000000000000227e+02 3.549180367736497477e-01
7.237999999999999545e+02 3.528970384292997586e-01
7.240000000000000000e+02 3.508263710407348857e-01
7.242000000000000455e+02 3.487148417760724817e-01
7.244000000000000909e+02 3.465654092199429437e-01
7.246000000000000227e+02 3.443749002785114754e-01
7.247999999999999545e+02 3.421330440803640460e-01
7.250000000000000000e+02 3.398294661731603439e-01
7.252000000000000455e+02 3.374576360667975727e-01
7.254000000000000909e+02 3.350181040388178211e-01
7.256000000000000227e+02 3.325199908772349389e-01
7.257999999999999545e+02 3.299790553633416001e-01
7.260000000000000000e+02 3.274167625542200311e-01
7.262000000000000455e+02 3.248585919193943683e-01
7.264000000000000909e+02 3.223279807693817389e-01
7.266000000000000227e+02 3.198410075068970349e-01
7.267999999999999545e+02 3.174012070300155086e-01
7.270000000000000000e+02 3.150038450280854274e-01
7.272000000000000455e+02 3.126399925849868144e-01
7.274000000000000909e+02 3.103067300876721224e-01
7.276000000000000227e+02 3.080084229267960327e-01
7.277999999999999545e+02 3.057551173817077972e-01
7.280000000000000000e+02 3.035488772255391932e-01
7.282000000000000455e+02 3.013982776425603860e-01
7.284000000000000909e+02 2.993239447455102176e-01
7.286000000000000227e+02 2.973346618184551926e-01
7.287999999999999545e+02 2.954358449510660622e-01
7.290000000000000000e+02 2.936327121038820320e-01
7.292000000000000455e+02 2.919183052490245678e-01
7.294000000000000909e+02 2.902795019538483290e-01
7.296000000000000227e+02 2.887018518489355978e-01
7.297999999999999545e+02 2.871769479473367803e-01
7.300000000000000000e+02 2.857041267315388322e-01
7.302000000000000455e+02 2.842901961140851252e-01
7.304000000000000909e+02 2.829426492934637993e-01
7.306000000000000227e+02 2.816661940169695733e-01
7.307999999999999545e+02 2.804621006845987030e-01
7.310000000000000000e+02 2.793326691196680311e-01
7.312000000000000455e+02 2.782802917738304016e-01
7.314000000000000909e+02 2.773055410149986022e-01
7.316000000000000227e+02 2.764016808070858811e-01
7.317999999999999545e+02 2.755567305046719984e-01
7.320000000000000000e+02 2.747582829356245426e-01
7.322000000000000455e+02 2.740094029453496449e-01
7.324000000000000909e+02 2.733180933106853505e-01
7.326000000000000227e+02 2.726921216477631305e-01
7.327999999999999545e+02 2.721373449773014097e-01
7.330000000000000000e+02 2.716525734810563697e-01
7.332000000000000455e+02 2.712286759878745901e-01
7.334000000000000909e+02 2.708540595999515688e-01
7.336000000000000227e+02 2.705206190544509059e-01
7.337999999999999545e+02 2.702248710625845818e-01
7.340000000000000000e+02 2.699636572506285970e-01
7.342000000000000455e+02 2.697301556137144951e-01
7.344000000000000909e+02 2.695142005241959460e-01
7.346000000000000227e+02 2.693085710522177267e-01
7.347999999999999545e+02 2.691115495172278771e-01
7.350000000000000000e+02 2.689276727572761927e-01
7.352000000000000455e+02 2.687670696886519384e-01
7.354000000000000909e+02 2.686396024278602801e-01
7.356000000000000227e+02 2.685511444311758367e-01
7.357999999999999545e+02 2.684981369053701106e-01
7.360000000000000000e+02 2.684704862469654008e-01
7.362000000000000455e+02 2.684526689078991502e-01
7.364000000000000909e+02 2.684240098647449058e-01
7.366000000000000227e+02 2.683593172643753966e-01
7.367999999999999545e+02 2.682306550698486114e-01
7.370000000000000000e+02 2.680125062141455183e-01
7.372000000000000455e+02 2.676934908360189547e-01
7.374000000000000909e+02 2.672804867478200674e-01
7.376000000000000227e+02 2.668008293279199306e-01
7.377999999999999545e+02 2.662886115274446519e-01
7.380000000000000000e+02 2.657769874622732398e-01
7.382000000000000455e+02 2.652880595470086811e-01
7.384000000000000909e+02 2.648303951588178440e-01
7.386000000000000227e+02 2.644009004859922407e-01
7.387999999999999545e+02 2.639903037879464121e-01
7.390000000000000000e+02 2.635886385762347128e-01
7.392000000000000455e+02 2.631869687786085876e-01
7.394000000000000909e+02 2.627785929942572651e-01
7.396000000000000227e+02 2.623643228785128012e-01
7.397999999999999545e+02 2.619545134277351806e-01
7.400000000000000000e+02 2.615712631412104860e-01
7.402000000000000455e+02 2.612410212161710987e-01
7.404000000000000909e+02 2.609897208141814251e-01
7.406000000000000227e+02 2.608358211925947412e-01
7.407999999999999545e+02 2.607867309476707418e-01
7.410000000000000000e+02 2.608392922243911172e-01
7.412000000000000455e+02 2.609812432372850544e-01
7.414000000000000909e+02 2.611966968159631919e-01
7.416000000000000227e+02 2.614695898936478802e-01
7.417999999999999545e+02 2.617876416586998323e-01
7.420000000000000000e+02 2.621374182891704763e-01
7.422000000000000455e+02 2.625053523254726184e-01
7.424000000000000909e+02 2.628817379247257446e-01
7.426000000000000227e+02 2.632613756620713064e-01
7.427999999999999545e+02 2.636416155617238299e-01
7.430000000000000000e+02 2.640189030503646284e-01
7.432000000000000455e+02 2.643867782751766482e-01
7.434000000000000909e+02 2.647350173779530191e-01
7.436000000000000227e+02 2.650483426424486977e-01
7.437999999999999545e+02 2.653081054671371786e-01
7.440000000000000000e+02 2.654930698688334201e-01
7.442000000000000455e+02 2.655804494108414682e-01
7.444000000000000909e+02 2.655544171154793909e-01
7.446000000000000227e+02 2.654069202842848085e-01
7.447999999999999545e+02 2.651378818653716274e-01
7.450000000000000000e+02 2.647560326203750591e-01
7.452000000000000455e+02 2.642766437084174136e-01
7.454000000000000909e+02 2.637186941314940691e-01
7.456000000000000227e+02 2.631014262017774552e-01
7.457999999999999545e+02 2.624430879096997238e-01
7.460000000000000000e+02 2.617599950896376537e-01
7.462000000000000455e+02 2.610682492040848346e-01
7.464000000000000909e+02 2.603832703077165189e-01
7.466000000000000227e+02 2.597183906653549590e-01
7.467999999999999545e+02 2.590821906142556919e-01
7.470000000000000000e+02 2.584783231708176476e-01
7.472000000000000455e+02 2.579050542748609343e-01
7.474000000000000909e+02 2.573561815103271311e-01
7.476000000000000227e+02 2.568224308273237000e-01
7.477999999999999545e+02 2.562924720188374805e-01
7.480000000000000000e+02 2.557532442530918160e-01
7.482000000000000455e+02 2.551898741346056432e-01
7.484000000000000909e+02 2.545862337557081023e-01
7.486000000000000227e+02 2.539336842218228862e-01
7.487999999999999545e+02 2.532368413781801442e-01
7.490000000000000000e+02 2.525182467378290219e-01
7.492000000000000455e+02 2.517971011487930011e-01
7.494000000000000909e+02 2.510865147482911341e-01
7.496000000000000227e+02 2.503922783631672422e-01
7.497999999999999545e+02 2.497096855376850777e-01
7.500000000000000000e+02 2.490273428207958051e-01
7.502000000000000455e+02 2.483301053369300071e-01
7.504000000000000909e+02 2.475980031137747783e-01
7.506000000000000227e+02 2.468073066716318098e-01
7.507999999999999545e+02 2.459326944787331715e-01
7.510000000000000000e+02 2.449590308705659192e-01
7.512000000000000455e+02 2.438858320926524104e-01
7.514000000000000909e+02 2.427308634336824422e-01
7.516000000000000227e+02 2.415201877412297415e-01
7.517999999999999545e+02 2.402771259846341878e-01
7.520000000000000000e+02 2.390134483739514426e-01
7.522000000000000455e+02 2.377301881487889901e-01
7.524000000000000909e+02 2.364231604360171879e-01
7.526000000000000227e+02 2.350874100136121081e-01
7.527999999999999545e+02 2.337219368037268818e-01
7.530000000000000000e+02 2.323256904667518885e-01
7.532000000000000455e+02 2.308965967916891682e-01
7.534000000000000909e+02 2.294475424506522421e-01
7.536000000000000227e+02 2.279984252178132720e-01
7.537999999999999545e+02 2.265708807169102279e-01
7.540000000000000000e+02 2.251942020079547579e-01
7.542000000000000455e+02 2.238951124289504380e-01
7.544000000000000909e+02 2.226889578228918865e-01
7.546000000000000227e+02 2.215747169038641551e-01
7.547999999999999545e+02 2.205392071344320915e-01
7.550000000000000000e+02 2.195597725132934497e-01
7.552000000000000455e+02 2.186097422372051957e-01
7.554000000000000909e+02 2.176600263798023627e-01
7.556000000000000227e+02 2.166804675544063974e-01
7.557999999999999545e+02 2.156447879640654430e-01
7.560000000000000000e+02 2.145346689671632778e-01
7.562000000000000455e+02 2.133429030681825989e-01
7.564000000000000909e+02 2.120737003692701461e-01
7.566000000000000227e+02 2.107370346612477685e-01
7.567999999999999545e+02 2.093442596862018501e-01
7.570000000000000000e+02 2.079003827349307776e-01
7.572000000000000455e+02 2.064161718938253842e-01
7.574000000000000909e+02 2.049116864441091757e-01
7.576000000000000227e+02 2.033971666240587117e-01
7.577999999999999545e+02 2.018835978634953565e-01
7.580000000000000000e+02 2.003886382952644318e-01
7.582000000000000455e+02 1.989346585664472089e-01
7.584000000000000909e+02 1.975456618596523328e-01
7.586000000000000227e+02 1.962448857782934097e-01
7.587999999999999545e+02 1.950501282390503244e-01
7.590000000000000000e+02 1.939702962276887432e-01
7.592000000000000455e+02 1.930030550715297055e-01
7.594000000000000909e+02 1.921338544552388949e-01
7.596000000000000227e+02 1.913431538885912997e-01
7.597999999999999545e+02 1.906107434016613422e-01
7.600000000000000000e+02 1.899208910802612782e-01
7.602000000000000455e+02 1.892603600180864376e-01
7.604000000000000909e+02 1.886183218202753809e-01
7.606000000000000227e+02 1.879894942092384391e-01
7.607999999999999545e+02 1.873749733253172733e-01
7.610000000000000000e+02 1.867811731152771437e-01
7.612000000000000455e+02 1.862136485114046502e-01
7.614000000000000909e+02 1.856724184057551019e-01
7.616000000000000227e+02 1.851521866951264528e-01
7.617999999999999545e+02 1.846500061879644550e-01
7.620000000000000000e+02 1.841637383011419660e-01
7.622000000000000455e+02 1.836917648174443141e-01
7.624000000000000909e+02 1.832343974829451771e-01
7.626000000000000227e+02 1.827913883326166000e-01
7.627999999999999545e+02 1.823617292542771273e-01
7.630000000000000000e+02 1.819460494823253449e-01
7.632000000000000455e+02 1.815469824996026049e-01
7.634000000000000909e+02 1.811702540858133870e-01
7.636000000000000227e+02 1.808271739484538787e-01
7.637999999999999545e+02 1.805198589728084779e-01
7.640000000000000000e+02 1.802383590903620658e-01
7.642000000000000455e+02 1.799664207967463514e-01
7.644000000000000909e+02 1.796842612773684733e-01
7.646000000000000227e+02 1.793706159569511960e-01
7.647999999999999545e+02 1.790076915936509305e-01
7.650000000000000000e+02 1.785807313804526619e-01
7.652000000000000455e+02 1.780794119103744633e-01
7.654000000000000909e+02 1.775045238684502813e-01
7.656000000000000227e+02 1.768688044555398187e-01
7.657999999999999545e+02 1.761970667641730159e-01
7.660000000000000000e+02 1.755190147869494788e-01
7.662000000000000455e+02 1.748609119247392929e-01
7.664000000000000909e+02 1.742396553569852680e-01
7.666000000000000227e+02 1.736594027433986942e-01
7.667999999999999545e+02 1.731159461476058370e-01
7.670000000000000000e+02 1.725996240155216466e-01
7.672000000000000455e+02 1.721009467928538150e-01
7.674000000000000909e+02 1.716133959273563603e-01
7.676000000000000227e+02 1.711361306019054118e-01
7.677999999999999545e+02 1.706749317907021446e-01
7.680000000000000000e+02 1.702400238248376607e-01
7.682000000000000455e+02 1.698440522258954921e-01
7.684000000000000909e+02 1.694977250469704710e-01
7.686000000000000227e+02 1.692065720351793034e-01
7.687999999999999545e+02 1.689662794186870265e-01
7.690000000000000000e+02 1.687623705215333669e-01
7.692000000000000455e+02 1.685745434395897746e-01
7.694000000000000909e+02 1.683827984857727555e-01
7.696000000000000227e+02 1.681731290229756537e-01
7.697999999999999545e+02 1.679374532081892024e-01
7.700000000000000000e+02 1.676726171821483757e-01
7.702000000000000455e+02 1.673801386446736594e-01
7.704000000000000909e+02 1.670657132775710263e-01
7.706000000000000227e+02 1.667386187131357778e-01
7.707999999999999545e+02 1.664068147571164946e-01
7.710000000000000000e+02 1.660754659438772873e-01
7.712000000000000455e+02 1.657461527887905683e-01
7.714000000000000909e+02 1.654194029843393809e-01
7.716000000000000227e+02 1.650954483332723322e-01
7.717999999999999545e+02 1.647742316927267581e-01
7.720000000000000000e+02 1.644559939232798085e-01
7.722000000000000455e+02 1.641419008559197867e-01
7.724000000000000909e+02 1.638356305822959991e-01
7.726000000000000227e+02 1.635435622118390775e-01
7.727999999999999545e+02 1.632747786935608847e-01
7.730000000000000000e+02 1.630398817236931031e-01
7.732000000000000455e+02 1.628455319649004807e-01
7.734000000000000909e+02 1.626906140955715063e-01
7.736000000000000227e+02 1.625631602009696142e-01
7.737999999999999545e+02 1.624472056390508512e-01
7.740000000000000000e+02 1.623281751614994994e-01
7.742000000000000455e+02 1.622018192020233118e-01
7.744000000000000909e+02 1.620686263856592757e-01
7.746000000000000227e+02 1.619292233414928450e-01
7.747999999999999545e+02 1.617804409945948763e-01
7.750000000000000000e+02 1.616197373899153633e-01
7.752000000000000455e+02 1.614492644974203084e-01
7.754000000000000909e+02 1.612721043311058922e-01
7.756000000000000227e+02 1.610894367806770533e-01
7.757999999999999545e+02 1.608970994628775020e-01
7.760000000000000000e+02 1.606816857472717630e-01
7.762000000000000455e+02 1.604270225297937946e-01
7.764000000000000909e+02 1.601234087075089074e-01
7.766000000000000227e+02 1.597760570918781431e-01
7.767999999999999545e+02 1.594004163592934731e-01
7.770000000000000000e+02 1.590140643817645749e-01
7.772000000000000455e+02 1.586242195214239148e-01
7.774000000000000909e+02 1.582284823607871815e-01
7.776000000000000227e+02 1.578191524631498699e-01
7.777999999999999545e+02 1.573912757516773842e-01
7.780000000000000000e+02 1.569422077819964123e-01
7.782000000000000455e+02 1.564670731439538054e-01
7.784000000000000909e+02 1.559586234323369069e-01
7.786000000000000227e+02 1.554105581150149185e-01
7.787999999999999545e+02 1.548268412948557993e-01
7.790000000000000000e+02 1.542244330933338348e-01
7.792000000000000455e+02 1.536301589809267454e-01
7.794000000000000909e+02 1.530678411445663412e-01
7.796000000000000227e+02 1.525471631968693953e-01
7.797999999999999545e+02 1.520601330726503164e-01
7.800000000000000000e+02 1.515837879049061199e-01
7.802000000000000455e+02 1.510940147390745225e-01
7.804000000000000909e+02 1.505733085025967588e-01
7.806000000000000227e+02 1.500197633193035562e-01
7.807999999999999545e+02 1.494389325704842397e-01
7.810000000000000000e+02 1.488401859691656504e-01
7.812000000000000455e+02 1.482368020466291458e-01
7.814000000000000909e+02 1.476478192024202052e-01
7.816000000000000227e+02 1.470974902562509068e-01
7.817999999999999545e+02 1.466007456795468400e-01
7.820000000000000000e+02 1.461584340774741975e-01
7.822000000000000455e+02 1.457545838005892547e-01
7.824000000000000909e+02 1.453712453284228268e-01
7.826000000000000227e+02 1.449963094807140140e-01
7.827999999999999545e+02 1.446293994490414070e-01
7.830000000000000000e+02 1.442754532953808844e-01
7.832000000000000455e+02 1.439396246205079666e-01
7.834000000000000909e+02 1.436226077970179094e-01
7.836000000000000227e+02 1.433197565414010555e-01
7.837999999999999545e+02 1.430238783518466006e-01
7.840000000000000000e+02 1.427285145996309845e-01
7.842000000000000455e+02 1.424288736415521006e-01
7.844000000000000909e+02 1.421195800618053617e-01
7.846000000000000227e+02 1.417909416604087314e-01
7.847999999999999545e+02 1.414306814992222772e-01
7.850000000000000000e+02 1.410278167850466113e-01
7.852000000000000455e+02 1.405791708809885354e-01
7.854000000000000909e+02 1.400831797170942750e-01
7.856000000000000227e+02 1.395344841189263274e-01
7.857999999999999545e+02 1.389150292789774199e-01
7.860000000000000000e+02 1.382097100118414024e-01
7.862000000000000455e+02 1.374134517885780005e-01
7.864000000000000909e+02 1.365400919728758655e-01
7.866000000000000227e+02 1.356092645736727276e-01
7.867999999999999545e+02 1.346405436118722210e-01
7.870000000000000000e+02 1.336470192814274149e-01
7.872000000000000455e+02 1.326335869116433419e-01
7.874000000000000909e+02 1.315959690279793204e-01
7.876000000000000227e+02 1.305200977433588205e-01
7.877999999999999545e+02 1.293896779871187008e-01
7.880000000000000000e+02 1.281907326017859283e-01
7.882000000000000455e+02 1.269182259522528278e-01
7.884000000000000909e+02 1.255763451350776494e-01
7.886000000000000227e+02 1.241803611063493906e-01
7.887999999999999545e+02 1.227614408779626465e-01
7.890000000000000000e+02 1.213557145727176545e-01
7.892000000000000455e+02 1.199946855506803245e-01
7.894000000000000909e+02 1.186856054012346284e-01
7.896000000000000227e+02 1.174188059672539586e-01
7.897999999999999545e+02 1.161742456763143472e-01
7.900000000000000000e+02 1.149397000498884602e-01
7.902000000000000455e+02 1.137113273972611971e-01
7.904000000000000909e+02 1.124935058396411280e-01
7.906000000000000227e+02 1.112941364472775363e-01
7.907999999999999545e+02 1.101257586882774531e-01
7.910000000000000000e+02 1.090071726831071119e-01
7.912000000000000455e+02 1.079525566509898504e-01
7.914000000000000909e+02 1.069658241456793446e-01
7.916000000000000227e+02 1.060334396087785347e-01
7.917999999999999545e+02 1.051291000645796503e-01
7.920000000000000000e+02 1.042215546747246591e-01
7.922000000000000455e+02 1.032857901630074293e-01
7.924000000000000909e+02 1.023197436509298286e-01
7.926000000000000227e+02 1.013421769727279043e-01
7.927999999999999545e+02 1.003858633373052034e-01
7.930000000000000000e+02 9.947821492300606971e-02
7.932000000000000455e+02 9.863596925734097187e-02
7.934000000000000909e+02 9.786135949752261531e-02
7.936000000000000227e+02 9.715179374390131573e-02
7.937999999999999545e+02 9.650015211457635411e-02
7.940000000000000000e+02 9.588823250807182452e-02
7.942000000000000455e+02 9.528438509585834826e-02
7.944000000000000909e+02 9.465044629277113986e-02
7.946000000000000227e+02 9.396676562641542718e-02
7.947999999999999545e+02 9.323973398960877512e-02
7.950000000000000000e+02 9.250145766280931658e-02
7.952000000000000455e+02 9.179616882013580392e-02
7.954000000000000909e+02 9.115894573424143665e-02
7.956000000000000227e+02 9.060539173210213626e-02
7.957999999999999545e+02 9.012725159336343328e-02
7.960000000000000000e+02 8.970403447307906397e-02
7.962000000000000455e+02 8.930856086309485464e-02
7.964000000000000909e+02 8.891089219134507005e-02
7.966000000000000227e+02 8.847935913988502765e-02
7.967999999999999545e+02 8.798185354793158774e-02
7.970000000000000000e+02 8.739234922538308137e-02
7.972000000000000455e+02 8.670229569223814048e-02
7.974000000000000909e+02 8.592970826365431414e-02
7.976000000000000227e+02 8.510664252473132407e-02
7.977999999999999545e+02 8.426054212084338468e-02
7.980000000000000000e+02 8.339802647404709335e-02
7.982000000000000455e+02 8.250580205713192727e-02
7.984000000000000909e+02 8.156396179091340848e-02
7.986000000000000227e+02 8.055976234479761411e-02
7.987999999999999545e+02 7.949733945353060216e-02
7.990000000000000000e+02 7.839315700161159084e-02
7.992000000000000455e+02 7.727068757368393825e-02
7.994000000000000909e+02 7.615547892541202346e-02
7.996000000000000227e+02 7.507841793675257280e-02
7.997999999999999545e+02 7.408156325562220701e-02
8.000000000000000000e+02 7.319686985822632108e-02
