3.940000000000000000e+02 1.935751824285115164e-01
3.941999999999999886e+02 1.844646127166329197e-01
3.943999999999999773e+02 1.763384807482587802e-01
3.946000000000000227e+02 1.692458080923132935e-01
3.948000000000000114e+02 1.628555191975996075e-01
3.950000000000000000e+02 1.569777325804406765e-01
3.951999999999999886e+02 1.518520243887757082e-01
3.953999999999999773e+02 1.473345069037776678e-01
3.956000000000000227e+02 1.431826798589749816e-01
3.958000000000000114e+02 1.393816469816743508e-01
3.960000000000000000e+02 1.361565451115180625e-01
3.961999999999999886e+02 1.332694782770663389e-01
3.963999999999999773e+02 1.306346242331139773e-01
3.966000000000000227e+02 1.283114810797267580e-01
3.968000000000000114e+02 1.262552900316656068e-01
3.970000000000000000e+02 1.243802757695924854e-01
3.971999999999999886e+02 1.226764445466842768e-01
3.973999999999999773e+02 1.211587389539648674e-01
3.976000000000000227e+02 1.197858352647946933e-01
3.978000000000000114e+02 1.185838105279308219e-01
3.980000000000000000e+02 1.175452582815412483e-01
3.981999999999999886e+02 1.165700573231710224e-01
3.983999999999999773e+02 1.155511836455871411e-01
3.986000000000000227e+02 1.147960725256314540e-01
3.988000000000000114e+02 1.141502970811391626e-01
3.990000000000000000e+02 1.133001670737863453e-01
3.991999999999999886e+02 1.126069284829207817e-01
3.993999999999999773e+02 1.120422418857750235e-01
3.996000000000000227e+02 1.114885737203374361e-01
3.998000000000000114e+02 1.109668937404031663e-01
4.000000000000000000e+02 1.106038063868365617e-01
4.001999999999999886e+02 1.103676535506846468e-01
4.003999999999999773e+02 1.101431711968480776e-01
4.006000000000000227e+02 1.098404774380426496e-01
4.008000000000000114e+02 1.094841359323860952e-01
4.010000000000000000e+02 1.092168389649371962e-01
4.011999999999999886e+02 1.090058787984113375e-01
4.013999999999999773e+02 1.087374917281818398e-01
4.016000000000000227e+02 1.086293662652954017e-01
4.018000000000000114e+02 1.085998895295657851e-01
4.020000000000000000e+02 1.085766279523439626e-01
4.021999999999999886e+02 1.086035460179241574e-01
4.023999999999999773e+02 1.085462900037944267e-01
4.026000000000000227e+02 1.084396262552994317e-01
4.028000000000000114e+02 1.083264541818149407e-01
4.030000000000000000e+02 1.081845698112041121e-01
4.031999999999999886e+02 1.080987708779220513e-01
4.033999999999999773e+02 1.080025754948517602e-01
4.036000000000000227e+02 1.079012060013290752e-01
4.038000000000000114e+02 1.079258822446294008e-01
4.040000000000000000e+02 1.079620363778923120e-01
4.041999999999999886e+02 1.079490704912425825e-01
4.043999999999999773e+02 1.079656879538575254e-01
4.046000000000000227e+02 1.080951697971477832e-01
4.048000000000000114e+02 1.080965307276042509e-01
4.050000000000000000e+02 1.080297383837834635e-01
4.051999999999999886e+02 1.080631107774462363e-01
4.053999999999999773e+02 1.081749462577561161e-01
4.056000000000000227e+02 1.082957754417235019e-01
4.058000000000000114e+02 1.083696338486055954e-01
4.060000000000000000e+02 1.084195444685895904e-01
4.061999999999999886e+02 1.085592675073133451e-01
4.063999999999999773e+02 1.087017193046419528e-01
4.066000000000000227e+02 1.087912429096406508e-01
4.068000000000000114e+02 1.088891582688340520e-01
4.070000000000000000e+02 1.090459829112317980e-01
4.071999999999999886e+02 1.091678250947991091e-01
4.073999999999999773e+02 1.092177203672042574e-01
4.076000000000000227e+02 1.093164365558288997e-01
4.078000000000000114e+02 1.095206073863447815e-01
4.080000000000000000e+02 1.096890905116872372e-01
4.081999999999999886e+02 1.097814233167743736e-01
4.083999999999999773e+02 1.100319245631204979e-01
4.086000000000000227e+02 1.101598438395358648e-01
4.088000000000000114e+02 1.101892137660165638e-01
4.090000000000000000e+02 1.103666075626330567e-01
4.091999999999999886e+02 1.105194440291346891e-01
4.093999999999999773e+02 1.106597888457317991e-01
4.096000000000000227e+02 1.108030834697733280e-01
4.098000000000000114e+02 1.108971401573392856e-01
4.100000000000000000e+02 1.110265838128860205e-01
4.101999999999999886e+02 1.111536525295747646e-01
4.103999999999999773e+02 1.112091148452687972e-01
4.106000000000000227e+02 1.112309491049277010e-01
4.108000000000000114e+02 1.113532880304111128e-01
4.110000000000000000e+02 1.114835389845652835e-01
4.111999999999999886e+02 1.115026194046797592e-01
4.113999999999999773e+02 1.115646906765986879e-01
4.116000000000000227e+02 1.116170179149631458e-01
4.118000000000000114e+02 1.117014626098352115e-01
4.120000000000000000e+02 1.119204663504937691e-01
4.121999999999999886e+02 1.120949152816771710e-01
4.123999999999999773e+02 1.121797831717862015e-01
4.126000000000000227e+02 1.122482270325081688e-01
4.128000000000000114e+02 1.123689136575830583e-01
4.130000000000000000e+02 1.124679099089958001e-01
4.131999999999999886e+02 1.125235716796990082e-01
4.133999999999999773e+02 1.125674277083545949e-01
4.136000000000000227e+02 1.126289540734625172e-01
4.138000000000000114e+02 1.127304459394775360e-01
4.140000000000000000e+02 1.128494614928609030e-01
4.141999999999999886e+02 1.129386640785185469e-01
4.143999999999999773e+02 1.129906403498749101e-01
4.146000000000000227e+02 1.130995250891494996e-01
4.148000000000000114e+02 1.131768328298076443e-01
4.150000000000000000e+02 1.130771694480478817e-01
4.151999999999999886e+02 1.131428462676692392e-01
4.153999999999999773e+02 1.132995368568507355e-01
4.156000000000000227e+02 1.133648287788766029e-01
4.158000000000000114e+02 1.133823215003586238e-01
4.160000000000000000e+02 1.133579538491595040e-01
4.161999999999999886e+02 1.134440677150287402e-01
4.163999999999999773e+02 1.136689350577317903e-01
4.166000000000000227e+02 1.137065098875931490e-01
4.168000000000000114e+02 1.136926118933190843e-01
4.170000000000000000e+02 1.137919824832149540e-01
4.171999999999999886e+02 1.139573161557736747e-01
4.173999999999999773e+02 1.139978470243828146e-01
4.176000000000000227e+02 1.140627697231387239e-01
4.178000000000000114e+02 1.142472906736763383e-01
4.180000000000000000e+02 1.144021641023728053e-01
4.181999999999999886e+02 1.144626112750848079e-01
4.183999999999999773e+02 1.144608645527084301e-01
4.186000000000000227e+02 1.144493628289583453e-01
4.188000000000000114e+02 1.144605674970518017e-01
4.190000000000000000e+02 1.146050587278324706e-01
4.191999999999999886e+02 1.147208107695320556e-01
4.193999999999999773e+02 1.146547018035314613e-01
4.196000000000000227e+02 1.147120673230930532e-01
4.198000000000000114e+02 1.148953190301403859e-01
4.200000000000000000e+02 1.150285098286121244e-01
4.201999999999999886e+02 1.150279735079654808e-01
4.203999999999999773e+02 1.151270506089055456e-01
4.206000000000000227e+02 1.151965145685246439e-01
4.208000000000000114e+02 1.151939906852897100e-01
4.210000000000000000e+02 1.153575187356505882e-01
4.211999999999999886e+02 1.154478726974652036e-01
4.213999999999999773e+02 1.155576709063643182e-01
4.216000000000000227e+02 1.158285276281775800e-01
4.218000000000000114e+02 1.159893117801730766e-01
4.220000000000000000e+02 1.160447882051564850e-01
4.221999999999999886e+02 1.161031781727031587e-01
4.223999999999999773e+02 1.162295400224709341e-01
4.226000000000000227e+02 1.163918178261040270e-01
4.228000000000000114e+02 1.165448839269458137e-01
4.230000000000000000e+02 1.166408499572278989e-01
4.231999999999999886e+02 1.166746082590404410e-01
4.233999999999999773e+02 1.167761261753134105e-01
4.236000000000000227e+02 1.169627108866959919e-01
4.238000000000000114e+02 1.171337375515247026e-01
4.240000000000000000e+02 1.171915224382524268e-01
4.241999999999999886e+02 1.172770402706808657e-01
4.243999999999999773e+02 1.174535544021493849e-01
4.246000000000000227e+02 1.176756910107182030e-01
4.248000000000000114e+02 1.178985362714371210e-01
4.250000000000000000e+02 1.180648789588781000e-01
4.251999999999999886e+02 1.182055628742824382e-01
4.253999999999999773e+02 1.183664405277693177e-01
4.256000000000000227e+02 1.184212136877937360e-01
4.258000000000000114e+02 1.185099835524016099e-01
4.260000000000000000e+02 1.187334139620226936e-01
4.261999999999999886e+02 1.189637252837704717e-01
4.263999999999999773e+02 1.191340287138534793e-01
4.266000000000000227e+02 1.193037122840928388e-01
4.268000000000000114e+02 1.195000201509893722e-01
4.270000000000000000e+02 1.196249065435161241e-01
4.271999999999999886e+02 1.198123823010891764e-01
4.273999999999999773e+02 1.200264518787391432e-01
4.276000000000000227e+02 1.201305701086841926e-01
4.278000000000000114e+02 1.202273138784158146e-01
4.280000000000000000e+02 1.203616656437640209e-01
4.281999999999999886e+02 1.205362510814126376e-01
4.283999999999999773e+02 1.207404834818443795e-01
4.286000000000000227e+02 1.209370690067546883e-01
4.288000000000000114e+02 1.211009829134682414e-01
4.290000000000000000e+02 1.212147075787892991e-01
4.291999999999999886e+02 1.212860607674560443e-01
4.293999999999999773e+02 1.214280851350941215e-01
4.296000000000000227e+02 1.216163555023375975e-01
4.298000000000000114e+02 1.217757458305590845e-01
4.300000000000000000e+02 1.219555681437749228e-01
4.301999999999999886e+02 1.221580234638736662e-01
4.303999999999999773e+02 1.223800479473854952e-01
4.306000000000000227e+02 1.226238455807271421e-01
4.308000000000000114e+02 1.228650784655510031e-01
4.310000000000000000e+02 1.230828027985507167e-01
4.311999999999999886e+02 1.232728834580470445e-01
4.313999999999999773e+02 1.234441318321951031e-01
4.316000000000000227e+02 1.235971234142632380e-01
4.318000000000000114e+02 1.237674970175329792e-01
4.320000000000000000e+02 1.239820600909528336e-01
4.321999999999999886e+02 1.242041973095556473e-01
4.323999999999999773e+02 1.243536886743349112e-01
4.326000000000000227e+02 1.245186974095452981e-01
4.328000000000000114e+02 1.247726706310492428e-01
4.330000000000000000e+02 1.249060724232739505e-01
4.331999999999999886e+02 1.250908320770572624e-01
4.333999999999999773e+02 1.253815119653028665e-01
4.336000000000000227e+02 1.255968610888113790e-01
4.338000000000000114e+02 1.257524922660776534e-01
4.340000000000000000e+02 1.258848281098194910e-01
4.341999999999999886e+02 1.260301634672246762e-01
4.343999999999999773e+02 1.262248777772963793e-01
4.346000000000000227e+02 1.264537749462431582e-01
4.348000000000000114e+02 1.266579094248631854e-01
4.350000000000000000e+02 1.268110468360139353e-01
4.351999999999999886e+02 1.269671795535544101e-01
4.353999999999999773e+02 1.270909238978775446e-01
4.356000000000000227e+02 1.272557110143471559e-01
4.358000000000000114e+02 1.275139587675941655e-01
4.360000000000000000e+02 1.276097246777752603e-01
4.361999999999999886e+02 1.276614080237819804e-01
4.363999999999999773e+02 1.277207698765065458e-01
4.366000000000000227e+02 1.276224240682381217e-01
4.368000000000000114e+02 1.276427631306051302e-01
4.370000000000000000e+02 1.277996683225703090e-01
4.371999999999999886e+02 1.279149772047289413e-01
4.373999999999999773e+02 1.280038157800222620e-01
4.376000000000000227e+02 1.280651513701571986e-01
4.378000000000000114e+02 1.280883428221813447e-01
4.380000000000000000e+02 1.281055139908102158e-01
4.381999999999999886e+02 1.282468738407053221e-01
4.383999999999999773e+02 1.283803389185844690e-01
4.386000000000000227e+02 1.283528511893204105e-01
4.388000000000000114e+02 1.284020671352100740e-01
4.390000000000000000e+02 1.285818291598548047e-01
4.391999999999999886e+02 1.287740287081725887e-01
4.393999999999999773e+02 1.288543712560241139e-01
4.396000000000000227e+02 1.289826540695119816e-01
4.398000000000000114e+02 1.291923053721232006e-01
4.400000000000000000e+02 1.293473954320916441e-01
4.401999999999999886e+02 1.293153754395130750e-01
4.403999999999999773e+02 1.293324507950071867e-01
4.406000000000000227e+02 1.294948680668210617e-01
4.408000000000000114e+02 1.296016216539968013e-01
4.410000000000000000e+02 1.297109328857729005e-01
4.411999999999999886e+02 1.298012644635129775e-01
4.413999999999999773e+02 1.298102394791127157e-01
4.416000000000000227e+02 1.298058450113704632e-01
4.418000000000000114e+02 1.297998294000606290e-01
4.420000000000000000e+02 1.297629642020743934e-01
4.421999999999999886e+02 1.296988485708580607e-01
4.423999999999999773e+02 1.297541846289709255e-01
4.426000000000000227e+02 1.297967149207957249e-01
4.428000000000000114e+02 1.296732579424801912e-01
4.430000000000000000e+02 1.296154678479380096e-01
4.431999999999999886e+02 1.296074570153297745e-01
4.433999999999999773e+02 1.295443643795040622e-01
4.436000000000000227e+02 1.294089911437604490e-01
4.438000000000000114e+02 1.293372429556595982e-01
4.440000000000000000e+02 1.293125264840543354e-01
4.441999999999999886e+02 1.292674400338795215e-01
4.443999999999999773e+02 1.292800558142832290e-01
4.446000000000000227e+02 1.292959888055793538e-01
4.448000000000000114e+02 1.292496931852787634e-01
4.450000000000000000e+02 1.291633855688770760e-01
4.451999999999999886e+02 1.291475958350357112e-01
4.453999999999999773e+02 1.291889514605137623e-01
4.456000000000000227e+02 1.291512630043241683e-01
4.458000000000000114e+02 1.289103344206981028e-01
4.460000000000000000e+02 1.287066506197016291e-01
4.461999999999999886e+02 1.286539738495877661e-01
4.463999999999999773e+02 1.286000249654789818e-01
4.466000000000000227e+02 1.285718386732760121e-01
4.468000000000000114e+02 1.284913650099150650e-01
4.470000000000000000e+02 1.283316149896553682e-01
4.471999999999999886e+02 1.283046733457759436e-01
4.473999999999999773e+02 1.282492840436607329e-01
4.476000000000000227e+02 1.280948337935947923e-01
4.478000000000000114e+02 1.279920519933206435e-01
4.480000000000000000e+02 1.278689743658913414e-01
4.481999999999999886e+02 1.277563408680691404e-01
4.483999999999999773e+02 1.277072452614455844e-01
4.486000000000000227e+02 1.276275675390459718e-01
4.488000000000000114e+02 1.274932771429057310e-01
4.490000000000000000e+02 1.273660717612800919e-01
4.491999999999999886e+02 1.273168146446426452e-01
4.493999999999999773e+02 1.272630812248154164e-01
4.496000000000000227e+02 1.272171453491896254e-01
4.498000000000000114e+02 1.271932211057190953e-01
4.500000000000000000e+02 1.270787696735924677e-01
4.501999999999999886e+02 1.269534738204094182e-01
4.503999999999999773e+02 1.268240061968751164e-01
4.506000000000000227e+02 1.266014348804102574e-01
4.508000000000000114e+02 1.264306292723087199e-01
4.510000000000000000e+02 1.263236520744592806e-01
4.511999999999999886e+02 1.261830607243649149e-01
4.513999999999999773e+02 1.259677014520564631e-01
4.516000000000000227e+02 1.258323703808526539e-01
4.518000000000000114e+02 1.257840886065475505e-01
4.520000000000000000e+02 1.256594796738171038e-01
4.521999999999999886e+02 1.255142143149699518e-01
4.523999999999999773e+02 1.253271888271648982e-01
4.526000000000000227e+02 1.251116211614592133e-01
4.528000000000000114e+02 1.250316669539396630e-01
4.530000000000000000e+02 1.248950151890213522e-01
4.531999999999999886e+02 1.246506687722704898e-01
4.533999999999999773e+02 1.244927935412282749e-01
4.536000000000000227e+02 1.244328286105148562e-01
4.538000000000000114e+02 1.245034289659805449e-01
4.540000000000000000e+02 1.246391029309497633e-01
4.541999999999999886e+02 1.245954210872250723e-01
4.543999999999999773e+02 1.245161983972129516e-01
4.546000000000000227e+02 1.244700984878958916e-01
4.548000000000000114e+02 1.243436628701045654e-01
4.550000000000000000e+02 1.242027821289449219e-01
4.551999999999999886e+02 1.240890398206518641e-01
4.553999999999999773e+02 1.240095401921302021e-01
4.556000000000000227e+02 1.239568008971130009e-01
4.558000000000000114e+02 1.237997795294441261e-01
4.560000000000000000e+02 1.235857674471567413e-01
4.561999999999999886e+02 1.234947744254281665e-01
4.563999999999999773e+02 1.233980917673785094e-01
4.566000000000000227e+02 1.232300919161674890e-01
4.568000000000000114e+02 1.230067968787273980e-01
4.570000000000000000e+02 1.227575118990901493e-01
4.571999999999999886e+02 1.225494257504262940e-01
4.573999999999999773e+02 1.223978970785910003e-01
4.576000000000000227e+02 1.222519328974100983e-01
4.578000000000000114e+02 1.220779623406893777e-01
4.580000000000000000e+02 1.219909229647990201e-01
4.581999999999999886e+02 1.220123342719103554e-01
4.583999999999999773e+02 1.219120231056641801e-01
4.586000000000000227e+02 1.217966761060827463e-01
4.588000000000000114e+02 1.217315281145652517e-01
4.590000000000000000e+02 1.216329230805898443e-01
4.591999999999999886e+02 1.214961018165984230e-01
4.593999999999999773e+02 1.213788465200977551e-01
4.596000000000000227e+02 1.213186778955802347e-01
4.598000000000000114e+02 1.212639253446554932e-01
4.600000000000000000e+02 1.211302963115212517e-01
4.601999999999999886e+02 1.209923061151592094e-01
4.603999999999999773e+02 1.209598246754234607e-01
4.606000000000000227e+02 1.207922012786590837e-01
4.608000000000000114e+02 1.205993739269723142e-01
4.610000000000000000e+02 1.205071688653617246e-01
4.611999999999999886e+02 1.203207441776144582e-01
4.613999999999999773e+02 1.202016162092757467e-01
4.616000000000000227e+02 1.201560412719668292e-01
4.618000000000000114e+02 1.200000892207197523e-01
4.620000000000000000e+02 1.198126540108985782e-01
4.621999999999999886e+02 1.196432570202375922e-01
4.623999999999999773e+02 1.195104475536804822e-01
4.626000000000000227e+02 1.194352084129680081e-01
4.628000000000000114e+02 1.193215542086203951e-01
4.630000000000000000e+02 1.191884501388136286e-01
4.631999999999999886e+02 1.191213341092959010e-01
4.633999999999999773e+02 1.189956511339291811e-01
4.636000000000000227e+02 1.189535269559987007e-01
4.638000000000000114e+02 1.190382260666580927e-01
4.640000000000000000e+02 1.189355338555550257e-01
4.641999999999999886e+02 1.187778253671589734e-01
4.643999999999999773e+02 1.186962460317630974e-01
4.646000000000000227e+02 1.186457652463918933e-01
4.648000000000000114e+02 1.185262527147188938e-01
4.650000000000000000e+02 1.183457717474962478e-01
4.651999999999999886e+02 1.181994238847707268e-01
4.653999999999999773e+02 1.181754551330267133e-01
4.656000000000000227e+02 1.181636602051384100e-01
4.658000000000000114e+02 1.181232890387267087e-01
4.660000000000000000e+02 1.180896215278320893e-01
4.661999999999999886e+02 1.179750094075049660e-01
4.663999999999999773e+02 1.178470024749681822e-01
4.666000000000000227e+02 1.177468642690306655e-01
4.668000000000000114e+02 1.175456920641226866e-01
4.670000000000000000e+02 1.172512347471686145e-01
4.671999999999999886e+02 1.169845551621784274e-01
4.673999999999999773e+02 1.168554982864587755e-01
4.676000000000000227e+02 1.167783871632805393e-01
4.678000000000000114e+02 1.166484198490322644e-01
4.680000000000000000e+02 1.164761677960383379e-01
4.681999999999999886e+02 1.163935418743424766e-01
4.683999999999999773e+02 1.163128519419245055e-01
4.686000000000000227e+02 1.161581778782439234e-01
4.688000000000000114e+02 1.159557049982116173e-01
4.690000000000000000e+02 1.157868760217447834e-01
4.691999999999999886e+02 1.156275876065082919e-01
4.693999999999999773e+02 1.154365626223664842e-01
4.696000000000000227e+02 1.152398678496483198e-01
4.698000000000000114e+02 1.150592729015696702e-01
4.700000000000000000e+02 1.149509407727806187e-01
4.701999999999999886e+02 1.149323886335946732e-01
4.703999999999999773e+02 1.148452029459093859e-01
4.706000000000000227e+02 1.146469296940038352e-01
4.708000000000000114e+02 1.144290434296038050e-01
4.710000000000000000e+02 1.143108819371043972e-01
4.711999999999999886e+02 1.141510871765190061e-01
4.713999999999999773e+02 1.138924597481532908e-01
4.716000000000000227e+02 1.136196023868666083e-01
4.718000000000000114e+02 1.133998382304735875e-01
4.720000000000000000e+02 1.132282289240255924e-01
4.721999999999999886e+02 1.130952531659252802e-01
4.723999999999999773e+02 1.130201411665952005e-01
4.726000000000000227e+02 1.129387141287766794e-01
4.728000000000000114e+02 1.128077677756863517e-01
4.730000000000000000e+02 1.126450291226201716e-01
4.731999999999999886e+02 1.125023996651212388e-01
4.733999999999999773e+02 1.122888732543030066e-01
4.736000000000000227e+02 1.120061772537242484e-01
4.738000000000000114e+02 1.118418871060798958e-01
4.740000000000000000e+02 1.117120800677247616e-01
4.741999999999999886e+02 1.115878895629460188e-01
4.743999999999999773e+02 1.115236700138175774e-01
4.746000000000000227e+02 1.114724791705486440e-01
4.748000000000000114e+02 1.113142497858318480e-01
4.750000000000000000e+02 1.110452977247924911e-01
4.751999999999999886e+02 1.108214547592881460e-01
4.753999999999999773e+02 1.105859037487430807e-01
4.756000000000000227e+02 1.103284919615844240e-01
4.758000000000000114e+02 1.101190420612790100e-01
4.760000000000000000e+02 1.099779525026303717e-01
4.761999999999999886e+02 1.098318386962693349e-01
4.763999999999999773e+02 1.096490015211185054e-01
4.766000000000000227e+02 1.095027720179425901e-01
4.768000000000000114e+02 1.093980048944965255e-01
4.770000000000000000e+02 1.092641847870222394e-01
4.771999999999999886e+02 1.090569724586010758e-01
4.773999999999999773e+02 1.088804108532831216e-01
4.776000000000000227e+02 1.086544749497807272e-01
4.778000000000000114e+02 1.083304951673770555e-01
4.780000000000000000e+02 1.080275048802940008e-01
4.781999999999999886e+02 1.077815566552697557e-01
4.783999999999999773e+02 1.075661839039522560e-01
4.786000000000000227e+02 1.073438746996673576e-01
4.788000000000000114e+02 1.071201545742359595e-01
4.790000000000000000e+02 1.068876135398799943e-01
4.791999999999999886e+02 1.066495669035179839e-01
4.793999999999999773e+02 1.064190238591676552e-01
4.796000000000000227e+02 1.061375533025203100e-01
4.798000000000000114e+02 1.058327223889629076e-01
4.800000000000000000e+02 1.055733734347237551e-01
4.801999999999999886e+02 1.053257909295576833e-01
4.803999999999999773e+02 1.050714203749693876e-01
4.806000000000000227e+02 1.048210811995932412e-01
4.808000000000000114e+02 1.046123337336264669e-01
4.810000000000000000e+02 1.044982251576267729e-01
4.811999999999999886e+02 1.043466194470441255e-01
4.813999999999999773e+02 1.040477468369460368e-01
4.816000000000000227e+02 1.038521472059879547e-01
4.818000000000000114e+02 1.037110186704707226e-01
4.820000000000000000e+02 1.035431387295616679e-01
4.821999999999999886e+02 1.034211678642303622e-01
4.823999999999999773e+02 1.033094003819984563e-01
4.826000000000000227e+02 1.031317612009330920e-01
4.828000000000000114e+02 1.028771134243158525e-01
4.830000000000000000e+02 1.026742332799914503e-01
4.831999999999999886e+02 1.024775383030583353e-01
4.833999999999999773e+02 1.022479022955377348e-01
4.836000000000000227e+02 1.020458959695699219e-01
4.838000000000000114e+02 1.018262446663297793e-01
4.840000000000000000e+02 1.016019196011701820e-01
4.841999999999999886e+02 1.014494107760028629e-01
4.843999999999999773e+02 1.014069601365807649e-01
4.846000000000000227e+02 1.013159308821676152e-01
4.848000000000000114e+02 1.010980339725165711e-01
4.850000000000000000e+02 1.008715657585859959e-01
4.851999999999999886e+02 1.006722822252896221e-01
4.853999999999999773e+02 1.004630899373588626e-01
4.856000000000000227e+02 1.002225390263830063e-01
4.858000000000000114e+02 1.000290123617060822e-01
4.860000000000000000e+02 9.983876027752822124e-02
4.861999999999999886e+02 9.962091312591297987e-02
4.863999999999999773e+02 9.942838107395399194e-02
4.866000000000000227e+02 9.926993796091646005e-02
4.868000000000000114e+02 9.909657581675945792e-02
4.870000000000000000e+02 9.887685266451279320e-02
4.871999999999999886e+02 9.867827404137674563e-02
4.873999999999999773e+02 9.847849064920452533e-02
4.876000000000000227e+02 9.824885460661839098e-02
4.878000000000000114e+02 9.800919032270757891e-02
4.880000000000000000e+02 9.777600776051373344e-02
4.881999999999999886e+02 9.756992048224658043e-02
4.883999999999999773e+02 9.738896367742505555e-02
4.886000000000000227e+02 9.718410434011154342e-02
4.888000000000000114e+02 9.697338643337863329e-02
4.890000000000000000e+02 9.678404863973680272e-02
4.891999999999999886e+02 9.661997294734231412e-02
4.893999999999999773e+02 9.649995305259659317e-02
4.896000000000000227e+02 9.639472287640984960e-02
4.898000000000000114e+02 9.627031786497874943e-02
4.900000000000000000e+02 9.615281305273085111e-02
4.901999999999999886e+02 9.600106779522815659e-02
4.903999999999999773e+02 9.576414642890859752e-02
4.906000000000000227e+02 9.547605295787947588e-02
4.908000000000000114e+02 9.535708012367818953e-02
4.910000000000000000e+02 9.531527817842114225e-02
4.911999999999999886e+02 9.514413782932223951e-02
4.913999999999999773e+02 9.493096991392296902e-02
4.916000000000000227e+02 9.476420548135072730e-02
4.918000000000000114e+02 9.465965088998631871e-02
4.920000000000000000e+02 9.456593554238126864e-02
4.921999999999999886e+02 9.444053263183432856e-02
4.923999999999999773e+02 9.425571711380481554e-02
4.926000000000000227e+02 9.401700812852509248e-02
4.928000000000000114e+02 9.378343112962148065e-02
4.930000000000000000e+02 9.363238045463223580e-02
4.931999999999999886e+02 9.352230002236669448e-02
4.933999999999999773e+02 9.332280446841384469e-02
4.936000000000000227e+02 9.310668325834908776e-02
4.938000000000000114e+02 9.294129003578008308e-02
4.940000000000000000e+02 9.282918123808270305e-02
4.941999999999999886e+02 9.272807604634844547e-02
4.943999999999999773e+02 9.265548577786572593e-02
4.946000000000000227e+02 9.257265827374600020e-02
4.948000000000000114e+02 9.239958775648507427e-02
4.950000000000000000e+02 9.224367024040600049e-02
4.951999999999999886e+02 9.214552541748674552e-02
4.953999999999999773e+02 9.206906874139053620e-02
4.956000000000000227e+02 9.197481864517134675e-02
4.958000000000000114e+02 9.180696946338176567e-02
4.960000000000000000e+02 9.156328837944735510e-02
4.961999999999999886e+02 9.133380453087378004e-02
4.963999999999999773e+02 9.126813568439934299e-02
4.966000000000000227e+02 9.126522061829017707e-02
4.968000000000000114e+02 9.115026401572651205e-02
4.970000000000000000e+02 9.096501108446983230e-02
4.971999999999999886e+02 9.081521196004038732e-02
4.973999999999999773e+02 9.068483717789971310e-02
4.976000000000000227e+02 9.047974127607222306e-02
4.978000000000000114e+02 9.035305083270855908e-02
4.980000000000000000e+02 9.026578296477480445e-02
4.981999999999999886e+02 9.009856919654685159e-02
4.983999999999999773e+02 8.990162547212338096e-02
4.986000000000000227e+02 8.974654965175060672e-02
4.988000000000000114e+02 8.963069808913326497e-02
4.990000000000000000e+02 8.947890671022840081e-02
4.991999999999999886e+02 8.926317988773105339e-02
4.993999999999999773e+02 8.905665391282646670e-02
4.996000000000000227e+02 8.891960186187017334e-02
4.998000000000000114e+02 8.879346294854137400e-02
5.000000000000000000e+02 8.871654110126600545e-02
5.001999999999999886e+02 8.863011956342997655e-02
5.003999999999999773e+02 8.841863267022015416e-02
5.006000000000000227e+02 8.826169192318197854e-02
5.008000000000000114e+02 8.810183223981310485e-02
5.010000000000000000e+02 8.781859888414433879e-02
5.011999999999999886e+02 8.753064363016049843e-02
5.013999999999999773e+02 8.732005105836102010e-02
5.016000000000000227e+02 8.712569209689671745e-02
5.018000000000000114e+02 8.683843848748926120e-02
5.020000000000000000e+02 8.660423037348949360e-02
5.021999999999999886e+02 8.647742892399229442e-02
5.023999999999999773e+02 8.636931378761872335e-02
5.026000000000000227e+02 8.613901880123270294e-02
5.028000000000000114e+02 8.586925452283955540e-02
5.030000000000000000e+02 8.563073715002408881e-02
5.031999999999999886e+02 8.539748984839493073e-02
5.033999999999999773e+02 8.516674398938670065e-02
5.036000000000000227e+02 8.493935964697560403e-02
5.038000000000000114e+02 8.472630936343528152e-02
5.040000000000000000e+02 8.455606538564833241e-02
5.041999999999999886e+02 8.443776619588155841e-02
5.043999999999999773e+02 8.431273269136249637e-02
5.046000000000000227e+02 8.412352657218957752e-02
5.048000000000000114e+02 8.399515125255199721e-02
5.050000000000000000e+02 8.386182993122615059e-02
5.051999999999999886e+02 8.365458718803281402e-02
5.053999999999999773e+02 8.351851200045162793e-02
5.056000000000000227e+02 8.341202709887171607e-02
5.058000000000000114e+02 8.319925779098316654e-02
5.060000000000000000e+02 8.283554342309484841e-02
5.061999999999999886e+02 8.259344566373416630e-02
5.063999999999999773e+02 8.249694866021489714e-02
5.066000000000000227e+02 8.240447443946566364e-02
5.068000000000000114e+02 8.224096429147836895e-02
5.070000000000000000e+02 8.204362172003432097e-02
5.071999999999999886e+02 8.184933224574100774e-02
5.073999999999999773e+02 8.165427069823258388e-02
5.076000000000000227e+02 8.145254565753426435e-02
5.078000000000000114e+02 8.128912342696051341e-02
5.080000000000000000e+02 8.116103981985511862e-02
5.081999999999999886e+02 8.094997033439921275e-02
5.083999999999999773e+02 8.064524589468669014e-02
5.086000000000000227e+02 8.034116659692588924e-02
5.088000000000000114e+02 8.016797098104816444e-02
5.090000000000000000e+02 8.014547527752333145e-02
5.091999999999999886e+02 8.002798721792780956e-02
5.093999999999999773e+02 7.969587977193154371e-02
5.096000000000000227e+02 7.943899941901233497e-02
5.098000000000000114e+02 7.929513167589261058e-02
5.100000000000000000e+02 7.916759889018679108e-02
5.101999999999999886e+02 7.897411616045327265e-02
5.103999999999999773e+02 7.877123515689213318e-02
5.106000000000000227e+02 7.859588728299246596e-02
5.108000000000000114e+02 7.841715438939983462e-02
5.110000000000000000e+02 7.816465644649683853e-02
5.111999999999999886e+02 7.791673611622604301e-02
5.113999999999999773e+02 7.769079673847067991e-02
5.116000000000000227e+02 7.743437085149451615e-02
5.118000000000000114e+02 7.720055958331120682e-02
5.120000000000000000e+02 7.693506766100632888e-02
5.122000000000000455e+02 7.660957810104779275e-02
5.123999999999999773e+02 7.635143270632377410e-02
5.126000000000000227e+02 7.623866610209950601e-02
5.127999999999999545e+02 7.610809536130400121e-02
5.130000000000000000e+02 7.575371912655798345e-02
5.132000000000000455e+02 7.542361341214548487e-02
5.133999999999999773e+02 7.518782764883585878e-02
5.136000000000000227e+02 7.496960097332708295e-02
5.137999999999999545e+02 7.471267925750546546e-02
5.140000000000000000e+02 7.444712463075234266e-02
5.142000000000000455e+02 7.419209609417015683e-02
5.143999999999999773e+02 7.394909986285941317e-02
5.146000000000000227e+02 7.375517928825373049e-02
5.147999999999999545e+02 7.349917164994160257e-02
5.150000000000000000e+02 7.314944269532464016e-02
5.152000000000000455e+02 7.289914430305780013e-02
5.153999999999999773e+02 7.273614626533797534e-02
5.156000000000000227e+02 7.256135755781203955e-02
5.157999999999999545e+02 7.231813111356069634e-02
5.160000000000000000e+02 7.209647097526600268e-02
5.162000000000000455e+02 7.191835120662512515e-02
5.163999999999999773e+02 7.176214778243231174e-02
5.166000000000000227e+02 7.160793735715687003e-02
5.167999999999999545e+02 7.138521030666336586e-02
5.170000000000000000e+02 7.111233604819791609e-02
5.172000000000000455e+02 7.086554244973827799e-02
5.173999999999999773e+02 7.061848441064982884e-02
5.176000000000000227e+02 7.036750413467035559e-02
5.177999999999999545e+02 7.014672875188365797e-02
5.180000000000000000e+02 6.999341461835550948e-02
5.182000000000000455e+02 6.984657077926523239e-02
5.183999999999999773e+02 6.964257720032379639e-02
5.186000000000000227e+02 6.937266987142923225e-02
5.187999999999999545e+02 6.910811222350010663e-02
5.190000000000000000e+02 6.893883619776600136e-02
5.192000000000000455e+02 6.881319036329014427e-02
5.193999999999999773e+02 6.853616081628063905e-02
5.196000000000000227e+02 6.826204631705992676e-02
5.197999999999999545e+02 6.807301471448623520e-02
5.200000000000000000e+02 6.788604376585027911e-02
5.202000000000000455e+02 6.763086372997964557e-02
5.203999999999999773e+02 6.736720823775105282e-02
5.206000000000000227e+02 6.716068798388916128e-02
5.207999999999999545e+02 6.698501076375171226e-02
5.210000000000000000e+02 6.681129011578909593e-02
5.212000000000000455e+02 6.661756402086285722e-02
5.213999999999999773e+02 6.642382052305956242e-02
5.216000000000000227e+02 6.631945263970950855e-02
5.217999999999999545e+02 6.618290245787444848e-02
5.220000000000000000e+02 6.588857856763469245e-02
5.222000000000000455e+02 6.551078511568231288e-02
5.223999999999999773e+02 6.526995444252772782e-02
5.226000000000000227e+02 6.508592948939412315e-02
5.227999999999999545e+02 6.475128792517273468e-02
5.230000000000000000e+02 6.445250937217650300e-02
5.232000000000000455e+02 6.417947213296903985e-02
5.233999999999999773e+02 6.389922419639484930e-02
5.236000000000000227e+02 6.368373727791046268e-02
5.237999999999999545e+02 6.335826753405821021e-02
5.240000000000000000e+02 6.283277644151147312e-02
5.242000000000000455e+02 6.226862538601549840e-02
5.243999999999999773e+02 6.203862580926198383e-02
5.246000000000000227e+02 6.192130113971506394e-02
5.247999999999999545e+02 6.166906039390115252e-02
5.250000000000000000e+02 6.143463844240484167e-02
5.252000000000000455e+02 6.128504093427471905e-02
5.253999999999999773e+02 6.112998740537819303e-02
5.256000000000000227e+02 6.089627345554091825e-02
5.257999999999999545e+02 6.077407865459235475e-02
5.260000000000000000e+02 6.068373988477799436e-02
5.262000000000000455e+02 6.051602005659342115e-02
5.263999999999999773e+02 6.032586964524474377e-02
5.266000000000000227e+02 6.012412139862894495e-02
5.267999999999999545e+02 6.000449927354314233e-02
5.270000000000000000e+02 6.005539780352654039e-02
5.272000000000000455e+02 6.014682860890415567e-02
5.273999999999999773e+02 6.008297876750106487e-02
5.276000000000000227e+02 5.983639484400297276e-02
5.277999999999999545e+02 5.961318637074660559e-02
5.280000000000000000e+02 5.951603686505999719e-02
5.282000000000000455e+02 5.940699647373128695e-02
5.283999999999999773e+02 5.916026149971120168e-02
5.286000000000000227e+02 5.903610606246683518e-02
5.287999999999999545e+02 5.893517423385668391e-02
5.290000000000000000e+02 5.874226338854558055e-02
5.292000000000000455e+02 5.857794751884248113e-02
5.293999999999999773e+02 5.848978339639534368e-02
5.296000000000000227e+02 5.838552542641212845e-02
5.297999999999999545e+02 5.815547949650940601e-02
5.300000000000000000e+02 5.786915511881574742e-02
5.302000000000000455e+02 5.762250327223737006e-02
5.303999999999999773e+02 5.744546178726949587e-02
5.306000000000000227e+02 5.728304591350289604e-02
5.307999999999999545e+02 5.710033335216719436e-02
5.310000000000000000e+02 5.691121849807862648e-02
5.312000000000000455e+02 5.677109467391134451e-02
5.313999999999999773e+02 5.672358059718169560e-02
5.316000000000000227e+02 5.659299804182476440e-02
5.317999999999999545e+02 5.632293733915739314e-02
5.320000000000000000e+02 5.609722963242241150e-02
5.322000000000000455e+02 5.588377038622392018e-02
5.323999999999999773e+02 5.561733816341962039e-02
5.326000000000000227e+02 5.528239871994255344e-02
5.327999999999999545e+02 5.493543325977843367e-02
5.330000000000000000e+02 5.470355015518691549e-02
5.332000000000000455e+02 5.458089407583117253e-02
5.333999999999999773e+02 5.441511693366544306e-02
5.336000000000000227e+02 5.430056732938317449e-02
5.337999999999999545e+02 5.418655198033287684e-02
5.340000000000000000e+02 5.397699901808699491e-02
5.342000000000000455e+02 5.380031957765459699e-02
5.343999999999999773e+02 5.353079911351984327e-02
5.346000000000000227e+02 5.318663564038943886e-02
5.347999999999999545e+02 5.302944356947601051e-02
5.350000000000000000e+02 5.289875600129619743e-02
5.352000000000000455e+02 5.269400372048334974e-02
5.353999999999999773e+02 5.247826106588112521e-02
5.356000000000000227e+02 5.236907231576245353e-02
5.357999999999999545e+02 5.234404779515795109e-02
5.360000000000000000e+02 5.229767487766425610e-02
5.362000000000000455e+02 5.214754070161903982e-02
5.363999999999999773e+02 5.197885016376153217e-02
5.366000000000000227e+02 5.182459601660168586e-02
5.367999999999999545e+02 5.165268879513420369e-02
5.370000000000000000e+02 5.144898320590900881e-02
5.372000000000000455e+02 5.124800495342925893e-02
5.373999999999999773e+02 5.110174621406838452e-02
5.376000000000000227e+02 5.103102709390090058e-02
5.377999999999999545e+02 5.095661529445962706e-02
5.380000000000000000e+02 5.084785908176015640e-02
5.382000000000000455e+02 5.071254924541860470e-02
5.383999999999999773e+02 5.052700849753300610e-02
5.386000000000000227e+02 5.027718147810323474e-02
5.387999999999999545e+02 5.000869000302419348e-02
5.390000000000000000e+02 4.979708408103957623e-02
5.392000000000000455e+02 4.958949578185064405e-02
5.393999999999999773e+02 4.940026704441057709e-02
5.396000000000000227e+02 4.924697803601705420e-02
5.397999999999999545e+02 4.903653140160223883e-02
5.400000000000000000e+02 4.888239926188233525e-02
5.402000000000000455e+02 4.880861952957014221e-02
5.403999999999999773e+02 4.865461491567841384e-02
5.406000000000000227e+02 4.840299686738088608e-02
5.407999999999999545e+02 4.814048589721005994e-02
5.410000000000000000e+02 4.797580916940066137e-02
5.412000000000000455e+02 4.793017319372046975e-02
5.413999999999999773e+02 4.781325948357139505e-02
5.416000000000000227e+02 4.759755175011255030e-02
5.417999999999999545e+02 4.747683968573248453e-02
5.420000000000000000e+02 4.737891925428800582e-02
5.422000000000000455e+02 4.722257628238709509e-02
5.423999999999999773e+02 4.702657266103377892e-02
5.426000000000000227e+02 4.689665840274528236e-02
5.427999999999999545e+02 4.672014805710358182e-02
5.430000000000000000e+02 4.646293085141669360e-02
5.432000000000000455e+02 4.626230117936013658e-02
5.433999999999999773e+02 4.613198830601126371e-02
5.436000000000000227e+02 4.599342384005030565e-02
5.437999999999999545e+02 4.579972591383366792e-02
5.440000000000000000e+02 4.562495540464030913e-02
5.442000000000000455e+02 4.537751850696888217e-02
5.443999999999999773e+02 4.508585452492560458e-02
5.446000000000000227e+02 4.491938047125004080e-02
5.447999999999999545e+02 4.476275932905040417e-02
5.450000000000000000e+02 4.456348131428205378e-02
5.452000000000000455e+02 4.438602348981377649e-02
5.453999999999999773e+02 4.431686191656143692e-02
5.456000000000000227e+02 4.422920428077033173e-02
5.457999999999999545e+02 4.409166367351673166e-02
5.460000000000000000e+02 4.402338781211185409e-02
5.462000000000000455e+02 4.395328141988535248e-02
5.463999999999999773e+02 4.381005954078411729e-02
5.466000000000000227e+02 4.359037035104194185e-02
5.467999999999999545e+02 4.337016341386022711e-02
5.470000000000000000e+02 4.318863867755328573e-02
5.472000000000000455e+02 4.304419310300718060e-02
5.473999999999999773e+02 4.291291530926596293e-02
5.476000000000000227e+02 4.280095813046391057e-02
5.477999999999999545e+02 4.273789096454675557e-02
5.480000000000000000e+02 4.274293801968031409e-02
5.482000000000000455e+02 4.273786475947246449e-02
5.483999999999999773e+02 4.265443957035142120e-02
5.486000000000000227e+02 4.248697908264550960e-02
5.487999999999999545e+02 4.231756482461288688e-02
5.490000000000000000e+02 4.218961087252533215e-02
5.492000000000000455e+02 4.208156872468693521e-02
5.493999999999999773e+02 4.192450529294250439e-02
5.496000000000000227e+02 4.175910061221840136e-02
5.497999999999999545e+02 4.168677389793424420e-02
5.500000000000000000e+02 4.179869403163839758e-02
5.502000000000000455e+02 4.208885689023938309e-02
5.503999999999999773e+02 4.232319127243656248e-02
5.506000000000000227e+02 4.219661115445870470e-02
5.507999999999999545e+02 4.200664887337022396e-02
5.510000000000000000e+02 4.189931383995616765e-02
5.512000000000000455e+02 4.177718456409301034e-02
5.513999999999999773e+02 4.161122659744490720e-02
5.516000000000000227e+02 4.144736066729446528e-02
5.517999999999999545e+02 4.132609894067319767e-02
5.520000000000000000e+02 4.119876233544735034e-02
5.522000000000000455e+02 4.103990767989887378e-02
5.523999999999999773e+02 4.086112187042037491e-02
5.526000000000000227e+02 4.070749707322643407e-02
5.527999999999999545e+02 4.063141745090133317e-02
5.530000000000000000e+02 4.056355048382588591e-02
5.532000000000000455e+02 4.032996995546395125e-02
5.533999999999999773e+02 3.990988385688327977e-02
5.536000000000000227e+02 3.954338456298009397e-02
5.537999999999999545e+02 3.946490435113353401e-02
5.540000000000000000e+02 3.939426913372140460e-02
5.542000000000000455e+02 3.925896447415487545e-02
5.543999999999999773e+02 3.915408478562534822e-02
5.546000000000000227e+02 3.912176271815818313e-02
5.547999999999999545e+02 3.913555186891751192e-02
5.550000000000000000e+02 3.914072858458687160e-02
5.552000000000000455e+02 3.910023567747978462e-02
5.553999999999999773e+02 3.906395307832635083e-02
5.556000000000000227e+02 3.903797784937769466e-02
5.557999999999999545e+02 3.896545623454667623e-02
5.560000000000000000e+02 3.885812595992974017e-02
5.562000000000000455e+02 3.877538020975086763e-02
5.563999999999999773e+02 3.875603687490924293e-02
5.566000000000000227e+02 3.872342469345466803e-02
5.567999999999999545e+02 3.868292246354674419e-02
5.570000000000000000e+02 3.867791934730386433e-02
5.572000000000000455e+02 3.869661164928203667e-02
5.573999999999999773e+02 3.868388611654666881e-02
5.576000000000000227e+02 3.860684025792763402e-02
5.577999999999999545e+02 3.848573329931361670e-02
5.580000000000000000e+02 3.832532954135924735e-02
5.582000000000000455e+02 3.817354070060780674e-02
5.583999999999999773e+02 3.810175616090059197e-02
5.586000000000000227e+02 3.807086243662610725e-02
5.587999999999999545e+02 3.804100961797246550e-02
5.590000000000000000e+02 3.799835167307941131e-02
5.592000000000000455e+02 3.793985654683446757e-02
5.593999999999999773e+02 3.783306803516958694e-02
5.596000000000000227e+02 3.765940619052464411e-02
5.597999999999999545e+02 3.746449487359224811e-02
5.600000000000000000e+02 3.730398981451277934e-02
5.602000000000000455e+02 3.718569893335944843e-02
5.603999999999999773e+02 3.705965900111710815e-02
5.606000000000000227e+02 3.693412551790473120e-02
5.607999999999999545e+02 3.680739975578257300e-02
5.610000000000000000e+02 3.666729153232158034e-02
5.612000000000000455e+02 3.657422653914895599e-02
5.613999999999999773e+02 3.652406905761542560e-02
5.616000000000000227e+02 3.646275352996312252e-02
5.617999999999999545e+02 3.637806454522494320e-02
5.620000000000000000e+02 3.630268708855221432e-02
5.622000000000000455e+02 3.624889862971274884e-02
5.623999999999999773e+02 3.616322853928754383e-02
5.626000000000000227e+02 3.608994600721161100e-02
5.627999999999999545e+02 3.607306622525469075e-02
5.630000000000000000e+02 3.608476179609015205e-02
5.632000000000000455e+02 3.605909679467480394e-02
5.633999999999999773e+02 3.599690439940261139e-02
5.636000000000000227e+02 3.595208760551561050e-02
5.637999999999999545e+02 3.589140562514745586e-02
5.640000000000000000e+02 3.586727845295167166e-02
5.642000000000000455e+02 3.594000653500512010e-02
5.643999999999999773e+02 3.599059544768876129e-02
5.646000000000000227e+02 3.594928174668549775e-02
5.647999999999999545e+02 3.581860749057791393e-02
5.650000000000000000e+02 3.565009638504663264e-02
5.652000000000000455e+02 3.548999777414132972e-02
5.653999999999999773e+02 3.540052637271100949e-02
5.656000000000000227e+02 3.543704051852427511e-02
5.657999999999999545e+02 3.549146425286769241e-02
5.660000000000000000e+02 3.546463646125270347e-02
5.662000000000000455e+02 3.536140073874746714e-02
5.663999999999999773e+02 3.532775301637015863e-02
5.666000000000000227e+02 3.535057386134192459e-02
5.667999999999999545e+02 3.532661191854188226e-02
5.670000000000000000e+02 3.527652044102964207e-02
5.672000000000000455e+02 3.519252716571360379e-02
5.673999999999999773e+02 3.506789963106964753e-02
5.676000000000000227e+02 3.494898840969720005e-02
5.677999999999999545e+02 3.490362974221299791e-02
5.680000000000000000e+02 3.492438712271640766e-02
5.682000000000000455e+02 3.491746188504250142e-02
5.683999999999999773e+02 3.489187195952930809e-02
5.686000000000000227e+02 3.484012971193376634e-02
5.687999999999999545e+02 3.473777008197543453e-02
5.690000000000000000e+02 3.465896198700847697e-02
5.692000000000000455e+02 3.460738988842881891e-02
5.693999999999999773e+02 3.453121895924949475e-02
5.696000000000000227e+02 3.441448369473795732e-02
5.697999999999999545e+02 3.429936484129803703e-02
5.700000000000000000e+02 3.423178291579273558e-02
5.702000000000000455e+02 3.420724340803286273e-02
5.703999999999999773e+02 3.418100183431550809e-02
5.706000000000000227e+02 3.411990428295850336e-02
5.707999999999999545e+02 3.403116812703486926e-02
5.710000000000000000e+02 3.395337062815791812e-02
5.712000000000000455e+02 3.389709653711423659e-02
5.713999999999999773e+02 3.384088293034252098e-02
5.716000000000000227e+02 3.377090524708055430e-02
5.717999999999999545e+02 3.365133493486485022e-02
5.720000000000000000e+02 3.349742369655445834e-02
5.722000000000000455e+02 3.347153126042309162e-02
5.723999999999999773e+02 3.362624607366143659e-02
5.726000000000000227e+02 3.385223509381923845e-02
5.727999999999999545e+02 3.392158192271233635e-02
5.730000000000000000e+02 3.384431739676755507e-02
5.732000000000000455e+02 3.372038504087624539e-02
5.733999999999999773e+02 3.362139527610883555e-02
5.736000000000000227e+02 3.354127281196691429e-02
5.737999999999999545e+02 3.346097529241016943e-02
5.740000000000000000e+02 3.336970013368479454e-02
5.742000000000000455e+02 3.326078827568305224e-02
5.743999999999999773e+02 3.317103117853541921e-02
5.746000000000000227e+02 3.313897278330361906e-02
5.747999999999999545e+02 3.314031734191576900e-02
5.750000000000000000e+02 3.316292371668074640e-02
5.752000000000000455e+02 3.316390828090811510e-02
5.753999999999999773e+02 3.304337435440395793e-02
5.756000000000000227e+02 3.277838939485631931e-02
5.757999999999999545e+02 3.248066225044561606e-02
5.760000000000000000e+02 3.233905715392440539e-02
5.762000000000000455e+02 3.232202767329122456e-02
5.763999999999999773e+02 3.232948196102203992e-02
5.766000000000000227e+02 3.229015869556514651e-02
5.767999999999999545e+02 3.223898299863707517e-02
5.770000000000000000e+02 3.218973770723779909e-02
5.772000000000000455e+02 3.212681587708838410e-02
5.773999999999999773e+02 3.203920463392552487e-02
5.776000000000000227e+02 3.196790339783149582e-02
5.777999999999999545e+02 3.191866315662127834e-02
5.780000000000000000e+02 3.181766949210258766e-02
5.782000000000000455e+02 3.173276502948414735e-02
5.783999999999999773e+02 3.170554554300276939e-02
5.786000000000000227e+02 3.168017431709861664e-02
5.787999999999999545e+02 3.164181201950168332e-02
5.790000000000000000e+02 3.161590362289753292e-02
5.792000000000000455e+02 3.162640646450456949e-02
5.793999999999999773e+02 3.161370206151031120e-02
5.796000000000000227e+02 3.158578728215516440e-02
5.797999999999999545e+02 3.158135141056452738e-02
5.800000000000000000e+02 3.156754770748119998e-02
5.802000000000000455e+02 3.155361871144544972e-02
5.803999999999999773e+02 3.155352080575996032e-02
5.806000000000000227e+02 3.154306344442741467e-02
5.807999999999999545e+02 3.153947746004564373e-02
5.810000000000000000e+02 3.152826332910998314e-02
5.812000000000000455e+02 3.145225278049890161e-02
5.813999999999999773e+02 3.138051045679229878e-02
5.816000000000000227e+02 3.131939951495727598e-02
5.817999999999999545e+02 3.119662262420786619e-02
5.820000000000000000e+02 3.104171538789420731e-02
5.822000000000000455e+02 3.089283541311218378e-02
5.823999999999999773e+02 3.076933965823625688e-02
5.826000000000000227e+02 3.067600099906715033e-02
5.827999999999999545e+02 3.064338700003481353e-02
5.830000000000000000e+02 3.065287906827421360e-02
5.832000000000000455e+02 3.058223321718227250e-02
5.833999999999999773e+02 3.049397654854983652e-02
5.836000000000000227e+02 3.047058725472140406e-02
5.837999999999999545e+02 3.048639658864444463e-02
5.840000000000000000e+02 3.048577130002661645e-02
5.842000000000000455e+02 3.044704080167484617e-02
5.843999999999999773e+02 3.039567923513878528e-02
5.846000000000000227e+02 3.035944340287884818e-02
5.847999999999999545e+02 3.033653685517921639e-02
5.850000000000000000e+02 3.030925207484175266e-02
5.852000000000000455e+02 3.028450643503324824e-02
5.853999999999999773e+02 3.024547980722935153e-02
5.856000000000000227e+02 3.017734630574886445e-02
5.857999999999999545e+02 3.010605785576241783e-02
5.860000000000000000e+02 3.003798821031621047e-02
5.862000000000000455e+02 3.001274274670086978e-02
5.863999999999999773e+02 3.009682279910932956e-02
5.866000000000000227e+02 3.009706277090524323e-02
5.867999999999999545e+02 2.994350840408252501e-02
5.870000000000000000e+02 2.980500000531646071e-02
5.872000000000000455e+02 2.973235552991133207e-02
5.873999999999999773e+02 2.969806334827310851e-02
5.876000000000000227e+02 2.963393945849199240e-02
5.877999999999999545e+02 2.947950607589099742e-02
5.880000000000000000e+02 2.932180564673123047e-02
5.882000000000000455e+02 2.927166925265001912e-02
5.883999999999999773e+02 2.925698652751256013e-02
5.886000000000000227e+02 2.919498692888619629e-02
5.887999999999999545e+02 2.906935035281126012e-02
5.890000000000000000e+02 2.895180562980867456e-02
5.892000000000000455e+02 2.883592656970865309e-02
5.893999999999999773e+02 2.867834362953054772e-02
5.896000000000000227e+02 2.847381092796072433e-02
5.897999999999999545e+02 2.839529441851924157e-02
5.900000000000000000e+02 2.839413431082509626e-02
5.902000000000000455e+02 2.823282815803145052e-02
5.903999999999999773e+02 2.796360363257614778e-02
5.906000000000000227e+02 2.774398977966686941e-02
5.907999999999999545e+02 2.767796424207386724e-02
5.910000000000000000e+02 2.765964102715243178e-02
5.912000000000000455e+02 2.758296271226630403e-02
5.913999999999999773e+02 2.743915535842913339e-02
5.916000000000000227e+02 2.734683313633758106e-02
5.917999999999999545e+02 2.730034196598806612e-02
5.920000000000000000e+02 2.725803544995850092e-02
5.922000000000000455e+02 2.721376146907860533e-02
5.923999999999999773e+02 2.716720590653715767e-02
5.926000000000000227e+02 2.709831151410566075e-02
5.927999999999999545e+02 2.698208776003658410e-02
5.930000000000000000e+02 2.685877339996368962e-02
5.932000000000000455e+02 2.679045254120897973e-02
5.933999999999999773e+02 2.680503497559475617e-02
5.936000000000000227e+02 2.682389383044674058e-02
5.937999999999999545e+02 2.676363961440958450e-02
5.940000000000000000e+02 2.664181879731796626e-02
5.942000000000000455e+02 2.663507650363691748e-02
5.943999999999999773e+02 2.671603239890496528e-02
5.946000000000000227e+02 2.675486024577137384e-02
5.947999999999999545e+02 2.666560834804378166e-02
5.950000000000000000e+02 2.657603548477743827e-02
5.952000000000000455e+02 2.655335418386310653e-02
5.953999999999999773e+02 2.651838373897466572e-02
5.956000000000000227e+02 2.642892478851332355e-02
5.957999999999999545e+02 2.630847593436797666e-02
5.960000000000000000e+02 2.619744947561870874e-02
5.962000000000000455e+02 2.605090637277972937e-02
5.963999999999999773e+02 2.590072720247055954e-02
5.966000000000000227e+02 2.581046476836180298e-02
5.967999999999999545e+02 2.577422724680657196e-02
5.970000000000000000e+02 2.577525560288091572e-02
5.972000000000000455e+02 2.575782979590186816e-02
5.973999999999999773e+02 2.562693939498485174e-02
5.976000000000000227e+02 2.543012936121966105e-02
5.977999999999999545e+02 2.528455506853852924e-02
5.980000000000000000e+02 2.527769481151029979e-02
5.982000000000000455e+02 2.529318713969598564e-02
5.983999999999999773e+02 2.522051744677238777e-02
5.986000000000000227e+02 2.505538574029179261e-02
5.987999999999999545e+02 2.493575475003475400e-02
5.990000000000000000e+02 2.490462302600870981e-02
5.992000000000000455e+02 2.490616388013690286e-02
5.993999999999999773e+02 2.487350900320445257e-02
5.996000000000000227e+02 2.482118152848813986e-02
5.997999999999999545e+02 2.476736805452750545e-02
6.000000000000000000e+02 2.466498642824203891e-02
6.002000000000000455e+02 2.453303878342222993e-02
6.003999999999999773e+02 2.441944570600718123e-02
6.006000000000000227e+02 2.435814880294413787e-02
6.007999999999999545e+02 2.432473689757229385e-02
6.010000000000000000e+02 2.427155959505600952e-02
6.012000000000000455e+02 2.415784514408529648e-02
6.013999999999999773e+02 2.399154537849301772e-02
6.016000000000000227e+02 2.385172293579962410e-02
6.017999999999999545e+02 2.381808799524944009e-02
6.020000000000000000e+02 2.384714007999359092e-02
6.022000000000000455e+02 2.385951480604783098e-02
6.023999999999999773e+02 2.382015807434819527e-02
6.026000000000000227e+02 2.378665258018835410e-02
6.027999999999999545e+02 2.373928563293611210e-02
6.030000000000000000e+02 2.367328965672509111e-02
6.032000000000000455e+02 2.364732618253431035e-02
6.033999999999999773e+02 2.363345511946741972e-02
6.036000000000000227e+02 2.358483854829757781e-02
6.037999999999999545e+02 2.347977969858514036e-02
6.040000000000000000e+02 2.334385946107501303e-02
6.042000000000000455e+02 2.323210801789668545e-02
6.043999999999999773e+02 2.318841243973959049e-02
6.046000000000000227e+02 2.318161497766926121e-02
6.047999999999999545e+02 2.317188173326507894e-02
6.050000000000000000e+02 2.312446403840428405e-02
6.052000000000000455e+02 2.301496851483326306e-02
6.053999999999999773e+02 2.286720055882796726e-02
6.056000000000000227e+02 2.272656249544179746e-02
6.057999999999999545e+02 2.262891451269211096e-02
6.060000000000000000e+02 2.256593597238671506e-02
6.062000000000000455e+02 2.250627821217504598e-02
6.063999999999999773e+02 2.240993650657147063e-02
6.066000000000000227e+02 2.224250922179726170e-02
6.067999999999999545e+02 2.206816324787086447e-02
6.070000000000000000e+02 2.199646052269869922e-02
6.072000000000000455e+02 2.199845857749897077e-02
6.073999999999999773e+02 2.196530697884297584e-02
6.076000000000000227e+02 2.184156819718856279e-02
6.077999999999999545e+02 2.176156537054350915e-02
6.080000000000000000e+02 2.173548336710465212e-02
6.082000000000000455e+02 2.171176598045455181e-02
6.083999999999999773e+02 2.166999562200114943e-02
6.086000000000000227e+02 2.159607071832052999e-02
6.087999999999999545e+02 2.152037593974566454e-02
6.090000000000000000e+02 2.149804874615134781e-02
6.092000000000000455e+02 2.144647392623823257e-02
6.093999999999999773e+02 2.135132798025766998e-02
6.096000000000000227e+02 2.128967625420232629e-02
6.097999999999999545e+02 2.127960368687405179e-02
6.100000000000000000e+02 2.124757672535711184e-02
6.102000000000000455e+02 2.112436230778578367e-02
6.103999999999999773e+02 2.099881784633512993e-02
6.106000000000000227e+02 2.097881728102334725e-02
6.107999999999999545e+02 2.104313495161907327e-02
6.110000000000000000e+02 2.097754962336832035e-02
6.112000000000000455e+02 2.083975669051089247e-02
6.113999999999999773e+02 2.076690528859113927e-02
6.116000000000000227e+02 2.080333064321788356e-02
6.117999999999999545e+02 2.085431958903552485e-02
6.120000000000000000e+02 2.082172836619238659e-02
6.122000000000000455e+02 2.069065497903773559e-02
6.123999999999999773e+02 2.059233382275971191e-02
6.126000000000000227e+02 2.055935763344342998e-02
6.127999999999999545e+02 2.051820422938646638e-02
6.130000000000000000e+02 2.040736814580834668e-02
6.132000000000000455e+02 2.026781935775252841e-02
6.133999999999999773e+02 2.016694013274993730e-02
6.136000000000000227e+02 2.009618344377661625e-02
6.137999999999999545e+02 2.000323994225928353e-02
6.140000000000000000e+02 1.988118877707695242e-02
6.142000000000000455e+02 1.979159939212232766e-02
6.143999999999999773e+02 1.966411967958747037e-02
6.146000000000000227e+02 1.946800319983656158e-02
6.147999999999999545e+02 1.926475906579047659e-02
6.150000000000000000e+02 1.908448482553971870e-02
6.152000000000000455e+02 1.898023561154731087e-02
6.153999999999999773e+02 1.896169416679305969e-02
6.156000000000000227e+02 1.884591112113418593e-02
6.157999999999999545e+02 1.862412649744062121e-02
6.160000000000000000e+02 1.843760332874459090e-02
6.162000000000000455e+02 1.841914084363811127e-02
6.163999999999999773e+02 1.845659395498603500e-02
6.166000000000000227e+02 1.840722396049001425e-02
6.167999999999999545e+02 1.828144540511860566e-02
6.170000000000000000e+02 1.811173102560133252e-02
6.172000000000000455e+02 1.799344258434362048e-02
6.173999999999999773e+02 1.803252089008431508e-02
6.176000000000000227e+02 1.806261588840889915e-02
6.177999999999999545e+02 1.799866687893088291e-02
6.180000000000000000e+02 1.790396452899913060e-02
6.182000000000000455e+02 1.783470311937360858e-02
6.183999999999999773e+02 1.778530239454235995e-02
6.186000000000000227e+02 1.773930049859696184e-02
6.187999999999999545e+02 1.774550075979072078e-02
6.190000000000000000e+02 1.776686127705452700e-02
6.192000000000000455e+02 1.774397426568134761e-02
6.193999999999999773e+02 1.768234686915239051e-02
6.196000000000000227e+02 1.766662132245700595e-02
6.197999999999999545e+02 1.769629841697985956e-02
6.200000000000000000e+02 1.765178251450082864e-02
6.202000000000000455e+02 1.757072887375484005e-02
6.203999999999999773e+02 1.746383557598815001e-02
6.206000000000000227e+02 1.731578583555937190e-02
6.207999999999999545e+02 1.728109214952837369e-02
6.210000000000000000e+02 1.736148330187317623e-02
6.212000000000000455e+02 1.741956236887225173e-02
6.213999999999999773e+02 1.735797128522721666e-02
6.216000000000000227e+02 1.722663337780123288e-02
6.217999999999999545e+02 1.714126162442412837e-02
6.220000000000000000e+02 1.716083566827986823e-02
6.222000000000000455e+02 1.717631987383096831e-02
6.223999999999999773e+02 1.703522237911179321e-02
6.226000000000000227e+02 1.668421270286990499e-02
6.227999999999999545e+02 1.636634999525031497e-02
6.230000000000000000e+02 1.623492079251166037e-02
6.232000000000000455e+02 1.623260534774343539e-02
6.233999999999999773e+02 1.627353099089654670e-02
6.236000000000000227e+02 1.627800933647226278e-02
6.237999999999999545e+02 1.620583187179541057e-02
6.240000000000000000e+02 1.609756811310143754e-02
6.242000000000000455e+02 1.594847425570564831e-02
6.243999999999999773e+02 1.578126647800374288e-02
6.246000000000000227e+02 1.572833548934643444e-02
6.247999999999999545e+02 1.572700422319744246e-02
6.250000000000000000e+02 1.563539184041692204e-02
6.252000000000000455e+02 1.538684454698598797e-02
6.253999999999999773e+02 1.514601492375667463e-02
6.256000000000000227e+02 1.509546568646610853e-02
6.257999999999999545e+02 1.527481300045062385e-02
6.260000000000000000e+02 1.544814742285571113e-02
6.262000000000000455e+02 1.547962393777616019e-02
6.263999999999999773e+02 1.540374253946428379e-02
6.266000000000000227e+02 1.530327119078733755e-02
6.267999999999999545e+02 1.525888934116858414e-02
6.270000000000000000e+02 1.526478854793024420e-02
6.272000000000000455e+02 1.516349221047288975e-02
6.273999999999999773e+02 1.502114901376020578e-02
6.276000000000000227e+02 1.495488424313701908e-02
6.277999999999999545e+02 1.494613490997215993e-02
6.280000000000000000e+02 1.493160094510189578e-02
6.282000000000000455e+02 1.491270591783661753e-02
6.283999999999999773e+02 1.495821758597425805e-02
6.286000000000000227e+02 1.500017624862824694e-02
6.287999999999999545e+02 1.503645918226624578e-02
6.290000000000000000e+02 1.511535240227770277e-02
6.292000000000000455e+02 1.511534034986503766e-02
6.293999999999999773e+02 1.501519045166956751e-02
6.296000000000000227e+02 1.487354232680615507e-02
6.297999999999999545e+02 1.469882604412141303e-02
6.300000000000000000e+02 1.452527892659245118e-02
6.302000000000000455e+02 1.442043319144537677e-02
6.303999999999999773e+02 1.444434819974054623e-02
6.306000000000000227e+02 1.443276416065688433e-02
6.307999999999999545e+02 1.428652138076306338e-02
6.310000000000000000e+02 1.412094692035906901e-02
6.312000000000000455e+02 1.402072850574881402e-02
6.313999999999999773e+02 1.401675675344356276e-02
6.316000000000000227e+02 1.407816625677795613e-02
6.317999999999999545e+02 1.410405839599735561e-02
6.320000000000000000e+02 1.405003513999244363e-02
6.322000000000000455e+02 1.396008649110266203e-02
6.323999999999999773e+02 1.394866315229645326e-02
6.326000000000000227e+02 1.402138011564205838e-02
6.327999999999999545e+02 1.411270722738219852e-02
6.330000000000000000e+02 1.416069559827608237e-02
6.332000000000000455e+02 1.409665631439220579e-02
6.333999999999999773e+02 1.392630708132903961e-02
6.336000000000000227e+02 1.376340180752969045e-02
6.337999999999999545e+02 1.367650917768058194e-02
6.340000000000000000e+02 1.365798474387213204e-02
6.342000000000000455e+02 1.365043833744691501e-02
6.343999999999999773e+02 1.365762116219811778e-02
6.346000000000000227e+02 1.367263461992719240e-02
6.347999999999999545e+02 1.367421800819675765e-02
6.350000000000000000e+02 1.366040237977516475e-02
6.352000000000000455e+02 1.356365245568348990e-02
6.353999999999999773e+02 1.333753679954447977e-02
6.356000000000000227e+02 1.308409127847725076e-02
6.357999999999999545e+02 1.294676801077127015e-02
6.360000000000000000e+02 1.295069140383121875e-02
6.362000000000000455e+02 1.294909595967216193e-02
6.363999999999999773e+02 1.300866317645575990e-02
6.366000000000000227e+02 1.311941715726243352e-02
6.367999999999999545e+02 1.312874397038811883e-02
6.370000000000000000e+02 1.312307846272401171e-02
6.372000000000000455e+02 1.317355812769192835e-02
6.373999999999999773e+02 1.322886918817724189e-02
6.376000000000000227e+02 1.311583855875753796e-02
6.377999999999999545e+02 1.288197769127102932e-02
6.380000000000000000e+02 1.272029951878254905e-02
6.382000000000000455e+02 1.273173486148800396e-02
6.383999999999999773e+02 1.278586398628652268e-02
6.386000000000000227e+02 1.274299456859358942e-02
6.387999999999999545e+02 1.264198902889265841e-02
6.390000000000000000e+02 1.246457730120005894e-02
6.392000000000000455e+02 1.224523368024595105e-02
6.393999999999999773e+02 1.209950136917909216e-02
6.396000000000000227e+02 1.200542840290146421e-02
6.397999999999999545e+02 1.192643727113253463e-02
6.400000000000000000e+02 1.184761339929057966e-02
6.402000000000000455e+02 1.173488470929583832e-02
6.403999999999999773e+02 1.161675452743410331e-02
6.406000000000000227e+02 1.154967988825299913e-02
6.407999999999999545e+02 1.151965617660987221e-02
6.410000000000000000e+02 1.140292325233163706e-02
6.412000000000000455e+02 1.113015343121218428e-02
6.413999999999999773e+02 1.084402715187651051e-02
6.416000000000000227e+02 1.069846877839767882e-02
6.417999999999999545e+02 1.070566478275704683e-02
6.420000000000000000e+02 1.070603737387276766e-02
6.422000000000000455e+02 1.065094295597492080e-02
6.423999999999999773e+02 1.055814672560573611e-02
6.426000000000000227e+02 1.045922262108293227e-02
6.427999999999999545e+02 1.033777568027768878e-02
6.430000000000000000e+02 1.025390310131417751e-02
6.432000000000000455e+02 1.027249591190492611e-02
6.433999999999999773e+02 1.027419144027724371e-02
6.436000000000000227e+02 1.017560115524661357e-02
6.437999999999999545e+02 9.988423227376645036e-03
6.440000000000000000e+02 9.826244325538784768e-03
6.442000000000000455e+02 9.773884163802842862e-03
6.443999999999999773e+02 9.798878589138467626e-03
6.446000000000000227e+02 9.749081645203154511e-03
6.447999999999999545e+02 9.640999133179100483e-03
6.450000000000000000e+02 9.559509432482748287e-03
6.452000000000000455e+02 9.553590447089966436e-03
6.453999999999999773e+02 9.510536508028171604e-03
6.456000000000000227e+02 9.429657683347174996e-03
6.457999999999999545e+02 9.399075762436020359e-03
6.460000000000000000e+02 9.365956437252246497e-03
6.462000000000000455e+02 9.305223929463712212e-03
6.463999999999999773e+02 9.222363436678603782e-03
6.466000000000000227e+02 9.113565182537978343e-03
6.467999999999999545e+02 9.034549852754102800e-03
6.470000000000000000e+02 9.031682354107815197e-03
6.472000000000000455e+02 9.076809282513489952e-03
6.473999999999999773e+02 9.103151695925251752e-03
6.476000000000000227e+02 9.084932034359737701e-03
6.477999999999999545e+02 9.060449759208204917e-03
6.480000000000000000e+02 9.051739174532762860e-03
6.482000000000000455e+02 9.022417000937622833e-03
6.483999999999999773e+02 8.930814149533030516e-03
6.486000000000000227e+02 8.874099799478559619e-03
6.487999999999999545e+02 8.834738909403987844e-03
6.490000000000000000e+02 8.733459075999292637e-03
6.492000000000000455e+02 8.597193173750253270e-03
6.493999999999999773e+02 8.466014111489367222e-03
6.496000000000000227e+02 8.377015049057013468e-03
6.497999999999999545e+02 8.352206149624983450e-03
6.500000000000000000e+02 8.327483121331569899e-03
6.502000000000000455e+02 8.245626969809783519e-03
6.504000000000000909e+02 8.115908250028367604e-03
6.506000000000000227e+02 7.989203338446680680e-03
6.507999999999999545e+02 7.934720666656614602e-03
6.510000000000000000e+02 7.985953338413599722e-03
6.512000000000000455e+02 8.027948086225075719e-03
6.514000000000000909e+02 8.000991537616949922e-03
6.516000000000000227e+02 7.943682942156200799e-03
6.517999999999999545e+02 7.960165722239793962e-03
6.520000000000000000e+02 8.078146103509604992e-03
6.522000000000000455e+02 8.237550981384681587e-03
6.524000000000000909e+02 8.323610142431915604e-03
6.526000000000000227e+02 8.326814428274181834e-03
6.527999999999999545e+02 8.293136149767076776e-03
6.530000000000000000e+02 8.261140244970429508e-03
6.532000000000000455e+02 8.195090162678584506e-03
6.534000000000000909e+02 8.122176875186768591e-03
6.536000000000000227e+02 8.124004947929523712e-03
6.537999999999999545e+02 8.112821795409001779e-03
6.540000000000000000e+02 8.032485310728521705e-03
6.542000000000000455e+02 7.898916906582485048e-03
6.544000000000000909e+02 7.751458889179507067e-03
6.546000000000000227e+02 7.634135996073019431e-03
6.547999999999999545e+02 7.542448903869548860e-03
6.550000000000000000e+02 7.380581445766046245e-03
6.552000000000000455e+02 7.154180404427223916e-03
6.554000000000000909e+02 6.943262462027467025e-03
6.556000000000000227e+02 6.832646476375676264e-03
6.557999999999999545e+02 6.764238070513482748e-03
6.560000000000000000e+02 6.679707742127127118e-03
6.562000000000000455e+02 6.588241952089495673e-03
6.564000000000000909e+02 6.516855489770018162e-03
6.566000000000000227e+02 6.513205397390382095e-03
6.567999999999999545e+02 6.586969262395221680e-03
6.570000000000000000e+02 6.592615225104677540e-03
6.572000000000000455e+02 6.502569480554373782e-03
6.574000000000000909e+02 6.391547481240118095e-03
6.576000000000000227e+02 6.321785425204794889e-03
6.577999999999999545e+02 6.290445424175214462e-03
6.580000000000000000e+02 6.279260064451019224e-03
6.582000000000000455e+02 6.293394052730723331e-03
6.584000000000000909e+02 6.287229557827161280e-03
6.586000000000000227e+02 6.232026805710284834e-03
6.587999999999999545e+02 6.153257740697637423e-03
6.590000000000000000e+02 6.093818633459101991e-03
6.592000000000000455e+02 6.049407811464728446e-03
6.594000000000000909e+02 5.983080515303863811e-03
6.596000000000000227e+02 5.914513975706321008e-03
6.597999999999999545e+02 5.782182034278101485e-03
6.600000000000000000e+02 5.560316850993226451e-03
6.602000000000000455e+02 5.467191305311334959e-03
6.604000000000000909e+02 5.518739574222483735e-03
6.606000000000000227e+02 5.589762343466517236e-03
6.607999999999999545e+02 5.573640203911864321e-03
6.610000000000000000e+02 5.520232674907477044e-03
6.612000000000000455e+02 5.512418082435268513e-03
6.614000000000000909e+02 5.564653457235006068e-03
6.616000000000000227e+02 5.592305952505753630e-03
6.617999999999999545e+02 5.563302357350113914e-03
6.620000000000000000e+02 5.517124912347712989e-03
6.622000000000000455e+02 5.432996401637503470e-03
6.624000000000000909e+02 5.372419568509624599e-03
6.626000000000000227e+02 5.409323206047471355e-03
6.627999999999999545e+02 5.441328625648791939e-03
6.630000000000000000e+02 5.429774376431165811e-03
6.632000000000000455e+02 5.409830175537637398e-03
6.634000000000000909e+02 5.430374138187057248e-03
6.636000000000000227e+02 5.416234976042620664e-03
6.637999999999999545e+02 5.328689570149272581e-03
6.640000000000000000e+02 5.258374097686854820e-03
6.642000000000000455e+02 5.209291840705888160e-03
6.644000000000000909e+02 5.161895010277563201e-03
6.646000000000000227e+02 5.112875967886294781e-03
6.647999999999999545e+02 5.072114536879644003e-03
6.650000000000000000e+02 5.016882566267304167e-03
6.652000000000000455e+02 4.927850566696426876e-03
6.654000000000000909e+02 4.877454749394438682e-03
6.656000000000000227e+02 4.796675466389538345e-03
6.657999999999999545e+02 4.636940116464691175e-03
6.660000000000000000e+02 4.601404796185943474e-03
6.662000000000000455e+02 4.664824276620922056e-03
6.664000000000000909e+02 4.693891072012314897e-03
6.666000000000000227e+02 4.625650201068150225e-03
6.667999999999999545e+02 4.559466717144813885e-03
6.670000000000000000e+02 4.575403515193678106e-03
6.672000000000000455e+02 4.652883103171731594e-03
6.674000000000000909e+02 4.758835817571967913e-03
6.676000000000000227e+02 4.818779901461664461e-03
6.677999999999999545e+02 4.765655169106652878e-03
6.680000000000000000e+02 4.677980673018340696e-03
6.682000000000000455e+02 4.651002310613907426e-03
6.684000000000000909e+02 4.710570614046828003e-03
6.686000000000000227e+02 4.752782411425977155e-03
6.687999999999999545e+02 4.782396571624228376e-03
6.690000000000000000e+02 4.802768304408941424e-03
6.692000000000000455e+02 4.716562460548804486e-03
6.694000000000000909e+02 4.610418535955403130e-03
6.696000000000000227e+02 4.551196575595464061e-03
6.697999999999999545e+02 4.493765895511869779e-03
6.700000000000000000e+02 4.505604597183045928e-03
6.702000000000000455e+02 4.619002523209930766e-03
6.704000000000000909e+02 4.750007739290844355e-03
6.706000000000000227e+02 4.688365897977136987e-03
6.707999999999999545e+02 4.539085723811793482e-03
6.710000000000000000e+02 4.547564859632285961e-03
6.712000000000000455e+02 4.626885256579987143e-03
6.714000000000000909e+02 4.655278144776276578e-03
6.716000000000000227e+02 4.573915996931576800e-03
6.717999999999999545e+02 4.427195891610370693e-03
6.720000000000000000e+02 4.294854096189057446e-03
6.722000000000000455e+02 4.210624620410143015e-03
6.724000000000000909e+02 4.133841290084601383e-03
6.726000000000000227e+02 4.067085721098873119e-03
6.727999999999999545e+02 4.047824027459116791e-03
6.730000000000000000e+02 4.079949428193400257e-03
6.732000000000000455e+02 3.968737685611765237e-03
6.734000000000000909e+02 3.651931835431762585e-03
6.736000000000000227e+02 3.277444638182018533e-03
6.737999999999999545e+02 3.123441848281637012e-03
6.740000000000000000e+02 3.127772885002277209e-03
6.742000000000000455e+02 3.090334156219769896e-03
6.744000000000000909e+02 3.012640328010726676e-03
6.746000000000000227e+02 2.915580544167444693e-03
6.747999999999999545e+02 2.864887110842505302e-03
6.750000000000000000e+02 2.966773329547471583e-03
6.752000000000000455e+02 3.126939040101056611e-03
6.754000000000000909e+02 3.228704665743625801e-03
6.756000000000000227e+02 3.233635906063930809e-03
6.757999999999999545e+02 3.173257557140162638e-03
6.760000000000000000e+02 3.086509709290870263e-03
6.762000000000000455e+02 3.018234379897281883e-03
6.764000000000000909e+02 3.048941513255853941e-03
6.766000000000000227e+02 3.120317411281946923e-03
6.767999999999999545e+02 3.119293948423820795e-03
6.770000000000000000e+02 3.039848277898524881e-03
6.772000000000000455e+02 2.884951736526832761e-03
6.774000000000000909e+02 2.738651000717500644e-03
6.776000000000000227e+02 2.781020872836135333e-03
6.777999999999999545e+02 2.892968332150025468e-03
6.780000000000000000e+02 2.881251062317097267e-03
6.782000000000000455e+02 2.667459573565639924e-03
6.784000000000000909e+02 2.414603869506044831e-03
6.786000000000000227e+02 2.297548085179311472e-03
6.787999999999999545e+02 2.392807570139869611e-03
6.790000000000000000e+02 2.621801134787458964e-03
6.792000000000000455e+02 2.747218492322275885e-03
6.794000000000000909e+02 2.604019955074959175e-03
6.796000000000000227e+02 2.430795216273918397e-03
6.797999999999999545e+02 2.376313823353948945e-03
6.800000000000000000e+02 2.415135378219926410e-03
6.802000000000000455e+02 2.388899291151939247e-03
6.804000000000000909e+02 2.330769857166098413e-03
6.806000000000000227e+02 2.278479891226904697e-03
6.807999999999999545e+02 2.181999873453990130e-03
6.810000000000000000e+02 2.135981083396330110e-03
6.812000000000000455e+02 2.208483343349349620e-03
6.814000000000000909e+02 2.350290095217921760e-03
6.816000000000000227e+02 2.385334439990952765e-03
6.817999999999999545e+02 2.286971660295882697e-03
6.820000000000000000e+02 2.132684922748959849e-03
6.822000000000000455e+02 1.904744826258603085e-03
6.824000000000000909e+02 1.711055734533381556e-03
6.826000000000000227e+02 1.673088258309286813e-03
6.827999999999999545e+02 1.751004033118001846e-03
6.830000000000000000e+02 1.812993135280372564e-03
6.832000000000000455e+02 1.819383549311263948e-03
6.834000000000000909e+02 1.897587194449525116e-03
6.836000000000000227e+02 2.044735775972951475e-03
6.837999999999999545e+02 2.128015132136566040e-03
6.840000000000000000e+02 1.990834094347478100e-03
6.842000000000000455e+02 1.747741466153834855e-03
6.844000000000000909e+02 1.547110826317511789e-03
6.846000000000000227e+02 1.473957669279969684e-03
6.847999999999999545e+02 1.511849087474717579e-03
6.850000000000000000e+02 1.547138316951121584e-03
6.852000000000000455e+02 1.488922117013621177e-03
6.854000000000000909e+02 1.413180289118028121e-03
6.856000000000000227e+02 1.433839615595181721e-03
6.857999999999999545e+02 1.520554393470270604e-03
6.860000000000000000e+02 1.447473321249847372e-03
6.862000000000000455e+02 1.291408139331380600e-03
6.864000000000000909e+02 1.186370940313818956e-03
6.866000000000000227e+02 1.152345477036346988e-03
6.867999999999999545e+02 1.066700837758366438e-03
6.870000000000000000e+02 9.409972256555383663e-04
6.872000000000000455e+02 9.102683665186891981e-04
6.874000000000000909e+02 9.776868260787593967e-04
6.876000000000000227e+02 1.054536687215255203e-03
6.877999999999999545e+02 1.073884920392082637e-03
6.880000000000000000e+02 1.123072251861423343e-03
6.882000000000000455e+02 1.242162043030882457e-03
6.884000000000000909e+02 1.357917079085408513e-03
6.886000000000000227e+02 1.301742515443737869e-03
6.887999999999999545e+02 1.141271513131810605e-03
6.890000000000000000e+02 1.005692241244481727e-03
6.892000000000000455e+02 9.621788388263080583e-04
6.894000000000000909e+02 1.028638228579799307e-03
6.896000000000000227e+02 1.107692818199869367e-03
6.897999999999999545e+02 1.069693198743795759e-03
6.900000000000000000e+02 1.027345347518433122e-03
6.902000000000000455e+02 1.005578165781992328e-03
6.904000000000000909e+02 9.449199302333302630e-04
6.906000000000000227e+02 8.589501411723002300e-04
6.907999999999999545e+02 8.181495125610914465e-04
6.910000000000000000e+02 8.219079358533741553e-04
6.912000000000000455e+02 7.156121011673115262e-04
6.914000000000000909e+02 5.713342897115392116e-04
6.916000000000000227e+02 5.008291133879634593e-04
6.917999999999999545e+02 5.020699424868046989e-04
6.920000000000000000e+02 5.025825854883016197e-04
6.922000000000000455e+02 4.797293424018064800e-04
6.924000000000000909e+02 4.703902564234183070e-04
6.926000000000000227e+02 4.492999817949060171e-04
6.927999999999999545e+02 4.453198937798552581e-04
6.930000000000000000e+02 4.819395346566945904e-04
6.932000000000000455e+02 4.249887662847416647e-04
6.934000000000000909e+02 3.536808270819258304e-04
6.936000000000000227e+02 3.836466536610710909e-04
6.937999999999999545e+02 3.914315657865818920e-04
6.940000000000000000e+02 2.990624969611034578e-04
6.942000000000000455e+02 1.681232845155457289e-04
6.944000000000000909e+02 1.610288400810018505e-04
6.946000000000000227e+02 1.110001980286039192e-04
6.947999999999999545e+02 0.000000000000000000e+00
6.950000000000000000e+02 6.498153674992443452e-05
6.952000000000000455e+02 2.686064346697249194e-04
6.954000000000000909e+02 4.826181963792433582e-04
6.956000000000000227e+02 5.809213597981234545e-04
6.957999999999999545e+02 4.987071925677405426e-04
6.960000000000000000e+02 3.717267990255082588e-04
6.962000000000000455e+02 3.831726533321776207e-04
6.964000000000000909e+02 5.170474681869263733e-04
6.966000000000000227e+02 6.280192618190391651e-04
6.967999999999999545e+02 6.390711326438036632e-04
6.970000000000000000e+02 6.696619942268486336e-04
6.972000000000000455e+02 7.832599199086368036e-04
6.974000000000000909e+02 9.659337398135424413e-04
6.976000000000000227e+02 1.140969935608349833e-03
6.977999999999999545e+02 1.294975961925258490e-03
6.980000000000000000e+02 1.399298771039766964e-03
6.982000000000000455e+02 1.374356661030251558e-03
6.984000000000000909e+02 1.285759727362355276e-03
6.986000000000000227e+02 1.222699946004646848e-03
6.987999999999999545e+02 1.204304487389316197e-03
6.990000000000000000e+02 1.194765455850167052e-03
6.992000000000000455e+02 1.166401083980011383e-03
6.994000000000000909e+02 1.127481558668184253e-03
6.996000000000000227e+02 1.048840864181665999e-03
6.997999999999999545e+02 9.512610300818832854e-04
7.000000000000000000e+02 9.203983494188196224e-04
