4.500000000000000000e+02 2.413600219447844392e-02
4.501999999999999886e+02 2.409590433233986528e-02
4.503999999999999773e+02 2.406189581278965484e-02
4.506000000000000227e+02 2.402906666925168355e-02
4.508000000000000114e+02 2.399209159734531221e-02
4.510000000000000000e+02 2.396069560303854679e-02
4.511999999999999886e+02 2.394404539230605283e-02
4.513999999999999773e+02 2.393581580248039381e-02
4.516000000000000227e+02 2.395238834337044126e-02
4.518000000000000114e+02 2.398703985277857165e-02
4.520000000000000000e+02 2.399956529774754238e-02
4.521999999999999886e+02 2.396055494001218811e-02
4.523999999999999773e+02 2.389423862695786577e-02
4.526000000000000227e+02 2.385508870349482141e-02
4.528000000000000114e+02 2.386921307968434963e-02
4.530000000000000000e+02 2.383338253827225334e-02
4.531999999999999886e+02 2.372362957354822582e-02
4.533999999999999773e+02 2.362970144058532118e-02
4.536000000000000227e+02 2.357006272076678233e-02
4.538000000000000114e+02 2.357745335940183984e-02
4.540000000000000000e+02 2.363971819054561108e-02
4.541999999999999886e+02 2.365145882475301609e-02
4.543999999999999773e+02 2.363405233102317676e-02
4.546000000000000227e+02 2.360262284422707385e-02
4.548000000000000114e+02 2.354027663750788563e-02
4.550000000000000000e+02 2.351396747225269895e-02
4.551999999999999886e+02 2.353537128333344636e-02
4.553999999999999773e+02 2.356462425973972208e-02
4.556000000000000227e+02 2.355494486299469781e-02
4.558000000000000114e+02 2.348233314443538833e-02
4.560000000000000000e+02 2.339282279168357348e-02
4.561999999999999886e+02 2.336882506585170882e-02
4.563999999999999773e+02 2.339790959153754263e-02
4.566000000000000227e+02 2.339241194370617061e-02
4.568000000000000114e+02 2.329930378888733777e-02
4.570000000000000000e+02 2.318462461637515321e-02
4.571999999999999886e+02 2.310131403567657060e-02
4.573999999999999773e+02 2.305392691808146044e-02
4.576000000000000227e+02 2.301264286987176472e-02
4.578000000000000114e+02 2.296953804815457523e-02
4.580000000000000000e+02 2.294193848566178362e-02
4.581999999999999886e+02 2.293386507421914938e-02
4.583999999999999773e+02 2.291574556718094929e-02
4.586000000000000227e+02 2.291823317480069094e-02
4.588000000000000114e+02 2.294642619828760055e-02
4.590000000000000000e+02 2.296381129887652833e-02
4.591999999999999886e+02 2.295805432246039030e-02
4.593999999999999773e+02 2.293449605912213640e-02
4.596000000000000227e+02 2.292489111056657952e-02
4.598000000000000114e+02 2.297483124320201520e-02
4.600000000000000000e+02 2.303273377895230511e-02
4.601999999999999886e+02 2.305304361631772131e-02
4.603999999999999773e+02 2.306717090529825792e-02
4.606000000000000227e+02 2.321432757351725440e-02
4.608000000000000114e+02 2.363612030534734815e-02
4.610000000000000000e+02 2.414254588201177748e-02
4.611999999999999886e+02 2.417804890905414505e-02
4.613999999999999773e+02 2.409083966156887191e-02
4.616000000000000227e+02 2.410421946185331565e-02
4.618000000000000114e+02 2.407046192679659219e-02
4.620000000000000000e+02 2.403030457564345884e-02
4.621999999999999886e+02 2.402904399794170837e-02
4.623999999999999773e+02 2.405597690463614352e-02
4.626000000000000227e+02 2.405209103846105839e-02
4.628000000000000114e+02 2.402182186672167236e-02
4.630000000000000000e+02 2.399477664953582334e-02
4.631999999999999886e+02 2.399828770893788071e-02
4.633999999999999773e+02 2.403401578071209105e-02
4.636000000000000227e+02 2.398243006615725925e-02
4.638000000000000114e+02 2.367779190177958515e-02
4.640000000000000000e+02 2.310577504379331820e-02
4.641999999999999886e+02 2.282417297209445722e-02
4.643999999999999773e+02 2.290790253319419795e-02
4.646000000000000227e+02 2.293733661629556581e-02
4.648000000000000114e+02 2.290697785648068002e-02
4.650000000000000000e+02 2.286436201200103130e-02
4.651999999999999886e+02 2.284961759361946870e-02
4.653999999999999773e+02 2.289731384237365941e-02
4.656000000000000227e+02 2.296201471263495386e-02
4.658000000000000114e+02 2.300605933602424547e-02
4.660000000000000000e+02 2.302655099432760616e-02
4.661999999999999886e+02 2.303040338008052745e-02
4.663999999999999773e+02 2.303925778632801014e-02
4.666000000000000227e+02 2.305011890247395112e-02
4.668000000000000114e+02 2.302344699781366799e-02
4.670000000000000000e+02 2.298820282374061663e-02
4.671999999999999886e+02 2.298699466059997421e-02
4.673999999999999773e+02 2.302584329305600724e-02
4.676000000000000227e+02 2.304403239152890553e-02
4.678000000000000114e+02 2.305638017741989954e-02
4.680000000000000000e+02 2.309476568885925063e-02
4.681999999999999886e+02 2.313755860426766620e-02
4.683999999999999773e+02 2.313712912796567905e-02
4.686000000000000227e+02 2.310603223318342947e-02
4.688000000000000114e+02 2.309856375800216355e-02
4.690000000000000000e+02 2.311379776280427650e-02
4.691999999999999886e+02 2.311516192083673538e-02
4.693999999999999773e+02 2.309622687836095090e-02
4.696000000000000227e+02 2.310647109254083259e-02
4.698000000000000114e+02 2.313838938641092635e-02
4.700000000000000000e+02 2.318166797994990203e-02
4.701999999999999886e+02 2.322656028860862337e-02
4.703999999999999773e+02 2.323192334675469595e-02
4.706000000000000227e+02 2.320514239144857993e-02
4.708000000000000114e+02 2.319355795804559778e-02
4.710000000000000000e+02 2.323679925904370558e-02
4.711999999999999886e+02 2.326350971435556941e-02
4.713999999999999773e+02 2.325994346052111944e-02
4.716000000000000227e+02 2.327201550747733105e-02
4.718000000000000114e+02 2.329060130540822754e-02
4.720000000000000000e+02 2.330089019291298885e-02
4.721999999999999886e+02 2.331413970426036292e-02
4.723999999999999773e+02 2.336170668779272153e-02
4.726000000000000227e+02 2.340384825313333861e-02
4.728000000000000114e+02 2.342874908511424770e-02
4.730000000000000000e+02 2.345951125225604478e-02
4.731999999999999886e+02 2.349555061330363404e-02
4.733999999999999773e+02 2.351963420858553533e-02
4.736000000000000227e+02 2.353991579433770825e-02
4.738000000000000114e+02 2.359210048710958657e-02
4.740000000000000000e+02 2.363036568158821682e-02
4.741999999999999886e+02 2.367364520663083755e-02
4.743999999999999773e+02 2.376658102020558216e-02
4.746000000000000227e+02 2.383112338000311498e-02
4.748000000000000114e+02 2.384227436223324004e-02
4.750000000000000000e+02 2.384083502575806701e-02
4.751999999999999886e+02 2.388559664127466037e-02
4.753999999999999773e+02 2.393167685073574469e-02
4.756000000000000227e+02 2.394368236889124479e-02
4.758000000000000114e+02 2.394247153346252405e-02
4.760000000000000000e+02 2.399476813305752992e-02
4.761999999999999886e+02 2.409358633719533432e-02
4.763999999999999773e+02 2.418068537050448857e-02
4.766000000000000227e+02 2.420731705250092625e-02
4.768000000000000114e+02 2.423180047095070677e-02
4.770000000000000000e+02 2.428160013067533901e-02
4.771999999999999886e+02 2.433793073718928945e-02
4.773999999999999773e+02 2.439245060864630305e-02
4.776000000000000227e+02 2.441944676114803092e-02
4.778000000000000114e+02 2.441978848371299110e-02
4.780000000000000000e+02 2.443266899447801149e-02
4.781999999999999886e+02 2.444480513541276434e-02
4.783999999999999773e+02 2.443038202153557242e-02
4.786000000000000227e+02 2.438482845328444198e-02
4.788000000000000114e+02 2.434498079648928642e-02
4.790000000000000000e+02 2.432360049800243867e-02
4.791999999999999886e+02 2.431696204425169011e-02
4.793999999999999773e+02 2.432422699640952868e-02
4.796000000000000227e+02 2.436580024597738425e-02
4.798000000000000114e+02 2.443696410254699719e-02
4.800000000000000000e+02 2.450110929262643705e-02
4.801999999999999886e+02 2.451447082290976465e-02
4.803999999999999773e+02 2.449974716542134556e-02
4.806000000000000227e+02 2.450240941233863823e-02
4.808000000000000114e+02 2.454715288045384441e-02
4.810000000000000000e+02 2.462447192128946333e-02
4.811999999999999886e+02 2.468479119236346303e-02
4.813999999999999773e+02 2.471331430021767722e-02
4.816000000000000227e+02 2.481481211814363930e-02
4.818000000000000114e+02 2.495579569243908807e-02
4.820000000000000000e+02 2.507871342037990697e-02
4.821999999999999886e+02 2.519146716749795512e-02
4.823999999999999773e+02 2.529568298002414506e-02
4.826000000000000227e+02 2.536610503312355241e-02
4.828000000000000114e+02 2.539924471467385619e-02
4.830000000000000000e+02 2.547208417329998448e-02
4.831999999999999886e+02 2.557219147280470617e-02
4.833999999999999773e+02 2.567339444140145921e-02
4.836000000000000227e+02 2.578549324516769131e-02
4.838000000000000114e+02 2.589078847702935143e-02
4.840000000000000000e+02 2.602100292037917012e-02
4.841999999999999886e+02 2.623648345789119513e-02
4.843999999999999773e+02 2.654383220959684320e-02
4.846000000000000227e+02 2.682222629962542626e-02
4.848000000000000114e+02 2.701990462538677445e-02
4.850000000000000000e+02 2.722625640279838916e-02
4.851999999999999886e+02 2.745533839504518681e-02
4.853999999999999773e+02 2.768645930091351293e-02
4.856000000000000227e+02 2.792267486065122539e-02
4.858000000000000114e+02 2.822694448942571210e-02
4.860000000000000000e+02 2.855696572193013733e-02
4.861999999999999886e+02 2.888689736993118456e-02
4.863999999999999773e+02 2.926299228229475163e-02
4.866000000000000227e+02 2.967534132738367664e-02
4.868000000000000114e+02 3.007575940056607389e-02
4.870000000000000000e+02 3.043539084289676594e-02
4.871999999999999886e+02 3.079835045813968802e-02
4.873999999999999773e+02 3.116683123325790505e-02
4.876000000000000227e+02 3.155246558529801321e-02
4.878000000000000114e+02 3.199088731181175954e-02
4.880000000000000000e+02 3.245609764782242390e-02
4.881999999999999886e+02 3.294673942126752353e-02
4.883999999999999773e+02 3.346778685799844250e-02
4.886000000000000227e+02 3.398151031247519799e-02
4.888000000000000114e+02 3.450483569000613315e-02
4.890000000000000000e+02 3.503798757671632708e-02
4.891999999999999886e+02 3.555012758504886433e-02
4.893999999999999773e+02 3.609190603462112540e-02
4.896000000000000227e+02 3.667774380079840552e-02
4.898000000000000114e+02 3.730585018353155258e-02
4.900000000000000000e+02 3.801092264831825579e-02
4.901999999999999886e+02 3.871699244590286193e-02
4.903999999999999773e+02 3.935905334754630225e-02
4.906000000000000227e+02 3.997660764692063246e-02
4.908000000000000114e+02 4.070529034270341240e-02
4.910000000000000000e+02 4.149451130489870132e-02
4.911999999999999886e+02 4.223013090516362922e-02
4.913999999999999773e+02 4.297474866081946177e-02
4.916000000000000227e+02 4.377828653547014004e-02
4.918000000000000114e+02 4.462269957211023597e-02
4.920000000000000000e+02 4.545438201214130336e-02
4.921999999999999886e+02 4.631746484756877474e-02
4.923999999999999773e+02 4.718452287784544175e-02
4.926000000000000227e+02 4.800786613047423185e-02
4.928000000000000114e+02 4.883276772391224180e-02
4.930000000000000000e+02 4.968081421986402652e-02
4.931999999999999886e+02 5.053351824888922122e-02
4.933999999999999773e+02 5.135852143781193674e-02
4.936000000000000227e+02 5.217835864364616522e-02
4.938000000000000114e+02 5.299161012260995146e-02
4.940000000000000000e+02 5.379071452493221911e-02
4.941999999999999886e+02 5.460449952008707836e-02
4.943999999999999773e+02 5.543968610337531716e-02
4.946000000000000227e+02 5.624152081985358403e-02
4.948000000000000114e+02 5.694432298502522666e-02
4.950000000000000000e+02 5.764591901104133137e-02
4.951999999999999886e+02 5.838795599203319003e-02
4.953999999999999773e+02 5.913809809655535404e-02
4.956000000000000227e+02 5.984686109733771547e-02
4.958000000000000114e+02 6.046983761123698314e-02
4.960000000000000000e+02 6.101607223972387722e-02
4.961999999999999886e+02 6.156207227395158604e-02
4.963999999999999773e+02 6.220181972079710103e-02
4.966000000000000227e+02 6.285428249194741079e-02
4.968000000000000114e+02 6.340843060859166491e-02
4.970000000000000000e+02 6.393020394548185048e-02
4.971999999999999886e+02 6.447883655088651467e-02
4.973999999999999773e+02 6.503215666341080614e-02
4.976000000000000227e+02 6.554197760648067250e-02
4.978000000000000114e+02 6.613138573541169074e-02
4.980000000000000000e+02 6.677286447611568976e-02
4.981999999999999886e+02 6.738041413751647002e-02
4.983999999999999773e+02 6.800187913249111649e-02
4.986000000000000227e+02 6.869753241201753680e-02
4.988000000000000114e+02 6.948466349130313913e-02
4.990000000000000000e+02 7.032828895618231657e-02
4.991999999999999886e+02 7.118273567740371344e-02
4.993999999999999773e+02 7.208680218949797824e-02
4.996000000000000227e+02 7.307829532417389751e-02
4.998000000000000114e+02 7.411303889805093137e-02
5.000000000000000000e+02 7.530128260357751846e-02
5.001999999999999886e+02 7.661449658180621847e-02
5.003999999999999773e+02 7.790012083696096212e-02
5.006000000000000227e+02 7.930979212256361599e-02
5.008000000000000114e+02 8.079461403802215558e-02
5.010000000000000000e+02 8.224015710595553030e-02
5.011999999999999886e+02 8.373193055613176172e-02
5.013999999999999773e+02 8.535718904350386715e-02
5.016000000000000227e+02 8.707529733276117567e-02
5.018000000000000114e+02 8.878707834601232141e-02
5.020000000000000000e+02 9.061677545777657716e-02
5.021999999999999886e+02 9.258707071499430730e-02
5.023999999999999773e+02 9.462438413194693143e-02
5.026000000000000227e+02 9.667074185507490425e-02
5.028000000000000114e+02 9.876516075343771961e-02
5.030000000000000000e+02 1.009118656314306195e-01
5.031999999999999886e+02 1.030730368647421458e-01
5.033999999999999773e+02 1.053020920921893533e-01
5.036000000000000227e+02 1.075149563000722119e-01
5.038000000000000114e+02 1.096141005699958204e-01
5.040000000000000000e+02 1.116769465314189913e-01
5.041999999999999886e+02 1.138875194688856729e-01
5.043999999999999773e+02 1.161750558915082554e-01
5.046000000000000227e+02 1.183065987765108684e-01
5.048000000000000114e+02 1.204537206649909931e-01
5.050000000000000000e+02 1.224845029295359988e-01
5.051999999999999886e+02 1.242683645067436671e-01
5.053999999999999773e+02 1.260510538188794327e-01
5.056000000000000227e+02 1.277687502408735021e-01
5.058000000000000114e+02 1.292604721941953139e-01
5.060000000000000000e+02 1.304892668722664739e-01
5.061999999999999886e+02 1.316868788780061472e-01
5.063999999999999773e+02 1.328476481687355104e-01
5.066000000000000227e+02 1.338580477016714509e-01
5.068000000000000114e+02 1.347337395442203545e-01
5.070000000000000000e+02 1.355201361560058326e-01
5.071999999999999886e+02 1.361631185009092027e-01
5.073999999999999773e+02 1.365774278673546616e-01
5.076000000000000227e+02 1.369006918431128761e-01
5.078000000000000114e+02 1.371797084110577547e-01
5.080000000000000000e+02 1.373721441875942750e-01
5.081999999999999886e+02 1.374302867795325900e-01
5.083999999999999773e+02 1.373451082258123623e-01
5.086000000000000227e+02 1.371953726945602803e-01
5.088000000000000114e+02 1.371118674193942677e-01
5.090000000000000000e+02 1.371299101117442742e-01
5.091999999999999886e+02 1.370109095586158621e-01
5.093999999999999773e+02 1.366769579496679432e-01
5.096000000000000227e+02 1.364992569428850611e-01
5.098000000000000114e+02 1.364415307916657660e-01
5.100000000000000000e+02 1.363796669930222305e-01
5.101999999999999886e+02 1.362746592067253515e-01
5.103999999999999773e+02 1.361400317468355603e-01
5.106000000000000227e+02 1.359830357446198124e-01
5.108000000000000114e+02 1.357970559096811081e-01
5.110000000000000000e+02 1.355751342481588961e-01
5.111999999999999886e+02 1.353497311084609911e-01
5.113999999999999773e+02 1.351297532132278711e-01
5.116000000000000227e+02 1.349004882319899401e-01
5.118000000000000114e+02 1.346764410225534947e-01
5.120000000000000000e+02 1.344035735885691363e-01
5.122000000000000455e+02 1.340747754657780622e-01
5.123999999999999773e+02 1.338120549091086353e-01
5.126000000000000227e+02 1.336383024426084365e-01
5.127999999999999545e+02 1.334183601590040735e-01
5.130000000000000000e+02 1.330284563935026088e-01
5.132000000000000455e+02 1.326858885389326226e-01
5.133999999999999773e+02 1.324456655755291978e-01
5.136000000000000227e+02 1.322351555604945050e-01
5.137999999999999545e+02 1.319979200363383398e-01
5.140000000000000000e+02 1.317546071108207095e-01
5.142000000000000455e+02 1.314915659877457510e-01
5.143999999999999773e+02 1.311966867370586987e-01
5.146000000000000227e+02 1.309884468797939960e-01
5.147999999999999545e+02 1.307258455091003524e-01
5.150000000000000000e+02 1.303370081599434516e-01
5.152000000000000455e+02 1.300583903114706785e-01
5.153999999999999773e+02 1.298498974666346117e-01
5.156000000000000227e+02 1.296340418681094508e-01
5.157999999999999545e+02 1.293993441530393862e-01
5.160000000000000000e+02 1.291534118428205591e-01
5.162000000000000455e+02 1.288251515892878396e-01
5.163999999999999773e+02 1.283958168481618423e-01
5.166000000000000227e+02 1.279680476007883927e-01
5.167999999999999545e+02 1.274988336330370731e-01
5.170000000000000000e+02 1.269760170012955436e-01
5.172000000000000455e+02 1.264575284287116907e-01
5.173999999999999773e+02 1.259759370184162786e-01
5.176000000000000227e+02 1.254268602877337546e-01
5.177999999999999545e+02 1.247984164429314646e-01
5.180000000000000000e+02 1.242845317911566994e-01
5.182000000000000455e+02 1.238527763692553463e-01
5.183999999999999773e+02 1.234430587369922117e-01
5.186000000000000227e+02 1.230268206992947144e-01
5.187999999999999545e+02 1.225593030054601407e-01
5.190000000000000000e+02 1.221352276563329176e-01
5.192000000000000455e+02 1.218018298740559391e-01
5.193999999999999773e+02 1.214563882158052333e-01
5.196000000000000227e+02 1.211672234715438501e-01
5.197999999999999545e+02 1.209387207517147733e-01
5.200000000000000000e+02 1.206877803101533975e-01
5.202000000000000455e+02 1.203995932636117150e-01
5.203999999999999773e+02 1.201917357938939168e-01
5.206000000000000227e+02 1.201244587085720239e-01
5.207999999999999545e+02 1.201057268697871550e-01
5.210000000000000000e+02 1.201735764099061132e-01
5.212000000000000455e+02 1.203444127049833057e-01
5.213999999999999773e+02 1.205916690917701595e-01
5.216000000000000227e+02 1.209166581950359975e-01
5.217999999999999545e+02 1.212466427173155281e-01
5.220000000000000000e+02 1.215193858831711549e-01
5.222000000000000455e+02 1.217813620518280737e-01
5.223999999999999773e+02 1.222169002387443748e-01
5.226000000000000227e+02 1.227891717147359119e-01
5.227999999999999545e+02 1.233606883358962514e-01
5.230000000000000000e+02 1.240799373509429426e-01
5.232000000000000455e+02 1.248857885493563913e-01
5.233999999999999773e+02 1.257381203175188256e-01
5.236000000000000227e+02 1.267644407807289875e-01
5.237999999999999545e+02 1.278521585901470081e-01
5.240000000000000000e+02 1.289161171796603111e-01
5.242000000000000455e+02 1.300206327080572488e-01
5.243999999999999773e+02 1.313493824468877080e-01
5.246000000000000227e+02 1.327973750108896456e-01
5.247999999999999545e+02 1.342354709131898527e-01
5.250000000000000000e+02 1.357209595422988746e-01
5.252000000000000455e+02 1.372987949830411503e-01
5.253999999999999773e+02 1.389442751286908972e-01
5.256000000000000227e+02 1.406004971354144484e-01
5.257999999999999545e+02 1.422551620939761230e-01
5.260000000000000000e+02 1.438584210885308357e-01
5.262000000000000455e+02 1.453945975376485511e-01
5.263999999999999773e+02 1.469090319562639801e-01
5.266000000000000227e+02 1.483769343128653606e-01
5.267999999999999545e+02 1.498869094547701231e-01
5.270000000000000000e+02 1.514908721557910176e-01
5.272000000000000455e+02 1.529179034352770028e-01
5.273999999999999773e+02 1.541631750952165147e-01
5.276000000000000227e+02 1.552610806386826026e-01
5.277999999999999545e+02 1.561713245154598140e-01
5.280000000000000000e+02 1.571897980193812661e-01
5.282000000000000455e+02 1.581762411698108828e-01
5.283999999999999773e+02 1.588288972306351465e-01
5.286000000000000227e+02 1.594517335568157446e-01
5.287999999999999545e+02 1.600050299759755990e-01
5.290000000000000000e+02 1.604104715203565623e-01
5.292000000000000455e+02 1.607904657000620297e-01
5.293999999999999773e+02 1.611320304447574903e-01
5.296000000000000227e+02 1.613206495255868345e-01
5.297999999999999545e+02 1.612707464617044173e-01
5.300000000000000000e+02 1.610768430227294545e-01
5.302000000000000455e+02 1.608318822157940031e-01
5.303999999999999773e+02 1.606094713131303309e-01
5.306000000000000227e+02 1.604351722996225915e-01
5.307999999999999545e+02 1.601778190007591973e-01
5.310000000000000000e+02 1.597982022442067385e-01
5.312000000000000455e+02 1.593577535356097696e-01
5.313999999999999773e+02 1.588956975131561866e-01
5.316000000000000227e+02 1.583885323198080675e-01
5.317999999999999545e+02 1.578321118277913604e-01
5.320000000000000000e+02 1.572477314450623498e-01
5.322000000000000455e+02 1.565159620535885032e-01
5.323999999999999773e+02 1.556529952894736002e-01
5.326000000000000227e+02 1.547476744992143660e-01
5.327999999999999545e+02 1.537735770927980694e-01
5.330000000000000000e+02 1.528873191238103724e-01
5.332000000000000455e+02 1.521156890112298765e-01
5.333999999999999773e+02 1.512739718497741470e-01
5.336000000000000227e+02 1.504761215395572782e-01
5.337999999999999545e+02 1.496007883165014485e-01
5.340000000000000000e+02 1.485304283449584983e-01
5.342000000000000455e+02 1.476190682816026223e-01
5.343999999999999773e+02 1.466774833444414450e-01
5.346000000000000227e+02 1.456008505449874757e-01
5.347999999999999545e+02 1.446552654296990315e-01
5.350000000000000000e+02 1.437383478748707755e-01
5.352000000000000455e+02 1.427603244713065433e-01
5.353999999999999773e+02 1.417523728823826268e-01
5.356000000000000227e+02 1.408138021453450850e-01
5.357999999999999545e+02 1.399692810372505924e-01
5.360000000000000000e+02 1.391316043203917607e-01
5.362000000000000455e+02 1.381816319147095018e-01
5.363999999999999773e+02 1.372305838057518990e-01
5.366000000000000227e+02 1.363095063797177542e-01
5.367999999999999545e+02 1.353991094790203409e-01
5.370000000000000000e+02 1.345696376142002937e-01
5.372000000000000455e+02 1.337192329738527141e-01
5.373999999999999773e+02 1.328056673519625586e-01
5.376000000000000227e+02 1.319218798493768108e-01
5.377999999999999545e+02 1.310141398361803211e-01
5.380000000000000000e+02 1.300956280307418444e-01
5.382000000000000455e+02 1.291966953010772190e-01
5.383999999999999773e+02 1.282385946439603963e-01
5.386000000000000227e+02 1.272726071438565476e-01
5.387999999999999545e+02 1.263640278608403056e-01
5.390000000000000000e+02 1.254958742106636327e-01
5.392000000000000455e+02 1.245763665555919275e-01
5.393999999999999773e+02 1.236683743683971715e-01
5.396000000000000227e+02 1.228147933731301433e-01
5.397999999999999545e+02 1.218188692262150152e-01
5.400000000000000000e+02 1.208827002133807949e-01
5.402000000000000455e+02 1.200903324613651069e-01
5.403999999999999773e+02 1.192290152893875355e-01
5.406000000000000227e+02 1.183307686006703496e-01
5.407999999999999545e+02 1.174405677731667763e-01
5.410000000000000000e+02 1.166089573530712242e-01
5.412000000000000455e+02 1.159266677688517433e-01
5.413999999999999773e+02 1.152023216582968301e-01
5.416000000000000227e+02 1.143523250837051586e-01
5.417999999999999545e+02 1.135297229350268056e-01
5.420000000000000000e+02 1.127500100834323005e-01
5.422000000000000455e+02 1.119215413938892123e-01
5.423999999999999773e+02 1.110328186259620098e-01
5.426000000000000227e+02 1.102814242817230783e-01
5.427999999999999545e+02 1.095243758900427133e-01
5.430000000000000000e+02 1.086926161105378208e-01
5.432000000000000455e+02 1.079478742488944876e-01
5.433999999999999773e+02 1.073181330874562467e-01
5.436000000000000227e+02 1.066960892480743051e-01
5.437999999999999545e+02 1.060263401484757839e-01
5.440000000000000000e+02 1.054522522231721438e-01
5.442000000000000455e+02 1.048427051250733488e-01
5.443999999999999773e+02 1.041610276794016354e-01
5.446000000000000227e+02 1.035792448237475849e-01
5.447999999999999545e+02 1.031153078615519025e-01
5.450000000000000000e+02 1.026997914012768853e-01
5.452000000000000455e+02 1.023248842952527715e-01
5.453999999999999773e+02 1.021174795976626526e-01
5.456000000000000227e+02 1.018770260231109948e-01
5.457999999999999545e+02 1.015678345814608197e-01
5.460000000000000000e+02 1.013967406864519361e-01
5.462000000000000455e+02 1.012336246211427149e-01
5.463999999999999773e+02 1.010226376244350577e-01
5.466000000000000227e+02 1.008169449950097607e-01
5.467999999999999545e+02 1.006828064534420475e-01
5.470000000000000000e+02 1.006793505589419768e-01
5.472000000000000455e+02 1.007832803584729764e-01
5.473999999999999773e+02 1.008793387066490299e-01
5.476000000000000227e+02 1.010386726725083506e-01
5.477999999999999545e+02 1.012932176230477710e-01
5.480000000000000000e+02 1.015566619451218899e-01
5.482000000000000455e+02 1.017964395166529312e-01
5.483999999999999773e+02 1.020287907231267888e-01
5.486000000000000227e+02 1.022901685476184375e-01
5.487999999999999545e+02 1.025909253716102143e-01
5.490000000000000000e+02 1.029497200503813881e-01
5.492000000000000455e+02 1.033363238188984012e-01
5.493999999999999773e+02 1.036311937931131133e-01
5.496000000000000227e+02 1.039772734944588162e-01
5.497999999999999545e+02 1.044420618300332670e-01
5.500000000000000000e+02 1.048125233292570846e-01
5.502000000000000455e+02 1.051345137463240431e-01
5.503999999999999773e+02 1.054608746080067938e-01
5.506000000000000227e+02 1.057479092721344549e-01
5.507999999999999545e+02 1.060068050623442226e-01
5.510000000000000000e+02 1.062979108755885138e-01
5.512000000000000455e+02 1.066499316952886633e-01
5.513999999999999773e+02 1.069302484703135159e-01
5.516000000000000227e+02 1.071463438806737056e-01
5.517999999999999545e+02 1.073650450180329285e-01
5.520000000000000000e+02 1.075489040096288262e-01
5.522000000000000455e+02 1.076452452784384395e-01
5.523999999999999773e+02 1.076664491349350050e-01
5.526000000000000227e+02 1.077058850660991829e-01
5.527999999999999545e+02 1.077476771020761670e-01
5.530000000000000000e+02 1.077700194761037067e-01
5.532000000000000455e+02 1.077818552770964666e-01
5.533999999999999773e+02 1.077612536708484059e-01
5.536000000000000227e+02 1.077091488272941544e-01
5.537999999999999545e+02 1.076292988688765939e-01
5.540000000000000000e+02 1.074653604070027746e-01
5.542000000000000455e+02 1.072128114250393838e-01
5.543999999999999773e+02 1.069240700255735532e-01
5.546000000000000227e+02 1.066710108429933246e-01
5.547999999999999545e+02 1.064111797061486064e-01
5.550000000000000000e+02 1.060862929003475175e-01
5.552000000000000455e+02 1.057058562351161635e-01
5.553999999999999773e+02 1.053314638538062620e-01
5.556000000000000227e+02 1.049740751376983527e-01
5.557999999999999545e+02 1.045823443100729055e-01
5.560000000000000000e+02 1.041493487395908635e-01
5.562000000000000455e+02 1.037092625998695117e-01
5.563999999999999773e+02 1.032811859277615874e-01
5.566000000000000227e+02 1.027858018583077682e-01
5.567999999999999545e+02 1.022340362434843997e-01
5.570000000000000000e+02 1.016847976786989793e-01
5.572000000000000455e+02 1.011511278868144348e-01
5.573999999999999773e+02 1.005743291811320717e-01
5.576000000000000227e+02 9.991047893657281631e-02
5.577999999999999545e+02 9.919026887733778386e-02
5.580000000000000000e+02 9.849145848446316798e-02
5.582000000000000455e+02 9.783876662064125429e-02
5.583999999999999773e+02 9.719656978815979786e-02
5.586000000000000227e+02 9.657189078286465556e-02
5.587999999999999545e+02 9.597008591392691690e-02
5.590000000000000000e+02 9.534946024256990560e-02
5.592000000000000455e+02 9.459088667774684378e-02
5.593999999999999773e+02 9.377379848090897085e-02
5.596000000000000227e+02 9.302086033483256133e-02
5.597999999999999545e+02 9.229510654346043119e-02
5.600000000000000000e+02 9.157457178715147639e-02
5.602000000000000455e+02 9.087420687945904629e-02
5.603999999999999773e+02 9.022400798673732569e-02
5.606000000000000227e+02 8.957487407294800752e-02
5.607999999999999545e+02 8.890890694598166388e-02
5.610000000000000000e+02 8.825041502257424675e-02
5.612000000000000455e+02 8.756125857328383999e-02
5.613999999999999773e+02 8.685917045021476768e-02
5.616000000000000227e+02 8.619404280325751455e-02
5.617999999999999545e+02 8.555299781954472937e-02
5.620000000000000000e+02 8.490877933588672488e-02
5.622000000000000455e+02 8.425593865341171607e-02
5.623999999999999773e+02 8.362903787394729282e-02
5.626000000000000227e+02 8.302594209038388628e-02
5.627999999999999545e+02 8.241990206340638059e-02
5.630000000000000000e+02 8.178068076032246614e-02
5.632000000000000455e+02 8.110776657861010208e-02
5.633999999999999773e+02 8.044123675901002080e-02
5.636000000000000227e+02 7.982369207935563482e-02
5.637999999999999545e+02 7.920066051308685684e-02
5.640000000000000000e+02 7.860682538848315359e-02
5.642000000000000455e+02 7.810150346155797507e-02
5.643999999999999773e+02 7.759319333405464980e-02
5.646000000000000227e+02 7.700589600597690376e-02
5.647999999999999545e+02 7.633084719965835263e-02
5.650000000000000000e+02 7.563329151964467978e-02
5.652000000000000455e+02 7.493331312110912412e-02
5.653999999999999773e+02 7.429334993138281273e-02
5.656000000000000227e+02 7.381615737481492245e-02
5.657999999999999545e+02 7.337787618278659996e-02
5.660000000000000000e+02 7.285852774530168774e-02
5.662000000000000455e+02 7.226502480466659439e-02
5.663999999999999773e+02 7.176690857637704757e-02
5.666000000000000227e+02 7.131733301260367863e-02
5.667999999999999545e+02 7.077196545405473049e-02
5.670000000000000000e+02 7.020309810269853568e-02
5.672000000000000455e+02 6.963075915408917238e-02
5.673999999999999773e+02 6.903765627280109007e-02
5.676000000000000227e+02 6.844001990713430295e-02
5.677999999999999545e+02 6.794228697779483572e-02
5.680000000000000000e+02 6.752041015075410657e-02
5.682000000000000455e+02 6.699796461940213388e-02
5.683999999999999773e+02 6.649255728938202603e-02
5.686000000000000227e+02 6.599261649803023211e-02
5.687999999999999545e+02 6.536300147379259240e-02
5.690000000000000000e+02 6.477098801332456524e-02
5.692000000000000455e+02 6.428370684485304465e-02
5.693999999999999773e+02 6.382933059529607989e-02
5.696000000000000227e+02 6.331230946744539900e-02
5.697999999999999545e+02 6.276986284871038935e-02
5.700000000000000000e+02 6.228509861797711794e-02
5.702000000000000455e+02 6.188114734612160800e-02
5.703999999999999773e+02 6.151878194782276627e-02
5.706000000000000227e+02 6.114293126951934193e-02
5.707999999999999545e+02 6.072151189544432864e-02
5.710000000000000000e+02 6.028887431994669338e-02
5.712000000000000455e+02 5.990785205019675402e-02
5.713999999999999773e+02 5.959866034534597873e-02
5.716000000000000227e+02 5.922783350995710488e-02
5.717999999999999545e+02 5.882880248584643895e-02
5.720000000000000000e+02 5.851605648071237648e-02
5.722000000000000455e+02 5.825364950600960684e-02
5.723999999999999773e+02 5.796272685360597671e-02
5.726000000000000227e+02 5.765313677752628013e-02
5.727999999999999545e+02 5.746644295751762027e-02
5.730000000000000000e+02 5.730603232958812049e-02
5.732000000000000455e+02 5.708162770373678002e-02
5.733999999999999773e+02 5.682751801234314087e-02
5.736000000000000227e+02 5.654308417747425791e-02
5.737999999999999545e+02 5.625789273952028907e-02
5.740000000000000000e+02 5.602429712639616505e-02
5.742000000000000455e+02 5.584033651281047200e-02
5.743999999999999773e+02 5.569903661242162768e-02
5.746000000000000227e+02 5.559623510402614960e-02
5.747999999999999545e+02 5.552282263327803363e-02
5.750000000000000000e+02 5.545454427588698137e-02
5.752000000000000455e+02 5.537423671676417608e-02
5.753999999999999773e+02 5.529215152419610785e-02
5.756000000000000227e+02 5.523589971578835717e-02
5.757999999999999545e+02 5.516291101042711947e-02
5.760000000000000000e+02 5.498427416901672388e-02
5.762000000000000455e+02 5.481203334887294748e-02
5.763999999999999773e+02 5.469568328470208324e-02
5.766000000000000227e+02 5.459751586284080499e-02
5.767999999999999545e+02 5.454442057467751709e-02
5.770000000000000000e+02 5.451644018726143487e-02
5.772000000000000455e+02 5.445190750253058737e-02
5.773999999999999773e+02 5.429960275731873093e-02
5.776000000000000227e+02 5.410470694980078904e-02
5.777999999999999545e+02 5.391238413746742703e-02
5.780000000000000000e+02 5.369928138173677562e-02
5.782000000000000455e+02 5.352285734126489142e-02
5.783999999999999773e+02 5.338742423372102447e-02
5.786000000000000227e+02 5.321167812489247667e-02
5.787999999999999545e+02 5.302257080213800683e-02
5.790000000000000000e+02 5.285977876961236305e-02
5.792000000000000455e+02 5.273383956718561555e-02
5.793999999999999773e+02 5.262256639158830601e-02
5.796000000000000227e+02 5.250401763959878371e-02
5.797999999999999545e+02 5.236586337480623327e-02
5.800000000000000000e+02 5.220868251274302790e-02
5.802000000000000455e+02 5.205055246720833445e-02
5.803999999999999773e+02 5.190074557240084013e-02
5.806000000000000227e+02 5.173997912539477634e-02
5.807999999999999545e+02 5.156785463672209496e-02
5.810000000000000000e+02 5.138137708215643334e-02
5.812000000000000455e+02 5.116361325134814036e-02
5.813999999999999773e+02 5.090784170711250972e-02
5.816000000000000227e+02 5.061201838628263255e-02
5.817999999999999545e+02 5.028706072178463354e-02
5.820000000000000000e+02 4.998269298226281493e-02
5.822000000000000455e+02 4.970365424926709991e-02
5.823999999999999773e+02 4.941342734400661768e-02
5.826000000000000227e+02 4.908739682686492217e-02
5.827999999999999545e+02 4.878804733708484026e-02
5.830000000000000000e+02 4.854618322848865131e-02
5.832000000000000455e+02 4.825092305132244047e-02
5.833999999999999773e+02 4.793699308051617425e-02
5.836000000000000227e+02 4.767823532020167010e-02
5.837999999999999545e+02 4.747856307517342445e-02
5.840000000000000000e+02 4.724336820076446841e-02
5.842000000000000455e+02 4.693425814625745013e-02
5.843999999999999773e+02 4.660299613995157186e-02
5.846000000000000227e+02 4.626983072817184711e-02
5.847999999999999545e+02 4.593862896423150238e-02
5.850000000000000000e+02 4.560848686717818012e-02
5.852000000000000455e+02 4.528127397643916946e-02
5.853999999999999773e+02 4.493777169302119040e-02
5.856000000000000227e+02 4.457328062123054602e-02
5.857999999999999545e+02 4.423929153568766787e-02
5.860000000000000000e+02 4.395244936285721410e-02
5.862000000000000455e+02 4.373813440380205225e-02
5.863999999999999773e+02 4.362195237685220078e-02
5.866000000000000227e+02 4.336435652024649146e-02
5.867999999999999545e+02 4.289593617947375787e-02
5.870000000000000000e+02 4.243962947452420420e-02
5.872000000000000455e+02 4.207954799904878307e-02
5.873999999999999773e+02 4.179921109284461672e-02
5.876000000000000227e+02 4.153184701458868117e-02
5.877999999999999545e+02 4.122762056735744529e-02
5.880000000000000000e+02 4.090512642250059006e-02
5.882000000000000455e+02 4.060373769956868162e-02
5.883999999999999773e+02 4.030418058778478807e-02
5.886000000000000227e+02 3.997516560967688537e-02
5.887999999999999545e+02 3.961102105340311846e-02
5.890000000000000000e+02 3.924664871556138301e-02
5.892000000000000455e+02 3.887220954344657031e-02
5.893999999999999773e+02 3.843865700097571364e-02
5.896000000000000227e+02 3.792591377860183438e-02
5.897999999999999545e+02 3.755482133306789483e-02
5.900000000000000000e+02 3.730871825422789334e-02
5.902000000000000455e+02 3.694583932394582965e-02
5.903999999999999773e+02 3.650567022159589142e-02
5.906000000000000227e+02 3.609362431494642087e-02
5.907999999999999545e+02 3.577101938739871839e-02
5.910000000000000000e+02 3.548320136132417091e-02
5.912000000000000455e+02 3.516811897705897361e-02
5.913999999999999773e+02 3.481886862375276753e-02
5.916000000000000227e+02 3.450523906265509644e-02
5.917999999999999545e+02 3.420014545114315185e-02
5.920000000000000000e+02 3.388809272622941848e-02
5.922000000000000455e+02 3.361957419511776846e-02
5.923999999999999773e+02 3.336749960879287907e-02
5.926000000000000227e+02 3.308517938093927246e-02
5.927999999999999545e+02 3.275509159016370270e-02
5.930000000000000000e+02 3.243767862187916379e-02
5.932000000000000455e+02 3.217616649518070110e-02
5.933999999999999773e+02 3.196398067334323134e-02
5.936000000000000227e+02 3.173753232563762683e-02
5.937999999999999545e+02 3.142018605595261332e-02
5.940000000000000000e+02 3.103988429156243761e-02
5.942000000000000455e+02 3.080789159802780480e-02
5.943999999999999773e+02 3.069910603474181043e-02
5.946000000000000227e+02 3.057057348383104833e-02
5.947999999999999545e+02 3.032744505906443538e-02
5.950000000000000000e+02 3.010025443784963839e-02
5.952000000000000455e+02 2.993026032431163330e-02
5.953999999999999773e+02 2.969347851489630152e-02
5.956000000000000227e+02 2.937831778649083875e-02
5.957999999999999545e+02 2.903946710091859229e-02
5.960000000000000000e+02 2.872382416228226598e-02
5.962000000000000455e+02 2.837177077119723556e-02
5.963999999999999773e+02 2.801760170522128723e-02
5.966000000000000227e+02 2.773855998529015793e-02
5.967999999999999545e+02 2.753310418411212407e-02
5.970000000000000000e+02 2.736342373160880609e-02
5.972000000000000455e+02 2.717211535217758933e-02
5.973999999999999773e+02 2.690223800139337346e-02
5.976000000000000227e+02 2.656615333909569110e-02
5.977999999999999545e+02 2.626747394331123420e-02
5.980000000000000000e+02 2.612961105950053348e-02
5.982000000000000455e+02 2.601103242188783360e-02
5.983999999999999773e+02 2.579678096811429538e-02
5.986000000000000227e+02 2.551207205995587729e-02
5.987999999999999545e+02 2.531056025890637134e-02
5.990000000000000000e+02 2.518921862160770214e-02
5.992000000000000455e+02 2.505660347309727337e-02
5.993999999999999773e+02 2.492637370425090926e-02
5.996000000000000227e+02 2.479817514597206646e-02
5.997999999999999545e+02 2.463907977249895492e-02
6.000000000000000000e+02 2.440358385574622341e-02
6.002000000000000455e+02 2.415035459066636886e-02
6.003999999999999773e+02 2.392855964531896001e-02
6.006000000000000227e+02 2.371936522321388408e-02
6.007999999999999545e+02 2.352152476885823601e-02
6.010000000000000000e+02 2.330045222743354350e-02
6.012000000000000455e+02 2.301173740074337337e-02
6.013999999999999773e+02 2.272124298773812306e-02
6.016000000000000227e+02 2.249796357729687279e-02
6.017999999999999545e+02 2.235795861766998877e-02
6.020000000000000000e+02 2.223157053643566583e-02
6.022000000000000455e+02 2.211704795726825851e-02
6.023999999999999773e+02 2.201932796357784772e-02
6.026000000000000227e+02 2.187211368962189983e-02
6.027999999999999545e+02 2.167816048991628303e-02
6.030000000000000000e+02 2.149986510169735188e-02
6.032000000000000455e+02 2.141419861962992610e-02
6.033999999999999773e+02 2.138503376540223239e-02
6.036000000000000227e+02 2.132351057841672115e-02
6.037999999999999545e+02 2.116829385000444652e-02
6.040000000000000000e+02 2.102062293746562172e-02
6.042000000000000455e+02 2.092322314097536801e-02
6.043999999999999773e+02 2.084723594667357849e-02
6.046000000000000227e+02 2.079552092379548939e-02
6.047999999999999545e+02 2.076525555603103007e-02
6.050000000000000000e+02 2.073582772611745617e-02
6.052000000000000455e+02 2.066299943033914066e-02
6.053999999999999773e+02 2.048536405896372176e-02
6.056000000000000227e+02 2.022559033690053687e-02
6.057999999999999545e+02 2.003452020405314948e-02
6.060000000000000000e+02 1.997460157786000445e-02
6.062000000000000455e+02 1.998123670887338305e-02
6.063999999999999773e+02 1.990630645576205865e-02
6.066000000000000227e+02 1.971501127974886747e-02
6.067999999999999545e+02 1.951425551746702181e-02
6.070000000000000000e+02 1.943683428989626677e-02
6.072000000000000455e+02 1.938784592042755439e-02
6.073999999999999773e+02 1.927817915282276778e-02
6.076000000000000227e+02 1.909421884725663598e-02
6.077999999999999545e+02 1.890717572126938278e-02
6.080000000000000000e+02 1.873235199754826746e-02
6.082000000000000455e+02 1.855595200009063639e-02
6.083999999999999773e+02 1.838409893262550610e-02
6.086000000000000227e+02 1.827621408198285696e-02
6.087999999999999545e+02 1.825649162413275212e-02
6.090000000000000000e+02 1.825886384696982084e-02
6.092000000000000455e+02 1.814065642562282671e-02
6.093999999999999773e+02 1.792188635809072172e-02
6.096000000000000227e+02 1.775610949023179175e-02
6.097999999999999545e+02 1.763827936944698666e-02
6.100000000000000000e+02 1.752266451091686467e-02
6.102000000000000455e+02 1.738511502724392893e-02
6.103999999999999773e+02 1.726818769306120646e-02
6.106000000000000227e+02 1.723785811207037902e-02
6.107999999999999545e+02 1.728188501136104435e-02
6.110000000000000000e+02 1.725348951759928667e-02
6.112000000000000455e+02 1.716925811260124751e-02
6.113999999999999773e+02 1.710086264787339869e-02
6.116000000000000227e+02 1.707083120601444667e-02
6.117999999999999545e+02 1.700774985382806290e-02
6.120000000000000000e+02 1.688030822479377399e-02
6.122000000000000455e+02 1.672752534806794603e-02
6.123999999999999773e+02 1.657620557230010325e-02
6.126000000000000227e+02 1.642728943166798378e-02
6.127999999999999545e+02 1.627451902393388383e-02
6.130000000000000000e+02 1.613860629740250172e-02
6.132000000000000455e+02 1.601951203145963315e-02
6.133999999999999773e+02 1.589452469253324618e-02
6.136000000000000227e+02 1.573317182194089101e-02
6.137999999999999545e+02 1.555104670990454727e-02
6.140000000000000000e+02 1.537787254377918911e-02
6.142000000000000455e+02 1.521707341535001243e-02
6.143999999999999773e+02 1.499577181149396726e-02
6.146000000000000227e+02 1.472138612344676967e-02
6.147999999999999545e+02 1.449062560764881324e-02
6.150000000000000000e+02 1.427298575157386756e-02
6.152000000000000455e+02 1.407245308490575816e-02
6.153999999999999773e+02 1.391533421592514724e-02
6.156000000000000227e+02 1.372842923402409210e-02
6.157999999999999545e+02 1.354364236725924542e-02
6.160000000000000000e+02 1.342667391550541461e-02
6.162000000000000455e+02 1.333733768422077498e-02
6.163999999999999773e+02 1.322889183409956329e-02
6.166000000000000227e+02 1.308776524154869544e-02
6.167999999999999545e+02 1.294060500570844152e-02
6.170000000000000000e+02 1.277188859462746046e-02
6.172000000000000455e+02 1.259227548140075259e-02
6.173999999999999773e+02 1.245562988191141127e-02
6.176000000000000227e+02 1.236656898170305011e-02
6.177999999999999545e+02 1.228563247863468863e-02
6.180000000000000000e+02 1.217762197066057928e-02
6.182000000000000455e+02 1.210530838196348727e-02
6.183999999999999773e+02 1.207378282399912753e-02
6.186000000000000227e+02 1.204762038448043207e-02
6.187999999999999545e+02 1.202457893420216806e-02
6.190000000000000000e+02 1.197346111632919749e-02
6.192000000000000455e+02 1.187804689399309457e-02
6.193999999999999773e+02 1.177515957210806263e-02
6.196000000000000227e+02 1.166378171423079063e-02
6.197999999999999545e+02 1.152927485838079608e-02
6.200000000000000000e+02 1.137327146748095402e-02
6.202000000000000455e+02 1.124600656165298737e-02
6.203999999999999773e+02 1.114867212726870782e-02
6.206000000000000227e+02 1.103860631503340156e-02
6.207999999999999545e+02 1.094363361739588911e-02
6.210000000000000000e+02 1.089301994602034224e-02
6.212000000000000455e+02 1.086837672787081821e-02
6.213999999999999773e+02 1.076925948732094032e-02
6.216000000000000227e+02 1.059677060824062642e-02
6.217999999999999545e+02 1.043610255112528348e-02
6.220000000000000000e+02 1.037737725774516562e-02
6.222000000000000455e+02 1.032810773437626423e-02
6.223999999999999773e+02 1.018835254155942005e-02
6.226000000000000227e+02 9.973036971291641961e-03
6.227999999999999545e+02 9.739640491789474525e-03
6.230000000000000000e+02 9.575709845297021572e-03
6.232000000000000455e+02 9.535971191038883354e-03
6.233999999999999773e+02 9.479068532126412594e-03
6.236000000000000227e+02 9.360926996282256662e-03
6.237999999999999545e+02 9.251056156415991827e-03
6.240000000000000000e+02 9.188470592037301793e-03
6.242000000000000455e+02 9.088979702163480640e-03
6.243999999999999773e+02 8.904195363246610040e-03
6.246000000000000227e+02 8.791843680161927355e-03
6.247999999999999545e+02 8.742244668552986986e-03
6.250000000000000000e+02 8.653453628289769356e-03
6.252000000000000455e+02 8.453509659739268101e-03
6.253999999999999773e+02 8.226486457803119934e-03
6.256000000000000227e+02 8.073322790892085293e-03
6.257999999999999545e+02 8.032531300056443974e-03
6.260000000000000000e+02 8.069275376726459809e-03
6.262000000000000455e+02 8.069328832856836192e-03
6.263999999999999773e+02 7.930591171755159430e-03
6.266000000000000227e+02 7.752637271835935429e-03
6.267999999999999545e+02 7.626883623551523883e-03
6.270000000000000000e+02 7.539162813745142744e-03
6.272000000000000455e+02 7.338332117434995250e-03
6.273999999999999773e+02 7.104187638473122984e-03
6.276000000000000227e+02 6.951651079571154884e-03
6.277999999999999545e+02 6.834843818128186893e-03
6.280000000000000000e+02 6.700596660062601434e-03
6.282000000000000455e+02 6.562298720453513950e-03
6.283999999999999773e+02 6.496458449787499007e-03
6.286000000000000227e+02 6.499129790757715575e-03
6.287999999999999545e+02 6.554700775417456049e-03
6.290000000000000000e+02 6.632122446351092215e-03
6.292000000000000455e+02 6.615375985336978404e-03
6.293999999999999773e+02 6.490771298435511760e-03
6.296000000000000227e+02 6.335365359412706981e-03
6.297999999999999545e+02 6.221944181826925130e-03
6.300000000000000000e+02 6.150850129070403044e-03
6.302000000000000455e+02 6.130329016547746146e-03
6.303999999999999773e+02 6.224610982608246718e-03
6.306000000000000227e+02 6.284103807712819456e-03
6.307999999999999545e+02 6.215913007970197413e-03
6.310000000000000000e+02 6.129624725602300650e-03
6.312000000000000455e+02 6.111159317650025763e-03
6.313999999999999773e+02 6.160074680498835858e-03
6.316000000000000227e+02 6.197395231114032066e-03
6.317999999999999545e+02 6.148250762288448579e-03
6.320000000000000000e+02 6.022000805662078293e-03
6.322000000000000455e+02 5.891708981385020832e-03
6.323999999999999773e+02 5.821332117442311327e-03
6.326000000000000227e+02 5.849283544682951780e-03
6.327999999999999545e+02 5.943625754467763561e-03
6.330000000000000000e+02 5.973264728304828602e-03
6.332000000000000455e+02 5.890706194943761548e-03
6.333999999999999773e+02 5.712114762165019372e-03
6.336000000000000227e+02 5.494233609566037679e-03
6.337999999999999545e+02 5.349763768205003517e-03
6.340000000000000000e+02 5.293774171918036453e-03
6.342000000000000455e+02 5.225125278198631401e-03
6.343999999999999773e+02 5.105743022503307638e-03
6.346000000000000227e+02 4.969499893511957617e-03
6.347999999999999545e+02 4.873644621035878866e-03
6.350000000000000000e+02 4.803830631418138514e-03
6.352000000000000455e+02 4.707856127988935269e-03
6.353999999999999773e+02 4.552813731000911884e-03
6.356000000000000227e+02 4.377664467008376276e-03
6.357999999999999545e+02 4.184456451461836257e-03
6.360000000000000000e+02 3.990420477509790120e-03
6.362000000000000455e+02 3.869118052476538255e-03
6.363999999999999773e+02 3.858392849523939461e-03
6.366000000000000227e+02 3.894136886815512816e-03
6.367999999999999545e+02 3.853663237980368278e-03
6.370000000000000000e+02 3.816285995297302031e-03
6.372000000000000455e+02 3.824767992577842585e-03
6.373999999999999773e+02 3.836349219623655382e-03
6.376000000000000227e+02 3.815479933969863346e-03
6.377999999999999545e+02 3.762335644322351014e-03
6.380000000000000000e+02 3.707095632663474222e-03
6.382000000000000455e+02 3.683619695991773718e-03
6.383999999999999773e+02 3.635461619284682117e-03
6.386000000000000227e+02 3.543026770113394397e-03
6.387999999999999545e+02 3.516297563212419236e-03
6.390000000000000000e+02 3.542241929216656537e-03
6.392000000000000455e+02 3.553807849565569776e-03
6.393999999999999773e+02 3.499136347009507847e-03
6.396000000000000227e+02 3.392254529539010660e-03
6.397999999999999545e+02 3.303550490033994869e-03
6.400000000000000000e+02 3.291641011197062039e-03
6.402000000000000455e+02 3.252818257219406567e-03
6.403999999999999773e+02 3.154728984967380967e-03
6.406000000000000227e+02 3.034962537761538848e-03
6.407999999999999545e+02 2.896220496871569627e-03
6.410000000000000000e+02 2.704552699260176496e-03
6.412000000000000455e+02 2.466859337878355568e-03
6.413999999999999773e+02 2.292075518502929149e-03
6.416000000000000227e+02 2.228319269785623835e-03
6.417999999999999545e+02 2.215861791283642301e-03
6.420000000000000000e+02 2.124954809931106636e-03
6.422000000000000455e+02 2.017705187180841853e-03
6.423999999999999773e+02 1.952649706386644368e-03
6.426000000000000227e+02 1.909363640728613254e-03
6.427999999999999545e+02 1.849994195195155816e-03
6.430000000000000000e+02 1.787634299730968962e-03
6.432000000000000455e+02 1.761450496744171312e-03
6.433999999999999773e+02 1.754820417652885184e-03
6.436000000000000227e+02 1.711326183697393227e-03
6.437999999999999545e+02 1.616086663806951332e-03
6.440000000000000000e+02 1.565606882468437502e-03
6.442000000000000455e+02 1.565117587698665325e-03
6.443999999999999773e+02 1.575369232263239966e-03
6.446000000000000227e+02 1.566586033118088153e-03
6.447999999999999545e+02 1.514235409633630028e-03
6.450000000000000000e+02 1.471520853737950593e-03
6.452000000000000455e+02 1.524071063417530014e-03
6.453999999999999773e+02 1.534309777868631680e-03
6.456000000000000227e+02 1.481478670784387719e-03
6.457999999999999545e+02 1.469909239371626833e-03
6.460000000000000000e+02 1.505976737875997298e-03
6.462000000000000455e+02 1.537710914582468211e-03
6.463999999999999773e+02 1.513903403830568414e-03
6.466000000000000227e+02 1.448519898027664926e-03
6.467999999999999545e+02 1.394104429757141508e-03
6.470000000000000000e+02 1.367970580875198239e-03
6.472000000000000455e+02 1.316001055776349488e-03
6.473999999999999773e+02 1.261227056892766721e-03
6.476000000000000227e+02 1.214622697895843817e-03
6.477999999999999545e+02 1.148776316602978867e-03
6.480000000000000000e+02 1.113779882065754276e-03
6.482000000000000455e+02 1.107864931321370788e-03
6.483999999999999773e+02 1.078042058939587128e-03
6.486000000000000227e+02 1.036073431654164004e-03
6.487999999999999545e+02 9.602490577933688737e-04
6.490000000000000000e+02 8.153618302256544076e-04
6.492000000000000455e+02 6.198629253596210642e-04
6.493999999999999773e+02 4.169450055833516522e-04
6.496000000000000227e+02 2.390787483809234115e-04
6.497999999999999545e+02 8.805238596398291817e-05
6.500000000000000000e+02 0.000000000000000000e+00
