4.100000000000000000e+02 7.150974244734165097e-02
4.101999999999999886e+02 6.620793388221804521e-02
4.103999999999999773e+02 6.169076588762494734e-02
4.106000000000000227e+02 5.788292988235235054e-02
4.108000000000000114e+02 5.472526071720983792e-02
4.110000000000000000e+02 5.211165944455533466e-02
4.111999999999999886e+02 4.991879647341333076e-02
4.113999999999999773e+02 4.806559442081759920e-02
4.116000000000000227e+02 4.646279952245913059e-02
4.118000000000000114e+02 4.504668021592360405e-02
4.120000000000000000e+02 4.377927449964881534e-02
4.121999999999999886e+02 4.261588967076705009e-02
4.123999999999999773e+02 4.153552137358496738e-02
4.126000000000000227e+02 4.052266238859431047e-02
4.128000000000000114e+02 3.955887258074488461e-02
4.130000000000000000e+02 3.864420647175741824e-02
4.131999999999999886e+02 3.777218662670623478e-02
4.133999999999999773e+02 3.693683967237768040e-02
4.136000000000000227e+02 3.614170118258775571e-02
4.138000000000000114e+02 3.537811317808801925e-02
4.140000000000000000e+02 3.464255804331164978e-02
4.141999999999999886e+02 3.393495724435442035e-02
4.143999999999999773e+02 3.324770244242179762e-02
4.146000000000000227e+02 3.258331959879097461e-02
4.148000000000000114e+02 3.194215195379923600e-02
4.150000000000000000e+02 3.132037122666334050e-02
4.151999999999999886e+02 3.072256964144894076e-02
4.153999999999999773e+02 3.014600165316819874e-02
4.156000000000000227e+02 2.958721872492831029e-02
4.158000000000000114e+02 2.904659645958828501e-02
4.160000000000000000e+02 2.851676878920814118e-02
4.161999999999999886e+02 2.799545384081882082e-02
4.163999999999999773e+02 2.748213482893634846e-02
4.166000000000000227e+02 2.697178511693910236e-02
4.168000000000000114e+02 2.646814210821407665e-02
4.170000000000000000e+02 2.597269781378899051e-02
4.171999999999999886e+02 2.548462021566540170e-02
4.173999999999999773e+02 2.500909507747767213e-02
4.176000000000000227e+02 2.454604447223273506e-02
4.178000000000000114e+02 2.409722920394088280e-02
4.180000000000000000e+02 2.366770451617110360e-02
4.181999999999999886e+02 2.325491651800299514e-02
4.183999999999999773e+02 2.285939338578470842e-02
4.186000000000000227e+02 2.248121445272687619e-02
4.188000000000000114e+02 2.211630537144240044e-02
4.190000000000000000e+02 2.176537779355459945e-02
4.191999999999999886e+02 2.142603492273945087e-02
4.193999999999999773e+02 2.109445128971473848e-02
4.196000000000000227e+02 2.077088939953677937e-02
4.198000000000000114e+02 2.045227991293855491e-02
4.200000000000000000e+02 2.013751800865073993e-02
4.201999999999999886e+02 1.982819188542304933e-02
4.203999999999999773e+02 1.952328455177518990e-02
4.206000000000000227e+02 1.922105087592242828e-02
4.208000000000000114e+02 1.892115922685315421e-02
4.210000000000000000e+02 1.862446117362120263e-02
4.211999999999999886e+02 1.832862038610630351e-02
4.213999999999999773e+02 1.803422222687427884e-02
4.216000000000000227e+02 1.774258761809396207e-02
4.218000000000000114e+02 1.745266973302792707e-02
4.220000000000000000e+02 1.716775953571932772e-02
4.221999999999999886e+02 1.688917338470884155e-02
4.223999999999999773e+02 1.661676791130749231e-02
4.226000000000000227e+02 1.635394011274907827e-02
4.228000000000000114e+02 1.610146905135448336e-02
4.230000000000000000e+02 1.586087671604293620e-02
4.231999999999999886e+02 1.563453981992435349e-02
4.233999999999999773e+02 1.541979790470819796e-02
4.236000000000000227e+02 1.521500975466116672e-02
4.238000000000000114e+02 1.501748683984748152e-02
4.240000000000000000e+02 1.482178578758336883e-02
4.241999999999999886e+02 1.462517022662953962e-02
4.243999999999999773e+02 1.442377765438278454e-02
4.246000000000000227e+02 1.421455276770829980e-02
4.248000000000000114e+02 1.399896861152170359e-02
4.250000000000000000e+02 1.377835195836972330e-02
4.251999999999999886e+02 1.355686040827559259e-02
4.253999999999999773e+02 1.334018002403527907e-02
4.256000000000000227e+02 1.312989466423790906e-02
4.258000000000000114e+02 1.292764788404273703e-02
4.260000000000000000e+02 1.273291754357777118e-02
4.261999999999999886e+02 1.254277244813536800e-02
4.263999999999999773e+02 1.235731910783944600e-02
4.266000000000000227e+02 1.217522190122122781e-02
4.268000000000000114e+02 1.199538448043721041e-02
4.270000000000000000e+02 1.181922725882803525e-02
4.271999999999999886e+02 1.164670426117767922e-02
4.273999999999999773e+02 1.147913591845893012e-02
4.276000000000000227e+02 1.131773732561799049e-02
4.278000000000000114e+02 1.115997135384789486e-02
4.280000000000000000e+02 1.100406995129908812e-02
4.281999999999999886e+02 1.084720181450765479e-02
4.283999999999999773e+02 1.068604118571809918e-02
4.286000000000000227e+02 1.052112550687577495e-02
4.288000000000000114e+02 1.035291464300502028e-02
4.290000000000000000e+02 1.018302273318308533e-02
4.291999999999999886e+02 1.001487409097161392e-02
4.293999999999999773e+02 9.849850333449624087e-03
4.296000000000000227e+02 9.691140360868563328e-03
4.298000000000000114e+02 9.542346637144398167e-03
4.300000000000000000e+02 9.404749264106474979e-03
4.301999999999999886e+02 9.280738581098920900e-03
4.303999999999999773e+02 9.172057852962095872e-03
4.306000000000000227e+02 9.079850599098602745e-03
4.308000000000000114e+02 9.006201943987818606e-03
4.310000000000000000e+02 8.951015267696470559e-03
4.311999999999999886e+02 8.912989649789490945e-03
4.313999999999999773e+02 8.891493634511677888e-03
4.316000000000000227e+02 8.889439932572162570e-03
4.318000000000000114e+02 8.919725913558917627e-03
4.320000000000000000e+02 9.010359783970850814e-03
4.321999999999999886e+02 9.206311645343244129e-03
4.323999999999999773e+02 9.562240344371404285e-03
4.326000000000000227e+02 1.014217731335467949e-02
4.328000000000000114e+02 1.100672009920941434e-02
4.330000000000000000e+02 1.219604919979237929e-02
4.331999999999999886e+02 1.374238899325733003e-02
4.333999999999999773e+02 1.564121261342285574e-02
4.336000000000000227e+02 1.785238023259373696e-02
4.338000000000000114e+02 2.033391077871053026e-02
4.340000000000000000e+02 2.299463551273280698e-02
4.341999999999999886e+02 2.573316573961530185e-02
4.343999999999999773e+02 2.845990255443155842e-02
4.346000000000000227e+02 3.104660489757932879e-02
4.348000000000000114e+02 3.338846525044029262e-02
4.350000000000000000e+02 3.539264265436071338e-02
4.351999999999999886e+02 3.695360985379478325e-02
4.353999999999999773e+02 3.800783453580375976e-02
4.356000000000000227e+02 3.850685539631216320e-02
4.358000000000000114e+02 3.842419844280656194e-02
4.360000000000000000e+02 3.778637685182014566e-02
4.361999999999999886e+02 3.663016644656653942e-02
4.363999999999999773e+02 3.499820818000252270e-02
4.366000000000000227e+02 3.294748617270901875e-02
4.368000000000000114e+02 3.056727906749890505e-02
4.370000000000000000e+02 2.794973054885085267e-02
4.371999999999999886e+02 2.519050485211202922e-02
4.373999999999999773e+02 2.239959930570997737e-02
4.376000000000000227e+02 1.967443694748811922e-02
4.378000000000000114e+02 1.711276376559858758e-02
4.380000000000000000e+02 1.480908953231013618e-02
4.381999999999999886e+02 1.281071500737513379e-02
4.383999999999999773e+02 1.114131695215850835e-02
4.386000000000000227e+02 9.801752992812063844e-03
4.388000000000000114e+02 8.761892443868183819e-03
4.390000000000000000e+02 7.980052899798242491e-03
4.391999999999999886e+02 7.404352228517900245e-03
4.393999999999999773e+02 6.977675529129588258e-03
4.396000000000000227e+02 6.656146950299620182e-03
4.398000000000000114e+02 6.407036559697666320e-03
4.400000000000000000e+02 6.206978834873767489e-03
4.401999999999999886e+02 6.041030796165592839e-03
4.403999999999999773e+02 5.901283199695643925e-03
4.406000000000000227e+02 5.782784075937788190e-03
4.408000000000000114e+02 5.681205585586280790e-03
4.410000000000000000e+02 5.592898889060749293e-03
4.411999999999999886e+02 5.513913811346688246e-03
4.413999999999999773e+02 5.440323813396747907e-03
4.416000000000000227e+02 5.368987841190353896e-03
4.418000000000000114e+02 5.297081746654623904e-03
4.420000000000000000e+02 5.223092059006064283e-03
4.421999999999999886e+02 5.147325345566644214e-03
4.423999999999999773e+02 5.071375265929932083e-03
4.426000000000000227e+02 4.997309995278262709e-03
4.428000000000000114e+02 4.927295648072762060e-03
4.430000000000000000e+02 4.863108818347528298e-03
4.431999999999999886e+02 4.804529894502867701e-03
4.433999999999999773e+02 4.750544590506377077e-03
4.436000000000000227e+02 4.700156366311413966e-03
4.438000000000000114e+02 4.652346662001654795e-03
4.440000000000000000e+02 4.606115143499128414e-03
4.441999999999999886e+02 4.560392391186432123e-03
4.443999999999999773e+02 4.514013440690542098e-03
4.446000000000000227e+02 4.466315743934750823e-03
4.448000000000000114e+02 4.416798458391177004e-03
4.450000000000000000e+02 4.365167692956100146e-03
4.451999999999999886e+02 4.312055659165115254e-03
4.453999999999999773e+02 4.257882137794087932e-03
4.456000000000000227e+02 4.202926947655461973e-03
4.458000000000000114e+02 4.147885567598161641e-03
4.460000000000000000e+02 4.094170507829975394e-03
4.461999999999999886e+02 4.043154494653618605e-03
4.463999999999999773e+02 3.995675391261993906e-03
4.466000000000000227e+02 3.951930953314123154e-03
4.468000000000000114e+02 3.911618641462928300e-03
4.470000000000000000e+02 3.874362855791414414e-03
4.471999999999999886e+02 3.840159544552983542e-03
4.473999999999999773e+02 3.809193881400630213e-03
4.476000000000000227e+02 3.782090452202907169e-03
4.478000000000000114e+02 3.759779078713663611e-03
4.480000000000000000e+02 3.742692685972928354e-03
4.481999999999999886e+02 3.730699256661732313e-03
4.483999999999999773e+02 3.722977125032623721e-03
4.486000000000000227e+02 3.717746636254360901e-03
4.488000000000000114e+02 3.711805113697201272e-03
4.490000000000000000e+02 3.701445360090217448e-03
4.491999999999999886e+02 3.683628089259627023e-03
4.493999999999999773e+02 3.657598128763475329e-03
4.496000000000000227e+02 3.623965901863078834e-03
4.498000000000000114e+02 3.583829580406981338e-03
4.500000000000000000e+02 3.538208929709312292e-03
4.501999999999999886e+02 3.488858389602002633e-03
4.503999999999999773e+02 3.437862624920887469e-03
4.506000000000000227e+02 3.387206315706410911e-03
4.508000000000000114e+02 3.338302702633749383e-03
4.510000000000000000e+02 3.291402501095259600e-03
4.511999999999999886e+02 3.246232088038343913e-03
4.513999999999999773e+02 3.202907940371426190e-03
4.516000000000000227e+02 3.162040567560723756e-03
4.518000000000000114e+02 3.124736723905311916e-03
4.520000000000000000e+02 3.092049408463080559e-03
4.521999999999999886e+02 3.063649273870159076e-03
4.523999999999999773e+02 3.038576452763007071e-03
4.526000000000000227e+02 3.016356480099150958e-03
4.528000000000000114e+02 2.997850459009488225e-03
4.530000000000000000e+02 2.984053137061648889e-03
4.531999999999999886e+02 2.974835319735578618e-03
4.533999999999999773e+02 2.968384858870491347e-03
4.536000000000000227e+02 2.961392228922851352e-03
4.538000000000000114e+02 2.950738011945024455e-03
4.540000000000000000e+02 2.933997654436545574e-03
4.541999999999999886e+02 2.909626181530117553e-03
4.543999999999999773e+02 2.877209422752534732e-03
4.546000000000000227e+02 2.837278639221169421e-03
4.548000000000000114e+02 2.791511372033780511e-03
4.550000000000000000e+02 2.743348059245582019e-03
4.551999999999999886e+02 2.696744556934799544e-03
4.553999999999999773e+02 2.654705230478270409e-03
4.556000000000000227e+02 2.617908199835270247e-03
4.558000000000000114e+02 2.584414116606649839e-03
4.560000000000000000e+02 2.551276898237466936e-03
4.561999999999999886e+02 2.516048946493815511e-03
4.563999999999999773e+02 2.478406575434863660e-03
4.566000000000000227e+02 2.439222993160539490e-03
4.568000000000000114e+02 2.400134377783049583e-03
4.570000000000000000e+02 2.363190603888360580e-03
4.571999999999999886e+02 2.329996261316301040e-03
4.573999999999999773e+02 2.301561609757207111e-03
4.576000000000000227e+02 2.278134158850177171e-03
4.578000000000000114e+02 2.258906686299629735e-03
4.580000000000000000e+02 2.242284647133338873e-03
4.581999999999999886e+02 2.226475291210000887e-03
4.583999999999999773e+02 2.210158854233637213e-03
4.586000000000000227e+02 2.193124209061498436e-03
4.588000000000000114e+02 2.176418997884286763e-03
4.590000000000000000e+02 2.161615988940466387e-03
4.591999999999999886e+02 2.149436069968233692e-03
4.593999999999999773e+02 2.143664421250413010e-03
4.596000000000000227e+02 2.158737657346169667e-03
4.598000000000000114e+02 2.224059223029118196e-03
4.600000000000000000e+02 2.369432176304914553e-03
4.601999999999999886e+02 2.611182784232135914e-03
4.603999999999999773e+02 2.946393214470861485e-03
4.606000000000000227e+02 3.353010261407487688e-03
4.608000000000000114e+02 3.796430968427575922e-03
4.610000000000000000e+02 4.234021065361448163e-03
4.611999999999999886e+02 4.621401121233182155e-03
4.613999999999999773e+02 4.928575905949741584e-03
4.616000000000000227e+02 5.141295360611470092e-03
4.618000000000000114e+02 5.262377028021606243e-03
4.620000000000000000e+02 5.313973477133209292e-03
4.621999999999999886e+02 5.328242394783173561e-03
4.623999999999999773e+02 5.330686889697346456e-03
4.626000000000000227e+02 5.323930306578001856e-03
4.628000000000000114e+02 5.281980809442235816e-03
4.630000000000000000e+02 5.171909736398029936e-03
4.631999999999999886e+02 4.968688770442630451e-03
4.633999999999999773e+02 4.666784213418999697e-03
4.636000000000000227e+02 4.282843264591806517e-03
4.638000000000000114e+02 3.849289654760232673e-03
4.640000000000000000e+02 3.407074262967499725e-03
4.641999999999999886e+02 2.999775563428034794e-03
4.643999999999999773e+02 2.662966997990455151e-03
4.646000000000000227e+02 2.418649859150105372e-03
4.648000000000000114e+02 2.271839781134156813e-03
4.650000000000000000e+02 2.206113510843821235e-03
4.651999999999999886e+02 2.191359501791178416e-03
4.653999999999999773e+02 2.195370762085846125e-03
4.656000000000000227e+02 2.201785435547188099e-03
4.658000000000000114e+02 2.206786880842220855e-03
4.660000000000000000e+02 2.212703638365658837e-03
4.661999999999999886e+02 2.219543308111370655e-03
4.663999999999999773e+02 2.227716892309251906e-03
4.666000000000000227e+02 2.237743718333306403e-03
4.668000000000000114e+02 2.249494238283666556e-03
4.670000000000000000e+02 2.262492024969205151e-03
4.671999999999999886e+02 2.276160425425265491e-03
4.673999999999999773e+02 2.290025156938501477e-03
4.676000000000000227e+02 2.303926343394446102e-03
4.678000000000000114e+02 2.317884326392580588e-03
4.680000000000000000e+02 2.331925591700964584e-03
4.681999999999999886e+02 2.345832822211828955e-03
4.683999999999999773e+02 2.358675273258385718e-03
4.686000000000000227e+02 2.369340438646184641e-03
4.688000000000000114e+02 2.376740247851586926e-03
4.690000000000000000e+02 2.379799958647234662e-03
4.691999999999999886e+02 2.377770220687087932e-03
4.693999999999999773e+02 2.370948572495307563e-03
4.696000000000000227e+02 2.361336564880144734e-03
4.698000000000000114e+02 2.352727574396454649e-03
4.700000000000000000e+02 2.349192034369803825e-03
4.701999999999999886e+02 2.353807411877415282e-03
4.703999999999999773e+02 2.367336184044161254e-03
4.706000000000000227e+02 2.388053344681331444e-03
4.708000000000000114e+02 2.412545183482722386e-03
4.710000000000000000e+02 2.436799858713690342e-03
4.711999999999999886e+02 2.458026486337753364e-03
4.713999999999999773e+02 2.475056567750382949e-03
4.716000000000000227e+02 2.488500298458691182e-03
4.718000000000000114e+02 2.500860880705961867e-03
4.720000000000000000e+02 2.516118164956724843e-03
4.721999999999999886e+02 2.538064502810346776e-03
4.723999999999999773e+02 2.568634232512313417e-03
4.726000000000000227e+02 2.606655940926438583e-03
4.728000000000000114e+02 2.648610454110642345e-03
4.730000000000000000e+02 2.689996875531676726e-03
4.731999999999999886e+02 2.727384786070643705e-03
4.733999999999999773e+02 2.759719315802633063e-03
4.736000000000000227e+02 2.788379739247387815e-03
4.738000000000000114e+02 2.816680715827737588e-03
4.740000000000000000e+02 2.848222344072252540e-03
4.741999999999999886e+02 2.886395685688101717e-03
4.743999999999999773e+02 2.933501189316895311e-03
4.746000000000000227e+02 2.989403596556411760e-03
4.748000000000000114e+02 3.051823488598131087e-03
4.750000000000000000e+02 3.117067191627317588e-03
4.751999999999999886e+02 3.181015665509137960e-03
4.753999999999999773e+02 3.241067604683614198e-03
4.756000000000000227e+02 3.296577716014671353e-03
4.758000000000000114e+02 3.348387810577871729e-03
4.760000000000000000e+02 3.397792599075586187e-03
4.761999999999999886e+02 3.445948231202122444e-03
4.763999999999999773e+02 3.493521133535159792e-03
4.766000000000000227e+02 3.540775057289282171e-03
4.768000000000000114e+02 3.588592021012854474e-03
4.770000000000000000e+02 3.637419958452797406e-03
4.771999999999999886e+02 3.687470763096592843e-03
4.773999999999999773e+02 3.739753934627805879e-03
4.776000000000000227e+02 3.796196971846100068e-03
4.778000000000000114e+02 3.859253496944022380e-03
4.780000000000000000e+02 3.931465901847236086e-03
4.781999999999999886e+02 4.014848556376455005e-03
4.783999999999999773e+02 4.109500254210017925e-03
4.786000000000000227e+02 4.213942026107543246e-03
4.788000000000000114e+02 4.326393405328461325e-03
4.790000000000000000e+02 4.444585809127267820e-03
4.791999999999999886e+02 4.567007763111448695e-03
4.793999999999999773e+02 4.693273896969879858e-03
4.796000000000000227e+02 4.822114195691442826e-03
4.798000000000000114e+02 4.953042888107722294e-03
4.800000000000000000e+02 5.086501224287101261e-03
4.801999999999999886e+02 5.223153262021327722e-03
4.803999999999999773e+02 5.364079685898770836e-03
4.806000000000000227e+02 5.509347900991659261e-03
4.808000000000000114e+02 5.657607545222076081e-03
4.810000000000000000e+02 5.808398868911190602e-03
4.811999999999999886e+02 5.961406027051809400e-03
4.813999999999999773e+02 6.116450758961862813e-03
4.816000000000000227e+02 6.274103040561059344e-03
4.818000000000000114e+02 6.436549142011077987e-03
4.820000000000000000e+02 6.605829125632440776e-03
4.821999999999999886e+02 6.782986217387874592e-03
4.823999999999999773e+02 6.969640065309362989e-03
4.826000000000000227e+02 7.166253656521416257e-03
4.828000000000000114e+02 7.372150357000955764e-03
4.830000000000000000e+02 7.586189188854371504e-03
4.831999999999999886e+02 7.805224067940012486e-03
4.833999999999999773e+02 8.027179305423839603e-03
4.836000000000000227e+02 8.252618678160286367e-03
4.838000000000000114e+02 8.482394633077474863e-03
4.840000000000000000e+02 8.718828578290571327e-03
4.841999999999999886e+02 8.964481633945980618e-03
4.843999999999999773e+02 9.220063068119144570e-03
4.846000000000000227e+02 9.487211757902421980e-03
4.848000000000000114e+02 9.766546548704199346e-03
4.850000000000000000e+02 1.005643008114845242e-02
4.851999999999999886e+02 1.035436674702854866e-02
4.853999999999999773e+02 1.065911369088265968e-02
4.856000000000000227e+02 1.097014782954856306e-02
4.858000000000000114e+02 1.128666603310837270e-02
4.860000000000000000e+02 1.161200871252241439e-02
4.861999999999999886e+02 1.195003228668178354e-02
4.863999999999999773e+02 1.230291844303080424e-02
4.866000000000000227e+02 1.267286092932118184e-02
4.868000000000000114e+02 1.305866344777329054e-02
4.870000000000000000e+02 1.345806689363551918e-02
4.871999999999999886e+02 1.387204652682407120e-02
4.873999999999999773e+02 1.430099114345623722e-02
4.876000000000000227e+02 1.474460758531599518e-02
4.878000000000000114e+02 1.520283815303341036e-02
4.880000000000000000e+02 1.567744275545877863e-02
4.881999999999999886e+02 1.616743123434285362e-02
4.883999999999999773e+02 1.667091738769062997e-02
4.886000000000000227e+02 1.718877161287440947e-02
4.888000000000000114e+02 1.771886101322098228e-02
4.890000000000000000e+02 1.825977951236495977e-02
4.891999999999999886e+02 1.881195093567217258e-02
4.893999999999999773e+02 1.937274873955001364e-02
4.896000000000000227e+02 1.994410748466272226e-02
4.898000000000000114e+02 2.053034497873396785e-02
4.900000000000000000e+02 2.113273852379750350e-02
4.901999999999999886e+02 2.175351981895410486e-02
4.903999999999999773e+02 2.239153721328489277e-02
4.906000000000000227e+02 2.304232082792440073e-02
4.908000000000000114e+02 2.370702399843109542e-02
4.910000000000000000e+02 2.438655565916281881e-02
4.911999999999999886e+02 2.508080064823657584e-02
4.913999999999999773e+02 2.579047877688332019e-02
4.916000000000000227e+02 2.651978678310939336e-02
4.918000000000000114e+02 2.727056819412330274e-02
4.920000000000000000e+02 2.804183363538104851e-02
4.921999999999999886e+02 2.883864486507072000e-02
4.923999999999999773e+02 2.966294769305671125e-02
4.926000000000000227e+02 3.051534036211610984e-02
4.928000000000000114e+02 3.139927613972110648e-02
4.930000000000000000e+02 3.231145463070871082e-02
4.931999999999999886e+02 3.325097038638968883e-02
4.933999999999999773e+02 3.422189215821768576e-02
4.936000000000000227e+02 3.522372979677732691e-02
4.938000000000000114e+02 3.625973974024837565e-02
4.940000000000000000e+02 3.733261965133786997e-02
4.941999999999999886e+02 3.843828409243615907e-02
4.943999999999999773e+02 3.958026270295867538e-02
4.946000000000000227e+02 4.076230689419963610e-02
4.948000000000000114e+02 4.198388581906836725e-02
4.950000000000000000e+02 4.324290514855299444e-02
4.951999999999999886e+02 4.454113037817551690e-02
4.953999999999999773e+02 4.587779718615595664e-02
4.956000000000000227e+02 4.724297203389096061e-02
4.958000000000000114e+02 4.863636939861334246e-02
4.960000000000000000e+02 5.005780598806842258e-02
4.961999999999999886e+02 5.150484616466081272e-02
4.963999999999999773e+02 5.298322137571625373e-02
4.966000000000000227e+02 5.448944722797551682e-02
4.968000000000000114e+02 5.601820595942461761e-02
4.970000000000000000e+02 5.757461725324138774e-02
4.971999999999999886e+02 5.915971684587955498e-02
4.973999999999999773e+02 6.077282025517911218e-02
4.976000000000000227e+02 6.241614977164979677e-02
4.978000000000000114e+02 6.409945927418146672e-02
4.980000000000000000e+02 6.582191240171178515e-02
4.981999999999999886e+02 6.758138979590039286e-02
4.983999999999999773e+02 6.938775495439485075e-02
4.986000000000000227e+02 7.124311726945656287e-02
4.988000000000000114e+02 7.315230552555876398e-02
4.990000000000000000e+02 7.512177464011658701e-02
4.991999999999999886e+02 7.714089285852601674e-02
4.993999999999999773e+02 7.921051061941740412e-02
4.996000000000000227e+02 8.133646296247006025e-02
4.998000000000000114e+02 8.351668571208989422e-02
5.000000000000000000e+02 8.575819176394376686e-02
5.001999999999999886e+02 8.805737481763106778e-02
5.003999999999999773e+02 9.040023517835255040e-02
5.006000000000000227e+02 9.279057540978249974e-02
5.008000000000000114e+02 9.522797324998150126e-02
5.010000000000000000e+02 9.770681486304937102e-02
5.011999999999999886e+02 1.002236753256144641e-01
5.013999999999999773e+02 1.027869385975230254e-01
5.016000000000000227e+02 1.053951065696133588e-01
5.018000000000000114e+02 1.080385344763246241e-01
5.020000000000000000e+02 1.107307340570187482e-01
5.021999999999999886e+02 1.134785011334969035e-01
5.023999999999999773e+02 1.162890512901808421e-01
5.026000000000000227e+02 1.191801631666623978e-01
5.028000000000000114e+02 1.221483065399313478e-01
5.030000000000000000e+02 1.252070905686774316e-01
5.031999999999999886e+02 1.284135725030926822e-01
5.033999999999999773e+02 1.318947532060116556e-01
5.036000000000000227e+02 1.359924401643759495e-01
5.038000000000000114e+02 1.412962526994459844e-01
5.040000000000000000e+02 1.486538075976001072e-01
5.041999999999999886e+02 1.591612127279328215e-01
5.043999999999999773e+02 1.739781761399704085e-01
5.046000000000000227e+02 1.941461793640152089e-01
5.048000000000000114e+02 2.203677501353449031e-01
5.050000000000000000e+02 2.530354311962073055e-01
5.051999999999999886e+02 2.919696055351560515e-01
5.053999999999999773e+02 3.362200776513679101e-01
5.056000000000000227e+02 3.846556048417462126e-01
5.058000000000000114e+02 4.357382358965708469e-01
5.060000000000000000e+02 4.875814614011823589e-01
5.061999999999999886e+02 5.383816680464780235e-01
5.063999999999999773e+02 5.860326918934806173e-01
5.066000000000000227e+02 6.285316934214421059e-01
5.068000000000000114e+02 6.644110015184258033e-01
5.070000000000000000e+02 6.922878769969981194e-01
5.071999999999999886e+02 7.110840645006544225e-01
5.073999999999999773e+02 7.201481807650171874e-01
5.076000000000000227e+02 7.192550622040583264e-01
5.078000000000000114e+02 7.086968834743582191e-01
5.080000000000000000e+02 6.891687650245947871e-01
5.081999999999999886e+02 6.616471152332031869e-01
5.083999999999999773e+02 6.273987364911420839e-01
5.086000000000000227e+02 5.878025831807842660e-01
5.088000000000000114e+02 5.444595635698000757e-01
5.090000000000000000e+02 4.995485678336908930e-01
5.091999999999999886e+02 4.550709418594897082e-01
5.093999999999999773e+02 4.128849754379476655e-01
5.096000000000000227e+02 3.747980545713810452e-01
5.098000000000000114e+02 3.420848707838949343e-01
5.100000000000000000e+02 3.156392111653261168e-01
5.101999999999999886e+02 2.958766173845938097e-01
5.103999999999999773e+02 2.823725860466246851e-01
5.106000000000000227e+02 2.743015648524107508e-01
5.108000000000000114e+02 2.705931885947495119e-01
5.110000000000000000e+02 2.700430677871322738e-01
5.111999999999999886e+02 2.716048125793584789e-01
5.113999999999999773e+02 2.744720002280732762e-01
5.116000000000000227e+02 2.781045827630950762e-01
5.118000000000000114e+02 2.822194138131957075e-01
5.120000000000000000e+02 2.866536663606450985e-01
5.122000000000000455e+02 2.913229262936889441e-01
5.123999999999999773e+02 2.961946243626224495e-01
5.126000000000000227e+02 3.012143252050988318e-01
5.127999999999999545e+02 3.063589123136696846e-01
5.130000000000000000e+02 3.116366386945014222e-01
5.132000000000000455e+02 3.170377228798089697e-01
5.133999999999999773e+02 3.225756618633877637e-01
5.136000000000000227e+02 3.282515436916829121e-01
5.137999999999999545e+02 3.340304594058413068e-01
5.140000000000000000e+02 3.399211327711991193e-01
5.142000000000000455e+02 3.459339585369395342e-01
5.143999999999999773e+02 3.520667978490961691e-01
5.146000000000000227e+02 3.583210461900319110e-01
5.147999999999999545e+02 3.647239283386948250e-01
5.150000000000000000e+02 3.712857940231387155e-01
5.152000000000000455e+02 3.779778947925457877e-01
5.153999999999999773e+02 3.848218077615417898e-01
5.156000000000000227e+02 3.918254778917867887e-01
5.157999999999999545e+02 3.989796254093821437e-01
5.160000000000000000e+02 4.063009484202566024e-01
5.162000000000000455e+02 4.137530970263682550e-01
5.163999999999999773e+02 4.213043741706242740e-01
5.166000000000000227e+02 4.289761812063594970e-01
5.167999999999999545e+02 4.367702691164950246e-01
5.170000000000000000e+02 4.446821874816506148e-01
5.172000000000000455e+02 4.527216966831346112e-01
5.173999999999999773e+02 4.609265357925938500e-01
5.176000000000000227e+02 4.692741230596609303e-01
5.177999999999999545e+02 4.777463999548905993e-01
5.180000000000000000e+02 4.863779162835892289e-01
5.182000000000000455e+02 4.951608114628654467e-01
5.183999999999999773e+02 5.041055137668425390e-01
5.186000000000000227e+02 5.132231847701198557e-01
5.187999999999999545e+02 5.224542716333157033e-01
5.190000000000000000e+02 5.317969321117976822e-01
5.192000000000000455e+02 5.412588674529758004e-01
5.193999999999999773e+02 5.508176815426050199e-01
5.196000000000000227e+02 5.605043875874826664e-01
5.197999999999999545e+02 5.703039630414050709e-01
5.200000000000000000e+02 5.801764393318556978e-01
5.202000000000000455e+02 5.901622039605249892e-01
5.203999999999999773e+02 6.002866908298062354e-01
5.206000000000000227e+02 6.105593090662807532e-01
5.207999999999999545e+02 6.209943294325853680e-01
5.210000000000000000e+02 6.316325222882881452e-01
5.212000000000000455e+02 6.424442926802875764e-01
5.213999999999999773e+02 6.533634759494724165e-01
5.216000000000000227e+02 6.644034830515670453e-01
5.217999999999999545e+02 6.755422585180873574e-01
5.220000000000000000e+02 6.867698438053919663e-01
5.222000000000000455e+02 6.981112146875045887e-01
5.223999999999999773e+02 7.095028671195895420e-01
5.226000000000000227e+02 7.209377516659903895e-01
5.227999999999999545e+02 7.324673050278838193e-01
5.230000000000000000e+02 7.441071428074932381e-01
5.232000000000000455e+02 7.558659485831631386e-01
5.233999999999999773e+02 7.677747856661240045e-01
5.236000000000000227e+02 7.798744869394058643e-01
5.237999999999999545e+02 7.921031664477276024e-01
5.240000000000000000e+02 8.044493986331296975e-01
5.242000000000000455e+02 8.169425511549907037e-01
5.243999999999999773e+02 8.295479947422907951e-01
5.246000000000000227e+02 8.422776247056793508e-01
5.247999999999999545e+02 8.551066376346687647e-01
5.250000000000000000e+02 8.679426129312193261e-01
5.252000000000000455e+02 8.808065279732881780e-01
5.253999999999999773e+02 8.937006449772092465e-01
5.256000000000000227e+02 9.066141468216947219e-01
5.257999999999999545e+02 9.196000863819487892e-01
5.260000000000000000e+02 9.326161998496141914e-01
5.262000000000000455e+02 9.456339625196237275e-01
5.263999999999999773e+02 9.587070081553330514e-01
5.266000000000000227e+02 9.718424578102021760e-01
5.267999999999999545e+02 9.850310264224686474e-01
5.270000000000000000e+02 9.982838940797496008e-01
5.272000000000000455e+02 1.011651895041039806e+00
5.273999999999999773e+02 1.025083745549905112e+00
5.276000000000000227e+02 1.038546013955204073e+00
5.277999999999999545e+02 1.052085854340510940e+00
5.280000000000000000e+02 1.065678219657302694e+00
5.282000000000000455e+02 1.079336752976569391e+00
5.283999999999999773e+02 1.093073502055283752e+00
5.286000000000000227e+02 1.106791740539117663e+00
5.287999999999999545e+02 1.120487422398186883e+00
5.290000000000000000e+02 1.134163996041689604e+00
5.292000000000000455e+02 1.147783416596505957e+00
5.293999999999999773e+02 1.161385013686066614e+00
5.296000000000000227e+02 1.174941613705880794e+00
5.297999999999999545e+02 1.188402044144730718e+00
5.300000000000000000e+02 1.201820191565429852e+00
5.302000000000000455e+02 1.215213761070365051e+00
5.303999999999999773e+02 1.228570281078113391e+00
5.306000000000000227e+02 1.241883836496886939e+00
5.307999999999999545e+02 1.255202336016716824e+00
5.310000000000000000e+02 1.268489988592091944e+00
5.312000000000000455e+02 1.281675760771240791e+00
5.313999999999999773e+02 1.294780021980762807e+00
5.316000000000000227e+02 1.307771823743305140e+00
5.317999999999999545e+02 1.320642588747031887e+00
5.320000000000000000e+02 1.333427710850485504e+00
5.322000000000000455e+02 1.346062984025783837e+00
5.323999999999999773e+02 1.358548345105762722e+00
5.326000000000000227e+02 1.370935880142110319e+00
5.327999999999999545e+02 1.383233922428008134e+00
5.330000000000000000e+02 1.395445124183659624e+00
5.332000000000000455e+02 1.407600817205191701e+00
5.333999999999999773e+02 1.419740755732725068e+00
5.336000000000000227e+02 1.431794040084428010e+00
5.337999999999999545e+02 1.443751260165283323e+00
5.340000000000000000e+02 1.455645039857712320e+00
5.342000000000000455e+02 1.467453316180870937e+00
5.343999999999999773e+02 1.479199691554297980e+00
5.346000000000000227e+02 1.490866082516653757e+00
5.347999999999999545e+02 1.502374309467893854e+00
5.350000000000000000e+02 1.513741807503668602e+00
5.352000000000000455e+02 1.524963533154466644e+00
5.353999999999999773e+02 1.536026760499571653e+00
5.356000000000000227e+02 1.546969695289709623e+00
5.357999999999999545e+02 1.557752196399830646e+00
5.360000000000000000e+02 1.568355606160561244e+00
5.362000000000000455e+02 1.578825618395360841e+00
5.363999999999999773e+02 1.589164827378565015e+00
5.366000000000000227e+02 1.599352853969205457e+00
5.367999999999999545e+02 1.609379602725631964e+00
5.370000000000000000e+02 1.619266218482102504e+00
5.372000000000000455e+02 1.628970760185518563e+00
5.373999999999999773e+02 1.638470366643937304e+00
5.376000000000000227e+02 1.647793144795908882e+00
5.377999999999999545e+02 1.656932458321273227e+00
5.380000000000000000e+02 1.665907087553011534e+00
5.382000000000000455e+02 1.674724023003322237e+00
5.383999999999999773e+02 1.683319913974468784e+00
5.386000000000000227e+02 1.691692291046206664e+00
5.387999999999999545e+02 1.699839244942792371e+00
5.390000000000000000e+02 1.707736494197576338e+00
5.392000000000000455e+02 1.715408254422643886e+00
5.393999999999999773e+02 1.722836093826449533e+00
5.396000000000000227e+02 1.729992465101410692e+00
5.397999999999999545e+02 1.736911758880155476e+00
5.400000000000000000e+02 1.743616994622468663e+00
5.402000000000000455e+02 1.750127499322473135e+00
5.403999999999999773e+02 1.756467023934826566e+00
5.406000000000000227e+02 1.762652423112245570e+00
5.407999999999999545e+02 1.768655670253648449e+00
5.410000000000000000e+02 1.774441609275677623e+00
5.412000000000000455e+02 1.780021306444846463e+00
5.413999999999999773e+02 1.785387853661708712e+00
5.416000000000000227e+02 1.790546975124213125e+00
5.417999999999999545e+02 1.795515190427007024e+00
5.420000000000000000e+02 1.800253538618554972e+00
5.422000000000000455e+02 1.804758133335266690e+00
5.423999999999999773e+02 1.809050174104357200e+00
5.426000000000000227e+02 1.813131380413720128e+00
5.427999999999999545e+02 1.816992968508802431e+00
5.430000000000000000e+02 1.820633379587450973e+00
5.432000000000000455e+02 1.824056723490009135e+00
5.433999999999999773e+02 1.827245032787651269e+00
5.436000000000000227e+02 1.830205409851954901e+00
5.437999999999999545e+02 1.832957675003284548e+00
5.440000000000000000e+02 1.835506387207645140e+00
5.442000000000000455e+02 1.837863489718018606e+00
5.443999999999999773e+02 1.840030119469869385e+00
5.446000000000000227e+02 1.841998711843909398e+00
5.447999999999999545e+02 1.843789210209693774e+00
5.450000000000000000e+02 1.845409800602509920e+00
5.452000000000000455e+02 1.846855762857959604e+00
5.453999999999999773e+02 1.848119133851132245e+00
5.456000000000000227e+02 1.849178040937697665e+00
5.457999999999999545e+02 1.850014728518544649e+00
5.460000000000000000e+02 1.850623588164712618e+00
5.462000000000000455e+02 1.851004308912163943e+00
5.463999999999999773e+02 1.851168199949375204e+00
5.466000000000000227e+02 1.851131790955996337e+00
5.467999999999999545e+02 1.850907616788288301e+00
5.470000000000000000e+02 1.850511002428632645e+00
5.472000000000000455e+02 1.849952766663394366e+00
5.473999999999999773e+02 1.849235132662613745e+00
5.476000000000000227e+02 1.848367397855885885e+00
5.477999999999999545e+02 1.847355410329012626e+00
5.480000000000000000e+02 1.846197054704174167e+00
5.482000000000000455e+02 1.844888230143719277e+00
5.483999999999999773e+02 1.843424217779937369e+00
5.486000000000000227e+02 1.841804983932826323e+00
5.487999999999999545e+02 1.840044301021871442e+00
5.490000000000000000e+02 1.838150210756128278e+00
5.492000000000000455e+02 1.836127052114377767e+00
5.493999999999999773e+02 1.833982559540853208e+00
5.496000000000000227e+02 1.831721464326400373e+00
5.497999999999999545e+02 1.829343924089669615e+00
5.500000000000000000e+02 1.826846358454912833e+00
5.502000000000000455e+02 1.824229409434092508e+00
5.503999999999999773e+02 1.821499960884965796e+00
5.506000000000000227e+02 1.818666231888850904e+00
5.507999999999999545e+02 1.815720501087159766e+00
5.510000000000000000e+02 1.812655836070288684e+00
5.512000000000000455e+02 1.809476411163369436e+00
5.513999999999999773e+02 1.806204152128827900e+00
5.516000000000000227e+02 1.802839769852695007e+00
5.517999999999999545e+02 1.799374997565697631e+00
5.520000000000000000e+02 1.795813053324806230e+00
5.522000000000000455e+02 1.792139059561125070e+00
5.523999999999999773e+02 1.788355540112229081e+00
5.526000000000000227e+02 1.784502059023604259e+00
5.527999999999999545e+02 1.780595958795661016e+00
5.530000000000000000e+02 1.776635092554612605e+00
5.532000000000000455e+02 1.772610788259028736e+00
5.533999999999999773e+02 1.768535079073426886e+00
5.536000000000000227e+02 1.764400314188717012e+00
5.537999999999999545e+02 1.760175479504975993e+00
5.540000000000000000e+02 1.755825451961444683e+00
5.542000000000000455e+02 1.751338737847160987e+00
5.543999999999999773e+02 1.746708087849738078e+00
5.546000000000000227e+02 1.741904311666778060e+00
5.547999999999999545e+02 1.736901714090276716e+00
5.550000000000000000e+02 1.731705975466318659e+00
5.552000000000000455e+02 1.726357902062380711e+00
5.553999999999999773e+02 1.720859368228804920e+00
5.556000000000000227e+02 1.715209279910576701e+00
5.557999999999999545e+02 1.709414147664856554e+00
5.560000000000000000e+02 1.703464950576258685e+00
5.562000000000000455e+02 1.697390173051488871e+00
5.563999999999999773e+02 1.691233939558833388e+00
5.566000000000000227e+02 1.684988380617200132e+00
5.567999999999999545e+02 1.678632519441411564e+00
5.570000000000000000e+02 1.672162713640872100e+00
5.572000000000000455e+02 1.665609229641233258e+00
5.573999999999999773e+02 1.658962615754813852e+00
5.576000000000000227e+02 1.652196723994640015e+00
5.577999999999999545e+02 1.645299272756111986e+00
5.580000000000000000e+02 1.638305441420239816e+00
5.582000000000000455e+02 1.631236270545801892e+00
5.583999999999999773e+02 1.624081508689545039e+00
5.586000000000000227e+02 1.616834904392612016e+00
5.587999999999999545e+02 1.609520256496246082e+00
5.590000000000000000e+02 1.602162240210933675e+00
5.592000000000000455e+02 1.594729457829089370e+00
5.593999999999999773e+02 1.587218553845021418e+00
5.596000000000000227e+02 1.579631808788741099e+00
5.597999999999999545e+02 1.571946850992508971e+00
5.600000000000000000e+02 1.564197117095649014e+00
5.602000000000000455e+02 1.556410876734889204e+00
5.603999999999999773e+02 1.548570288690884089e+00
5.606000000000000227e+02 1.540650891861478522e+00
5.607999999999999545e+02 1.532664408316490423e+00
5.610000000000000000e+02 1.524646730903741032e+00
5.612000000000000455e+02 1.516578061555338808e+00
5.613999999999999773e+02 1.508425937627053237e+00
5.616000000000000227e+02 1.500182905421437063e+00
5.617999999999999545e+02 1.491901309509505280e+00
5.620000000000000000e+02 1.483594367631508870e+00
5.622000000000000455e+02 1.475249402527890163e+00
5.623999999999999773e+02 1.466865600241375800e+00
5.626000000000000227e+02 1.458488696857985545e+00
5.627999999999999545e+02 1.450146000241699706e+00
5.630000000000000000e+02 1.441811829058400773e+00
5.632000000000000455e+02 1.433459982113108211e+00
5.633999999999999773e+02 1.425101081179554807e+00
5.636000000000000227e+02 1.416763376651458017e+00
5.637999999999999545e+02 1.408409113821542658e+00
5.640000000000000000e+02 1.400019592992447048e+00
5.642000000000000455e+02 1.391588145681658784e+00
5.643999999999999773e+02 1.383079437329592709e+00
5.646000000000000227e+02 1.374524477391935839e+00
5.647999999999999545e+02 1.365967913729075001e+00
5.650000000000000000e+02 1.357402593281347380e+00
5.652000000000000455e+02 1.348809798416845007e+00
5.653999999999999773e+02 1.340201979204739491e+00
5.656000000000000227e+02 1.331625103335473570e+00
5.657999999999999545e+02 1.323066060959854795e+00
5.660000000000000000e+02 1.314495821671967768e+00
5.662000000000000455e+02 1.305903695457686586e+00
5.663999999999999773e+02 1.297329186567357295e+00
5.666000000000000227e+02 1.288774765211277540e+00
5.667999999999999545e+02 1.280210109749463143e+00
5.670000000000000000e+02 1.271618466122141022e+00
5.672000000000000455e+02 1.263037660213350177e+00
5.673999999999999773e+02 1.254495393865976194e+00
5.676000000000000227e+02 1.245954056045776470e+00
5.677999999999999545e+02 1.237408721040578197e+00
5.680000000000000000e+02 1.228848696304725374e+00
5.682000000000000455e+02 1.220248728401971405e+00
5.683999999999999773e+02 1.211650882267528040e+00
5.686000000000000227e+02 1.203075124491271852e+00
5.687999999999999545e+02 1.194496534235530039e+00
5.690000000000000000e+02 1.185884229977653082e+00
5.692000000000000455e+02 1.177257334836329772e+00
5.693999999999999773e+02 1.168651820663666241e+00
5.696000000000000227e+02 1.160053284189918710e+00
5.697999999999999545e+02 1.151440074427267479e+00
5.700000000000000000e+02 1.142820834837012800e+00
5.702000000000000455e+02 1.134248889710234742e+00
5.703999999999999773e+02 1.125726040114078508e+00
5.706000000000000227e+02 1.117227544258770244e+00
5.707999999999999545e+02 1.108735022557329142e+00
5.710000000000000000e+02 1.100281213791799662e+00
5.712000000000000455e+02 1.091865330653054578e+00
5.713999999999999773e+02 1.083455175108603230e+00
5.716000000000000227e+02 1.075065289156469595e+00
5.717999999999999545e+02 1.066692792182585725e+00
5.720000000000000000e+02 1.058340265541276359e+00
5.722000000000000455e+02 1.050063502444301911e+00
5.723999999999999773e+02 1.041868471365293480e+00
5.726000000000000227e+02 1.033726771603205696e+00
5.727999999999999545e+02 1.025610717190595933e+00
5.730000000000000000e+02 1.017534708691030465e+00
5.732000000000000455e+02 1.009499103715888912e+00
5.733999999999999773e+02 1.001467517132682561e+00
5.736000000000000227e+02 9.934137593587439863e-01
5.737999999999999545e+02 9.853571010941479802e-01
5.740000000000000000e+02 9.773412378457395633e-01
5.742000000000000455e+02 9.693611816410832027e-01
5.743999999999999773e+02 9.614005079299388079e-01
5.746000000000000227e+02 9.534618067589549772e-01
5.747999999999999545e+02 9.455868044820358032e-01
5.750000000000000000e+02 9.377617097111980993e-01
5.752000000000000455e+02 9.299628382341954547e-01
5.753999999999999773e+02 9.221979964595986567e-01
5.756000000000000227e+02 9.144470206021393377e-01
5.757999999999999545e+02 9.067177293961681261e-01
5.760000000000000000e+02 8.990546466878713838e-01
5.762000000000000455e+02 8.914466171233436098e-01
5.763999999999999773e+02 8.838642083526304649e-01
5.766000000000000227e+02 8.762896815990217636e-01
5.767999999999999545e+02 8.687472742272008830e-01
5.770000000000000000e+02 8.612530328826751846e-01
5.772000000000000455e+02 8.537967180829019176e-01
5.773999999999999773e+02 8.463428745332504111e-01
5.776000000000000227e+02 8.389245667675142570e-01
5.777999999999999545e+02 8.315640148166864032e-01
5.780000000000000000e+02 8.242169954825023792e-01
5.782000000000000455e+02 8.169220849218514768e-01
5.783999999999999773e+02 8.096922414921766675e-01
5.786000000000000227e+02 8.024839047379419554e-01
5.787999999999999545e+02 7.953381584324528131e-01
5.790000000000000000e+02 7.882537626310998080e-01
5.792000000000000455e+02 7.811925359873489461e-01
5.793999999999999773e+02 7.742036189487099263e-01
5.796000000000000227e+02 7.672832918817722447e-01
5.797999999999999545e+02 7.604085146863599487e-01
5.800000000000000000e+02 7.536277171139013076e-01
5.802000000000000455e+02 7.469162243496154652e-01
5.803999999999999773e+02 7.402423144961296497e-01
5.806000000000000227e+02 7.336398887758853737e-01
5.807999999999999545e+02 7.271049587948077431e-01
5.810000000000000000e+02 7.206160484109050968e-01
5.812000000000000455e+02 7.141622267482228281e-01
5.813999999999999773e+02 7.077741936715701287e-01
5.816000000000000227e+02 7.014449038105642353e-01
5.817999999999999545e+02 6.951372937478385028e-01
5.820000000000000000e+02 6.888910567238172300e-01
5.822000000000000455e+02 6.826978543322098636e-01
5.823999999999999773e+02 6.765264205244523321e-01
5.826000000000000227e+02 6.704165912861393961e-01
5.827999999999999545e+02 6.643515490792905043e-01
5.830000000000000000e+02 6.583097538454560915e-01
5.832000000000000455e+02 6.523316730747753533e-01
5.833999999999999773e+02 6.463900966095570411e-01
5.836000000000000227e+02 6.404668545707195015e-01
5.837999999999999545e+02 6.345944403591655680e-01
5.840000000000000000e+02 6.287390399375997196e-01
5.842000000000000455e+02 6.228932200147417886e-01
5.843999999999999773e+02 6.170944224211745155e-01
5.846000000000000227e+02 6.113361212916124110e-01
5.847999999999999545e+02 6.056010299136014297e-01
5.850000000000000000e+02 5.998891790831415438e-01
5.852000000000000455e+02 5.942437126205875053e-01
5.853999999999999773e+02 5.886544739553836170e-01
5.856000000000000227e+02 5.830995564055816427e-01
5.857999999999999545e+02 5.776094063415513347e-01
5.860000000000000000e+02 5.721578762205291602e-01
5.862000000000000455e+02 5.667282698952662567e-01
5.863999999999999773e+02 5.613583968575837080e-01
5.866000000000000227e+02 5.560267184970416610e-01
5.867999999999999545e+02 5.507305292333321001e-01
5.870000000000000000e+02 5.455033810421004992e-01
5.872000000000000455e+02 5.403165728894387954e-01
5.873999999999999773e+02 5.351694655170136095e-01
5.876000000000000227e+02 5.300891151835556148e-01
5.877999999999999545e+02 5.250580558312327728e-01
5.880000000000000000e+02 5.200509535164054009e-01
5.882000000000000455e+02 5.150600428017276800e-01
5.883999999999999773e+02 5.101111826970496921e-01
5.886000000000000227e+02 5.051855325331208180e-01
5.887999999999999545e+02 5.002716763025284452e-01
5.890000000000000000e+02 4.954080930630637147e-01
5.892000000000000455e+02 4.905792925154491280e-01
5.893999999999999773e+02 4.857821421026231046e-01
5.896000000000000227e+02 4.810478913904548959e-01
5.897999999999999545e+02 4.763505539336419514e-01
5.900000000000000000e+02 4.716907849132366826e-01
5.902000000000000455e+02 4.670956333922007819e-01
5.903999999999999773e+02 4.625353853404539084e-01
5.906000000000000227e+02 4.580207002705261599e-01
5.907999999999999545e+02 4.535801060231318682e-01
5.910000000000000000e+02 4.491901307459268966e-01
5.912000000000000455e+02 4.448599627814645019e-01
5.913999999999999773e+02 4.406046875464663115e-01
5.916000000000000227e+02 4.364059174323274282e-01
5.917999999999999545e+02 4.322405242695677718e-01
5.920000000000000000e+02 4.281028625725034065e-01
5.922000000000000455e+02 4.240041910712541440e-01
5.923999999999999773e+02 4.199139446288135402e-01
5.926000000000000227e+02 4.158257300344783136e-01
5.927999999999999545e+02 4.117615241161442508e-01
5.930000000000000000e+02 4.076988886159236269e-01
5.932000000000000455e+02 4.036508702252484815e-01
5.933999999999999773e+02 3.996492957659231182e-01
5.936000000000000227e+02 3.956768688424957547e-01
5.937999999999999545e+02 3.917480394586205783e-01
5.940000000000000000e+02 3.878790311445877159e-01
5.942000000000000455e+02 3.840441916029141978e-01
5.943999999999999773e+02 3.802568031195495690e-01
5.946000000000000227e+02 3.765230116557305440e-01
5.947999999999999545e+02 3.728141207183393036e-01
5.950000000000000000e+02 3.691423427749921382e-01
5.952000000000000455e+02 3.655163807788378572e-01
5.953999999999999773e+02 3.619230518353854786e-01
5.956000000000000227e+02 3.583499201457117089e-01
5.957999999999999545e+02 3.548054905893385236e-01
5.960000000000000000e+02 3.513021549026932866e-01
5.962000000000000455e+02 3.478128065276471226e-01
5.963999999999999773e+02 3.443403270868300448e-01
5.966000000000000227e+02 3.408950027673457450e-01
5.967999999999999545e+02 3.374525354310728420e-01
5.970000000000000000e+02 3.340269214768425421e-01
5.972000000000000455e+02 3.306312097241412840e-01
5.973999999999999773e+02 3.272472791269241399e-01
5.976000000000000227e+02 3.238958486346452670e-01
5.977999999999999545e+02 3.205856245110230152e-01
5.980000000000000000e+02 3.172983536504122015e-01
5.982000000000000455e+02 3.140500504941278748e-01
5.983999999999999773e+02 3.108482318959993052e-01
5.986000000000000227e+02 3.076826749368540281e-01
5.987999999999999545e+02 3.045444586284694055e-01
5.990000000000000000e+02 3.014444575598376752e-01
5.992000000000000455e+02 2.983934783614280994e-01
5.993999999999999773e+02 2.953715971639726545e-01
5.996000000000000227e+02 2.923875910575435277e-01
5.997999999999999545e+02 2.894491589407753307e-01
6.000000000000000000e+02 2.865341283268668660e-01
6.002000000000000455e+02 2.836523528296647778e-01
6.003999999999999773e+02 2.808051438642681918e-01
6.006000000000000227e+02 2.779702813886441581e-01
6.007999999999999545e+02 2.751619022632610378e-01
6.010000000000000000e+02 2.723817389341005590e-01
6.012000000000000455e+02 2.696165179714453131e-01
6.013999999999999773e+02 2.668855888387727249e-01
6.016000000000000227e+02 2.641862536257202909e-01
6.017999999999999545e+02 2.615038497520970062e-01
6.020000000000000000e+02 2.588511665446958099e-01
6.022000000000000455e+02 2.562278906606222373e-01
6.023999999999999773e+02 2.536239174743459279e-01
6.026000000000000227e+02 2.510330597770780159e-01
6.027999999999999545e+02 2.484678448890673408e-01
6.030000000000000000e+02 2.459323780112916136e-01
6.032000000000000455e+02 2.434122990151588450e-01
6.033999999999999773e+02 2.409234249418327478e-01
6.036000000000000227e+02 2.384690433190300995e-01
6.037999999999999545e+02 2.360343307258644940e-01
6.040000000000000000e+02 2.336324669510862762e-01
6.042000000000000455e+02 2.312595192072119388e-01
6.043999999999999773e+02 2.289020466115720409e-01
6.046000000000000227e+02 2.265757726426470553e-01
6.047999999999999545e+02 2.242772329486201754e-01
6.050000000000000000e+02 2.220001330998008504e-01
6.052000000000000455e+02 2.197620931736979644e-01
6.053999999999999773e+02 2.175566416214380350e-01
6.056000000000000227e+02 2.153773393751776677e-01
6.057999999999999545e+02 2.132357222541902964e-01
6.060000000000000000e+02 2.111269241281681364e-01
6.062000000000000455e+02 2.090380937339119949e-01
6.063999999999999773e+02 2.069583474412139135e-01
6.066000000000000227e+02 2.048918260703160577e-01
6.067999999999999545e+02 2.028311813349795711e-01
6.070000000000000000e+02 2.007642355775885734e-01
6.072000000000000455e+02 1.987061983636700391e-01
6.073999999999999773e+02 1.966568876619820827e-01
6.076000000000000227e+02 1.946123855368690758e-01
6.077999999999999545e+02 1.925906178727660178e-01
6.080000000000000000e+02 1.905873542948545996e-01
6.082000000000000455e+02 1.885978419637867887e-01
6.083999999999999773e+02 1.866354982086338432e-01
6.086000000000000227e+02 1.846912620213251310e-01
6.087999999999999545e+02 1.827609865953745139e-01
6.090000000000000000e+02 1.808543747694394133e-01
6.092000000000000455e+02 1.789595854389205154e-01
6.093999999999999773e+02 1.770772300918533049e-01
6.096000000000000227e+02 1.752226555342185355e-01
6.097999999999999545e+02 1.733976532384682856e-01
6.100000000000000000e+02 1.715983875524573488e-01
6.102000000000000455e+02 1.698231076532880079e-01
6.103999999999999773e+02 1.680783381737719351e-01
6.106000000000000227e+02 1.663536318205014741e-01
6.107999999999999545e+02 1.646391605960026705e-01
6.110000000000000000e+02 1.629430474049835265e-01
6.112000000000000455e+02 1.612567466364527302e-01
6.113999999999999773e+02 1.595775639863707129e-01
6.116000000000000227e+02 1.579181384617700246e-01
6.117999999999999545e+02 1.562714704050736925e-01
6.120000000000000000e+02 1.546389122673859640e-01
6.122000000000000455e+02 1.530316363082936393e-01
6.123999999999999773e+02 1.514393181299145130e-01
6.126000000000000227e+02 1.498606082803614070e-01
6.127999999999999545e+02 1.482989435452812810e-01
6.130000000000000000e+02 1.467415396087691781e-01
6.132000000000000455e+02 1.451909676127326743e-01
6.133999999999999773e+02 1.436558707144737768e-01
6.136000000000000227e+02 1.421347767953716479e-01
6.137999999999999545e+02 1.406265388261302707e-01
6.140000000000000000e+02 1.391368589793600952e-01
6.142000000000000455e+02 1.376770958484480611e-01
6.143999999999999773e+02 1.362391787695735601e-01
6.146000000000000227e+02 1.348195405782635081e-01
6.147999999999999545e+02 1.334237956210970466e-01
6.150000000000000000e+02 1.320425437823452008e-01
6.152000000000000455e+02 1.306765238694262699e-01
6.153999999999999773e+02 1.293332815990927698e-01
6.156000000000000227e+02 1.280052354605942244e-01
6.157999999999999545e+02 1.266963313233567257e-01
6.160000000000000000e+02 1.254127639026644536e-01
6.162000000000000455e+02 1.241463351904186913e-01
6.163999999999999773e+02 1.229006099330229168e-01
6.166000000000000227e+02 1.216796771199666199e-01
6.167999999999999545e+02 1.204767698457642339e-01
6.170000000000000000e+02 1.192821945787089361e-01
6.172000000000000455e+02 1.180926084636123446e-01
6.173999999999999773e+02 1.169117250561508420e-01
6.176000000000000227e+02 1.157361564056283848e-01
6.177999999999999545e+02 1.145718550977401079e-01
6.180000000000000000e+02 1.134298876565147246e-01
6.182000000000000455e+02 1.123036558027542403e-01
6.183999999999999773e+02 1.111926433392119995e-01
6.186000000000000227e+02 1.100973068084204892e-01
6.187999999999999545e+02 1.090052698723368574e-01
6.190000000000000000e+02 1.079158270018364674e-01
6.192000000000000455e+02 1.068290648038980190e-01
6.193999999999999773e+02 1.057357821169726819e-01
6.196000000000000227e+02 1.046420899129656690e-01
6.197999999999999545e+02 1.035547412442407167e-01
6.200000000000000000e+02 1.024749705110789971e-01
6.202000000000000455e+02 1.014156156693649530e-01
6.203999999999999773e+02 1.003827500824436281e-01
6.206000000000000227e+02 9.937008041345571363e-02
6.207999999999999545e+02 9.836543656126495172e-02
6.210000000000000000e+02 9.736308999594633917e-02
6.212000000000000455e+02 9.636106960294632540e-02
6.213999999999999773e+02 9.535301104703901298e-02
6.216000000000000227e+02 9.434500549538422931e-02
6.217999999999999545e+02 9.334479429491830682e-02
6.220000000000000000e+02 9.234997831776697863e-02
6.222000000000000455e+02 9.136959913724081173e-02
6.223999999999999773e+02 9.041014855134230088e-02
6.226000000000000227e+02 8.946794482550372851e-02
6.227999999999999545e+02 8.854724262193659767e-02
6.230000000000000000e+02 8.764596313086486790e-02
6.232000000000000455e+02 8.675517188433036486e-02
6.233999999999999773e+02 8.587797118586946998e-02
6.236000000000000227e+02 8.501435442370987305e-02
6.237999999999999545e+02 8.416240745733941098e-02
6.240000000000000000e+02 8.332831644789803760e-02
6.242000000000000455e+02 8.250998280186928879e-02
6.243999999999999773e+02 8.169853191099370193e-02
6.246000000000000227e+02 8.088500579228818932e-02
6.247999999999999545e+02 8.006951548711850608e-02
6.250000000000000000e+02 7.925309855182410823e-02
6.252000000000000455e+02 7.843315600853092984e-02
6.253999999999999773e+02 7.761702695849145850e-02
6.256000000000000227e+02 7.680843372529057300e-02
6.257999999999999545e+02 7.600457672139701581e-02
6.260000000000000000e+02 7.521110500403048460e-02
6.262000000000000455e+02 7.442641086810750095e-02
6.263999999999999773e+02 7.364305191996335653e-02
6.266000000000000227e+02 7.286169406431169948e-02
6.267999999999999545e+02 7.207774478625966763e-02
6.270000000000000000e+02 7.128754870327534687e-02
6.272000000000000455e+02 7.049946967113290830e-02
6.273999999999999773e+02 6.971651848685149477e-02
6.276000000000000227e+02 6.894244188391383810e-02
6.277999999999999545e+02 6.818704158220496858e-02
6.280000000000000000e+02 6.745188856757942941e-02
6.282000000000000455e+02 6.673381860558247336e-02
6.283999999999999773e+02 6.602892782170322050e-02
6.286000000000000227e+02 6.533729522152957603e-02
6.287999999999999545e+02 6.465452364144110009e-02
6.290000000000000000e+02 6.397391118516478070e-02
6.292000000000000455e+02 6.329903331235237074e-02
6.293999999999999773e+02 6.262977359582597159e-02
6.296000000000000227e+02 6.196481850358218774e-02
6.297999999999999545e+02 6.130982475548597127e-02
6.300000000000000000e+02 6.066320416838631019e-02
6.302000000000000455e+02 6.002336003023982930e-02
6.303999999999999773e+02 5.939627747586297829e-02
6.306000000000000227e+02 5.878158730167077489e-02
6.307999999999999545e+02 5.817957574977864615e-02
6.310000000000000000e+02 5.759464842295255321e-02
6.312000000000000455e+02 5.702638312842357032e-02
6.313999999999999773e+02 5.647250827873907114e-02
6.316000000000000227e+02 5.593131327116853541e-02
6.317999999999999545e+02 5.540371077810660877e-02
6.320000000000000000e+02 5.488542998366182507e-02
6.322000000000000455e+02 5.436983994429357009e-02
6.323999999999999773e+02 5.385599136369106227e-02
6.326000000000000227e+02 5.333891220312348552e-02
6.327999999999999545e+02 5.281455715886863161e-02
6.330000000000000000e+02 5.228610440493351025e-02
6.332000000000000455e+02 5.175212313885257237e-02
6.333999999999999773e+02 5.121271770796455985e-02
6.336000000000000227e+02 5.067293548263878539e-02
6.337999999999999545e+02 5.013199314877452711e-02
6.340000000000000000e+02 4.959129422005206095e-02
6.342000000000000455e+02 4.905507076626128282e-02
6.343999999999999773e+02 4.851963428445752596e-02
6.346000000000000227e+02 4.798417880415644515e-02
6.347999999999999545e+02 4.745098558651095200e-02
6.350000000000000000e+02 4.691896418478117697e-02
6.352000000000000455e+02 4.638638813367128300e-02
6.353999999999999773e+02 4.585379565974810612e-02
6.356000000000000227e+02 4.532611104626485532e-02
6.357999999999999545e+02 4.480437894777701546e-02
6.360000000000000000e+02 4.429117138196953657e-02
6.362000000000000455e+02 4.379393275331765895e-02
6.363999999999999773e+02 4.331311187493316200e-02
6.366000000000000227e+02 4.284805011967582344e-02
6.367999999999999545e+02 4.239839450569769103e-02
6.370000000000000000e+02 4.195656245720116861e-02
6.372000000000000455e+02 4.151854814067113680e-02
6.373999999999999773e+02 4.108405091263597070e-02
6.376000000000000227e+02 4.064839606706951297e-02
6.377999999999999545e+02 4.021098307535189709e-02
6.380000000000000000e+02 3.977335066215056947e-02
6.382000000000000455e+02 3.933441576746566498e-02
6.383999999999999773e+02 3.889888222825486214e-02
6.386000000000000227e+02 3.847259479694390555e-02
6.387999999999999545e+02 3.805723367073055724e-02
6.390000000000000000e+02 3.765214787174533256e-02
6.392000000000000455e+02 3.725724013918346733e-02
6.393999999999999773e+02 3.687351261728863405e-02
6.396000000000000227e+02 3.649897237683401990e-02
6.397999999999999545e+02 3.613391996329422262e-02
6.400000000000000000e+02 3.577996539905040074e-02
6.402000000000000455e+02 3.543222507661861198e-02
6.403999999999999773e+02 3.508737489178046648e-02
6.406000000000000227e+02 3.474343360437890521e-02
6.407999999999999545e+02 3.439653761631880635e-02
6.410000000000000000e+02 3.404822512152656105e-02
6.412000000000000455e+02 3.370077630637571126e-02
6.413999999999999773e+02 3.335209567189752894e-02
6.416000000000000227e+02 3.300364612886463184e-02
6.417999999999999545e+02 3.265703979882025876e-02
6.420000000000000000e+02 3.231217564387760949e-02
6.422000000000000455e+02 3.197193621291079257e-02
6.423999999999999773e+02 3.163616686539105771e-02
6.426000000000000227e+02 3.130004224531002938e-02
6.427999999999999545e+02 3.095790400687903343e-02
6.430000000000000000e+02 3.060825121458805864e-02
6.432000000000000455e+02 3.025259785217668251e-02
6.433999999999999773e+02 2.989122679796259868e-02
6.436000000000000227e+02 2.952826372400986499e-02
6.437999999999999545e+02 2.916794023798153362e-02
6.440000000000000000e+02 2.880994548355289564e-02
6.442000000000000455e+02 2.845784301137518901e-02
6.443999999999999773e+02 2.811537316176194318e-02
6.446000000000000227e+02 2.778362826214695464e-02
6.447999999999999545e+02 2.746547484747136753e-02
6.450000000000000000e+02 2.715962786507914589e-02
6.452000000000000455e+02 2.686006453292121010e-02
6.453999999999999773e+02 2.656462531057084825e-02
6.456000000000000227e+02 2.627202551696321275e-02
6.457999999999999545e+02 2.598085568549568514e-02
6.460000000000000000e+02 2.569001969511835320e-02
6.462000000000000455e+02 2.540021154459005254e-02
6.463999999999999773e+02 2.511235983759739498e-02
6.466000000000000227e+02 2.482576392311434954e-02
6.467999999999999545e+02 2.454383914291374119e-02
6.470000000000000000e+02 2.427048038065680174e-02
6.472000000000000455e+02 2.400687791398094240e-02
6.473999999999999773e+02 2.375566632240538878e-02
6.476000000000000227e+02 2.351723273242226075e-02
6.477999999999999545e+02 2.328901494219344503e-02
6.480000000000000000e+02 2.307157421694499416e-02
6.482000000000000455e+02 2.286389376801818002e-02
6.483999999999999773e+02 2.266266947012046673e-02
6.486000000000000227e+02 2.246491793369441436e-02
6.487999999999999545e+02 2.226567804893925945e-02
6.490000000000000000e+02 2.206038804951745286e-02
6.492000000000000455e+02 2.184911696662859143e-02
6.493999999999999773e+02 2.163234789246856055e-02
6.496000000000000227e+02 2.141050303445733022e-02
6.497999999999999545e+02 2.118444561365728784e-02
6.500000000000000000e+02 2.095682783007551953e-02
6.502000000000000455e+02 2.072874379723290555e-02
6.503999999999999773e+02 2.049842943881952095e-02
6.506000000000000227e+02 2.026533879253580167e-02
6.507999999999999545e+02 2.002665377209460890e-02
6.510000000000000000e+02 1.977784547335096482e-02
6.512000000000000455e+02 1.951839931021938368e-02
6.513999999999999773e+02 1.924874660339156995e-02
6.516000000000000227e+02 1.897167891955652691e-02
6.517999999999999545e+02 1.869585005173748232e-02
6.520000000000000000e+02 1.842709583788841587e-02
6.522000000000000455e+02 1.816929611566703295e-02
6.523999999999999773e+02 1.792636813996196371e-02
6.526000000000000227e+02 1.769788669413814575e-02
6.527999999999999545e+02 1.748214492548651883e-02
6.530000000000000000e+02 1.727782349192259065e-02
6.532000000000000455e+02 1.708024870696103065e-02
6.533999999999999773e+02 1.688416103793136114e-02
6.536000000000000227e+02 1.668582804277746190e-02
6.537999999999999545e+02 1.648502955706986073e-02
6.540000000000000000e+02 1.628145218797238253e-02
6.542000000000000455e+02 1.607508124257703286e-02
6.543999999999999773e+02 1.586888559252085801e-02
6.546000000000000227e+02 1.566370936965116867e-02
6.547999999999999545e+02 1.545926442482087153e-02
6.550000000000000000e+02 1.525626714011475878e-02
6.552000000000000455e+02 1.505318723771443233e-02
6.553999999999999773e+02 1.484905545700057443e-02
6.556000000000000227e+02 1.464520745500124017e-02
6.557999999999999545e+02 1.444037391492141061e-02
6.560000000000000000e+02 1.423467804188553558e-02
6.562000000000000455e+02 1.403095427495783080e-02
6.563999999999999773e+02 1.383115243390008013e-02
6.566000000000000227e+02 1.363874710324067090e-02
6.567999999999999545e+02 1.345815018889477167e-02
6.570000000000000000e+02 1.329135330357848234e-02
6.572000000000000455e+02 1.313813890553744250e-02
6.573999999999999773e+02 1.299641972663596011e-02
6.576000000000000227e+02 1.286251180193521103e-02
6.577999999999999545e+02 1.273181321802461206e-02
6.580000000000000000e+02 1.260159322579363327e-02
6.582000000000000455e+02 1.247281732849623605e-02
6.583999999999999773e+02 1.234536581677274196e-02
6.586000000000000227e+02 1.221951016088409885e-02
6.587999999999999545e+02 1.209672958846722511e-02
6.590000000000000000e+02 1.197816968395493641e-02
6.592000000000000455e+02 1.186445914495305905e-02
6.593999999999999773e+02 1.175468685378316426e-02
6.596000000000000227e+02 1.164417515074834576e-02
6.597999999999999545e+02 1.152920435569354356e-02
6.600000000000000000e+02 1.140776647763099526e-02
6.602000000000000455e+02 1.127898779342576159e-02
6.603999999999999773e+02 1.114410930560775885e-02
6.606000000000000227e+02 1.100633179054682186e-02
6.607999999999999545e+02 1.086991504907991284e-02
6.610000000000000000e+02 1.073562952515968831e-02
6.612000000000000455e+02 1.060326678301422472e-02
6.613999999999999773e+02 1.047345705511808049e-02
6.616000000000000227e+02 1.034688000315417238e-02
6.617999999999999545e+02 1.022525940365807441e-02
6.620000000000000000e+02 1.011065772422882307e-02
6.622000000000000455e+02 1.000226524942990879e-02
6.623999999999999773e+02 9.899821533726359604e-03
6.626000000000000227e+02 9.803535533880134920e-03
6.627999999999999545e+02 9.712034913514583020e-03
6.630000000000000000e+02 9.622593767615256546e-03
6.632000000000000455e+02 9.530846648116575101e-03
6.633999999999999773e+02 9.430952570627952267e-03
6.636000000000000227e+02 9.320565735512697028e-03
6.637999999999999545e+02 9.200423493064881567e-03
6.640000000000000000e+02 9.073426125505717685e-03
6.642000000000000455e+02 8.943161176811183569e-03
6.643999999999999773e+02 8.812734947447482467e-03
6.646000000000000227e+02 8.683477623829665218e-03
6.647999999999999545e+02 8.552727111519569173e-03
6.650000000000000000e+02 8.418614308224993750e-03
6.652000000000000455e+02 8.280836998297380278e-03
6.653999999999999773e+02 8.139131591095584775e-03
6.656000000000000227e+02 7.994858310091139050e-03
6.657999999999999545e+02 7.850215463152633230e-03
6.660000000000000000e+02 7.707105599596921278e-03
6.662000000000000455e+02 7.569825311856513347e-03
6.664000000000000909e+02 7.441787087227242845e-03
6.666000000000000227e+02 7.322751535113256396e-03
6.667999999999999545e+02 7.211495398259907749e-03
6.670000000000000000e+02 7.105943672749108139e-03
6.672000000000000455e+02 7.003918689028115416e-03
6.674000000000000909e+02 6.906138214763766700e-03
6.676000000000000227e+02 6.814160671161270319e-03
6.677999999999999545e+02 6.728866169843522940e-03
6.680000000000000000e+02 6.648734420854294017e-03
6.682000000000000455e+02 6.570041164950428739e-03
6.684000000000000909e+02 6.487627114924577817e-03
6.686000000000000227e+02 6.396373742592000380e-03
6.687999999999999545e+02 6.295469017238599155e-03
6.690000000000000000e+02 6.188324084224762836e-03
6.692000000000000455e+02 6.081973076009010784e-03
6.694000000000000909e+02 5.985928008478734810e-03
6.696000000000000227e+02 5.908393636166854937e-03
6.697999999999999545e+02 5.853857776747612915e-03
6.700000000000000000e+02 5.822862062371739547e-03
6.702000000000000455e+02 5.810914647937747216e-03
6.704000000000000909e+02 5.808968694197677932e-03
6.706000000000000227e+02 5.806173904143492256e-03
6.707999999999999545e+02 5.793712468479867220e-03
6.710000000000000000e+02 5.767030390412658178e-03
6.712000000000000455e+02 5.728127847790342661e-03
6.714000000000000909e+02 5.683208327358251974e-03
6.716000000000000227e+02 5.640352286438532134e-03
6.717999999999999545e+02 5.606950589517814207e-03
6.720000000000000000e+02 5.585253711280562319e-03
6.722000000000000455e+02 5.571593982526363772e-03
6.724000000000000909e+02 5.557056662261165500e-03
6.726000000000000227e+02 5.532896497565562358e-03
6.727999999999999545e+02 5.492236532631930915e-03
6.730000000000000000e+02 5.431101289429992804e-03
6.732000000000000455e+02 5.349692970348320434e-03
6.734000000000000909e+02 5.251010634529930735e-03
6.736000000000000227e+02 5.140512070149831983e-03
6.737999999999999545e+02 5.026144055733991825e-03
6.740000000000000000e+02 4.914519696823814801e-03
6.742000000000000455e+02 4.811088973126350157e-03
6.744000000000000909e+02 4.720697490427193041e-03
6.746000000000000227e+02 4.643775331941055531e-03
6.747999999999999545e+02 4.578160614827320521e-03
6.750000000000000000e+02 4.521192290578469539e-03
6.752000000000000455e+02 4.471673303031666394e-03
6.754000000000000909e+02 4.428539510111158609e-03
6.756000000000000227e+02 4.389824709861737603e-03
6.757999999999999545e+02 4.351855764981817434e-03
6.760000000000000000e+02 4.311030020692973794e-03
6.762000000000000455e+02 4.265028723653059919e-03
6.764000000000000909e+02 4.214127575325148437e-03
6.766000000000000227e+02 4.159996144059973158e-03
6.767999999999999545e+02 4.105122630852523977e-03
6.770000000000000000e+02 4.052047877614017510e-03
6.772000000000000455e+02 3.999874565588651051e-03
6.774000000000000909e+02 3.945792785531731725e-03
6.776000000000000227e+02 3.886925024912104773e-03
6.777999999999999545e+02 3.820995099349621185e-03
6.780000000000000000e+02 3.746081472635299017e-03
6.782000000000000455e+02 3.660421891363284039e-03
6.784000000000000909e+02 3.562378998130942206e-03
6.786000000000000227e+02 3.452101780237496961e-03
6.787999999999999545e+02 3.332215893926888592e-03
6.790000000000000000e+02 3.207779888401594490e-03
6.792000000000000455e+02 3.082975505582176770e-03
6.794000000000000909e+02 2.961447670103345073e-03
6.796000000000000227e+02 2.847871531995652475e-03
6.797999999999999545e+02 2.744940352639743328e-03
6.800000000000000000e+02 2.654877631659802520e-03
6.802000000000000455e+02 2.581094613697603943e-03
6.804000000000000909e+02 2.525517424395795976e-03
6.806000000000000227e+02 2.487327287289219438e-03
6.807999999999999545e+02 2.462283201364557847e-03
6.810000000000000000e+02 2.443386904495284742e-03
6.812000000000000455e+02 2.423538259134768585e-03
6.814000000000000909e+02 2.397014359905332362e-03
6.816000000000000227e+02 2.360620626789579346e-03
6.817999999999999545e+02 2.314757197331892766e-03
6.820000000000000000e+02 2.263036181371917005e-03
6.822000000000000455e+02 2.211030368410499269e-03
6.824000000000000909e+02 2.164054073450162943e-03
6.826000000000000227e+02 2.125822896398404591e-03
6.827999999999999545e+02 2.097075882536287433e-03
6.830000000000000000e+02 2.074814468649410423e-03
6.832000000000000455e+02 2.053121995096040056e-03
6.834000000000000909e+02 2.024382276306111589e-03
6.836000000000000227e+02 1.982943431750152155e-03
6.837999999999999545e+02 1.928729648605704422e-03
6.840000000000000000e+02 1.868152350365654552e-03
6.842000000000000455e+02 1.811183016840946236e-03
6.844000000000000909e+02 1.767408175388257563e-03
6.846000000000000227e+02 1.743545189596022033e-03
6.847999999999999545e+02 1.740688720188007105e-03
6.850000000000000000e+02 1.755353035011376905e-03
6.852000000000000455e+02 1.780895562671915358e-03
6.854000000000000909e+02 1.809198208625899251e-03
6.856000000000000227e+02 1.833641695674669350e-03
6.857999999999999545e+02 1.850753289367708734e-03
6.860000000000000000e+02 1.862195027795122623e-03
6.862000000000000455e+02 1.878404286459222847e-03
6.864000000000000909e+02 1.918186004548827137e-03
6.866000000000000227e+02 2.008017992280874617e-03
6.867999999999999545e+02 2.179312224452717786e-03
6.870000000000000000e+02 2.461172597559955696e-03
6.872000000000000455e+02 2.879062893554230548e-03
6.874000000000000909e+02 3.456625265555698587e-03
6.876000000000000227e+02 4.204517557235878597e-03
6.877999999999999545e+02 5.124147881014956205e-03
6.880000000000000000e+02 6.214207117967081653e-03
6.882000000000000455e+02 7.449997230454594513e-03
6.884000000000000909e+02 8.797026894335419414e-03
6.886000000000000227e+02 1.022298119850748206e-02
6.887999999999999545e+02 1.167708181148865813e-02
6.890000000000000000e+02 1.310720194669015397e-02
6.892000000000000455e+02 1.446926657601479808e-02
6.894000000000000909e+02 1.571725388491340691e-02
6.896000000000000227e+02 1.680053179556904169e-02
6.897999999999999545e+02 1.766949541027128950e-02
6.900000000000000000e+02 1.829212437621649534e-02
6.902000000000000455e+02 1.864309550829382905e-02
6.904000000000000909e+02 1.870489307909314197e-02
6.906000000000000227e+02 1.847557103954331620e-02
6.907999999999999545e+02 1.796729252936227206e-02
6.910000000000000000e+02 1.720080059312473209e-02
6.912000000000000455e+02 1.620265826003920023e-02
6.914000000000000909e+02 1.501897318118723158e-02
6.916000000000000227e+02 1.370045654087468333e-02
6.917999999999999545e+02 1.229654125661699439e-02
6.920000000000000000e+02 1.087863008173873929e-02
6.922000000000000455e+02 9.516212107588789895e-03
6.924000000000000909e+02 8.271574914409536225e-03
6.926000000000000227e+02 7.216957641721142777e-03
6.927999999999999545e+02 6.408017236768823524e-03
6.930000000000000000e+02 5.879887993742607608e-03
6.932000000000000455e+02 5.653266452583060112e-03
6.934000000000000909e+02 5.728256829658230284e-03
6.936000000000000227e+02 6.087583589336613074e-03
6.937999999999999545e+02 6.700195092863318533e-03
6.940000000000000000e+02 7.518276683892337678e-03
6.942000000000000455e+02 8.489566862002187117e-03
6.944000000000000909e+02 9.564208940024522890e-03
6.946000000000000227e+02 1.068078050518672141e-02
6.947999999999999545e+02 1.178319781711398111e-02
6.950000000000000000e+02 1.282445804611899963e-02
6.952000000000000455e+02 1.374877248714749360e-02
6.954000000000000909e+02 1.451118327482092511e-02
6.956000000000000227e+02 1.507943732732972518e-02
6.957999999999999545e+02 1.542470873166524974e-02
6.960000000000000000e+02 1.553478291339688809e-02
6.962000000000000455e+02 1.540944515461777596e-02
6.964000000000000909e+02 1.505321740005135904e-02
6.966000000000000227e+02 1.449295571773854575e-02
6.967999999999999545e+02 1.375554338222978630e-02
6.970000000000000000e+02 1.285088872218645255e-02
6.972000000000000455e+02 1.180355635486530531e-02
6.974000000000000909e+02 1.064700851856014742e-02
6.976000000000000227e+02 9.417894513762856482e-03
6.977999999999999545e+02 8.156698739800889372e-03
6.980000000000000000e+02 6.904557029354612893e-03
6.982000000000000455e+02 5.700614660412413673e-03
6.984000000000000909e+02 4.579987264011731521e-03
6.986000000000000227e+02 3.570248454729500406e-03
6.987999999999999545e+02 2.688779996821733312e-03
6.990000000000000000e+02 1.946195846388327003e-03
6.992000000000000455e+02 1.341703736290949731e-03
6.994000000000000909e+02 8.608763264010155930e-04
6.996000000000000227e+02 4.879999797572694836e-04
6.997999999999999545e+02 2.067382797968277813e-04
7.000000000000000000e+02 0.000000000000000000e+00
