4.500000000000000000e+02 2.317207733307940359e-03
4.501999999999999886e+02 2.691927108563130916e-03
4.503999999999999773e+02 2.669530067626657566e-03
4.506000000000000227e+02 2.416371416580055664e-03
4.508000000000000114e+02 2.208551422444759299e-03
4.510000000000000000e+02 2.074798952532274504e-03
4.511999999999999886e+02 1.835862554413411618e-03
4.513999999999999773e+02 1.395862294992687713e-03
4.516000000000000227e+02 1.478280201462175286e-03
4.518000000000000114e+02 1.875895963918440545e-03
4.520000000000000000e+02 1.564569939154873690e-03
4.521999999999999886e+02 1.226010571343586625e-03
4.523999999999999773e+02 1.181403466288147991e-03
4.526000000000000227e+02 1.174271601570579110e-03
4.528000000000000114e+02 9.037632628985173278e-04
4.530000000000000000e+02 9.085677849020139252e-04
4.531999999999999886e+02 1.364388596940244863e-03
4.533999999999999773e+02 1.728564330355550349e-03
4.536000000000000227e+02 1.559245242826821920e-03
4.538000000000000114e+02 1.066390304888122087e-03
4.540000000000000000e+02 7.703189666405096947e-04
4.541999999999999886e+02 9.211866186916890797e-04
4.543999999999999773e+02 1.168781447427852394e-03
4.546000000000000227e+02 1.295903618170370086e-03
4.548000000000000114e+02 1.190763157001652195e-03
4.550000000000000000e+02 1.529448220190833541e-04
4.551999999999999886e+02 0.000000000000000000e+00
4.553999999999999773e+02 1.670370902389070600e-03
4.556000000000000227e+02 2.165773059309560045e-03
4.558000000000000114e+02 1.658109968280085944e-03
4.560000000000000000e+02 1.335792626342091616e-03
4.561999999999999886e+02 1.599423785578625579e-03
4.563999999999999773e+02 1.434894527911099310e-03
4.566000000000000227e+02 9.290201130968123167e-04
4.568000000000000114e+02 6.317583412490321293e-04
4.570000000000000000e+02 4.826260902157514243e-04
4.571999999999999886e+02 7.987265755023884028e-04
4.573999999999999773e+02 1.428554641385124113e-03
4.576000000000000227e+02 1.756934500349392053e-03
4.578000000000000114e+02 1.725247485522260482e-03
4.580000000000000000e+02 1.219466502307538225e-03
4.581999999999999886e+02 6.746087686990073773e-04
4.583999999999999773e+02 1.259775535219938986e-03
4.586000000000000227e+02 2.012159592566453714e-03
4.588000000000000114e+02 1.979088456239386923e-03
4.590000000000000000e+02 1.410573051851615051e-03
4.591999999999999886e+02 1.541347249470994413e-03
4.593999999999999773e+02 1.676267831873325814e-03
4.596000000000000227e+02 1.043830448676851680e-03
4.598000000000000114e+02 7.293073768693328351e-04
4.600000000000000000e+02 8.365601375638909154e-04
4.601999999999999886e+02 9.363513975536030820e-04
4.603999999999999773e+02 7.586109550309881600e-04
4.606000000000000227e+02 8.210690572339543469e-04
4.608000000000000114e+02 1.118974299763049463e-03
4.610000000000000000e+02 1.319054362028202615e-03
4.611999999999999886e+02 1.273968994666904719e-03
4.613999999999999773e+02 1.186945859024315236e-03
4.616000000000000227e+02 1.123791534441070245e-03
4.618000000000000114e+02 1.066935617440412792e-03
4.620000000000000000e+02 1.416167707488431848e-03
4.621999999999999886e+02 2.044650064094689912e-03
4.623999999999999773e+02 2.302034449950692702e-03
4.626000000000000227e+02 1.684068700566958982e-03
4.628000000000000114e+02 1.798464464348094316e-03
4.630000000000000000e+02 2.520823156269922510e-03
4.631999999999999886e+02 2.178192068743999010e-03
4.633999999999999773e+02 1.424889186361962684e-03
4.636000000000000227e+02 9.227512634014944926e-04
4.638000000000000114e+02 9.215191131344072084e-04
4.640000000000000000e+02 1.311915716495769269e-03
4.641999999999999886e+02 1.530593567496893459e-03
4.643999999999999773e+02 1.628127793041313220e-03
4.646000000000000227e+02 1.933010153544738319e-03
4.648000000000000114e+02 1.685943831519997466e-03
4.650000000000000000e+02 1.631861383868983550e-03
4.651999999999999886e+02 2.170896711059411288e-03
4.653999999999999773e+02 2.000709427625726317e-03
4.656000000000000227e+02 1.705748374516362353e-03
4.658000000000000114e+02 1.843380765890478140e-03
4.660000000000000000e+02 2.138443557289568947e-03
4.661999999999999886e+02 1.955506852686809266e-03
4.663999999999999773e+02 1.939434761327161333e-03
4.666000000000000227e+02 2.567598458358622687e-03
4.668000000000000114e+02 3.003188152468538180e-03
4.670000000000000000e+02 3.022873616980101263e-03
4.671999999999999886e+02 2.709959457318947967e-03
4.673999999999999773e+02 2.377415511326315400e-03
4.676000000000000227e+02 2.628627099900981284e-03
4.678000000000000114e+02 2.794544472074264596e-03
4.680000000000000000e+02 2.438312265404363188e-03
4.681999999999999886e+02 2.369551567511909984e-03
4.683999999999999773e+02 2.253668840459369105e-03
4.686000000000000227e+02 2.183496517991236757e-03
4.688000000000000114e+02 2.714730066827954896e-03
4.690000000000000000e+02 3.585030277869428322e-03
4.691999999999999886e+02 4.001710257135811244e-03
4.693999999999999773e+02 3.600142708871136021e-03
4.696000000000000227e+02 2.970414883124550265e-03
4.698000000000000114e+02 2.560169879713906915e-03
4.700000000000000000e+02 2.274484180629740560e-03
4.701999999999999886e+02 2.057776666897478957e-03
4.703999999999999773e+02 2.862828289088906880e-03
4.706000000000000227e+02 3.807478987603557519e-03
4.708000000000000114e+02 4.052882178567480953e-03
4.710000000000000000e+02 4.200041731945117207e-03
4.711999999999999886e+02 3.765662133062994132e-03
4.713999999999999773e+02 3.236192447016339457e-03
4.716000000000000227e+02 3.592299289454523037e-03
4.718000000000000114e+02 4.089493276631984281e-03
4.720000000000000000e+02 4.436462595541368348e-03
4.721999999999999886e+02 4.574263021964876386e-03
4.723999999999999773e+02 4.360597381759860613e-03
4.726000000000000227e+02 4.322511684684268718e-03
4.728000000000000114e+02 4.566577534872679617e-03
4.730000000000000000e+02 4.761728848787609436e-03
4.731999999999999886e+02 4.853058259808192693e-03
4.733999999999999773e+02 4.811458130994400451e-03
4.736000000000000227e+02 4.930021198928921655e-03
4.738000000000000114e+02 5.670619619823371454e-03
4.740000000000000000e+02 6.097042053604711381e-03
4.741999999999999886e+02 5.650121485810281896e-03
4.743999999999999773e+02 4.880084210521759558e-03
4.746000000000000227e+02 5.151565395895434801e-03
4.748000000000000114e+02 5.788611532556504902e-03
4.750000000000000000e+02 5.950148570865138736e-03
4.751999999999999886e+02 6.084403494095929482e-03
4.753999999999999773e+02 6.428850456316009127e-03
4.756000000000000227e+02 7.305430290824609096e-03
4.758000000000000114e+02 8.473262667737548048e-03
4.760000000000000000e+02 8.235360873147464650e-03
4.761999999999999886e+02 7.310287163670187160e-03
4.763999999999999773e+02 6.961931499600618883e-03
4.766000000000000227e+02 7.271963322008464375e-03
4.768000000000000114e+02 7.946714003231290790e-03
4.770000000000000000e+02 8.494433447235587992e-03
4.771999999999999886e+02 8.716139653204446613e-03
4.773999999999999773e+02 9.216453861153911520e-03
4.776000000000000227e+02 9.519530197328832100e-03
4.778000000000000114e+02 9.277049026056204822e-03
4.780000000000000000e+02 9.111069743575499202e-03
4.781999999999999886e+02 9.458074459180842997e-03
4.783999999999999773e+02 1.021631390661576974e-02
4.786000000000000227e+02 1.083560518686041418e-02
4.788000000000000114e+02 1.078328977397001801e-02
4.790000000000000000e+02 1.076232270296765062e-02
4.791999999999999886e+02 1.144727550014894638e-02
4.793999999999999773e+02 1.250605420023216327e-02
4.796000000000000227e+02 1.305096773685677017e-02
4.798000000000000114e+02 1.285531248567291576e-02
4.800000000000000000e+02 1.257468490650406542e-02
4.801999999999999886e+02 1.321003360961594750e-02
4.803999999999999773e+02 1.417452024584524642e-02
4.806000000000000227e+02 1.473915296754365820e-02
4.808000000000000114e+02 1.514630454227290299e-02
4.810000000000000000e+02 1.596103193399291478e-02
4.811999999999999886e+02 1.660814641553756341e-02
4.813999999999999773e+02 1.636965976378034968e-02
4.816000000000000227e+02 1.636095988889988209e-02
4.818000000000000114e+02 1.717953893113884425e-02
4.820000000000000000e+02 1.853481760531932102e-02
4.821999999999999886e+02 1.959573026199761328e-02
4.823999999999999773e+02 2.018983554782187786e-02
4.826000000000000227e+02 2.067201505215505650e-02
4.828000000000000114e+02 2.144744610004991128e-02
4.830000000000000000e+02 2.238301092053796362e-02
4.831999999999999886e+02 2.310533348063070411e-02
4.833999999999999773e+02 2.371888866205755855e-02
4.836000000000000227e+02 2.480142721950774273e-02
4.838000000000000114e+02 2.593305041746185938e-02
4.840000000000000000e+02 2.686414509792920194e-02
4.841999999999999886e+02 2.773309654715956987e-02
4.843999999999999773e+02 2.871795715453273959e-02
4.846000000000000227e+02 2.954627721830426282e-02
4.848000000000000114e+02 3.032615638935805616e-02
4.850000000000000000e+02 3.160434156334632205e-02
4.851999999999999886e+02 3.274774128586255273e-02
4.853999999999999773e+02 3.431905305824352326e-02
4.856000000000000227e+02 3.681967716944430091e-02
4.858000000000000114e+02 3.838823711325292654e-02
4.860000000000000000e+02 3.952653278777677748e-02
4.861999999999999886e+02 4.091894756953902423e-02
4.863999999999999773e+02 4.216033087984737138e-02
4.866000000000000227e+02 4.365362940565384320e-02
4.868000000000000114e+02 4.539913762071513814e-02
4.870000000000000000e+02 4.724403974352327229e-02
4.871999999999999886e+02 4.957738482791249068e-02
4.873999999999999773e+02 5.175312407254702152e-02
4.876000000000000227e+02 5.363722948705823557e-02
4.878000000000000114e+02 5.607668448281080686e-02
4.880000000000000000e+02 5.880185245319692611e-02
4.881999999999999886e+02 6.090587883409374903e-02
4.883999999999999773e+02 6.222429511850673112e-02
4.886000000000000227e+02 6.442344039941710898e-02
4.888000000000000114e+02 6.717517847405712894e-02
4.890000000000000000e+02 6.985875759461770973e-02
4.891999999999999886e+02 7.267315972301988114e-02
4.893999999999999773e+02 7.570092953341527042e-02
4.896000000000000227e+02 7.880920041195323134e-02
4.898000000000000114e+02 8.181856538191809025e-02
4.900000000000000000e+02 8.477054364740811698e-02
4.901999999999999886e+02 8.803445883119981330e-02
4.903999999999999773e+02 9.127121671492979815e-02
4.906000000000000227e+02 9.384528540737148428e-02
4.908000000000000114e+02 9.761351567227556647e-02
4.910000000000000000e+02 1.020847008964166636e-01
4.911999999999999886e+02 1.058538755816747501e-01
4.913999999999999773e+02 1.099577204665802277e-01
4.916000000000000227e+02 1.149784285880538770e-01
4.918000000000000114e+02 1.199176759158861461e-01
4.920000000000000000e+02 1.233566868511541126e-01
4.921999999999999886e+02 1.276429146330379516e-01
4.923999999999999773e+02 1.326107382452121342e-01
4.926000000000000227e+02 1.369662840458483466e-01
4.928000000000000114e+02 1.418684263249130606e-01
4.930000000000000000e+02 1.472464872848612827e-01
4.931999999999999886e+02 1.525970192375113166e-01
4.933999999999999773e+02 1.579745672716182381e-01
4.936000000000000227e+02 1.644015588553015272e-01
4.938000000000000114e+02 1.712341596735618421e-01
4.940000000000000000e+02 1.773440984757990724e-01
4.941999999999999886e+02 1.832462483319984292e-01
4.943999999999999773e+02 1.891738358401884035e-01
4.946000000000000227e+02 1.952172730555392921e-01
4.948000000000000114e+02 2.015264924410705150e-01
4.950000000000000000e+02 2.082444702832006445e-01
4.951999999999999886e+02 2.155707386755605359e-01
4.953999999999999773e+02 2.234208342103235767e-01
4.956000000000000227e+02 2.310940242180222481e-01
4.958000000000000114e+02 2.380765146646560970e-01
4.960000000000000000e+02 2.449411499275271076e-01
4.961999999999999886e+02 2.529828703245639576e-01
4.963999999999999773e+02 2.620236229340564549e-01
4.966000000000000227e+02 2.710188442121124752e-01
4.968000000000000114e+02 2.797857831203203749e-01
4.970000000000000000e+02 2.899983923607656333e-01
4.971999999999999886e+02 3.002529750364641981e-01
4.973999999999999773e+02 3.095292094277362627e-01
4.976000000000000227e+02 3.188328350880905715e-01
4.978000000000000114e+02 3.293596206732686271e-01
4.980000000000000000e+02 3.400151656106458198e-01
4.981999999999999886e+02 3.497681812670583312e-01
4.983999999999999773e+02 3.603561877926640955e-01
4.986000000000000227e+02 3.715511058084053353e-01
4.988000000000000114e+02 3.826264358844356228e-01
4.990000000000000000e+02 3.936875049471936783e-01
4.991999999999999886e+02 4.059997855507710973e-01
4.993999999999999773e+02 4.190520360752423845e-01
4.996000000000000227e+02 4.320586241281523243e-01
4.998000000000000114e+02 4.458679662174359626e-01
5.000000000000000000e+02 4.592667024559678457e-01
5.001999999999999886e+02 4.720514464792002762e-01
5.003999999999999773e+02 4.855144986653003314e-01
5.006000000000000227e+02 4.991048602055844774e-01
5.008000000000000114e+02 5.126193373940158837e-01
5.010000000000000000e+02 5.264428131101290820e-01
5.011999999999999886e+02 5.409943560248523520e-01
5.013999999999999773e+02 5.558193667124298187e-01
5.016000000000000227e+02 5.704103671666419517e-01
5.018000000000000114e+02 5.848648799701577916e-01
5.020000000000000000e+02 6.002161919592969852e-01
5.021999999999999886e+02 6.172524596394033392e-01
5.023999999999999773e+02 6.352548014850063485e-01
5.026000000000000227e+02 6.518440450362585903e-01
5.028000000000000114e+02 6.679845938013344586e-01
5.030000000000000000e+02 6.846447784759343014e-01
5.031999999999999886e+02 7.016542161253694898e-01
5.033999999999999773e+02 7.195503131424836329e-01
5.036000000000000227e+02 7.376731402893893508e-01
5.038000000000000114e+02 7.554970975466973604e-01
5.040000000000000000e+02 7.741363163320927887e-01
5.041999999999999886e+02 7.938343215048528911e-01
5.043999999999999773e+02 8.134539029564762380e-01
5.046000000000000227e+02 8.322112779510315583e-01
5.048000000000000114e+02 8.532419034564431293e-01
5.050000000000000000e+02 8.748567963257438684e-01
5.051999999999999886e+02 8.949556833429662683e-01
5.053999999999999773e+02 9.162908408155114870e-01
5.056000000000000227e+02 9.379674124428428739e-01
5.058000000000000114e+02 9.582736712624005948e-01
5.060000000000000000e+02 9.773151112392775008e-01
5.061999999999999886e+02 9.982494048810945930e-01
5.063999999999999773e+02 1.020258931783813550e+00
5.066000000000000227e+02 1.041948172573631926e+00
5.068000000000000114e+02 1.065326492441065254e+00
5.070000000000000000e+02 1.089747770084925849e+00
5.071999999999999886e+02 1.112780631264387532e+00
5.073999999999999773e+02 1.134045473637687262e+00
5.076000000000000227e+02 1.160543945187061388e+00
5.078000000000000114e+02 1.188327064906342656e+00
5.080000000000000000e+02 1.212431280769062480e+00
5.081999999999999886e+02 1.237576891350951058e+00
5.083999999999999773e+02 1.260797631972522925e+00
5.086000000000000227e+02 1.283257924551658435e+00
5.088000000000000114e+02 1.309721134890904137e+00
5.090000000000000000e+02 1.334846145668038497e+00
5.091999999999999886e+02 1.359914727985126692e+00
5.093999999999999773e+02 1.386835289253782300e+00
5.096000000000000227e+02 1.411433064385172020e+00
5.098000000000000114e+02 1.437178215818236016e+00
5.100000000000000000e+02 1.465995341655252915e+00
5.101999999999999886e+02 1.496202842744103423e+00
5.103999999999999773e+02 1.527901410482296551e+00
5.106000000000000227e+02 1.557151558767988719e+00
5.108000000000000114e+02 1.583000364350173328e+00
5.110000000000000000e+02 1.612098302392076965e+00
5.111999999999999886e+02 1.642515958493886208e+00
5.113999999999999773e+02 1.670990796813287105e+00
5.116000000000000227e+02 1.696797453481987406e+00
5.118000000000000114e+02 1.721522969657214075e+00
5.120000000000000000e+02 1.748480432212297764e+00
5.122000000000000455e+02 1.779364574071736094e+00
5.123999999999999773e+02 1.812213545084905064e+00
5.126000000000000227e+02 1.846247710514834273e+00
5.127999999999999545e+02 1.879078131138163021e+00
5.130000000000000000e+02 1.908878342950040219e+00
5.132000000000000455e+02 1.940468395984132899e+00
5.133999999999999773e+02 1.972614065047706866e+00
5.136000000000000227e+02 2.002851327972938300e+00
5.137999999999999545e+02 2.033223450388899511e+00
5.140000000000000000e+02 2.064641663144013428e+00
5.142000000000000455e+02 2.094962129716162025e+00
5.143999999999999773e+02 2.122014701789659785e+00
5.146000000000000227e+02 2.149729949546249852e+00
5.147999999999999545e+02 2.177155242198296037e+00
5.150000000000000000e+02 2.204918251496148507e+00
5.152000000000000455e+02 2.239066617109832791e+00
5.153999999999999773e+02 2.273735622012003077e+00
5.156000000000000227e+02 2.307042407607987400e+00
5.157999999999999545e+02 2.341603503077286597e+00
5.160000000000000000e+02 2.372690371786518870e+00
5.162000000000000455e+02 2.401624515755453881e+00
5.163999999999999773e+02 2.432209374759975784e+00
5.166000000000000227e+02 2.464302544205688061e+00
5.167999999999999545e+02 2.491288128331468510e+00
5.170000000000000000e+02 2.516435492120185913e+00
5.172000000000000455e+02 2.546945950229469346e+00
5.173999999999999773e+02 2.572520166081831317e+00
5.176000000000000227e+02 2.594456934904946444e+00
5.177999999999999545e+02 2.620028119675779088e+00
5.180000000000000000e+02 2.651889451497407180e+00
5.182000000000000455e+02 2.685793162023963454e+00
5.183999999999999773e+02 2.717995993146022915e+00
5.186000000000000227e+02 2.748751230733639250e+00
5.187999999999999545e+02 2.781883295620323882e+00
5.190000000000000000e+02 2.813125849721968663e+00
5.192000000000000455e+02 2.839428690892690454e+00
5.193999999999999773e+02 2.865271084067587903e+00
5.196000000000000227e+02 2.888996489432689163e+00
5.197999999999999545e+02 2.910709838338877198e+00
5.200000000000000000e+02 2.931854014054923852e+00
5.202000000000000455e+02 2.949492632096768485e+00
5.203999999999999773e+02 2.969732833689582741e+00
5.206000000000000227e+02 2.995272846217429841e+00
5.207999999999999545e+02 3.018053435765514880e+00
5.210000000000000000e+02 3.039437304172359244e+00
5.212000000000000455e+02 3.061845041869708517e+00
5.213999999999999773e+02 3.086189712454848966e+00
5.216000000000000227e+02 3.113245045742620842e+00
5.217999999999999545e+02 3.136016509060762569e+00
5.220000000000000000e+02 3.152589962004499480e+00
5.222000000000000455e+02 3.172212997425762904e+00
5.223999999999999773e+02 3.193688577355667135e+00
5.226000000000000227e+02 3.213836240821696943e+00
5.227999999999999545e+02 3.231432623221976552e+00
5.230000000000000000e+02 3.246869698120568248e+00
5.232000000000000455e+02 3.258086355723933014e+00
5.233999999999999773e+02 3.265596005074513641e+00
5.236000000000000227e+02 3.274877270221099312e+00
5.237999999999999545e+02 3.287673323537156023e+00
5.240000000000000000e+02 3.302477017376383106e+00
5.242000000000000455e+02 3.318221892786228366e+00
5.243999999999999773e+02 3.337961745396213598e+00
5.246000000000000227e+02 3.354171366902124696e+00
5.247999999999999545e+02 3.364420742595585878e+00
5.250000000000000000e+02 3.378438043096378962e+00
5.252000000000000455e+02 3.391646861682032554e+00
5.253999999999999773e+02 3.401604005201768643e+00
5.256000000000000227e+02 3.410327073795334396e+00
5.257999999999999545e+02 3.417535473761089460e+00
5.260000000000000000e+02 3.423874046804765481e+00
5.262000000000000455e+02 3.428717877322335017e+00
5.263999999999999773e+02 3.430507732615994509e+00
5.266000000000000227e+02 3.434840191190741798e+00
5.267999999999999545e+02 3.441105349065263219e+00
5.270000000000000000e+02 3.445284550799711631e+00
5.272000000000000455e+02 3.451180685688367777e+00
5.273999999999999773e+02 3.458917936618986388e+00
5.276000000000000227e+02 3.465932740594526607e+00
5.277999999999999545e+02 3.470571589367165366e+00
5.280000000000000000e+02 3.476422148148834435e+00
5.282000000000000455e+02 3.482833451631886401e+00
5.283999999999999773e+02 3.486085194351079330e+00
5.286000000000000227e+02 3.486352847180302916e+00
5.287999999999999545e+02 3.484796810914922105e+00
5.290000000000000000e+02 3.481906821449123779e+00
5.292000000000000455e+02 3.478357160291635886e+00
5.293999999999999773e+02 3.479759120288907326e+00
5.296000000000000227e+02 3.480054857191243745e+00
5.297999999999999545e+02 3.471445776648942605e+00
5.300000000000000000e+02 3.464995831408869797e+00
5.302000000000000455e+02 3.460881094971676841e+00
5.303999999999999773e+02 3.457701674926587643e+00
5.306000000000000227e+02 3.457878123961453554e+00
5.307999999999999545e+02 3.453355465639816213e+00
5.310000000000000000e+02 3.448015835743104329e+00
5.312000000000000455e+02 3.448046670686007786e+00
5.313999999999999773e+02 3.440771296563943871e+00
5.316000000000000227e+02 3.434696871722709322e+00
5.317999999999999545e+02 3.434718477852082508e+00
5.320000000000000000e+02 3.429243079835310848e+00
5.322000000000000455e+02 3.419324025405944933e+00
5.323999999999999773e+02 3.407427859970754369e+00
5.326000000000000227e+02 3.395453407582904148e+00
5.327999999999999545e+02 3.386820129008047076e+00
5.330000000000000000e+02 3.377117657837172437e+00
5.332000000000000455e+02 3.364242723842062244e+00
5.333999999999999773e+02 3.353038406923125159e+00
5.336000000000000227e+02 3.344466572495639944e+00
5.337999999999999545e+02 3.336964738892018278e+00
5.340000000000000000e+02 3.329627419460991611e+00
5.342000000000000455e+02 3.324078311968404087e+00
5.343999999999999773e+02 3.312687694149084372e+00
5.346000000000000227e+02 3.296396408837128256e+00
5.347999999999999545e+02 3.287796620934133607e+00
5.350000000000000000e+02 3.279940369953164403e+00
5.352000000000000455e+02 3.266849328604454428e+00
5.353999999999999773e+02 3.249821434687778954e+00
5.356000000000000227e+02 3.235149036224009400e+00
5.357999999999999545e+02 3.223679304717328886e+00
5.360000000000000000e+02 3.211847225155827434e+00
5.362000000000000455e+02 3.196410573875590799e+00
5.363999999999999773e+02 3.182977839141301057e+00
5.366000000000000227e+02 3.170754739988507431e+00
5.367999999999999545e+02 3.156227816894661142e+00
5.370000000000000000e+02 3.143218148100859199e+00
5.372000000000000455e+02 3.130662242998432543e+00
5.373999999999999773e+02 3.116991470859999058e+00
5.376000000000000227e+02 3.102812895892426592e+00
5.377999999999999545e+02 3.087373496285360286e+00
5.380000000000000000e+02 3.073161353075292368e+00
5.382000000000000455e+02 3.061439118552895522e+00
5.383999999999999773e+02 3.046283508950087260e+00
5.386000000000000227e+02 3.029047551511106828e+00
5.387999999999999545e+02 3.012584481308465012e+00
5.390000000000000000e+02 2.997062454548089061e+00
5.392000000000000455e+02 2.981895055133482408e+00
5.393999999999999773e+02 2.965739150657675793e+00
5.396000000000000227e+02 2.947859817343704947e+00
5.397999999999999545e+02 2.929766114681391809e+00
5.400000000000000000e+02 2.913342237300056148e+00
5.402000000000000455e+02 2.897850735483805007e+00
5.403999999999999773e+02 2.880277506545267041e+00
5.406000000000000227e+02 2.861302151762346035e+00
5.407999999999999545e+02 2.844777558625796399e+00
5.410000000000000000e+02 2.832273998674210258e+00
5.412000000000000455e+02 2.818186099527935973e+00
5.413999999999999773e+02 2.802122026640240460e+00
5.416000000000000227e+02 2.785442967268571657e+00
5.417999999999999545e+02 2.768298271355615903e+00
5.420000000000000000e+02 2.750011761415005918e+00
5.422000000000000455e+02 2.731158767701378665e+00
5.423999999999999773e+02 2.713869876483665067e+00
5.426000000000000227e+02 2.699869151301930614e+00
5.427999999999999545e+02 2.681346056976879222e+00
5.430000000000000000e+02 2.658289517354162523e+00
5.432000000000000455e+02 2.641311696754906624e+00
5.433999999999999773e+02 2.629149616442160386e+00
5.436000000000000227e+02 2.613854217387610923e+00
5.437999999999999545e+02 2.592764955890719314e+00
5.440000000000000000e+02 2.576506866976044030e+00
5.442000000000000455e+02 2.560383839333018940e+00
5.443999999999999773e+02 2.541929811011478968e+00
5.446000000000000227e+02 2.526776850151730702e+00
5.447999999999999545e+02 2.511896271403883496e+00
5.450000000000000000e+02 2.494100139855168319e+00
5.452000000000000455e+02 2.474757291157688499e+00
5.453999999999999773e+02 2.459773285140376409e+00
5.456000000000000227e+02 2.443670593325500295e+00
5.457999999999999545e+02 2.424786365347069594e+00
5.460000000000000000e+02 2.408851657888262832e+00
5.462000000000000455e+02 2.393679368663971019e+00
5.463999999999999773e+02 2.378395149451009161e+00
5.466000000000000227e+02 2.363161966311090101e+00
5.467999999999999545e+02 2.346143506385085509e+00
5.470000000000000000e+02 2.328598144749978616e+00
5.472000000000000455e+02 2.311259653072001541e+00
5.473999999999999773e+02 2.292595824702233998e+00
5.476000000000000227e+02 2.278082967260648850e+00
5.477999999999999545e+02 2.266396271236588156e+00
5.480000000000000000e+02 2.248752077599033949e+00
5.482000000000000455e+02 2.231282782691693001e+00
5.483999999999999773e+02 2.217086934231522477e+00
5.486000000000000227e+02 2.203095167491647466e+00
5.487999999999999545e+02 2.186802702277033106e+00
5.490000000000000000e+02 2.168644644401171995e+00
5.492000000000000455e+02 2.150082946062357170e+00
5.493999999999999773e+02 2.131205342961826954e+00
5.496000000000000227e+02 2.114989026047359388e+00
5.497999999999999545e+02 2.101722882558411332e+00
5.500000000000000000e+02 2.086345857660629743e+00
5.502000000000000455e+02 2.070375349560179323e+00
5.503999999999999773e+02 2.055903157816777682e+00
5.506000000000000227e+02 2.042440768709573806e+00
5.507999999999999545e+02 2.028279311747821723e+00
5.510000000000000000e+02 2.012398145213111889e+00
5.512000000000000455e+02 1.995501148741563480e+00
5.513999999999999773e+02 1.980405401188888082e+00
5.516000000000000227e+02 1.965145620573014451e+00
5.517999999999999545e+02 1.948027489197020401e+00
5.520000000000000000e+02 1.933782794238192881e+00
5.522000000000000455e+02 1.919628860887766963e+00
5.523999999999999773e+02 1.903983764986059146e+00
5.526000000000000227e+02 1.891590734470940394e+00
5.527999999999999545e+02 1.878459107346445611e+00
5.530000000000000000e+02 1.863411965837493245e+00
5.532000000000000455e+02 1.850663247882279094e+00
5.533999999999999773e+02 1.838731122953221497e+00
5.536000000000000227e+02 1.825955697675591960e+00
5.537999999999999545e+02 1.812294520315326452e+00
5.540000000000000000e+02 1.798970627723575522e+00
5.542000000000000455e+02 1.785840181687018857e+00
5.543999999999999773e+02 1.772390644893574896e+00
5.546000000000000227e+02 1.759343107794409722e+00
5.547999999999999545e+02 1.747096546624313795e+00
5.550000000000000000e+02 1.734820813471362078e+00
5.552000000000000455e+02 1.720975893359593778e+00
5.553999999999999773e+02 1.708127045790436505e+00
5.556000000000000227e+02 1.696728515365609979e+00
5.557999999999999545e+02 1.684293463999915419e+00
5.560000000000000000e+02 1.671858672352862341e+00
5.562000000000000455e+02 1.659407425450996953e+00
5.563999999999999773e+02 1.645979321854287747e+00
5.566000000000000227e+02 1.632397611907287382e+00
5.567999999999999545e+02 1.619011162848883245e+00
5.570000000000000000e+02 1.605483172593121344e+00
5.572000000000000455e+02 1.591609490280365025e+00
5.573999999999999773e+02 1.580981717186231705e+00
5.576000000000000227e+02 1.573444432382743230e+00
5.577999999999999545e+02 1.562388269662589035e+00
5.580000000000000000e+02 1.548954622821242966e+00
5.582000000000000455e+02 1.535602818483499332e+00
5.583999999999999773e+02 1.523160147985970880e+00
5.586000000000000227e+02 1.512048004906844767e+00
5.587999999999999545e+02 1.501737488924650199e+00
5.590000000000000000e+02 1.490977180152797121e+00
5.592000000000000455e+02 1.478661639836136521e+00
5.593999999999999773e+02 1.465516603423964170e+00
5.596000000000000227e+02 1.453107113766103353e+00
5.597999999999999545e+02 1.442287676648584371e+00
5.600000000000000000e+02 1.432222302202589503e+00
5.602000000000000455e+02 1.421457471758857949e+00
5.603999999999999773e+02 1.409125837667255077e+00
5.606000000000000227e+02 1.396600131078302720e+00
5.607999999999999545e+02 1.385742723367183293e+00
5.610000000000000000e+02 1.376750705864762336e+00
5.612000000000000455e+02 1.365108398645286547e+00
5.613999999999999773e+02 1.352159038309962424e+00
5.616000000000000227e+02 1.342079478215162158e+00
5.617999999999999545e+02 1.332325539342758880e+00
5.620000000000000000e+02 1.321395269303590192e+00
5.622000000000000455e+02 1.309439244638010758e+00
5.623999999999999773e+02 1.297394888382418898e+00
5.626000000000000227e+02 1.286582830176770331e+00
5.627999999999999545e+02 1.277632986725721675e+00
5.630000000000000000e+02 1.269667178689194653e+00
5.632000000000000455e+02 1.260084489081325643e+00
5.633999999999999773e+02 1.249049689361464432e+00
5.636000000000000227e+02 1.239198973426324679e+00
5.637999999999999545e+02 1.229930997189507824e+00
5.640000000000000000e+02 1.219921579196366901e+00
5.642000000000000455e+02 1.208553868078011906e+00
5.643999999999999773e+02 1.196977990881647136e+00
5.646000000000000227e+02 1.186691476634208930e+00
5.647999999999999545e+02 1.177700480011504069e+00
5.650000000000000000e+02 1.167774757013742448e+00
5.652000000000000455e+02 1.158402441438893593e+00
5.653999999999999773e+02 1.149997788391698750e+00
5.656000000000000227e+02 1.140096280945885887e+00
5.657999999999999545e+02 1.130244200881829864e+00
5.660000000000000000e+02 1.120068570272976682e+00
5.662000000000000455e+02 1.108166761799931344e+00
5.663999999999999773e+02 1.100084256113599945e+00
5.666000000000000227e+02 1.093361766737567020e+00
5.667999999999999545e+02 1.082689601283592484e+00
5.670000000000000000e+02 1.072961272419343359e+00
5.672000000000000455e+02 1.065955838370693076e+00
5.673999999999999773e+02 1.059393195712299951e+00
5.676000000000000227e+02 1.049533491583751532e+00
5.677999999999999545e+02 1.039495493761556366e+00
5.680000000000000000e+02 1.031800946056061541e+00
5.682000000000000455e+02 1.024395060373275879e+00
5.683999999999999773e+02 1.015542299785701319e+00
5.686000000000000227e+02 1.006178870505992862e+00
5.687999999999999545e+02 9.983150797442119639e-01
5.690000000000000000e+02 9.896308335645049858e-01
5.692000000000000455e+02 9.806495823150729318e-01
5.693999999999999773e+02 9.731597929412951764e-01
5.696000000000000227e+02 9.654057574426149202e-01
5.697999999999999545e+02 9.564659420571779425e-01
5.700000000000000000e+02 9.467183151387122964e-01
5.702000000000000455e+02 9.375292759676862042e-01
5.703999999999999773e+02 9.303726267258110028e-01
5.706000000000000227e+02 9.244442919000176451e-01
5.707999999999999545e+02 9.169735295450650581e-01
5.710000000000000000e+02 9.095729304314139618e-01
5.712000000000000455e+02 9.026452943226850323e-01
5.713999999999999773e+02 8.946549632280037523e-01
5.716000000000000227e+02 8.856895842872772873e-01
5.717999999999999545e+02 8.767188958711761293e-01
5.720000000000000000e+02 8.685600972115448126e-01
5.722000000000000455e+02 8.608841256601048597e-01
5.723999999999999773e+02 8.543209762224089898e-01
5.726000000000000227e+02 8.485789867028332711e-01
5.727999999999999545e+02 8.414592655872378257e-01
5.730000000000000000e+02 8.350077302538680968e-01
5.732000000000000455e+02 8.297172591783434914e-01
5.733999999999999773e+02 8.227084049696551382e-01
5.736000000000000227e+02 8.146061839002385341e-01
5.737999999999999545e+02 8.069726081989713196e-01
5.740000000000000000e+02 8.006455573090058842e-01
5.742000000000000455e+02 7.946235466525154445e-01
5.743999999999999773e+02 7.889579815305489685e-01
5.746000000000000227e+02 7.836931855335766972e-01
5.747999999999999545e+02 7.768808955118601256e-01
5.750000000000000000e+02 7.690279209212519396e-01
5.752000000000000455e+02 7.612391471538106913e-01
5.753999999999999773e+02 7.533724095722504899e-01
5.756000000000000227e+02 7.460450411741492704e-01
5.757999999999999545e+02 7.403319900745145565e-01
5.760000000000000000e+02 7.366542846333945516e-01
5.762000000000000455e+02 7.321103464305868114e-01
5.763999999999999773e+02 7.257342398104269510e-01
5.766000000000000227e+02 7.189120965085282755e-01
5.767999999999999545e+02 7.122266476231592369e-01
5.770000000000000000e+02 7.065805736793863145e-01
5.772000000000000455e+02 7.020552280547590618e-01
5.773999999999999773e+02 6.966078503556299983e-01
5.776000000000000227e+02 6.919368177380039731e-01
5.777999999999999545e+02 6.879496503116367956e-01
5.780000000000000000e+02 6.796410293862675811e-01
5.782000000000000455e+02 6.713968702431165614e-01
5.783999999999999773e+02 6.662620177841513947e-01
5.786000000000000227e+02 6.611722360040809265e-01
5.787999999999999545e+02 6.550008397608404476e-01
5.790000000000000000e+02 6.487251695997671153e-01
5.792000000000000455e+02 6.439553156180980453e-01
5.793999999999999773e+02 6.398266739661785385e-01
5.796000000000000227e+02 6.349702001236023907e-01
5.797999999999999545e+02 6.291371239499736756e-01
5.800000000000000000e+02 6.244248053638689067e-01
5.802000000000000455e+02 6.200153258524878641e-01
5.803999999999999773e+02 6.145342666758737415e-01
5.806000000000000227e+02 6.089398682271831564e-01
5.807999999999999545e+02 6.045956169033526173e-01
5.810000000000000000e+02 6.008189593983355170e-01
5.812000000000000455e+02 5.950455991647722875e-01
5.813999999999999773e+02 5.895133218021397781e-01
5.816000000000000227e+02 5.853304347357372039e-01
5.817999999999999545e+02 5.810529851503013488e-01
5.820000000000000000e+02 5.761212113939239154e-01
5.822000000000000455e+02 5.712397401412627751e-01
5.823999999999999773e+02 5.671820356680129516e-01
5.826000000000000227e+02 5.628830116167136133e-01
5.827999999999999545e+02 5.585938684212586880e-01
5.830000000000000000e+02 5.547610766275303806e-01
5.832000000000000455e+02 5.504464872246439544e-01
5.833999999999999773e+02 5.457334732411871503e-01
5.836000000000000227e+02 5.411102621971446425e-01
5.837999999999999545e+02 5.368926357388791315e-01
5.840000000000000000e+02 5.334843369068207330e-01
5.842000000000000455e+02 5.302823741564980375e-01
5.843999999999999773e+02 5.258638219364929478e-01
5.846000000000000227e+02 5.202508911068478570e-01
5.847999999999999545e+02 5.154289928240747276e-01
5.850000000000000000e+02 5.129159933951230599e-01
5.852000000000000455e+02 5.093021446909601346e-01
5.853999999999999773e+02 5.046269947423640545e-01
5.856000000000000227e+02 5.004915766108983810e-01
5.857999999999999545e+02 4.960834389954463242e-01
5.860000000000000000e+02 4.928076661866829800e-01
5.862000000000000455e+02 4.912109761842495259e-01
5.863999999999999773e+02 4.886457997580581636e-01
5.866000000000000227e+02 4.835093308298447634e-01
5.867999999999999545e+02 4.774633184205214209e-01
5.870000000000000000e+02 4.741594222298630146e-01
5.872000000000000455e+02 4.715301593122830370e-01
5.873999999999999773e+02 4.682624847112382693e-01
5.876000000000000227e+02 4.648803619946230148e-01
5.877999999999999545e+02 4.610325686231561693e-01
5.880000000000000000e+02 4.576090851726316577e-01
5.882000000000000455e+02 4.551052070751876455e-01
5.883999999999999773e+02 4.511748922840296827e-01
5.886000000000000227e+02 4.468590705062132629e-01
5.887999999999999545e+02 4.438225999466182681e-01
5.890000000000000000e+02 4.411364839095295309e-01
5.892000000000000455e+02 4.368555343482395381e-01
5.893999999999999773e+02 4.316623265407141807e-01
5.896000000000000227e+02 4.289530791625612016e-01
5.897999999999999545e+02 4.269786438499039161e-01
5.900000000000000000e+02 4.242347481922161823e-01
5.902000000000000455e+02 4.210239651751168655e-01
5.903999999999999773e+02 4.176834333254899612e-01
5.906000000000000227e+02 4.154547414507999137e-01
5.907999999999999545e+02 4.146196948932482362e-01
5.910000000000000000e+02 4.117643637003101653e-01
5.912000000000000455e+02 4.073450948505583646e-01
5.913999999999999773e+02 4.033875086685144162e-01
5.916000000000000227e+02 3.999774757180312723e-01
5.917999999999999545e+02 3.966114401245021126e-01
5.920000000000000000e+02 3.938827755852081225e-01
5.922000000000000455e+02 3.932330068782410870e-01
5.923999999999999773e+02 3.914836702059831253e-01
5.926000000000000227e+02 3.877055874911808364e-01
5.927999999999999545e+02 3.843713852369436412e-01
5.930000000000000000e+02 3.815531660673766590e-01
5.932000000000000455e+02 3.793267027002022451e-01
5.933999999999999773e+02 3.774568640875920478e-01
5.936000000000000227e+02 3.738531866450361951e-01
5.937999999999999545e+02 3.700148782823635130e-01
5.940000000000000000e+02 3.676073064169550486e-01
5.942000000000000455e+02 3.642806038240551936e-01
5.943999999999999773e+02 3.619378590830285569e-01
5.946000000000000227e+02 3.613957406504010872e-01
5.947999999999999545e+02 3.591670856647821708e-01
5.950000000000000000e+02 3.558219874148201289e-01
5.952000000000000455e+02 3.528660622545818915e-01
5.953999999999999773e+02 3.506772045508173008e-01
5.956000000000000227e+02 3.480386820592613617e-01
5.957999999999999545e+02 3.450666711559524646e-01
5.960000000000000000e+02 3.428084220248813208e-01
5.962000000000000455e+02 3.405847396551486828e-01
5.963999999999999773e+02 3.383629449191190020e-01
5.966000000000000227e+02 3.362587115820092065e-01
5.967999999999999545e+02 3.334580621231800213e-01
5.970000000000000000e+02 3.307462677231712833e-01
5.972000000000000455e+02 3.294540960895563919e-01
5.973999999999999773e+02 3.297447463292276226e-01
5.976000000000000227e+02 3.281558306726717333e-01
5.977999999999999545e+02 3.238524716327260689e-01
5.980000000000000000e+02 3.201127476475337241e-01
5.982000000000000455e+02 3.165917988992081877e-01
5.983999999999999773e+02 3.135607690560667793e-01
5.986000000000000227e+02 3.121561012267762281e-01
5.987999999999999545e+02 3.111286540771225906e-01
5.990000000000000000e+02 3.098072848573839577e-01
5.992000000000000455e+02 3.081501256110071862e-01
5.993999999999999773e+02 3.058785488538832698e-01
5.996000000000000227e+02 3.040200180407978126e-01
5.997999999999999545e+02 3.030329353195590492e-01
6.000000000000000000e+02 3.012216803684285016e-01
6.002000000000000455e+02 2.981266599707498854e-01
6.003999999999999773e+02 2.949667379208186224e-01
6.006000000000000227e+02 2.937517065632818114e-01
6.007999999999999545e+02 2.933614396126131840e-01
6.010000000000000000e+02 2.920631972170181778e-01
6.012000000000000455e+02 2.890859341993983200e-01
6.013999999999999773e+02 2.857054657165882250e-01
6.016000000000000227e+02 2.832955222743628321e-01
6.017999999999999545e+02 2.821204046836920942e-01
6.020000000000000000e+02 2.804266101973795777e-01
6.022000000000000455e+02 2.777658731123329172e-01
6.023999999999999773e+02 2.753100375167913949e-01
6.026000000000000227e+02 2.748036836151721007e-01
6.027999999999999545e+02 2.730715870717317362e-01
6.030000000000000000e+02 2.690168590215929467e-01
6.032000000000000455e+02 2.667484287556052269e-01
6.033999999999999773e+02 2.646066459791027725e-01
6.036000000000000227e+02 2.621083583786734117e-01
6.037999999999999545e+02 2.614869953423294424e-01
6.040000000000000000e+02 2.615640644494678368e-01
6.042000000000000455e+02 2.612548555734257594e-01
6.043999999999999773e+02 2.600609818854212607e-01
6.046000000000000227e+02 2.571000961209868318e-01
6.047999999999999545e+02 2.545576959718635068e-01
6.050000000000000000e+02 2.540338034022606162e-01
6.052000000000000455e+02 2.522264432046091298e-01
6.053999999999999773e+02 2.501016066354405099e-01
6.056000000000000227e+02 2.489239198487304960e-01
6.057999999999999545e+02 2.470045818585851205e-01
6.060000000000000000e+02 2.444960089892532495e-01
6.062000000000000455e+02 2.424399552211644326e-01
6.063999999999999773e+02 2.415757086711877999e-01
6.066000000000000227e+02 2.407453724606693768e-01
6.067999999999999545e+02 2.389914370509639008e-01
6.070000000000000000e+02 2.362139678666747289e-01
6.072000000000000455e+02 2.330544617040146982e-01
6.073999999999999773e+02 2.313440875354455806e-01
6.076000000000000227e+02 2.317579031845607151e-01
6.077999999999999545e+02 2.310627420606692073e-01
6.080000000000000000e+02 2.292852936707537315e-01
6.082000000000000455e+02 2.277512788163139068e-01
6.083999999999999773e+02 2.265909215615197758e-01
6.086000000000000227e+02 2.259910153912371433e-01
6.087999999999999545e+02 2.250415286744887888e-01
6.090000000000000000e+02 2.221791292975448806e-01
6.092000000000000455e+02 2.196664448220603250e-01
6.093999999999999773e+02 2.189193328780243419e-01
6.096000000000000227e+02 2.190135076985423312e-01
6.097999999999999545e+02 2.178770279299810653e-01
6.100000000000000000e+02 2.156819338527183327e-01
6.102000000000000455e+02 2.139125357021872953e-01
6.103999999999999773e+02 2.126351235910170778e-01
6.106000000000000227e+02 2.112012158794205618e-01
6.107999999999999545e+02 2.094799669524666508e-01
6.110000000000000000e+02 2.085710723016936941e-01
6.112000000000000455e+02 2.079080689315379038e-01
6.113999999999999773e+02 2.064695640163435320e-01
6.116000000000000227e+02 2.041042040562600079e-01
6.117999999999999545e+02 2.026992786733748941e-01
6.120000000000000000e+02 2.023970936544740584e-01
6.122000000000000455e+02 2.012900868079685601e-01
6.123999999999999773e+02 1.992592244419990610e-01
6.126000000000000227e+02 1.972594171196430379e-01
6.127999999999999545e+02 1.960817971281477723e-01
6.130000000000000000e+02 1.948154290099336772e-01
6.132000000000000455e+02 1.936678201096581620e-01
6.133999999999999773e+02 1.930470083776614498e-01
6.136000000000000227e+02 1.921728462515898683e-01
6.137999999999999545e+02 1.912525411545203113e-01
6.140000000000000000e+02 1.899952700532040184e-01
6.142000000000000455e+02 1.872241074231004720e-01
6.143999999999999773e+02 1.853088719185213007e-01
6.146000000000000227e+02 1.849270394186781352e-01
6.147999999999999545e+02 1.840095186721596443e-01
6.150000000000000000e+02 1.830153144201684401e-01
6.152000000000000455e+02 1.819604788159434605e-01
6.153999999999999773e+02 1.803851212160668127e-01
6.156000000000000227e+02 1.792647895842028050e-01
6.157999999999999545e+02 1.790815421944168817e-01
6.160000000000000000e+02 1.792622736673064321e-01
6.162000000000000455e+02 1.782673327449601774e-01
6.163999999999999773e+02 1.762584325991832790e-01
6.166000000000000227e+02 1.742236518489530817e-01
6.167999999999999545e+02 1.729373683720655808e-01
6.170000000000000000e+02 1.728215510333301064e-01
6.172000000000000455e+02 1.732183181050264698e-01
6.173999999999999773e+02 1.724978926539622037e-01
6.176000000000000227e+02 1.700467623239293180e-01
6.177999999999999545e+02 1.670727724383487822e-01
6.180000000000000000e+02 1.655200025910955053e-01
6.182000000000000455e+02 1.650447216312084520e-01
6.183999999999999773e+02 1.646171773037641284e-01
6.186000000000000227e+02 1.633396394656452533e-01
6.187999999999999545e+02 1.611633030931194366e-01
6.190000000000000000e+02 1.596366848335426247e-01
6.192000000000000455e+02 1.598228690690400855e-01
6.193999999999999773e+02 1.604323386709282651e-01
6.196000000000000227e+02 1.596520379234389053e-01
6.197999999999999545e+02 1.577386568381773102e-01
6.200000000000000000e+02 1.569724422752219462e-01
6.202000000000000455e+02 1.555669202009891949e-01
6.203999999999999773e+02 1.537678933923639357e-01
6.206000000000000227e+02 1.537503704303887497e-01
6.207999999999999545e+02 1.529248460837940304e-01
6.210000000000000000e+02 1.508370927320275279e-01
6.212000000000000455e+02 1.491182310767400210e-01
6.213999999999999773e+02 1.483098669408979553e-01
6.216000000000000227e+02 1.488785689545825131e-01
6.217999999999999545e+02 1.497626462346072496e-01
6.220000000000000000e+02 1.476787322431944438e-01
6.222000000000000455e+02 1.450981186989847571e-01
6.223999999999999773e+02 1.448830577744450732e-01
6.226000000000000227e+02 1.462801784443089059e-01
6.227999999999999545e+02 1.469222072716971084e-01
6.230000000000000000e+02 1.456156782968648644e-01
6.232000000000000455e+02 1.430934362205723287e-01
6.233999999999999773e+02 1.406770016781009047e-01
6.236000000000000227e+02 1.394979913877943123e-01
6.237999999999999545e+02 1.396170862764506138e-01
6.240000000000000000e+02 1.389954767249313161e-01
6.242000000000000455e+02 1.372471814827808112e-01
6.243999999999999773e+02 1.353099776501970053e-01
6.246000000000000227e+02 1.341399166580328484e-01
6.247999999999999545e+02 1.341463808005546321e-01
6.250000000000000000e+02 1.347812464951953781e-01
6.252000000000000455e+02 1.345649375679453530e-01
6.253999999999999773e+02 1.328814757265618096e-01
6.256000000000000227e+02 1.308259148841440789e-01
6.257999999999999545e+02 1.302058836924760432e-01
6.260000000000000000e+02 1.291968834593925364e-01
6.262000000000000455e+02 1.279962878285592631e-01
6.263999999999999773e+02 1.283197359054854270e-01
6.266000000000000227e+02 1.283966283218724302e-01
6.267999999999999545e+02 1.275868114533223741e-01
6.270000000000000000e+02 1.266079380621519535e-01
6.272000000000000455e+02 1.262508173808946088e-01
6.273999999999999773e+02 1.258133453531156687e-01
6.276000000000000227e+02 1.246536077291378330e-01
6.277999999999999545e+02 1.234304617219795785e-01
6.280000000000000000e+02 1.221235173381447492e-01
6.282000000000000455e+02 1.209797613897262980e-01
6.283999999999999773e+02 1.207446544026606061e-01
6.286000000000000227e+02 1.210419261389054091e-01
6.287999999999999545e+02 1.209749423035812455e-01
6.290000000000000000e+02 1.199398726823243388e-01
6.292000000000000455e+02 1.188609871396472117e-01
6.293999999999999773e+02 1.182123887161894427e-01
6.296000000000000227e+02 1.177358157881373546e-01
6.297999999999999545e+02 1.168200254316757725e-01
6.300000000000000000e+02 1.151838683553509102e-01
6.302000000000000455e+02 1.134838180446836320e-01
6.303999999999999773e+02 1.132649274479261836e-01
6.306000000000000227e+02 1.132015221243604097e-01
6.307999999999999545e+02 1.124081507448945194e-01
6.310000000000000000e+02 1.120214696200533544e-01
6.312000000000000455e+02 1.116387855319327382e-01
6.313999999999999773e+02 1.110752282014459968e-01
6.316000000000000227e+02 1.106287569692351036e-01
6.317999999999999545e+02 1.095599489805465787e-01
6.320000000000000000e+02 1.079523719048635366e-01
6.322000000000000455e+02 1.066828233377581370e-01
6.323999999999999773e+02 1.063870447655347329e-01
6.326000000000000227e+02 1.069847750135394238e-01
6.327999999999999545e+02 1.080078452207339501e-01
6.330000000000000000e+02 1.089358530142112147e-01
6.332000000000000455e+02 1.085469391721691768e-01
6.333999999999999773e+02 1.068851589065869245e-01
6.336000000000000227e+02 1.058668548134451270e-01
6.337999999999999545e+02 1.047896594240978058e-01
6.340000000000000000e+02 1.036246819701042293e-01
6.342000000000000455e+02 1.033578939089941501e-01
6.343999999999999773e+02 1.018965409215957241e-01
6.346000000000000227e+02 9.959817105214666122e-02
6.347999999999999545e+02 9.859768874147252504e-02
6.350000000000000000e+02 9.814428578558417882e-02
6.352000000000000455e+02 9.799806647093714518e-02
6.353999999999999773e+02 9.828211631755344457e-02
6.356000000000000227e+02 9.838296371935059681e-02
6.357999999999999545e+02 9.743136079630637658e-02
6.360000000000000000e+02 9.575405061343586488e-02
6.362000000000000455e+02 9.518766323785979311e-02
6.363999999999999773e+02 9.439021090659743818e-02
6.366000000000000227e+02 9.328290398985313037e-02
6.367999999999999545e+02 9.368292837599732914e-02
6.370000000000000000e+02 9.259236251773586557e-02
6.372000000000000455e+02 9.058776016733136038e-02
6.373999999999999773e+02 9.103405378903724199e-02
6.376000000000000227e+02 9.172108820784284633e-02
6.377999999999999545e+02 9.179314136582734929e-02
6.380000000000000000e+02 9.166860730729119167e-02
6.382000000000000455e+02 9.074465541648697731e-02
6.383999999999999773e+02 8.964128344591866526e-02
6.386000000000000227e+02 8.874711574570917638e-02
6.387999999999999545e+02 8.722041883806941343e-02
6.390000000000000000e+02 8.710450222480177473e-02
6.392000000000000455e+02 8.897244510624036096e-02
6.393999999999999773e+02 9.004953487899797215e-02
6.396000000000000227e+02 8.871778400128084441e-02
6.397999999999999545e+02 8.613900771418586677e-02
6.400000000000000000e+02 8.497155515842452767e-02
6.402000000000000455e+02 8.478751186640171023e-02
6.403999999999999773e+02 8.458431358906096098e-02
6.406000000000000227e+02 8.367886590491448173e-02
6.407999999999999545e+02 8.207525356026240670e-02
6.410000000000000000e+02 8.084776467610273187e-02
6.412000000000000455e+02 8.111281159626727855e-02
6.413999999999999773e+02 8.261246998046824219e-02
6.416000000000000227e+02 8.234634242882385435e-02
6.417999999999999545e+02 8.027685128557490724e-02
6.420000000000000000e+02 8.083579087683009923e-02
6.422000000000000455e+02 8.160275894400856322e-02
6.423999999999999773e+02 8.059834090614836910e-02
6.426000000000000227e+02 7.893517570477127931e-02
6.427999999999999545e+02 7.795427069228459682e-02
6.430000000000000000e+02 7.805731982249959622e-02
6.432000000000000455e+02 7.880212635031237645e-02
6.433999999999999773e+02 7.952360278713814512e-02
6.436000000000000227e+02 7.842439659256350559e-02
6.437999999999999545e+02 7.536336991430135634e-02
6.440000000000000000e+02 7.439587445348325168e-02
6.442000000000000455e+02 7.501714838513748318e-02
6.443999999999999773e+02 7.530185095122494954e-02
6.446000000000000227e+02 7.495653638369752236e-02
6.447999999999999545e+02 7.413366890973668855e-02
6.450000000000000000e+02 7.315501264106641366e-02
6.452000000000000455e+02 7.231103758230272849e-02
6.453999999999999773e+02 7.150660064196412424e-02
6.456000000000000227e+02 7.118046950469458789e-02
6.457999999999999545e+02 7.173126710742362688e-02
6.460000000000000000e+02 7.180884060330304519e-02
6.462000000000000455e+02 7.069774788009537680e-02
6.463999999999999773e+02 6.916716948446380298e-02
6.466000000000000227e+02 6.935518095324796906e-02
6.467999999999999545e+02 6.962491245234377069e-02
6.470000000000000000e+02 6.872152676568198115e-02
6.472000000000000455e+02 6.896262067350457381e-02
6.473999999999999773e+02 6.971534763798506451e-02
6.476000000000000227e+02 6.962305719448232122e-02
6.477999999999999545e+02 6.835023794890604520e-02
6.480000000000000000e+02 6.696752119697635397e-02
6.482000000000000455e+02 6.613505528257317134e-02
6.483999999999999773e+02 6.575654111789523693e-02
6.486000000000000227e+02 6.573350563982463535e-02
6.487999999999999545e+02 6.560579956595917472e-02
6.490000000000000000e+02 6.509171924885695515e-02
6.492000000000000455e+02 6.489382094366985543e-02
6.493999999999999773e+02 6.486287128393501689e-02
6.496000000000000227e+02 6.422887075813471514e-02
6.497999999999999545e+02 6.245267614097091413e-02
6.500000000000000000e+02 6.131617473493303216e-02
6.502000000000000455e+02 6.169138594836780232e-02
6.503999999999999773e+02 6.205304623027890765e-02
6.506000000000000227e+02 6.173457539001239724e-02
6.507999999999999545e+02 6.130304476363923616e-02
6.510000000000000000e+02 6.168200245004441806e-02
6.512000000000000455e+02 6.175607907092686699e-02
6.513999999999999773e+02 6.129784768614290891e-02
6.516000000000000227e+02 6.088704361762359296e-02
6.517999999999999545e+02 6.037774363197612182e-02
6.520000000000000000e+02 5.939183562868315114e-02
6.522000000000000455e+02 5.810253756722091878e-02
6.523999999999999773e+02 5.771368590501975426e-02
6.526000000000000227e+02 5.816667977712923487e-02
6.527999999999999545e+02 5.867733478157599603e-02
6.530000000000000000e+02 5.848620667999919476e-02
6.532000000000000455e+02 5.774573189317540323e-02
6.533999999999999773e+02 5.727851323632213165e-02
6.536000000000000227e+02 5.766687312320831205e-02
6.537999999999999545e+02 5.709125479680257631e-02
6.540000000000000000e+02 5.582916734236291478e-02
6.542000000000000455e+02 5.534582744260584108e-02
6.543999999999999773e+02 5.410406753796218049e-02
6.546000000000000227e+02 5.276192957885815493e-02
6.547999999999999545e+02 5.309585323434473647e-02
6.550000000000000000e+02 5.504117291006484225e-02
6.552000000000000455e+02 5.521802889981186624e-02
6.553999999999999773e+02 5.263079207083019850e-02
6.556000000000000227e+02 5.166926952006052620e-02
6.557999999999999545e+02 5.192654622187758973e-02
6.560000000000000000e+02 5.236937655725325269e-02
6.562000000000000455e+02 5.308263268971133431e-02
6.563999999999999773e+02 5.226611097486107138e-02
6.566000000000000227e+02 5.020780457053129753e-02
6.567999999999999545e+02 4.893577489829699367e-02
6.570000000000000000e+02 4.840619872083611053e-02
6.572000000000000455e+02 4.869209139470759284e-02
6.573999999999999773e+02 4.977669299943532355e-02
6.576000000000000227e+02 5.058023307748289732e-02
6.577999999999999545e+02 5.013936397405358014e-02
6.580000000000000000e+02 4.854645275523793158e-02
6.582000000000000455e+02 4.741124803231093476e-02
6.583999999999999773e+02 4.793706255311085129e-02
6.586000000000000227e+02 4.928823950077823590e-02
6.587999999999999545e+02 4.893701688563513452e-02
6.590000000000000000e+02 4.755882086776153095e-02
6.592000000000000455e+02 4.710618131725292923e-02
6.593999999999999773e+02 4.831974573162683972e-02
6.596000000000000227e+02 4.725655863985435412e-02
6.597999999999999545e+02 4.540909545006442671e-02
6.600000000000000000e+02 4.618871834516682928e-02
6.602000000000000455e+02 4.600261152360753114e-02
6.603999999999999773e+02 4.484845013208731135e-02
6.606000000000000227e+02 4.435975237630843115e-02
6.607999999999999545e+02 4.416054494393675811e-02
6.610000000000000000e+02 4.393797952348517388e-02
6.612000000000000455e+02 4.367737446169708826e-02
6.613999999999999773e+02 4.351734885589216006e-02
6.616000000000000227e+02 4.317965744166178677e-02
6.617999999999999545e+02 4.334762651085469209e-02
6.620000000000000000e+02 4.483686083064020167e-02
6.622000000000000455e+02 4.477708816852284113e-02
6.623999999999999773e+02 4.318822874156706682e-02
6.626000000000000227e+02 4.228186126401047018e-02
6.627999999999999545e+02 4.184766077303436749e-02
6.630000000000000000e+02 4.184096306429364864e-02
6.632000000000000455e+02 4.232853746002422646e-02
6.633999999999999773e+02 4.286438003092803151e-02
6.636000000000000227e+02 4.304086840587403873e-02
6.637999999999999545e+02 4.259099399098237315e-02
6.640000000000000000e+02 4.152868241693374873e-02
6.642000000000000455e+02 4.062651129971209252e-02
6.643999999999999773e+02 4.014804675891578412e-02
6.646000000000000227e+02 3.968028128019485123e-02
6.647999999999999545e+02 3.964642712538259117e-02
6.650000000000000000e+02 3.974334370488628865e-02
6.652000000000000455e+02 3.931168227277774541e-02
6.653999999999999773e+02 3.909927636517783467e-02
6.656000000000000227e+02 3.945753795548766207e-02
6.657999999999999545e+02 3.996733845169578303e-02
6.660000000000000000e+02 3.963612484842461703e-02
6.662000000000000455e+02 3.854073427166555821e-02
6.663999999999999773e+02 3.766602430446486238e-02
6.666000000000000227e+02 3.812901387649610119e-02
6.667999999999999545e+02 3.867958922932127064e-02
6.670000000000000000e+02 3.826330789959561662e-02
6.672000000000000455e+02 3.730135741228360335e-02
6.673999999999999773e+02 3.663150679158384826e-02
6.676000000000000227e+02 3.685350446731805452e-02
6.677999999999999545e+02 3.769432412903486740e-02
6.680000000000000000e+02 3.727693982508246962e-02
6.682000000000000455e+02 3.631511651061428148e-02
6.683999999999999773e+02 3.646847988602086588e-02
6.686000000000000227e+02 3.667536781624426701e-02
6.687999999999999545e+02 3.677064271647677296e-02
6.690000000000000000e+02 3.636501739506395325e-02
6.692000000000000455e+02 3.396900923612218570e-02
6.693999999999999773e+02 3.195985739623312394e-02
6.696000000000000227e+02 3.248643696810618597e-02
6.697999999999999545e+02 3.464994847556215896e-02
6.700000000000000000e+02 3.523868579827615921e-02
6.702000000000000455e+02 3.389374199580154345e-02
6.703999999999999773e+02 3.306015297067657621e-02
6.706000000000000227e+02 3.244191786815515954e-02
6.707999999999999545e+02 3.186694863056441229e-02
6.710000000000000000e+02 3.185917175402303014e-02
6.712000000000000455e+02 3.296307331059807055e-02
6.713999999999999773e+02 3.344927962911958819e-02
6.716000000000000227e+02 3.177913074628070655e-02
6.717999999999999545e+02 2.958674155104318651e-02
6.720000000000000000e+02 2.994384679495046622e-02
6.722000000000000455e+02 3.251558906258250614e-02
6.723999999999999773e+02 3.248264102138577469e-02
6.726000000000000227e+02 3.123281712424324716e-02
6.727999999999999545e+02 3.082981157388351920e-02
6.730000000000000000e+02 3.122247058918825938e-02
6.732000000000000455e+02 3.088385645506085478e-02
6.733999999999999773e+02 3.031575763267515058e-02
6.736000000000000227e+02 3.111524878785362422e-02
6.737999999999999545e+02 3.229229383391020447e-02
6.740000000000000000e+02 3.232544925156832782e-02
6.742000000000000455e+02 3.082265919808243118e-02
6.743999999999999773e+02 2.964327442749781563e-02
6.746000000000000227e+02 2.914713363848819502e-02
6.747999999999999545e+02 2.930454879351162070e-02
6.750000000000000000e+02 3.044739542153246728e-02
6.752000000000000455e+02 3.072558206454369459e-02
6.753999999999999773e+02 2.965501357422315951e-02
6.756000000000000227e+02 2.891646550253002337e-02
6.757999999999999545e+02 2.837756196338457257e-02
6.760000000000000000e+02 2.764035829768443989e-02
6.762000000000000455e+02 2.696287195671607725e-02
6.763999999999999773e+02 2.773648669343229886e-02
6.766000000000000227e+02 2.937110427055154502e-02
6.767999999999999545e+02 2.996830141639771419e-02
6.770000000000000000e+02 2.847786366161225366e-02
6.772000000000000455e+02 2.683923455446740255e-02
6.773999999999999773e+02 2.712626623054340338e-02
6.776000000000000227e+02 2.876647933979727470e-02
6.777999999999999545e+02 2.934429826192941695e-02
6.780000000000000000e+02 2.769573192358669098e-02
6.782000000000000455e+02 2.539614963791405819e-02
6.783999999999999773e+02 2.527934375424157817e-02
6.786000000000000227e+02 2.648134335064821279e-02
6.787999999999999545e+02 2.602205621307482689e-02
6.790000000000000000e+02 2.687534098383722800e-02
6.792000000000000455e+02 2.902951896779048038e-02
6.793999999999999773e+02 2.958120190301211441e-02
6.796000000000000227e+02 2.698834674315541901e-02
6.797999999999999545e+02 2.490147828846686964e-02
6.800000000000000000e+02 2.588962875596942034e-02
6.802000000000000455e+02 2.578781866553763250e-02
6.803999999999999773e+02 2.395596503362324228e-02
6.806000000000000227e+02 2.231312850598351008e-02
6.807999999999999545e+02 2.302468739875803902e-02
6.810000000000000000e+02 2.443163078408381109e-02
6.812000000000000455e+02 2.480141620555590190e-02
6.813999999999999773e+02 2.395842639549740707e-02
6.816000000000000227e+02 2.293715060516181639e-02
6.817999999999999545e+02 2.278547246959240422e-02
6.820000000000000000e+02 2.386635914127178612e-02
6.822000000000000455e+02 2.522443031264707050e-02
6.823999999999999773e+02 2.545078971182585317e-02
6.826000000000000227e+02 2.438225212220219637e-02
6.827999999999999545e+02 2.424380337330193577e-02
6.830000000000000000e+02 2.425876514989954227e-02
6.832000000000000455e+02 2.337726468325066961e-02
6.833999999999999773e+02 2.230655952615260076e-02
6.836000000000000227e+02 2.097435884957235888e-02
6.837999999999999545e+02 2.049326530811806588e-02
6.840000000000000000e+02 2.255352588446899245e-02
6.842000000000000455e+02 2.435876664100680364e-02
6.843999999999999773e+02 2.453779298280623841e-02
6.846000000000000227e+02 2.372949744496382143e-02
6.847999999999999545e+02 2.200209097206767481e-02
6.850000000000000000e+02 2.127130485326495304e-02
6.852000000000000455e+02 2.292606246654638538e-02
6.853999999999999773e+02 2.451590803759029144e-02
6.856000000000000227e+02 2.455501038406336309e-02
6.857999999999999545e+02 2.343541763797783381e-02
6.860000000000000000e+02 2.284939503862375501e-02
6.862000000000000455e+02 2.138980728682007490e-02
6.863999999999999773e+02 1.960334495764339338e-02
6.866000000000000227e+02 2.075951806021722815e-02
6.867999999999999545e+02 2.282621022964455640e-02
6.870000000000000000e+02 2.309734184582874425e-02
6.872000000000000455e+02 2.095950973066578946e-02
6.873999999999999773e+02 1.966565584386601936e-02
6.876000000000000227e+02 1.974913414094509392e-02
6.877999999999999545e+02 1.998978317897883925e-02
6.880000000000000000e+02 2.075884882629496289e-02
6.882000000000000455e+02 2.054179899285768149e-02
6.883999999999999773e+02 1.852781759325250119e-02
6.886000000000000227e+02 1.709664205473026069e-02
6.887999999999999545e+02 1.802936624720091405e-02
6.890000000000000000e+02 1.989521669197618844e-02
6.892000000000000455e+02 1.890886244934074714e-02
6.893999999999999773e+02 1.788115587757470662e-02
6.896000000000000227e+02 1.858914863130098002e-02
6.897999999999999545e+02 1.952887019269778854e-02
6.900000000000000000e+02 1.899935363118715817e-02
6.902000000000000455e+02 1.841167644548748553e-02
6.903999999999999773e+02 1.938434103684712542e-02
6.906000000000000227e+02 1.834958160108520961e-02
6.907999999999999545e+02 1.677018671948224057e-02
6.910000000000000000e+02 1.739131702619585787e-02
6.912000000000000455e+02 1.870616558751287892e-02
6.913999999999999773e+02 1.874436444562007850e-02
6.916000000000000227e+02 1.754894240722124424e-02
6.917999999999999545e+02 1.743456104729170994e-02
6.920000000000000000e+02 1.760313555106711100e-02
6.922000000000000455e+02 1.766049878252074976e-02
6.923999999999999773e+02 1.850216615311557275e-02
6.926000000000000227e+02 1.967664619650632066e-02
6.927999999999999545e+02 1.999966086332485501e-02
6.930000000000000000e+02 1.874330934381826172e-02
6.932000000000000455e+02 1.726872414672276160e-02
6.933999999999999773e+02 1.608720938267109782e-02
6.936000000000000227e+02 1.521829325071060238e-02
6.937999999999999545e+02 1.518392127613675188e-02
6.940000000000000000e+02 1.573947227957242859e-02
6.942000000000000455e+02 1.623415822247570653e-02
6.943999999999999773e+02 1.624323478147056757e-02
6.946000000000000227e+02 1.662093120990320791e-02
6.947999999999999545e+02 1.739113591044905496e-02
6.950000000000000000e+02 1.757661030954109707e-02
6.952000000000000455e+02 1.823522476699427144e-02
6.953999999999999773e+02 1.840703374403056605e-02
6.956000000000000227e+02 1.678623477081340673e-02
6.957999999999999545e+02 1.755848281534668279e-02
6.960000000000000000e+02 1.903380464604410502e-02
6.962000000000000455e+02 1.798129236544894829e-02
6.963999999999999773e+02 1.794122490025075803e-02
6.966000000000000227e+02 1.856185710412127168e-02
6.967999999999999545e+02 1.830892570067896644e-02
6.970000000000000000e+02 1.775344746168940405e-02
6.972000000000000455e+02 1.644681376687972055e-02
6.973999999999999773e+02 1.463744019019767514e-02
6.976000000000000227e+02 1.423717206794769888e-02
6.977999999999999545e+02 1.452697190990596618e-02
6.980000000000000000e+02 1.453526547269976335e-02
6.982000000000000455e+02 1.473889144924067987e-02
6.983999999999999773e+02 1.507020003261803562e-02
6.986000000000000227e+02 1.533666943077879527e-02
6.987999999999999545e+02 1.553887572025585903e-02
6.990000000000000000e+02 1.530939068626093261e-02
6.992000000000000455e+02 1.437152839082693825e-02
6.993999999999999773e+02 1.301286578044464140e-02
6.996000000000000227e+02 1.271062689248830466e-02
6.997999999999999545e+02 1.409082536406318711e-02
7.000000000000000000e+02 1.591105348431969338e-02
