4.500000000000000000e+02 2.224446503341939024e-03
4.501999999999999886e+02 1.626518783717615952e-03
4.503999999999999773e+02 1.793557463224757474e-03
4.506000000000000227e+02 2.015068074927127070e-03
4.508000000000000114e+02 1.738288385255872502e-03
4.510000000000000000e+02 1.216600846698061896e-03
4.511999999999999886e+02 9.222266772932903025e-04
4.513999999999999773e+02 7.716640389761143587e-04
4.516000000000000227e+02 5.599427943895374541e-04
4.518000000000000114e+02 3.418608451804956141e-04
4.520000000000000000e+02 4.349444971831301033e-04
4.521999999999999886e+02 9.662911116947442555e-04
4.523999999999999773e+02 1.566748124506779638e-03
4.526000000000000227e+02 1.689851856499340662e-03
4.528000000000000114e+02 1.224274868537978539e-03
4.530000000000000000e+02 1.283282478965187563e-03
4.531999999999999886e+02 2.020500676117620385e-03
4.533999999999999773e+02 2.434946173130876287e-03
4.536000000000000227e+02 2.630463419096667511e-03
4.538000000000000114e+02 2.363620181542571645e-03
4.540000000000000000e+02 1.613814560875312214e-03
4.541999999999999886e+02 1.367222793777782622e-03
4.543999999999999773e+02 2.147935265361152445e-03
4.546000000000000227e+02 3.083179013536367467e-03
4.548000000000000114e+02 2.658642306762114098e-03
4.550000000000000000e+02 1.403078503024597981e-03
4.551999999999999886e+02 7.454119537347506487e-04
4.553999999999999773e+02 1.413303831827848224e-03
4.556000000000000227e+02 2.358051146205479912e-03
4.558000000000000114e+02 2.562561917039960988e-03
4.560000000000000000e+02 2.132442176540497083e-03
4.561999999999999886e+02 1.905587063944958956e-03
4.563999999999999773e+02 1.617466396178892339e-03
4.566000000000000227e+02 1.355747281377725835e-03
4.568000000000000114e+02 1.545729928660953718e-03
4.570000000000000000e+02 2.406858612280601221e-03
4.571999999999999886e+02 3.230148100315397876e-03
4.573999999999999773e+02 3.536172797513822096e-03
4.576000000000000227e+02 3.468820267900621888e-03
4.578000000000000114e+02 3.288940323437209053e-03
4.580000000000000000e+02 2.969172111900537404e-03
4.581999999999999886e+02 2.331051200084350346e-03
4.583999999999999773e+02 1.428275601375941350e-03
4.586000000000000227e+02 1.210404379672837000e-03
4.588000000000000114e+02 1.620798000149777009e-03
4.590000000000000000e+02 1.745589173509415684e-03
4.591999999999999886e+02 2.047308873166267008e-03
4.593999999999999773e+02 2.198065798788813221e-03
4.596000000000000227e+02 2.002971202428921373e-03
4.598000000000000114e+02 2.322858684656261066e-03
4.600000000000000000e+02 2.628098512419697538e-03
4.601999999999999886e+02 2.636499099926260890e-03
4.603999999999999773e+02 2.553363839993812688e-03
4.606000000000000227e+02 1.892853325662342909e-03
4.608000000000000114e+02 1.452433946149097807e-03
4.610000000000000000e+02 1.848014439089560104e-03
4.611999999999999886e+02 2.054389978922158393e-03
4.613999999999999773e+02 1.505479088232266217e-03
4.616000000000000227e+02 5.335257982511740086e-04
4.618000000000000114e+02 0.000000000000000000e+00
4.620000000000000000e+02 2.320429242744858440e-04
4.621999999999999886e+02 5.701609891156320673e-04
4.623999999999999773e+02 9.506451509298819444e-04
4.626000000000000227e+02 2.527365758709959175e-03
4.628000000000000114e+02 3.263141745861529441e-03
4.630000000000000000e+02 2.397191156056365218e-03
4.631999999999999886e+02 1.449510675545290922e-03
4.633999999999999773e+02 1.639971946892273408e-03
4.636000000000000227e+02 2.226765605652841588e-03
4.638000000000000114e+02 2.227914569247177717e-03
4.640000000000000000e+02 2.041344752038788072e-03
4.641999999999999886e+02 2.039196091726028746e-03
4.643999999999999773e+02 2.240601191788041228e-03
4.646000000000000227e+02 2.408710004440842763e-03
4.648000000000000114e+02 2.461059075065619335e-03
4.650000000000000000e+02 2.841184467111698784e-03
4.651999999999999886e+02 3.475394574059121992e-03
4.653999999999999773e+02 3.321685638907714497e-03
4.656000000000000227e+02 2.842547906094021384e-03
4.658000000000000114e+02 2.379365091794130496e-03
4.660000000000000000e+02 1.607136615418106127e-03
4.661999999999999886e+02 2.850767705719557373e-04
4.663999999999999773e+02 5.563293037279983108e-04
4.666000000000000227e+02 2.669702283629853470e-03
4.668000000000000114e+02 2.886059116051860243e-03
4.670000000000000000e+02 2.663355867570407071e-03
4.671999999999999886e+02 2.897432734436005634e-03
4.673999999999999773e+02 2.801962198274653929e-03
4.676000000000000227e+02 2.858013390759062220e-03
4.678000000000000114e+02 2.843963120012634946e-03
4.680000000000000000e+02 2.770007187352761888e-03
4.681999999999999886e+02 3.471137239291740076e-03
4.683999999999999773e+02 4.191976092373607063e-03
4.686000000000000227e+02 4.279020493604459956e-03
4.688000000000000114e+02 3.702021878203563474e-03
4.690000000000000000e+02 2.673827209731365236e-03
4.691999999999999886e+02 2.325271222784126065e-03
4.693999999999999773e+02 3.086922337324661016e-03
4.696000000000000227e+02 3.722471887789060782e-03
4.698000000000000114e+02 3.704904303462398622e-03
4.700000000000000000e+02 3.621068819414371281e-03
4.701999999999999886e+02 4.083125151808511891e-03
4.703999999999999773e+02 3.950775806424673686e-03
4.706000000000000227e+02 3.689402688094599141e-03
4.708000000000000114e+02 3.824501025685248315e-03
4.710000000000000000e+02 3.677294353362257212e-03
4.711999999999999886e+02 3.666771385929840261e-03
4.713999999999999773e+02 4.008501290444816019e-03
4.716000000000000227e+02 4.420176493870673143e-03
4.718000000000000114e+02 4.661032468430648286e-03
4.720000000000000000e+02 4.759822623082655274e-03
4.721999999999999886e+02 4.744570816965207327e-03
4.723999999999999773e+02 4.553696219613576762e-03
4.726000000000000227e+02 4.628694482034626662e-03
4.728000000000000114e+02 4.887644978501160323e-03
4.730000000000000000e+02 4.833471453097675473e-03
4.731999999999999886e+02 4.497525573116017798e-03
4.733999999999999773e+02 4.568739652813940538e-03
4.736000000000000227e+02 5.091830527350330385e-03
4.738000000000000114e+02 5.108879767184886130e-03
4.740000000000000000e+02 5.269626967055891439e-03
4.741999999999999886e+02 5.576646972463237747e-03
4.743999999999999773e+02 5.421457659544365489e-03
4.746000000000000227e+02 5.168974557410480411e-03
4.748000000000000114e+02 5.434689009729908211e-03
4.750000000000000000e+02 6.212840476449703331e-03
4.751999999999999886e+02 6.668669946666640376e-03
4.753999999999999773e+02 6.591775614315696641e-03
4.756000000000000227e+02 6.658055278193242277e-03
4.758000000000000114e+02 7.302892750757189119e-03
4.760000000000000000e+02 7.151403612986351535e-03
4.761999999999999886e+02 6.734738275705746957e-03
4.763999999999999773e+02 6.720334494449026544e-03
4.766000000000000227e+02 6.649316974823214939e-03
4.768000000000000114e+02 7.031597238640462100e-03
4.770000000000000000e+02 7.713696917066630021e-03
4.771999999999999886e+02 8.039880535453786461e-03
4.773999999999999773e+02 8.086981625502170923e-03
4.776000000000000227e+02 7.835188534579535027e-03
4.778000000000000114e+02 7.523490082103873045e-03
4.780000000000000000e+02 7.737681877648842216e-03
4.781999999999999886e+02 8.359373488207748337e-03
4.783999999999999773e+02 8.946007010897099807e-03
4.786000000000000227e+02 9.119764054984377116e-03
4.788000000000000114e+02 8.911662644549104076e-03
4.790000000000000000e+02 8.499471303470380532e-03
4.791999999999999886e+02 8.215811857000142673e-03
4.793999999999999773e+02 8.478106817548574856e-03
4.796000000000000227e+02 9.360173819955377311e-03
4.798000000000000114e+02 1.022115947787125174e-02
4.800000000000000000e+02 1.044379718130554816e-02
4.801999999999999886e+02 1.067765630382929917e-02
4.803999999999999773e+02 1.185127205532962580e-02
4.806000000000000227e+02 1.336452862619796379e-02
4.808000000000000114e+02 1.319456678754588573e-02
4.810000000000000000e+02 1.229447300156169195e-02
4.811999999999999886e+02 1.194615761960665656e-02
4.813999999999999773e+02 1.239274348219491888e-02
4.816000000000000227e+02 1.262611043987511492e-02
4.818000000000000114e+02 1.334633220329603520e-02
4.820000000000000000e+02 1.448765320050015085e-02
4.821999999999999886e+02 1.446361623188731869e-02
4.823999999999999773e+02 1.449480481943523670e-02
4.826000000000000227e+02 1.488352770491096350e-02
4.828000000000000114e+02 1.515094047796152962e-02
4.830000000000000000e+02 1.590874705709436135e-02
4.831999999999999886e+02 1.654521017228330337e-02
4.833999999999999773e+02 1.680771533007912807e-02
4.836000000000000227e+02 1.744303980918477520e-02
4.838000000000000114e+02 1.797358176643748182e-02
4.840000000000000000e+02 1.849168571753779383e-02
4.841999999999999886e+02 1.932675506447219943e-02
4.843999999999999773e+02 1.987395850489795390e-02
4.846000000000000227e+02 2.037863082302261361e-02
4.848000000000000114e+02 2.123579231653099572e-02
4.850000000000000000e+02 2.232416340975203542e-02
4.851999999999999886e+02 2.305195630326048808e-02
4.853999999999999773e+02 2.360166524213463610e-02
4.856000000000000227e+02 2.463654605802933703e-02
4.858000000000000114e+02 2.619989521577538449e-02
4.860000000000000000e+02 2.713339933466243220e-02
4.861999999999999886e+02 2.736878248820062004e-02
4.863999999999999773e+02 2.833995875095218081e-02
4.866000000000000227e+02 2.944521773733285025e-02
4.868000000000000114e+02 3.015511416966542430e-02
4.870000000000000000e+02 3.087470661970935504e-02
4.871999999999999886e+02 3.273203179733784329e-02
4.873999999999999773e+02 3.483654741880914257e-02
4.876000000000000227e+02 3.595372429572091244e-02
4.878000000000000114e+02 3.610726809881783378e-02
4.880000000000000000e+02 3.714716135224731958e-02
4.881999999999999886e+02 3.893583911685303406e-02
4.883999999999999773e+02 4.021335150726174090e-02
4.886000000000000227e+02 4.128342487498828234e-02
4.888000000000000114e+02 4.300466530326863684e-02
4.890000000000000000e+02 4.490965100227414103e-02
4.891999999999999886e+02 4.562178100348229792e-02
4.893999999999999773e+02 4.712582267288133175e-02
4.896000000000000227e+02 4.967542679146329937e-02
4.898000000000000114e+02 5.173613134672044173e-02
4.900000000000000000e+02 5.236929679899408885e-02
4.901999999999999886e+02 5.334095381287946164e-02
4.903999999999999773e+02 5.577576494402485680e-02
4.906000000000000227e+02 5.872468906149604095e-02
4.908000000000000114e+02 6.161996909461182892e-02
4.910000000000000000e+02 6.420165474966942065e-02
4.911999999999999886e+02 6.651594846753525192e-02
4.913999999999999773e+02 6.887306917969826525e-02
4.916000000000000227e+02 7.101458073063203480e-02
4.918000000000000114e+02 7.277902347474782263e-02
4.920000000000000000e+02 7.464921467443652592e-02
4.921999999999999886e+02 7.773665907672400177e-02
4.923999999999999773e+02 8.111010061608950328e-02
4.926000000000000227e+02 8.347392570545550394e-02
4.928000000000000114e+02 8.584791919595124998e-02
4.930000000000000000e+02 8.853559587022849509e-02
4.931999999999999886e+02 9.159605162845999016e-02
4.933999999999999773e+02 9.507997691116028272e-02
4.936000000000000227e+02 9.834351964592036310e-02
4.938000000000000114e+02 1.016656722723209422e-01
4.940000000000000000e+02 1.058739566960535949e-01
4.941999999999999886e+02 1.109648040841321182e-01
4.943999999999999773e+02 1.144578364392680597e-01
4.946000000000000227e+02 1.167223594034924872e-01
4.948000000000000114e+02 1.208398537459025729e-01
4.950000000000000000e+02 1.240547097518651803e-01
4.951999999999999886e+02 1.264151545694664480e-01
4.953999999999999773e+02 1.299788920763247646e-01
4.956000000000000227e+02 1.349073228966077842e-01
4.958000000000000114e+02 1.404328711087801940e-01
4.960000000000000000e+02 1.455415982604994218e-01
4.961999999999999886e+02 1.497128319231729732e-01
4.963999999999999773e+02 1.539032671587002021e-01
4.966000000000000227e+02 1.579941549560256731e-01
4.968000000000000114e+02 1.619082786543557528e-01
4.970000000000000000e+02 1.671171350196837269e-01
4.971999999999999886e+02 1.727542003136256776e-01
4.973999999999999773e+02 1.780166159412216176e-01
4.976000000000000227e+02 1.832217380115893635e-01
4.978000000000000114e+02 1.884164784849043650e-01
4.980000000000000000e+02 1.938037777779058335e-01
4.981999999999999886e+02 1.996866243949711461e-01
4.983999999999999773e+02 2.061460865510784946e-01
4.986000000000000227e+02 2.125537095756822037e-01
4.988000000000000114e+02 2.185622608425416002e-01
4.990000000000000000e+02 2.244813975605896295e-01
4.991999999999999886e+02 2.306767271997405833e-01
4.993999999999999773e+02 2.365166704970090295e-01
4.996000000000000227e+02 2.418933161994232528e-01
4.998000000000000114e+02 2.485901599013357610e-01
5.000000000000000000e+02 2.564108114262955707e-01
5.001999999999999886e+02 2.645188145022829840e-01
5.003999999999999773e+02 2.721809353267508613e-01
5.006000000000000227e+02 2.784862729243920421e-01
5.008000000000000114e+02 2.849934738636444309e-01
5.010000000000000000e+02 2.930226217282633216e-01
5.011999999999999886e+02 3.007715785228962102e-01
5.013999999999999773e+02 3.084332566421469357e-01
5.016000000000000227e+02 3.162147795656897742e-01
5.018000000000000114e+02 3.238846472423192457e-01
5.020000000000000000e+02 3.326537356810112533e-01
5.021999999999999886e+02 3.414546922120739736e-01
5.023999999999999773e+02 3.488629678310103399e-01
5.026000000000000227e+02 3.560746980143331686e-01
5.028000000000000114e+02 3.655747781102540173e-01
5.030000000000000000e+02 3.760248272403309278e-01
5.031999999999999886e+02 3.840367224080011299e-01
5.033999999999999773e+02 3.934080899310614665e-01
5.036000000000000227e+02 4.030062396691554971e-01
5.038000000000000114e+02 4.105554968929533977e-01
5.040000000000000000e+02 4.186420932059817801e-01
5.041999999999999886e+02 4.275570790302056223e-01
5.043999999999999773e+02 4.370331290735363083e-01
5.046000000000000227e+02 4.472748394689026741e-01
5.048000000000000114e+02 4.583668040697888024e-01
5.050000000000000000e+02 4.696128284649446760e-01
5.051999999999999886e+02 4.798003779185054385e-01
5.053999999999999773e+02 4.884815454456830630e-01
5.056000000000000227e+02 4.998195719365565171e-01
5.058000000000000114e+02 5.158509897832594948e-01
5.060000000000000000e+02 5.365390046768141463e-01
5.061999999999999886e+02 5.664304172302674356e-01
5.063999999999999773e+02 5.995451351238215709e-01
5.066000000000000227e+02 6.280169912292323797e-01
5.068000000000000114e+02 6.528647418114771339e-01
5.070000000000000000e+02 6.745329888393857276e-01
5.071999999999999886e+02 6.922617360840300771e-01
5.073999999999999773e+02 7.059635181687254901e-01
5.076000000000000227e+02 7.191418249532856022e-01
5.078000000000000114e+02 7.295222533765104433e-01
5.080000000000000000e+02 7.325979702248112124e-01
5.081999999999999886e+02 7.270550647487565854e-01
5.083999999999999773e+02 7.133262441606023074e-01
5.086000000000000227e+02 6.999639962076253941e-01
5.088000000000000114e+02 6.971944281294031320e-01
5.090000000000000000e+02 6.980129892393308610e-01
5.091999999999999886e+02 7.024543688691594623e-01
5.093999999999999773e+02 7.125011188511549687e-01
5.096000000000000227e+02 7.236998875797592268e-01
5.098000000000000114e+02 7.350563321093344094e-01
5.100000000000000000e+02 7.470899771786427834e-01
5.101999999999999886e+02 7.604865597470532590e-01
5.103999999999999773e+02 7.757280427890058672e-01
5.106000000000000227e+02 7.897298013291031982e-01
5.108000000000000114e+02 8.008105801237865862e-01
5.110000000000000000e+02 8.124102078767722057e-01
5.111999999999999886e+02 8.245834563298251041e-01
5.113999999999999773e+02 8.364608247698611665e-01
5.116000000000000227e+02 8.479512632055051791e-01
5.118000000000000114e+02 8.600701053412328490e-01
5.120000000000000000e+02 8.735334896235450453e-01
5.122000000000000455e+02 8.875698292184215354e-01
5.123999999999999773e+02 9.002298642565133013e-01
5.126000000000000227e+02 9.135460764222936847e-01
5.127999999999999545e+02 9.281420198072329875e-01
5.130000000000000000e+02 9.429071089430902664e-01
5.132000000000000455e+02 9.590172718780941574e-01
5.133999999999999773e+02 9.745533561881316587e-01
5.136000000000000227e+02 9.877062355275753047e-01
5.137999999999999545e+02 1.000201840387324737e+00
5.140000000000000000e+02 1.014097630902297098e+00
5.142000000000000455e+02 1.026843518888088447e+00
5.143999999999999773e+02 1.035411940355430271e+00
5.146000000000000227e+02 1.046668510400164065e+00
5.147999999999999545e+02 1.059268157116286080e+00
5.150000000000000000e+02 1.070764154377768840e+00
5.152000000000000455e+02 1.084794905310337843e+00
5.153999999999999773e+02 1.099545405696146005e+00
5.156000000000000227e+02 1.114558697014391919e+00
5.157999999999999545e+02 1.130455872281026508e+00
5.160000000000000000e+02 1.143045010065644851e+00
5.162000000000000455e+02 1.153726261481287985e+00
5.163999999999999773e+02 1.166275565453471552e+00
5.166000000000000227e+02 1.181319331728261535e+00
5.167999999999999545e+02 1.193607859382435077e+00
5.170000000000000000e+02 1.203683984082327907e+00
5.172000000000000455e+02 1.215506997630089403e+00
5.173999999999999773e+02 1.224258249130206089e+00
5.176000000000000227e+02 1.232441611368286782e+00
5.177999999999999545e+02 1.244089565313576617e+00
5.180000000000000000e+02 1.257940947843799284e+00
5.182000000000000455e+02 1.271911525770354379e+00
5.183999999999999773e+02 1.285079665550472372e+00
5.186000000000000227e+02 1.298256831410373735e+00
5.187999999999999545e+02 1.313170544105010551e+00
5.190000000000000000e+02 1.326414968768612868e+00
5.192000000000000455e+02 1.336044161359210447e+00
5.193999999999999773e+02 1.345595690452992654e+00
5.196000000000000227e+02 1.354006762321871671e+00
5.197999999999999545e+02 1.361600624286804173e+00
5.200000000000000000e+02 1.369462959555503012e+00
5.202000000000000455e+02 1.374584281102071204e+00
5.203999999999999773e+02 1.380311492403674123e+00
5.206000000000000227e+02 1.389696551071551101e+00
5.207999999999999545e+02 1.399882744670871482e+00
5.210000000000000000e+02 1.408502827628028919e+00
5.212000000000000455e+02 1.416383857598703777e+00
5.213999999999999773e+02 1.426043978687092650e+00
5.216000000000000227e+02 1.437489012429033153e+00
5.217999999999999545e+02 1.448557417210777798e+00
5.220000000000000000e+02 1.457446005348395968e+00
5.222000000000000455e+02 1.464332113942092173e+00
5.223999999999999773e+02 1.469913895426468331e+00
5.226000000000000227e+02 1.475407782037944759e+00
5.227999999999999545e+02 1.481627394751722449e+00
5.230000000000000000e+02 1.487509106029629269e+00
5.232000000000000455e+02 1.492160314782959851e+00
5.233999999999999773e+02 1.495064383190349178e+00
5.236000000000000227e+02 1.496585263124522447e+00
5.237999999999999545e+02 1.499956234573625702e+00
5.240000000000000000e+02 1.504789088665059893e+00
5.242000000000000455e+02 1.509152783639759798e+00
5.243999999999999773e+02 1.516012428174301263e+00
5.246000000000000227e+02 1.522810410873584486e+00
5.247999999999999545e+02 1.528736899013375172e+00
5.250000000000000000e+02 1.537575922498348291e+00
5.252000000000000455e+02 1.542708269841140734e+00
5.253999999999999773e+02 1.545561417027058404e+00
5.256000000000000227e+02 1.550513118834747850e+00
5.257999999999999545e+02 1.548251076483217581e+00
5.260000000000000000e+02 1.545139840730118674e+00
5.262000000000000455e+02 1.546766174961055729e+00
5.263999999999999773e+02 1.546880903094696169e+00
5.266000000000000227e+02 1.546465127971046183e+00
5.267999999999999545e+02 1.545676016497814720e+00
5.270000000000000000e+02 1.544282529155766026e+00
5.272000000000000455e+02 1.546523117036448625e+00
5.273999999999999773e+02 1.550432259285293712e+00
5.276000000000000227e+02 1.552302629400514222e+00
5.277999999999999545e+02 1.551716445214274653e+00
5.280000000000000000e+02 1.552342314894962438e+00
5.282000000000000455e+02 1.554899729439767286e+00
5.283999999999999773e+02 1.556947466198364216e+00
5.286000000000000227e+02 1.556571819187416716e+00
5.287999999999999545e+02 1.553398157866350493e+00
5.290000000000000000e+02 1.549097655883080904e+00
5.292000000000000455e+02 1.546889357589376290e+00
5.293999999999999773e+02 1.548358386006976506e+00
5.296000000000000227e+02 1.548190831133795964e+00
5.297999999999999545e+02 1.541712268494679128e+00
5.300000000000000000e+02 1.536709246092794245e+00
5.302000000000000455e+02 1.533255257668202143e+00
5.303999999999999773e+02 1.530768829790365215e+00
5.306000000000000227e+02 1.531669845863102619e+00
5.307999999999999545e+02 1.529833974181667111e+00
5.310000000000000000e+02 1.525284426894878642e+00
5.312000000000000455e+02 1.521979334405026307e+00
5.313999999999999773e+02 1.517923616573055190e+00
5.316000000000000227e+02 1.515305696812572878e+00
5.317999999999999545e+02 1.513822103636482064e+00
5.320000000000000000e+02 1.509104781200156786e+00
5.322000000000000455e+02 1.505941475899282400e+00
5.323999999999999773e+02 1.502582632044164201e+00
5.326000000000000227e+02 1.494929787385470554e+00
5.327999999999999545e+02 1.488603917335795446e+00
5.330000000000000000e+02 1.483292015095534211e+00
5.332000000000000455e+02 1.476727483901588922e+00
5.333999999999999773e+02 1.469249265614107181e+00
5.336000000000000227e+02 1.463898337779844683e+00
5.337999999999999545e+02 1.458902283249207121e+00
5.340000000000000000e+02 1.452474640617346324e+00
5.342000000000000455e+02 1.450402108433259674e+00
5.343999999999999773e+02 1.446201137332966180e+00
5.346000000000000227e+02 1.437424810236782813e+00
5.347999999999999545e+02 1.432256640665095393e+00
5.350000000000000000e+02 1.429365495590382507e+00
5.352000000000000455e+02 1.424536264566362398e+00
5.353999999999999773e+02 1.416185793394532100e+00
5.356000000000000227e+02 1.408496146296090989e+00
5.357999999999999545e+02 1.402208485216351885e+00
5.360000000000000000e+02 1.396508137413811745e+00
5.362000000000000455e+02 1.390768651432782832e+00
5.363999999999999773e+02 1.383595707159775756e+00
5.366000000000000227e+02 1.375213187905473866e+00
5.367999999999999545e+02 1.367599894840044072e+00
5.370000000000000000e+02 1.362788658301391953e+00
5.372000000000000455e+02 1.357346075258530460e+00
5.373999999999999773e+02 1.349086735019648930e+00
5.376000000000000227e+02 1.340145166176281988e+00
5.377999999999999545e+02 1.331788633227854568e+00
5.380000000000000000e+02 1.325771810154213748e+00
5.382000000000000455e+02 1.321311524693748130e+00
5.383999999999999773e+02 1.312557384653175285e+00
5.386000000000000227e+02 1.303769650498018073e+00
5.387999999999999545e+02 1.297650244702984290e+00
5.390000000000000000e+02 1.290574847039014816e+00
5.392000000000000455e+02 1.283577327384144207e+00
5.393999999999999773e+02 1.276912197013377659e+00
5.396000000000000227e+02 1.269415820811144791e+00
5.397999999999999545e+02 1.260390595366257971e+00
5.400000000000000000e+02 1.251664309593875979e+00
5.402000000000000455e+02 1.244235138192121948e+00
5.403999999999999773e+02 1.236853452235608053e+00
5.406000000000000227e+02 1.228508602213221002e+00
5.407999999999999545e+02 1.220256898170327897e+00
5.410000000000000000e+02 1.213291700626525804e+00
5.412000000000000455e+02 1.206253304705921403e+00
5.413999999999999773e+02 1.198319131251838199e+00
5.416000000000000227e+02 1.190022766613836769e+00
5.417999999999999545e+02 1.182629781763894217e+00
5.420000000000000000e+02 1.175705781716430920e+00
5.422000000000000455e+02 1.168320558192126768e+00
5.423999999999999773e+02 1.160305621295373069e+00
5.426000000000000227e+02 1.152858748922437115e+00
5.427999999999999545e+02 1.145329694952436084e+00
5.430000000000000000e+02 1.137074074442410154e+00
5.432000000000000455e+02 1.128593213889188984e+00
5.433999999999999773e+02 1.120753290932727797e+00
5.436000000000000227e+02 1.111952666210985763e+00
5.437999999999999545e+02 1.101979732229759756e+00
5.440000000000000000e+02 1.095468846842367450e+00
5.442000000000000455e+02 1.088276078275920433e+00
5.443999999999999773e+02 1.078815161298841030e+00
5.446000000000000227e+02 1.071761997800441346e+00
5.447999999999999545e+02 1.067400933500836313e+00
5.450000000000000000e+02 1.060771074649694112e+00
5.452000000000000455e+02 1.049608034792578248e+00
5.453999999999999773e+02 1.041106762595245261e+00
5.456000000000000227e+02 1.033669151437650369e+00
5.457999999999999545e+02 1.025672017334237074e+00
5.460000000000000000e+02 1.018958529043492378e+00
5.462000000000000455e+02 1.012028133756584625e+00
5.463999999999999773e+02 1.004723717393054772e+00
5.466000000000000227e+02 9.975057292651252627e-01
5.467999999999999545e+02 9.892660850298971020e-01
5.470000000000000000e+02 9.806899811229996544e-01
5.472000000000000455e+02 9.725963447314566190e-01
5.473999999999999773e+02 9.648605314618307061e-01
5.476000000000000227e+02 9.597531116980180244e-01
5.477999999999999545e+02 9.547630856540484379e-01
5.480000000000000000e+02 9.439478420002377357e-01
5.482000000000000455e+02 9.345177570778129272e-01
5.483999999999999773e+02 9.290897953968836331e-01
5.486000000000000227e+02 9.237468009544874681e-01
5.487999999999999545e+02 9.167541832282697367e-01
5.490000000000000000e+02 9.091116669666977623e-01
5.492000000000000455e+02 9.017795322832015126e-01
5.493999999999999773e+02 8.930312114935617940e-01
5.496000000000000227e+02 8.858690054535557357e-01
5.497999999999999545e+02 8.810456461394948757e-01
5.500000000000000000e+02 8.733634878213706321e-01
5.502000000000000455e+02 8.655980760422241627e-01
5.503999999999999773e+02 8.601090910093309727e-01
5.506000000000000227e+02 8.552630205697536736e-01
5.507999999999999545e+02 8.495749980616219554e-01
5.510000000000000000e+02 8.424496297950145873e-01
5.512000000000000455e+02 8.343230906672919334e-01
5.513999999999999773e+02 8.265368020931346260e-01
5.516000000000000227e+02 8.196655380876375352e-01
5.517999999999999545e+02 8.135838570678745052e-01
5.520000000000000000e+02 8.079063979631132542e-01
5.522000000000000455e+02 8.019066417547819903e-01
5.523999999999999773e+02 7.957994754475329335e-01
5.526000000000000227e+02 7.908426585542158715e-01
5.527999999999999545e+02 7.849600010013885187e-01
5.530000000000000000e+02 7.780065551906945043e-01
5.532000000000000455e+02 7.723360148334683650e-01
5.533999999999999773e+02 7.663448163999379004e-01
5.536000000000000227e+02 7.602432032065813416e-01
5.537999999999999545e+02 7.553567458433708692e-01
5.540000000000000000e+02 7.496143850149269428e-01
5.542000000000000455e+02 7.426932089864145548e-01
5.543999999999999773e+02 7.361007254308663539e-01
5.546000000000000227e+02 7.315399273554465953e-01
5.547999999999999545e+02 7.271243000228095887e-01
5.550000000000000000e+02 7.211760677959475618e-01
5.552000000000000455e+02 7.147970099592402260e-01
5.553999999999999773e+02 7.088168788421770339e-01
5.556000000000000227e+02 7.030403966475744504e-01
5.557999999999999545e+02 6.969722551692431045e-01
5.560000000000000000e+02 6.924307096526997052e-01
5.562000000000000455e+02 6.890159569289795449e-01
5.563999999999999773e+02 6.842577872813375706e-01
5.566000000000000227e+02 6.767572730843475215e-01
5.567999999999999545e+02 6.693342868030947024e-01
5.570000000000000000e+02 6.646504835138686840e-01
5.572000000000000455e+02 6.603418118613784138e-01
5.573999999999999773e+02 6.555773981451039623e-01
5.576000000000000227e+02 6.506812197714647583e-01
5.577999999999999545e+02 6.460050925749374340e-01
5.580000000000000000e+02 6.406809590148626610e-01
5.582000000000000455e+02 6.347601858318694390e-01
5.583999999999999773e+02 6.292522447743399416e-01
5.586000000000000227e+02 6.234758787546978986e-01
5.587999999999999545e+02 6.173742694350929927e-01
5.590000000000000000e+02 6.116801322505450722e-01
5.592000000000000455e+02 6.069071565848987992e-01
5.593999999999999773e+02 6.026832792780998371e-01
5.596000000000000227e+02 5.982651313743976296e-01
5.597999999999999545e+02 5.933274498023473065e-01
5.600000000000000000e+02 5.886170536914940854e-01
5.602000000000000455e+02 5.840052990734133642e-01
5.603999999999999773e+02 5.780704814564536775e-01
5.606000000000000227e+02 5.723711270212273883e-01
5.607999999999999545e+02 5.681145494291486298e-01
5.610000000000000000e+02 5.646809342728837944e-01
5.612000000000000455e+02 5.601878597033365104e-01
5.613999999999999773e+02 5.549571087246828460e-01
5.616000000000000227e+02 5.503359449475245802e-01
5.617999999999999545e+02 5.453311400564553324e-01
5.620000000000000000e+02 5.396247850470635710e-01
5.622000000000000455e+02 5.341060167132976044e-01
5.623999999999999773e+02 5.303136151871731263e-01
5.626000000000000227e+02 5.267057644678947437e-01
5.627999999999999545e+02 5.218736798287704204e-01
5.630000000000000000e+02 5.166386141772112417e-01
5.632000000000000455e+02 5.124991868946168205e-01
5.633999999999999773e+02 5.092550017613891589e-01
5.636000000000000227e+02 5.052877294062977365e-01
5.637999999999999545e+02 5.007992210084765139e-01
5.640000000000000000e+02 4.967330740280297974e-01
5.642000000000000455e+02 4.933533178507494843e-01
5.643999999999999773e+02 4.888589097333524425e-01
5.646000000000000227e+02 4.840279948473652505e-01
5.647999999999999545e+02 4.799829573136518146e-01
5.650000000000000000e+02 4.755582660314334742e-01
5.652000000000000455e+02 4.705944259391497964e-01
5.653999999999999773e+02 4.654876931489713154e-01
5.656000000000000227e+02 4.609357562662996233e-01
5.657999999999999545e+02 4.587436614699218485e-01
5.660000000000000000e+02 4.569945325809549042e-01
5.662000000000000455e+02 4.518460722143103903e-01
5.663999999999999773e+02 4.467174626015039673e-01
5.666000000000000227e+02 4.431574093024439054e-01
5.667999999999999545e+02 4.402298776733615804e-01
5.670000000000000000e+02 4.372830212748754497e-01
5.672000000000000455e+02 4.333271059985936424e-01
5.673999999999999773e+02 4.285281818436838530e-01
5.676000000000000227e+02 4.250405531168141571e-01
5.677999999999999545e+02 4.220565065040842723e-01
5.680000000000000000e+02 4.181870402131740994e-01
5.682000000000000455e+02 4.134045277690667208e-01
5.683999999999999773e+02 4.094927817932312308e-01
5.686000000000000227e+02 4.068679231913951422e-01
5.687999999999999545e+02 4.040203882696440929e-01
5.690000000000000000e+02 3.994511162055861542e-01
5.692000000000000455e+02 3.949735870648365399e-01
5.693999999999999773e+02 3.927347199707588721e-01
5.696000000000000227e+02 3.900631432255518560e-01
5.697999999999999545e+02 3.859676110697479179e-01
5.700000000000000000e+02 3.814696018783183540e-01
5.702000000000000455e+02 3.784371592792756811e-01
5.703999999999999773e+02 3.763530878128923396e-01
5.706000000000000227e+02 3.736916359893869832e-01
5.707999999999999545e+02 3.694787108951109178e-01
5.710000000000000000e+02 3.653291285367915586e-01
5.712000000000000455e+02 3.624362288268961896e-01
5.713999999999999773e+02 3.603473752333926639e-01
5.716000000000000227e+02 3.570854772010192968e-01
5.717999999999999545e+02 3.528732664760032001e-01
5.720000000000000000e+02 3.490286278396238506e-01
5.722000000000000455e+02 3.453239165509978115e-01
5.723999999999999773e+02 3.426098861839197429e-01
5.726000000000000227e+02 3.410788627737117995e-01
5.727999999999999545e+02 3.389137435798167397e-01
5.730000000000000000e+02 3.361930646392972122e-01
5.732000000000000455e+02 3.334394626057500810e-01
5.733999999999999773e+02 3.304063335957628800e-01
5.736000000000000227e+02 3.256935846999827744e-01
5.737999999999999545e+02 3.201683435648483567e-01
5.740000000000000000e+02 3.168104170374173578e-01
5.742000000000000455e+02 3.171479417144570379e-01
5.743999999999999773e+02 3.173946446824043033e-01
5.746000000000000227e+02 3.138268565990270931e-01
5.747999999999999545e+02 3.104111059713377530e-01
5.750000000000000000e+02 3.071200095627680260e-01
5.752000000000000455e+02 3.030847417222907181e-01
5.753999999999999773e+02 3.001164506852069258e-01
5.756000000000000227e+02 2.981411839069368352e-01
5.757999999999999545e+02 2.964858771947197491e-01
5.760000000000000000e+02 2.948477302836906566e-01
5.762000000000000455e+02 2.932840278147447743e-01
5.763999999999999773e+02 2.910613910921395209e-01
5.766000000000000227e+02 2.875264702553620988e-01
5.767999999999999545e+02 2.846354832803911772e-01
5.770000000000000000e+02 2.826414875516569114e-01
5.772000000000000455e+02 2.804065889159566005e-01
5.773999999999999773e+02 2.773272796127983497e-01
5.776000000000000227e+02 2.748776916902365142e-01
5.777999999999999545e+02 2.732455541058905202e-01
5.780000000000000000e+02 2.696176358087238878e-01
5.782000000000000455e+02 2.664355362641168679e-01
5.783999999999999773e+02 2.652038364934712344e-01
5.786000000000000227e+02 2.637865887267875076e-01
5.787999999999999545e+02 2.612767696657311012e-01
5.790000000000000000e+02 2.586899387988919052e-01
5.792000000000000455e+02 2.573965384283137259e-01
5.793999999999999773e+02 2.553920816916258052e-01
5.796000000000000227e+02 2.530585771083177504e-01
5.797999999999999545e+02 2.516645808815310414e-01
5.800000000000000000e+02 2.494003049262785987e-01
5.802000000000000455e+02 2.466926178027678551e-01
5.803999999999999773e+02 2.443877069347394071e-01
5.806000000000000227e+02 2.416826111993643500e-01
5.807999999999999545e+02 2.397527788939390614e-01
5.810000000000000000e+02 2.389204033237233016e-01
5.812000000000000455e+02 2.374511140699697431e-01
5.813999999999999773e+02 2.352555141580759401e-01
5.816000000000000227e+02 2.330788827148514708e-01
5.817999999999999545e+02 2.314668164719275445e-01
5.820000000000000000e+02 2.293415965045346727e-01
5.822000000000000455e+02 2.271240078922482086e-01
5.823999999999999773e+02 2.257373090257104031e-01
5.826000000000000227e+02 2.237202958047854739e-01
5.827999999999999545e+02 2.213813060868259075e-01
5.830000000000000000e+02 2.196811409677495164e-01
5.832000000000000455e+02 2.182648206451209272e-01
5.833999999999999773e+02 2.164824874365414986e-01
5.836000000000000227e+02 2.144980030757693001e-01
5.837999999999999545e+02 2.132823578562184352e-01
5.840000000000000000e+02 2.113101789806466901e-01
5.842000000000000455e+02 2.085439439050080779e-01
5.843999999999999773e+02 2.069370743820966030e-01
5.846000000000000227e+02 2.059522174381630821e-01
5.847999999999999545e+02 2.047525916628333553e-01
5.850000000000000000e+02 2.027650936922359703e-01
5.852000000000000455e+02 1.995095243951860442e-01
5.853999999999999773e+02 1.964900804719495186e-01
5.856000000000000227e+02 1.951120256292802613e-01
5.857999999999999545e+02 1.940050623910082872e-01
5.860000000000000000e+02 1.930195021211553452e-01
5.862000000000000455e+02 1.921199308877465650e-01
5.863999999999999773e+02 1.904892055463981715e-01
5.866000000000000227e+02 1.889045808040455132e-01
5.867999999999999545e+02 1.877243727076443047e-01
5.870000000000000000e+02 1.863114506507451418e-01
5.872000000000000455e+02 1.850600200551283658e-01
5.873999999999999773e+02 1.837223829843735723e-01
5.876000000000000227e+02 1.817265882839060320e-01
5.877999999999999545e+02 1.800918924293108958e-01
5.880000000000000000e+02 1.789502419738565886e-01
5.882000000000000455e+02 1.777094765821071454e-01
5.883999999999999773e+02 1.761674205915512159e-01
5.886000000000000227e+02 1.750491935022555068e-01
5.887999999999999545e+02 1.743254457834462479e-01
5.890000000000000000e+02 1.722805087722934503e-01
5.892000000000000455e+02 1.698553943735729987e-01
5.893999999999999773e+02 1.683494069559399453e-01
5.896000000000000227e+02 1.678757468472010239e-01
5.897999999999999545e+02 1.677314475343509304e-01
5.900000000000000000e+02 1.668347225509920206e-01
5.902000000000000455e+02 1.647366258454548704e-01
5.903999999999999773e+02 1.634869370498464591e-01
5.906000000000000227e+02 1.627829951520305407e-01
5.907999999999999545e+02 1.610251889895362998e-01
5.910000000000000000e+02 1.588892891818937669e-01
5.912000000000000455e+02 1.575288517298645274e-01
5.913999999999999773e+02 1.571740880971123910e-01
5.916000000000000227e+02 1.563971835964284851e-01
5.917999999999999545e+02 1.549975137968019612e-01
5.920000000000000000e+02 1.535091773157888362e-01
5.922000000000000455e+02 1.524308336867401525e-01
5.923999999999999773e+02 1.512363388433910771e-01
5.926000000000000227e+02 1.499261621073583739e-01
5.927999999999999545e+02 1.490618347470838156e-01
5.930000000000000000e+02 1.479158652837065935e-01
5.932000000000000455e+02 1.464063561766843213e-01
5.933999999999999773e+02 1.450638208044878752e-01
5.936000000000000227e+02 1.438936783806054609e-01
5.937999999999999545e+02 1.423052427391708064e-01
5.940000000000000000e+02 1.402846301142212371e-01
5.942000000000000455e+02 1.394194130232926099e-01
5.943999999999999773e+02 1.398442994265332029e-01
5.946000000000000227e+02 1.400529304332362168e-01
5.947999999999999545e+02 1.380503518914390493e-01
5.950000000000000000e+02 1.362910608225551545e-01
5.952000000000000455e+02 1.359309199146914726e-01
5.953999999999999773e+02 1.351496742489402547e-01
5.956000000000000227e+02 1.335475426454943437e-01
5.957999999999999545e+02 1.320053377434845243e-01
5.960000000000000000e+02 1.315941225367036616e-01
5.962000000000000455e+02 1.316302792605706651e-01
5.963999999999999773e+02 1.309967820019495854e-01
5.966000000000000227e+02 1.293879426281371592e-01
5.967999999999999545e+02 1.281678469606838955e-01
5.970000000000000000e+02 1.266147466857593107e-01
5.972000000000000455e+02 1.247283636058097722e-01
5.973999999999999773e+02 1.249092338202368313e-01
5.976000000000000227e+02 1.252213667673966191e-01
5.977999999999999545e+02 1.242383590740219479e-01
5.980000000000000000e+02 1.230748754020076080e-01
5.982000000000000455e+02 1.216943097159153275e-01
5.983999999999999773e+02 1.206090468152147266e-01
5.986000000000000227e+02 1.205109834977380612e-01
5.987999999999999545e+02 1.199639422043251441e-01
5.990000000000000000e+02 1.187627926764645986e-01
5.992000000000000455e+02 1.176885933197928946e-01
5.993999999999999773e+02 1.169043391090800049e-01
5.996000000000000227e+02 1.160671138588958567e-01
5.997999999999999545e+02 1.147840118019885780e-01
6.000000000000000000e+02 1.131895250372905309e-01
6.002000000000000455e+02 1.127777011416520453e-01
6.003999999999999773e+02 1.133573931468185858e-01
6.006000000000000227e+02 1.125090525541066755e-01
6.007999999999999545e+02 1.114763572271765674e-01
6.010000000000000000e+02 1.107110539355352363e-01
6.012000000000000455e+02 1.092618919128014870e-01
6.013999999999999773e+02 1.082853047794543611e-01
6.016000000000000227e+02 1.081525517732475627e-01
6.017999999999999545e+02 1.079097355404160796e-01
6.020000000000000000e+02 1.060354970604797803e-01
6.022000000000000455e+02 1.038422806224095635e-01
6.023999999999999773e+02 1.030178316025698732e-01
6.026000000000000227e+02 1.026900522908689717e-01
6.027999999999999545e+02 1.024361168887284457e-01
6.030000000000000000e+02 1.025724980697024086e-01
6.032000000000000455e+02 1.034274516690010942e-01
6.033999999999999773e+02 1.024301000119711424e-01
6.036000000000000227e+02 9.996578108413423092e-02
6.037999999999999545e+02 9.941708248529622372e-02
6.040000000000000000e+02 9.900285234895807307e-02
6.042000000000000455e+02 9.768013956842204470e-02
6.043999999999999773e+02 9.626421916147638591e-02
6.046000000000000227e+02 9.581751934998959663e-02
6.047999999999999545e+02 9.618611346515419658e-02
6.050000000000000000e+02 9.637756136093429682e-02
6.052000000000000455e+02 9.546469963207192266e-02
6.053999999999999773e+02 9.359998367995647772e-02
6.056000000000000227e+02 9.191979129898752987e-02
6.057999999999999545e+02 9.191793998816477629e-02
6.060000000000000000e+02 9.294318764131673238e-02
6.062000000000000455e+02 9.332073807849129710e-02
6.063999999999999773e+02 9.188972434740581841e-02
6.066000000000000227e+02 9.075891471490077356e-02
6.067999999999999545e+02 9.074099992074080578e-02
6.070000000000000000e+02 9.069317245366478875e-02
6.072000000000000455e+02 8.966661111440051013e-02
6.073999999999999773e+02 8.814741891266597573e-02
6.076000000000000227e+02 8.722362787399956519e-02
6.077999999999999545e+02 8.701810244082257284e-02
6.080000000000000000e+02 8.638704115335479883e-02
6.082000000000000455e+02 8.487281452118687619e-02
6.083999999999999773e+02 8.401955247336402588e-02
6.086000000000000227e+02 8.421361751230041492e-02
6.087999999999999545e+02 8.462679346019776061e-02
6.090000000000000000e+02 8.398609617751633116e-02
6.092000000000000455e+02 8.297005716216825089e-02
6.093999999999999773e+02 8.200144872001313701e-02
6.096000000000000227e+02 8.099585616329584015e-02
6.097999999999999545e+02 8.077552344739732937e-02
6.100000000000000000e+02 8.037641629406624966e-02
6.102000000000000455e+02 7.879377678019582054e-02
6.103999999999999773e+02 7.830916709189671143e-02
6.106000000000000227e+02 7.833420133042727496e-02
6.107999999999999545e+02 7.774385084227428133e-02
6.110000000000000000e+02 7.784027172442699316e-02
6.112000000000000455e+02 7.886856054786721415e-02
6.113999999999999773e+02 7.952496440691506074e-02
6.116000000000000227e+02 7.788950288347011586e-02
6.117999999999999545e+02 7.576247504305747005e-02
6.120000000000000000e+02 7.463977524386947171e-02
6.122000000000000455e+02 7.431753220027084716e-02
6.123999999999999773e+02 7.424063766975246004e-02
6.126000000000000227e+02 7.406971796773420547e-02
6.127999999999999545e+02 7.366731128368952941e-02
6.130000000000000000e+02 7.288401937371410955e-02
6.132000000000000455e+02 7.213661199520124412e-02
6.133999999999999773e+02 7.165067655779454314e-02
6.136000000000000227e+02 7.077457355371412351e-02
6.137999999999999545e+02 7.033272713743070337e-02
6.140000000000000000e+02 7.069740858979414733e-02
6.142000000000000455e+02 7.075667735553417548e-02
6.143999999999999773e+02 7.108130933715404998e-02
6.146000000000000227e+02 7.157202770073102516e-02
6.147999999999999545e+02 7.098959457173834031e-02
6.150000000000000000e+02 6.952823853357961714e-02
6.152000000000000455e+02 6.814648569297529490e-02
6.153999999999999773e+02 6.767926294636676665e-02
6.156000000000000227e+02 6.759942789565744070e-02
6.157999999999999545e+02 6.703858249356799137e-02
6.160000000000000000e+02 6.582033162374327506e-02
6.162000000000000455e+02 6.522030380603496824e-02
6.163999999999999773e+02 6.515624497268557302e-02
6.166000000000000227e+02 6.525553493904316660e-02
6.167999999999999545e+02 6.562219494786096508e-02
6.170000000000000000e+02 6.451838419170273509e-02
6.172000000000000455e+02 6.269402828162461139e-02
6.173999999999999773e+02 6.340955456265717771e-02
6.176000000000000227e+02 6.366252514059289602e-02
6.177999999999999545e+02 6.230230734185256136e-02
6.180000000000000000e+02 6.124549406315344530e-02
6.182000000000000455e+02 6.110443874799200564e-02
6.183999999999999773e+02 6.122306775973729298e-02
6.186000000000000227e+02 6.066440606311206130e-02
6.187999999999999545e+02 5.960017670719688909e-02
6.190000000000000000e+02 5.918942634081247878e-02
6.192000000000000455e+02 5.968599589703486863e-02
6.193999999999999773e+02 5.931116059161169185e-02
6.196000000000000227e+02 5.853523869711896310e-02
6.197999999999999545e+02 5.797968207972305221e-02
6.200000000000000000e+02 5.736424945473930781e-02
6.202000000000000455e+02 5.750117056797937609e-02
6.203999999999999773e+02 5.824083367107723425e-02
6.206000000000000227e+02 5.826856085210739555e-02
6.207999999999999545e+02 5.692809590952951915e-02
6.210000000000000000e+02 5.495639273913131145e-02
6.212000000000000455e+02 5.387423837250814029e-02
6.213999999999999773e+02 5.452991702867980572e-02
6.216000000000000227e+02 5.565846176434181142e-02
6.217999999999999545e+02 5.544414189148827443e-02
6.220000000000000000e+02 5.359509832718110239e-02
6.222000000000000455e+02 5.203540517360102230e-02
6.223999999999999773e+02 5.207006071870743519e-02
6.226000000000000227e+02 5.271779017854752447e-02
6.227999999999999545e+02 5.260592082121573476e-02
6.230000000000000000e+02 5.192133593611280434e-02
6.232000000000000455e+02 5.213562431961450000e-02
6.233999999999999773e+02 5.278260623064419399e-02
6.236000000000000227e+02 5.243328339650874664e-02
6.237999999999999545e+02 5.068242892316118103e-02
6.240000000000000000e+02 5.072183137453706303e-02
6.242000000000000455e+02 5.198283775155837505e-02
6.243999999999999773e+02 5.220480844900906442e-02
6.246000000000000227e+02 5.146057109693967513e-02
6.247999999999999545e+02 5.041215916404078595e-02
6.250000000000000000e+02 4.966682286705574600e-02
6.252000000000000455e+02 4.944737830226232644e-02
6.253999999999999773e+02 4.951570984264602737e-02
6.256000000000000227e+02 4.919700624799888677e-02
6.257999999999999545e+02 4.801143749035387265e-02
6.260000000000000000e+02 4.758031237038735928e-02
6.262000000000000455e+02 4.800430483337848886e-02
6.263999999999999773e+02 4.796477106063101042e-02
6.266000000000000227e+02 4.751127418354938320e-02
6.267999999999999545e+02 4.670676718496462321e-02
6.270000000000000000e+02 4.607063870088586033e-02
6.272000000000000455e+02 4.711771319855782153e-02
6.273999999999999773e+02 4.770796773323673218e-02
6.276000000000000227e+02 4.654066450937221350e-02
6.277999999999999545e+02 4.646926885362282628e-02
6.280000000000000000e+02 4.680758667866218720e-02
6.282000000000000455e+02 4.590500848055546756e-02
6.283999999999999773e+02 4.347364344584477014e-02
6.286000000000000227e+02 4.203360388655452001e-02
6.287999999999999545e+02 4.265311702776982544e-02
6.290000000000000000e+02 4.406678293577325628e-02
6.292000000000000455e+02 4.461296785923125896e-02
6.293999999999999773e+02 4.397465984531504640e-02
6.296000000000000227e+02 4.305688205720244188e-02
6.297999999999999545e+02 4.301073980537088726e-02
6.300000000000000000e+02 4.327982180102869780e-02
6.302000000000000455e+02 4.313947481119020932e-02
6.303999999999999773e+02 4.325668153398110061e-02
6.306000000000000227e+02 4.368333676838103558e-02
6.307999999999999545e+02 4.423755469402008283e-02
6.310000000000000000e+02 4.465622511504954012e-02
6.312000000000000455e+02 4.374089883610679519e-02
6.313999999999999773e+02 4.204224290954020754e-02
6.316000000000000227e+02 4.152239852839650219e-02
6.317999999999999545e+02 4.146891049258394357e-02
6.320000000000000000e+02 4.079362801125833993e-02
6.322000000000000455e+02 3.957690165540132116e-02
6.323999999999999773e+02 4.014608559953434380e-02
6.326000000000000227e+02 4.169408598648743913e-02
6.327999999999999545e+02 4.220992239499206378e-02
6.330000000000000000e+02 4.159535410861566612e-02
6.332000000000000455e+02 4.019202236073143170e-02
6.333999999999999773e+02 3.850643390019903994e-02
6.336000000000000227e+02 3.712428493284052056e-02
6.337999999999999545e+02 3.648976330131377399e-02
6.340000000000000000e+02 3.652960641229047872e-02
6.342000000000000455e+02 3.660572006523059307e-02
6.343999999999999773e+02 3.600983927252023042e-02
6.346000000000000227e+02 3.515666573731743988e-02
6.347999999999999545e+02 3.503431451777008071e-02
6.350000000000000000e+02 3.545541936949139772e-02
6.352000000000000455e+02 3.612745907146188568e-02
6.353999999999999773e+02 3.676491686479583382e-02
6.356000000000000227e+02 3.693611370933211346e-02
6.357999999999999545e+02 3.620081335365681052e-02
6.360000000000000000e+02 3.530011489726209151e-02
6.362000000000000455e+02 3.625618644069501795e-02
6.363999999999999773e+02 3.746860823521498685e-02
6.366000000000000227e+02 3.729917850179378935e-02
6.367999999999999545e+02 3.606596315261538510e-02
6.370000000000000000e+02 3.524664145033355039e-02
6.372000000000000455e+02 3.464672772721560934e-02
6.373999999999999773e+02 3.306762676389325001e-02
6.376000000000000227e+02 3.190298917602525652e-02
6.377999999999999545e+02 3.272281936801815783e-02
6.380000000000000000e+02 3.529900484627632173e-02
6.382000000000000455e+02 3.623969057385614118e-02
6.383999999999999773e+02 3.577671564380005553e-02
6.386000000000000227e+02 3.531669472608956611e-02
6.387999999999999545e+02 3.442969229319764457e-02
6.390000000000000000e+02 3.237544507782814940e-02
6.392000000000000455e+02 3.047370480364843676e-02
6.393999999999999773e+02 3.157102051098352458e-02
6.396000000000000227e+02 3.266973987899857851e-02
6.397999999999999545e+02 3.287139223902156571e-02
6.400000000000000000e+02 3.399605967247676386e-02
6.402000000000000455e+02 3.389669648693611342e-02
6.403999999999999773e+02 3.250378893510484646e-02
6.406000000000000227e+02 3.155857485999404022e-02
6.407999999999999545e+02 3.148084670834740834e-02
6.410000000000000000e+02 3.157493278118694152e-02
6.412000000000000455e+02 3.132418457209237145e-02
6.413999999999999773e+02 3.142530508181550636e-02
6.416000000000000227e+02 3.179084164801344869e-02
6.417999999999999545e+02 3.203657775349932901e-02
6.420000000000000000e+02 3.193894981821020912e-02
6.422000000000000455e+02 3.131869912416963830e-02
6.423999999999999773e+02 3.035514452853062609e-02
6.426000000000000227e+02 2.954406724608787602e-02
6.427999999999999545e+02 2.917721593961452101e-02
6.430000000000000000e+02 2.983893282393625460e-02
6.432000000000000455e+02 3.120159639981728850e-02
6.433999999999999773e+02 3.010601554881817132e-02
6.436000000000000227e+02 2.831536734523058471e-02
6.437999999999999545e+02 2.882889931225698227e-02
6.440000000000000000e+02 3.011723918744521611e-02
6.442000000000000455e+02 3.020539680566801388e-02
6.443999999999999773e+02 2.881179291499200851e-02
6.446000000000000227e+02 2.780754763052458237e-02
6.447999999999999545e+02 2.707760357403194568e-02
6.450000000000000000e+02 2.664896484249872771e-02
6.452000000000000455e+02 2.718745605859489850e-02
6.453999999999999773e+02 2.763224968105836704e-02
6.456000000000000227e+02 2.732240387148671470e-02
6.457999999999999545e+02 2.658942543136270931e-02
6.460000000000000000e+02 2.638259212802107623e-02
6.462000000000000455e+02 2.698050467690515930e-02
6.463999999999999773e+02 2.754306574736420724e-02
6.466000000000000227e+02 2.635432602202347763e-02
6.467999999999999545e+02 2.519584630812985587e-02
6.470000000000000000e+02 2.580963927531705615e-02
6.472000000000000455e+02 2.665224794949477838e-02
6.473999999999999773e+02 2.563150522695443675e-02
6.476000000000000227e+02 2.327039184429309862e-02
6.477999999999999545e+02 2.288089021838008927e-02
6.480000000000000000e+02 2.489112950727881760e-02
6.482000000000000455e+02 2.727094901476691952e-02
6.483999999999999773e+02 2.759106549605268646e-02
6.486000000000000227e+02 2.703830683022059866e-02
6.487999999999999545e+02 2.634753034267772048e-02
6.490000000000000000e+02 2.542240692285647682e-02
6.492000000000000455e+02 2.437525051727564354e-02
6.493999999999999773e+02 2.401531535007335807e-02
6.496000000000000227e+02 2.472084982366541325e-02
6.497999999999999545e+02 2.537521971691925754e-02
6.500000000000000000e+02 2.451650646017646332e-02
6.502000000000000455e+02 2.270567351736367534e-02
6.503999999999999773e+02 2.258528255986342465e-02
6.506000000000000227e+02 2.298974445993835769e-02
6.507999999999999545e+02 2.284964462490968531e-02
6.510000000000000000e+02 2.268042466082280037e-02
6.512000000000000455e+02 2.356667469764562109e-02
6.513999999999999773e+02 2.447460421329505573e-02
6.516000000000000227e+02 2.383661264716362485e-02
6.517999999999999545e+02 2.324018459284407645e-02
6.520000000000000000e+02 2.351397147474763860e-02
6.522000000000000455e+02 2.406545493338695108e-02
6.523999999999999773e+02 2.338734462553436130e-02
6.526000000000000227e+02 2.251030383945137534e-02
6.527999999999999545e+02 2.266685243068509992e-02
6.530000000000000000e+02 2.344263737092540378e-02
6.532000000000000455e+02 2.353058038707878802e-02
6.533999999999999773e+02 2.277281303140823998e-02
6.536000000000000227e+02 2.243205602150587577e-02
6.537999999999999545e+02 2.305269182899265246e-02
6.540000000000000000e+02 2.320276978225735420e-02
6.542000000000000455e+02 2.141028496080207497e-02
6.543999999999999773e+02 2.029084569972505400e-02
6.546000000000000227e+02 2.088383624536667080e-02
6.547999999999999545e+02 2.211377100918379690e-02
6.550000000000000000e+02 2.193613602510603028e-02
6.552000000000000455e+02 2.076131804491509678e-02
6.553999999999999773e+02 1.988089244163673483e-02
6.556000000000000227e+02 1.982940933975810283e-02
6.557999999999999545e+02 2.033885268672308219e-02
6.560000000000000000e+02 2.080642047461655347e-02
6.562000000000000455e+02 2.074826478358767629e-02
6.563999999999999773e+02 2.052265889138007657e-02
6.566000000000000227e+02 2.071004800535880194e-02
6.567999999999999545e+02 2.125650026479746629e-02
6.570000000000000000e+02 2.039813332703450943e-02
6.572000000000000455e+02 1.929321751831731407e-02
6.573999999999999773e+02 1.985630053966392153e-02
6.576000000000000227e+02 2.054108865608833892e-02
6.577999999999999545e+02 2.050217796551351626e-02
6.580000000000000000e+02 2.016955941443769953e-02
6.582000000000000455e+02 2.068470524387463691e-02
6.583999999999999773e+02 2.077951831575923156e-02
6.586000000000000227e+02 1.986460086179215809e-02
6.587999999999999545e+02 1.933916432523993117e-02
6.590000000000000000e+02 1.963854226228399502e-02
6.592000000000000455e+02 2.016414244805287206e-02
6.593999999999999773e+02 2.005041604634464833e-02
6.596000000000000227e+02 1.984470382326023255e-02
6.597999999999999545e+02 1.909456227614429388e-02
6.600000000000000000e+02 1.762537978560748189e-02
6.602000000000000455e+02 1.804879583224457823e-02
6.603999999999999773e+02 1.945180670455163088e-02
6.606000000000000227e+02 1.975662150803792275e-02
6.607999999999999545e+02 1.901416523938020964e-02
6.610000000000000000e+02 1.743984752698802057e-02
6.612000000000000455e+02 1.641975251346448200e-02
6.613999999999999773e+02 1.794109536553240708e-02
6.616000000000000227e+02 1.854804501640976849e-02
6.617999999999999545e+02 1.750028196165978947e-02
6.620000000000000000e+02 1.776873222620667728e-02
6.622000000000000455e+02 1.819622074843024392e-02
6.623999999999999773e+02 1.772185600108197243e-02
6.626000000000000227e+02 1.677621075120137167e-02
6.627999999999999545e+02 1.704402743435736584e-02
6.630000000000000000e+02 1.699209758789282931e-02
6.632000000000000455e+02 1.547901596243082128e-02
6.633999999999999773e+02 1.587614982825898829e-02
6.636000000000000227e+02 1.714416474239297689e-02
6.637999999999999545e+02 1.737797392873663069e-02
6.640000000000000000e+02 1.706882639548409561e-02
6.642000000000000455e+02 1.753557673247118504e-02
6.643999999999999773e+02 1.867387532163400365e-02
6.646000000000000227e+02 1.898297981142060137e-02
6.647999999999999545e+02 1.899931871633439573e-02
6.650000000000000000e+02 1.841838138289129262e-02
6.652000000000000455e+02 1.686027223387493584e-02
6.653999999999999773e+02 1.704006961271706255e-02
6.656000000000000227e+02 1.798088545151625001e-02
6.657999999999999545e+02 1.757722917682950220e-02
6.660000000000000000e+02 1.732842251678769208e-02
6.662000000000000455e+02 1.666093559707342020e-02
6.663999999999999773e+02 1.540748047696609280e-02
6.666000000000000227e+02 1.567303246491368041e-02
6.667999999999999545e+02 1.627326406256864033e-02
6.670000000000000000e+02 1.595410317415395587e-02
6.672000000000000455e+02 1.526085099233480749e-02
6.673999999999999773e+02 1.557545271152689648e-02
6.676000000000000227e+02 1.599257187362598115e-02
6.677999999999999545e+02 1.479858870183553207e-02
6.680000000000000000e+02 1.503958360644783859e-02
6.682000000000000455e+02 1.663188176918474828e-02
6.683999999999999773e+02 1.713055140318146125e-02
6.686000000000000227e+02 1.587713366925324124e-02
6.687999999999999545e+02 1.440870479476305012e-02
6.690000000000000000e+02 1.435264648382717119e-02
6.692000000000000455e+02 1.538391618080584694e-02
6.693999999999999773e+02 1.577964533260785979e-02
6.696000000000000227e+02 1.513021886093435589e-02
6.697999999999999545e+02 1.512058989411387347e-02
6.700000000000000000e+02 1.577222091054414008e-02
6.702000000000000455e+02 1.651535813741231151e-02
6.703999999999999773e+02 1.674439027563267776e-02
6.706000000000000227e+02 1.593738958933036548e-02
6.707999999999999545e+02 1.494782694706718595e-02
6.710000000000000000e+02 1.457554859751340748e-02
6.712000000000000455e+02 1.309450016733340084e-02
6.713999999999999773e+02 1.231308448086856390e-02
6.716000000000000227e+02 1.398377211781370172e-02
6.717999999999999545e+02 1.536389371002187462e-02
6.720000000000000000e+02 1.467660471911200540e-02
6.722000000000000455e+02 1.293870205623610589e-02
6.723999999999999773e+02 1.327385510565330315e-02
6.726000000000000227e+02 1.371069137058757159e-02
6.727999999999999545e+02 1.320782849887723424e-02
6.730000000000000000e+02 1.329646294499143948e-02
6.732000000000000455e+02 1.388995156472980913e-02
6.733999999999999773e+02 1.474498008335561883e-02
6.736000000000000227e+02 1.561491578181848847e-02
6.737999999999999545e+02 1.565467764413448759e-02
6.740000000000000000e+02 1.472371921939796477e-02
6.742000000000000455e+02 1.323471255444028105e-02
6.743999999999999773e+02 1.173751210184681079e-02
6.746000000000000227e+02 1.136522439336627374e-02
6.747999999999999545e+02 1.291363444303935890e-02
6.750000000000000000e+02 1.582420559852353373e-02
6.752000000000000455e+02 1.735694479559901637e-02
6.753999999999999773e+02 1.607169105958184199e-02
6.756000000000000227e+02 1.346787527160505336e-02
6.757999999999999545e+02 1.290819121241492187e-02
6.760000000000000000e+02 1.396547676554499989e-02
6.762000000000000455e+02 1.366583314202697227e-02
6.763999999999999773e+02 1.310827836544266670e-02
6.766000000000000227e+02 1.327253931557254886e-02
6.767999999999999545e+02 1.395320992857487785e-02
6.770000000000000000e+02 1.390734492260914043e-02
6.772000000000000455e+02 1.338920973238429818e-02
6.773999999999999773e+02 1.286363526084458551e-02
6.776000000000000227e+02 1.210791418219600915e-02
6.777999999999999545e+02 1.348615164777498994e-02
6.780000000000000000e+02 1.614421504839413241e-02
6.782000000000000455e+02 1.539713637325420062e-02
6.783999999999999773e+02 1.411101580307556717e-02
6.786000000000000227e+02 1.371684469805822988e-02
6.787999999999999545e+02 1.273058350945222884e-02
6.790000000000000000e+02 1.205592749330340954e-02
6.792000000000000455e+02 1.139648133355415129e-02
6.793999999999999773e+02 1.027212480750784931e-02
6.796000000000000227e+02 1.069600863748394227e-02
6.797999999999999545e+02 1.190742718808803467e-02
6.800000000000000000e+02 1.189569488273654711e-02
6.802000000000000455e+02 1.016979033580930891e-02
6.803999999999999773e+02 9.574182221116632474e-03
6.806000000000000227e+02 1.157058415480421813e-02
6.807999999999999545e+02 1.383082605586926327e-02
6.810000000000000000e+02 1.432513575326566264e-02
6.812000000000000455e+02 1.324082594954078922e-02
6.813999999999999773e+02 1.220289596594381631e-02
6.816000000000000227e+02 1.039963954986556499e-02
6.817999999999999545e+02 1.007881537946773293e-02
6.820000000000000000e+02 1.380872262598911542e-02
6.822000000000000455e+02 1.725216791525755952e-02
6.823999999999999773e+02 1.706014614927209641e-02
6.826000000000000227e+02 1.356716391746650395e-02
6.827999999999999545e+02 1.134107426368620962e-02
6.830000000000000000e+02 1.132310308835990376e-02
6.832000000000000455e+02 1.202887942077759953e-02
6.833999999999999773e+02 1.174038609417077036e-02
6.836000000000000227e+02 1.152759313005510822e-02
6.837999999999999545e+02 1.211285672449099668e-02
6.840000000000000000e+02 1.279627875842600376e-02
6.842000000000000455e+02 1.323797177499416548e-02
6.843999999999999773e+02 1.261986927977635370e-02
6.846000000000000227e+02 1.117507503209742674e-02
6.847999999999999545e+02 1.302079825203976936e-02
6.850000000000000000e+02 1.445910035200707877e-02
6.852000000000000455e+02 1.122659594570105286e-02
6.853999999999999773e+02 9.573778842843586392e-03
6.856000000000000227e+02 1.137211242412887111e-02
6.857999999999999545e+02 1.423177021243188060e-02
6.860000000000000000e+02 1.460083422142155300e-02
6.862000000000000455e+02 1.485614581069717721e-02
6.863999999999999773e+02 1.632132195789665410e-02
6.866000000000000227e+02 1.705079471851842984e-02
6.867999999999999545e+02 1.868464676197543334e-02
6.870000000000000000e+02 1.867589430961686184e-02
6.872000000000000455e+02 1.334264854032301932e-02
6.873999999999999773e+02 1.062973628343073448e-02
6.876000000000000227e+02 1.194396249334147772e-02
6.877999999999999545e+02 1.332873196049416502e-02
6.880000000000000000e+02 1.350244520221443277e-02
6.882000000000000455e+02 1.261526668114113306e-02
6.883999999999999773e+02 1.218114104793147773e-02
6.886000000000000227e+02 1.445849350719877191e-02
6.887999999999999545e+02 1.739810706328384290e-02
6.890000000000000000e+02 1.835484674537996713e-02
6.892000000000000455e+02 1.720723093616027474e-02
6.893999999999999773e+02 1.799279470128881814e-02
6.896000000000000227e+02 1.999426489550247543e-02
6.897999999999999545e+02 1.876421885724743194e-02
6.900000000000000000e+02 1.791845917515525605e-02
6.902000000000000455e+02 1.858588143847325624e-02
6.903999999999999773e+02 1.908497525824089797e-02
6.906000000000000227e+02 1.917298579944910417e-02
6.907999999999999545e+02 1.869649327703324510e-02
6.910000000000000000e+02 1.800543124257960800e-02
6.912000000000000455e+02 1.818069481702529189e-02
6.913999999999999773e+02 1.746042163108774484e-02
6.916000000000000227e+02 1.456351033704797113e-02
6.917999999999999545e+02 1.070978380118171348e-02
6.920000000000000000e+02 6.857419964185765097e-03
6.922000000000000455e+02 6.402661855364030069e-03
6.923999999999999773e+02 1.221764126063759788e-02
6.926000000000000227e+02 1.498092183728962079e-02
6.927999999999999545e+02 1.320889840139609535e-02
6.930000000000000000e+02 1.230932980771591405e-02
6.932000000000000455e+02 1.183998415139935964e-02
6.933999999999999773e+02 1.149523051002576159e-02
6.936000000000000227e+02 1.133254378930504541e-02
6.937999999999999545e+02 1.076603949212022807e-02
6.940000000000000000e+02 1.081401188200632052e-02
6.942000000000000455e+02 1.209050204555600118e-02
6.943999999999999773e+02 1.340700024517871639e-02
6.946000000000000227e+02 1.416383847301869517e-02
6.947999999999999545e+02 1.490269503410092747e-02
6.950000000000000000e+02 1.666571626137111281e-02
6.952000000000000455e+02 1.833521582960076501e-02
6.953999999999999773e+02 1.926268758220683538e-02
6.956000000000000227e+02 1.947796004997903035e-02
6.957999999999999545e+02 1.835600389719924119e-02
6.960000000000000000e+02 1.723563040499708279e-02
6.962000000000000455e+02 1.755947298548213298e-02
6.963999999999999773e+02 1.783124585253838962e-02
6.966000000000000227e+02 1.699806177646542502e-02
6.967999999999999545e+02 1.580499367558677731e-02
6.970000000000000000e+02 1.655574902631384154e-02
6.972000000000000455e+02 1.635470521207983002e-02
6.973999999999999773e+02 1.386302426979896599e-02
6.976000000000000227e+02 1.337713086878876759e-02
6.977999999999999545e+02 1.337255415919030334e-02
6.980000000000000000e+02 1.167089693591377535e-02
6.982000000000000455e+02 9.404443417410618400e-03
6.983999999999999773e+02 7.394279046406961736e-03
6.986000000000000227e+02 6.590333181097435093e-03
6.987999999999999545e+02 8.186907042062895046e-03
6.990000000000000000e+02 1.101868979626414828e-02
6.992000000000000455e+02 1.296755519317607450e-02
6.993999999999999773e+02 1.256524300196019614e-02
6.996000000000000227e+02 1.215519800132083307e-02
6.997999999999999545e+02 1.278476180755039326e-02
7.000000000000000000e+02 1.214367135543033271e-02
