5.150000000000000000e+02 2.740480669761052174e-03
5.152000000000000455e+02 2.650497988873522920e-03
5.153999999999999773e+02 2.563172202178370246e-03
5.156000000000000227e+02 2.456957455938813678e-03
5.157999999999999545e+02 2.350778596044864055e-03
5.160000000000000000e+02 2.257545650566267215e-03
5.162000000000000455e+02 2.159186601737802386e-03
5.163999999999999773e+02 2.061322421979622233e-03
5.166000000000000227e+02 2.016038085286917664e-03
5.167999999999999545e+02 1.998286549866765127e-03
5.170000000000000000e+02 1.987146009091719095e-03
5.172000000000000455e+02 1.963777058182271384e-03
5.173999999999999773e+02 1.854576944963420154e-03
5.176000000000000227e+02 1.706745877376118770e-03
5.177999999999999545e+02 1.613604119181127894e-03
5.180000000000000000e+02 1.610225975251212971e-03
5.182000000000000455e+02 1.640160714627466459e-03
5.183999999999999773e+02 1.653809131108251868e-03
5.186000000000000227e+02 1.627518962303588917e-03
5.187999999999999545e+02 1.534060658830150442e-03
5.190000000000000000e+02 1.426517464591207929e-03
5.192000000000000455e+02 1.386119299253293913e-03
5.193999999999999773e+02 1.445285488827587062e-03
5.196000000000000227e+02 1.517430396235034534e-03
5.197999999999999545e+02 1.557490421546146864e-03
5.200000000000000000e+02 1.585006230868841320e-03
5.202000000000000455e+02 1.611724148740657087e-03
5.203999999999999773e+02 1.679961007130279654e-03
5.206000000000000227e+02 1.786922963573727569e-03
5.207999999999999545e+02 1.861360891921983590e-03
5.210000000000000000e+02 1.942277232019642280e-03
5.212000000000000455e+02 2.032764169183139125e-03
5.213999999999999773e+02 2.111279445910472369e-03
5.216000000000000227e+02 2.241794161984465850e-03
5.217999999999999545e+02 2.389396775010304425e-03
5.220000000000000000e+02 2.503677649466386212e-03
5.222000000000000455e+02 2.594466271426325993e-03
5.223999999999999773e+02 2.655335124173593270e-03
5.226000000000000227e+02 2.673444515199838167e-03
5.227999999999999545e+02 2.662309215158913112e-03
5.230000000000000000e+02 2.684147531455394892e-03
5.232000000000000455e+02 2.655712260924668333e-03
5.233999999999999773e+02 2.569343103352210445e-03
5.236000000000000227e+02 2.544639866173221271e-03
5.237999999999999545e+02 2.263960413561891954e-03
5.240000000000000000e+02 1.389967462160988931e-03
5.242000000000000455e+02 1.954972765846885174e-04
5.243999999999999773e+02 0.000000000000000000e+00
5.246000000000000227e+02 2.843065397566645058e-04
5.247999999999999545e+02 2.963100263244401733e-04
5.250000000000000000e+02 3.440159937245432231e-04
5.252000000000000455e+02 4.678456111981733889e-04
5.253999999999999773e+02 5.935487091224302125e-04
5.256000000000000227e+02 6.929879630769922305e-04
5.257999999999999545e+02 8.608768833746408000e-04
5.260000000000000000e+02 1.022828525643150466e-03
5.262000000000000455e+02 1.156782875660757742e-03
5.263999999999999773e+02 1.387535736123480384e-03
5.266000000000000227e+02 1.608093990934013340e-03
5.267999999999999545e+02 1.977339420295078087e-03
5.270000000000000000e+02 2.849258942128521377e-03
5.272000000000000455e+02 4.241134898537595593e-03
5.273999999999999773e+02 5.084034709972196781e-03
5.276000000000000227e+02 5.030453800234736816e-03
5.277999999999999545e+02 5.179529598173544108e-03
5.280000000000000000e+02 5.544432400583481496e-03
5.282000000000000455e+02 5.885162510772676964e-03
5.283999999999999773e+02 6.128701944644893845e-03
5.286000000000000227e+02 6.432114680606740298e-03
5.287999999999999545e+02 6.797462508898972217e-03
5.290000000000000000e+02 7.182482498056745601e-03
5.292000000000000455e+02 7.596722759586425205e-03
5.293999999999999773e+02 8.003231180592925570e-03
5.296000000000000227e+02 8.366584320695633070e-03
5.297999999999999545e+02 8.673941310667437204e-03
5.300000000000000000e+02 8.939979167988391234e-03
5.302000000000000455e+02 9.209502011049888054e-03
5.303999999999999773e+02 9.511965500319293637e-03
5.306000000000000227e+02 9.837066818198746815e-03
5.307999999999999545e+02 1.016231710023968518e-02
5.310000000000000000e+02 1.042989076952812594e-02
5.312000000000000455e+02 1.063829548591961258e-02
5.313999999999999773e+02 1.093372599280875712e-02
5.316000000000000227e+02 1.116706122825281838e-02
5.317999999999999545e+02 1.124518092963551485e-02
5.320000000000000000e+02 1.131371287517352747e-02
5.322000000000000455e+02 1.138935443663703639e-02
5.323999999999999773e+02 1.146614815516390495e-02
5.326000000000000227e+02 1.153662766955626875e-02
5.327999999999999545e+02 1.158158270704514117e-02
5.330000000000000000e+02 1.171915018519347970e-02
5.332000000000000455e+02 1.200959228494289169e-02
5.333999999999999773e+02 1.235651825337596293e-02
5.336000000000000227e+02 1.267723801836988934e-02
5.337999999999999545e+02 1.291461725981435035e-02
5.340000000000000000e+02 1.309303670337737951e-02
5.342000000000000455e+02 1.335102721111039795e-02
5.343999999999999773e+02 1.359355407113049460e-02
5.346000000000000227e+02 1.380203849284903500e-02
5.347999999999999545e+02 1.413536785145500657e-02
5.350000000000000000e+02 1.449442186793987661e-02
5.352000000000000455e+02 1.483634272491280229e-02
5.353999999999999773e+02 1.520621396327178146e-02
5.356000000000000227e+02 1.563077417530086069e-02
5.357999999999999545e+02 1.610792337201962313e-02
5.360000000000000000e+02 1.658069398385074791e-02
5.362000000000000455e+02 1.696986170344308778e-02
5.363999999999999773e+02 1.732083422929566255e-02
5.366000000000000227e+02 1.770867884207906126e-02
5.367999999999999545e+02 1.815105217389538159e-02
5.370000000000000000e+02 1.856140913963654285e-02
5.372000000000000455e+02 1.896855665068087823e-02
5.373999999999999773e+02 1.942446114173101632e-02
5.376000000000000227e+02 1.993369325813082807e-02
5.377999999999999545e+02 2.047870142815668218e-02
5.380000000000000000e+02 2.100722309565321647e-02
5.382000000000000455e+02 2.147201990553987069e-02
5.383999999999999773e+02 2.188481512391098407e-02
5.386000000000000227e+02 2.226610049261100108e-02
5.387999999999999545e+02 2.266000946416224168e-02
5.390000000000000000e+02 2.311760182390107041e-02
5.392000000000000455e+02 2.361017352117726273e-02
5.393999999999999773e+02 2.410742630533245848e-02
5.396000000000000227e+02 2.459734686072350893e-02
5.397999999999999545e+02 2.508660548333695520e-02
5.400000000000000000e+02 2.563118361435158185e-02
5.402000000000000455e+02 2.619908157739024926e-02
5.403999999999999773e+02 2.667282665244671488e-02
5.406000000000000227e+02 2.710120788575969344e-02
5.407999999999999545e+02 2.754705681361691375e-02
5.410000000000000000e+02 2.806422853091175909e-02
5.412000000000000455e+02 2.869651108585702035e-02
5.413999999999999773e+02 2.928797453110740592e-02
5.416000000000000227e+02 2.979559543679653408e-02
5.417999999999999545e+02 3.035310183358179079e-02
5.420000000000000000e+02 3.088874110310197221e-02
5.422000000000000455e+02 3.135272609364710139e-02
5.423999999999999773e+02 3.180001437869758862e-02
5.426000000000000227e+02 3.234982864054262997e-02
5.427999999999999545e+02 3.284421629165129586e-02
5.430000000000000000e+02 3.324942991896878697e-02
5.432000000000000455e+02 3.376174440411451594e-02
5.433999999999999773e+02 3.437192244873735203e-02
5.436000000000000227e+02 3.495043736379099819e-02
5.437999999999999545e+02 3.543062031404344003e-02
5.440000000000000000e+02 3.593515332040227162e-02
5.442000000000000455e+02 3.638990800517963309e-02
5.443999999999999773e+02 3.679799195167658687e-02
5.446000000000000227e+02 3.730036319803925471e-02
5.447999999999999545e+02 3.784500296836187938e-02
5.450000000000000000e+02 3.838177502931129637e-02
5.452000000000000455e+02 3.893016313280434071e-02
5.453999999999999773e+02 3.955682351685137210e-02
5.456000000000000227e+02 4.016683350582619938e-02
5.457999999999999545e+02 4.073379875330997157e-02
5.460000000000000000e+02 4.134053672259575818e-02
5.462000000000000455e+02 4.191765981329313717e-02
5.463999999999999773e+02 4.238948464705008523e-02
5.466000000000000227e+02 4.277283356396098524e-02
5.467999999999999545e+02 4.322374976908742450e-02
5.470000000000000000e+02 4.373389238941023660e-02
5.472000000000000455e+02 4.423671001246763657e-02
5.473999999999999773e+02 4.472507457440184908e-02
5.476000000000000227e+02 4.522916822697389816e-02
5.477999999999999545e+02 4.576895267771541320e-02
5.480000000000000000e+02 4.633471827394131104e-02
5.482000000000000455e+02 4.690107942013915787e-02
5.483999999999999773e+02 4.743499316515775721e-02
5.486000000000000227e+02 4.791203819043825252e-02
5.487999999999999545e+02 4.834709719497105873e-02
5.490000000000000000e+02 4.879770959968951494e-02
5.492000000000000455e+02 4.929458116842630466e-02
5.493999999999999773e+02 4.977637436498932866e-02
5.496000000000000227e+02 5.029581675003616525e-02
5.497999999999999545e+02 5.090598776678187387e-02
5.500000000000000000e+02 5.158724161472366676e-02
5.502000000000000455e+02 5.244112395316602449e-02
5.503999999999999773e+02 5.331371514936669720e-02
5.506000000000000227e+02 5.385445946086378499e-02
5.507999999999999545e+02 5.431567424296067370e-02
5.510000000000000000e+02 5.484218381048389102e-02
5.512000000000000455e+02 5.536886060976003998e-02
5.513999999999999773e+02 5.588666183719188940e-02
5.516000000000000227e+02 5.642242756675207305e-02
5.517999999999999545e+02 5.698228438996680301e-02
5.520000000000000000e+02 5.750493654031048341e-02
5.522000000000000455e+02 5.798863379905849769e-02
5.523999999999999773e+02 5.845162477570255144e-02
5.526000000000000227e+02 5.890059227997361535e-02
5.527999999999999545e+02 5.938152769741752990e-02
5.530000000000000000e+02 5.985918219964833642e-02
5.532000000000000455e+02 6.020729842467956172e-02
5.533999999999999773e+02 6.038321657465707537e-02
5.536000000000000227e+02 6.063120523699391806e-02
5.537999999999999545e+02 6.120164252071993993e-02
5.540000000000000000e+02 6.176472836020042989e-02
5.542000000000000455e+02 6.224173190114268284e-02
5.543999999999999773e+02 6.272627718819923093e-02
5.546000000000000227e+02 6.320834321239084119e-02
5.547999999999999545e+02 6.368419909421463299e-02
5.550000000000000000e+02 6.415718853933972954e-02
5.552000000000000455e+02 6.462675818818731932e-02
5.553999999999999773e+02 6.508695907505783473e-02
5.556000000000000227e+02 6.553717121334748374e-02
5.557999999999999545e+02 6.599007199273694557e-02
5.560000000000000000e+02 6.647826246348959023e-02
5.562000000000000455e+02 6.702050196494097056e-02
5.563999999999999773e+02 6.758190998202646960e-02
5.566000000000000227e+02 6.803866940376325501e-02
5.567999999999999545e+02 6.841432721430963648e-02
5.570000000000000000e+02 6.880099540676015701e-02
5.572000000000000455e+02 6.922130805250058250e-02
5.573999999999999773e+02 6.965021093672509045e-02
5.576000000000000227e+02 7.004433251159861151e-02
5.577999999999999545e+02 7.037033779423385038e-02
5.580000000000000000e+02 7.065170545089451137e-02
5.582000000000000455e+02 7.094130900331366285e-02
5.583999999999999773e+02 7.128936985603935572e-02
5.586000000000000227e+02 7.169107595628866625e-02
5.587999999999999545e+02 7.209971391288634568e-02
5.590000000000000000e+02 7.245672221141738478e-02
5.592000000000000455e+02 7.273838444466235176e-02
5.593999999999999773e+02 7.296481782688331308e-02
5.596000000000000227e+02 7.317648577942625909e-02
5.597999999999999545e+02 7.340650082870150972e-02
5.600000000000000000e+02 7.367070638449164932e-02
5.602000000000000455e+02 7.397918929147048739e-02
5.603999999999999773e+02 7.432844036225734474e-02
5.606000000000000227e+02 7.463907241326477038e-02
5.607999999999999545e+02 7.492823013717211933e-02
5.610000000000000000e+02 7.529825158666197948e-02
5.612000000000000455e+02 7.569719829005579215e-02
5.613999999999999773e+02 7.606993148195091703e-02
5.616000000000000227e+02 7.640976313701033917e-02
5.617999999999999545e+02 7.676306484474941516e-02
5.620000000000000000e+02 7.713278178092876358e-02
5.622000000000000455e+02 7.749415192714423362e-02
5.623999999999999773e+02 7.783920305112150551e-02
5.626000000000000227e+02 7.823927799834093366e-02
5.627999999999999545e+02 7.867962025507693746e-02
5.630000000000000000e+02 7.901861890437503200e-02
5.632000000000000455e+02 7.930274740707485281e-02
5.633999999999999773e+02 7.959297564746556364e-02
5.636000000000000227e+02 7.989182963253860237e-02
5.637999999999999545e+02 8.017281312885868316e-02
5.640000000000000000e+02 8.045771867966240720e-02
5.642000000000000455e+02 8.077662086741889402e-02
5.643999999999999773e+02 8.107709000878196570e-02
5.646000000000000227e+02 8.132063910557933706e-02
5.647999999999999545e+02 8.150526291547299795e-02
5.650000000000000000e+02 8.166232398963478578e-02
5.652000000000000455e+02 8.179353393463660582e-02
5.653999999999999773e+02 8.195435068425276082e-02
5.656000000000000227e+02 8.224240147761627262e-02
5.657999999999999545e+02 8.252103817544770292e-02
5.660000000000000000e+02 8.272313129115613228e-02
5.662000000000000455e+02 8.292838250802200828e-02
5.663999999999999773e+02 8.321685570667247678e-02
5.666000000000000227e+02 8.350683150869131488e-02
5.667999999999999545e+02 8.368819456021270309e-02
5.670000000000000000e+02 8.386775131862497790e-02
5.672000000000000455e+02 8.407620420799670480e-02
5.673999999999999773e+02 8.427411071960522193e-02
5.676000000000000227e+02 8.443030800077798437e-02
5.677999999999999545e+02 8.466292079262270620e-02
5.680000000000000000e+02 8.497196566241491111e-02
5.682000000000000455e+02 8.518056924062168689e-02
5.683999999999999773e+02 8.539101448282386542e-02
5.686000000000000227e+02 8.560803151730922433e-02
5.687999999999999545e+02 8.573320154199988441e-02
5.690000000000000000e+02 8.591737778976947515e-02
5.692000000000000455e+02 8.614485683701499086e-02
5.693999999999999773e+02 8.629867340613042725e-02
5.696000000000000227e+02 8.641104638893208623e-02
5.697999999999999545e+02 8.652843879353165624e-02
5.700000000000000000e+02 8.668410721733676993e-02
5.702000000000000455e+02 8.688557589793700908e-02
5.703999999999999773e+02 8.707435787231207480e-02
5.706000000000000227e+02 8.721764062563946984e-02
5.707999999999999545e+02 8.734799831047498908e-02
5.710000000000000000e+02 8.749482668321124923e-02
5.712000000000000455e+02 8.767946976534511661e-02
5.713999999999999773e+02 8.788965657784361674e-02
5.716000000000000227e+02 8.803141344579692995e-02
5.717999999999999545e+02 8.811614641460063790e-02
5.720000000000000000e+02 8.823130782117860615e-02
5.722000000000000455e+02 8.843717841957966785e-02
5.723999999999999773e+02 8.880506626808787329e-02
5.726000000000000227e+02 8.927914669260185454e-02
5.727999999999999545e+02 8.961187493123684566e-02
5.730000000000000000e+02 8.979909468664418193e-02
5.732000000000000455e+02 8.993304041907039525e-02
5.733999999999999773e+02 9.007606364855623438e-02
5.736000000000000227e+02 9.019917739247450272e-02
5.737999999999999545e+02 9.028582033930754314e-02
5.740000000000000000e+02 9.036000913121951250e-02
5.742000000000000455e+02 9.046001828931186928e-02
5.743999999999999773e+02 9.061344806495211235e-02
5.746000000000000227e+02 9.082797134534831285e-02
5.747999999999999545e+02 9.108220136396576183e-02
5.750000000000000000e+02 9.131131238190415278e-02
5.752000000000000455e+02 9.145570095299399016e-02
5.753999999999999773e+02 9.150144908254888299e-02
5.756000000000000227e+02 9.145422883656796620e-02
5.757999999999999545e+02 9.136742168106321005e-02
5.760000000000000000e+02 9.133152880084871583e-02
5.762000000000000455e+02 9.136941820167218675e-02
5.763999999999999773e+02 9.142363807246432772e-02
5.766000000000000227e+02 9.142941622903902332e-02
5.767999999999999545e+02 9.147286072636549858e-02
5.770000000000000000e+02 9.163919759083059835e-02
5.772000000000000455e+02 9.188016242519843335e-02
5.773999999999999773e+02 9.194178824892317026e-02
5.776000000000000227e+02 9.193520107707034428e-02
5.777999999999999545e+02 9.200454479154338006e-02
5.780000000000000000e+02 9.204119080465403280e-02
5.782000000000000455e+02 9.212868112479298544e-02
5.783999999999999773e+02 9.229872038293755743e-02
5.786000000000000227e+02 9.243348497815566389e-02
5.787999999999999545e+02 9.251634324912333396e-02
5.790000000000000000e+02 9.261509936590922587e-02
5.792000000000000455e+02 9.281547941456201600e-02
5.793999999999999773e+02 9.309479621476558775e-02
5.796000000000000227e+02 9.340597535323102996e-02
5.797999999999999545e+02 9.370714660549056552e-02
5.800000000000000000e+02 9.397049640172810969e-02
5.802000000000000455e+02 9.415622434621533088e-02
5.803999999999999773e+02 9.428731607282613003e-02
5.806000000000000227e+02 9.448901037814308457e-02
5.807999999999999545e+02 9.472233369191275509e-02
5.810000000000000000e+02 9.491543800360255356e-02
5.812000000000000455e+02 9.505892386417263973e-02
5.813999999999999773e+02 9.517867817005047637e-02
5.816000000000000227e+02 9.524322606740333319e-02
5.817999999999999545e+02 9.519917645970298048e-02
5.820000000000000000e+02 9.515877579410834952e-02
5.822000000000000455e+02 9.517677473775905395e-02
5.823999999999999773e+02 9.522053547694096787e-02
5.826000000000000227e+02 9.524266444890390482e-02
5.827999999999999545e+02 9.535709534886958882e-02
5.830000000000000000e+02 9.559707566128258782e-02
5.832000000000000455e+02 9.568825568587295549e-02
5.833999999999999773e+02 9.566188467890958391e-02
5.836000000000000227e+02 9.567512351005384719e-02
5.837999999999999545e+02 9.579875564595417836e-02
5.840000000000000000e+02 9.587853708196064639e-02
5.842000000000000455e+02 9.585875016997541520e-02
5.843999999999999773e+02 9.585475581375743626e-02
5.846000000000000227e+02 9.589836959379369197e-02
5.847999999999999545e+02 9.602053488543671467e-02
5.850000000000000000e+02 9.622802356936235868e-02
5.852000000000000455e+02 9.640963558241910647e-02
5.853999999999999773e+02 9.650359753983829558e-02
5.856000000000000227e+02 9.652280801976123592e-02
5.857999999999999545e+02 9.653178428689493384e-02
5.860000000000000000e+02 9.652615731295803581e-02
5.862000000000000455e+02 9.657186197598049970e-02
5.863999999999999773e+02 9.683002049240406472e-02
5.866000000000000227e+02 9.702665850498917721e-02
5.867999999999999545e+02 9.703314758940946583e-02
5.870000000000000000e+02 9.706901767693565386e-02
5.872000000000000455e+02 9.723791613617409346e-02
5.873999999999999773e+02 9.746576434573857306e-02
5.876000000000000227e+02 9.760078367366441243e-02
5.877999999999999545e+02 9.765407280547803992e-02
5.880000000000000000e+02 9.765770126447569088e-02
5.882000000000000455e+02 9.766556795969975890e-02
5.883999999999999773e+02 9.777346106376508250e-02
5.886000000000000227e+02 9.783723437227902220e-02
5.887999999999999545e+02 9.777225622918837844e-02
5.890000000000000000e+02 9.778741776431403021e-02
5.892000000000000455e+02 9.785953441207702330e-02
5.893999999999999773e+02 9.782198818488729852e-02
5.896000000000000227e+02 9.757358181357035642e-02
5.897999999999999545e+02 9.752778772242787220e-02
5.900000000000000000e+02 9.767217999554429764e-02
5.902000000000000455e+02 9.757676416556655685e-02
5.903999999999999773e+02 9.734865767160992556e-02
5.906000000000000227e+02 9.719498365074573376e-02
5.907999999999999545e+02 9.723177245633869703e-02
5.910000000000000000e+02 9.738103522454324978e-02
5.912000000000000455e+02 9.750976741800868042e-02
5.913999999999999773e+02 9.754579131513634038e-02
5.916000000000000227e+02 9.756086944040567865e-02
5.917999999999999545e+02 9.765691777952445474e-02
5.920000000000000000e+02 9.780793488428707327e-02
5.922000000000000455e+02 9.785115668120981935e-02
5.923999999999999773e+02 9.789030273760043754e-02
5.926000000000000227e+02 9.799706887606550454e-02
5.927999999999999545e+02 9.811445528036549790e-02
5.930000000000000000e+02 9.819859098139452347e-02
5.932000000000000455e+02 9.829002791458769928e-02
5.933999999999999773e+02 9.844397487922289247e-02
5.936000000000000227e+02 9.857603585802039714e-02
5.937999999999999545e+02 9.857829344980210962e-02
5.940000000000000000e+02 9.846448411766080266e-02
5.942000000000000455e+02 9.846400927605329645e-02
5.943999999999999773e+02 9.859348029838299610e-02
5.946000000000000227e+02 9.873285530306816216e-02
5.947999999999999545e+02 9.876938398840810762e-02
5.950000000000000000e+02 9.882596475938246194e-02
5.952000000000000455e+02 9.896587398126019397e-02
5.953999999999999773e+02 9.908960547562223331e-02
5.956000000000000227e+02 9.910985154360642257e-02
5.957999999999999545e+02 9.909088818345364313e-02
5.960000000000000000e+02 9.912913001316646378e-02
5.962000000000000455e+02 9.905331208657777720e-02
5.963999999999999773e+02 9.893162264777193016e-02
5.966000000000000227e+02 9.894020451751642242e-02
5.967999999999999545e+02 9.905531838938654021e-02
5.970000000000000000e+02 9.919399087560305805e-02
5.972000000000000455e+02 9.929598694363746259e-02
5.973999999999999773e+02 9.936606564714389744e-02
5.976000000000000227e+02 9.941488481721753867e-02
5.977999999999999545e+02 9.949066612789600472e-02
5.980000000000000000e+02 9.964918776274819812e-02
5.982000000000000455e+02 9.977480056011291121e-02
5.983999999999999773e+02 9.976797596904860010e-02
5.986000000000000227e+02 9.965808900335432208e-02
5.987999999999999545e+02 9.967203698878135398e-02
5.990000000000000000e+02 9.977845595144826940e-02
5.992000000000000455e+02 9.983394762100304687e-02
5.993999999999999773e+02 9.993540409362289267e-02
5.996000000000000227e+02 1.000720032012647337e-01
5.997999999999999545e+02 1.001640252183928353e-01
6.000000000000000000e+02 1.001708767926525606e-01
6.002000000000000455e+02 1.001801836580687166e-01
6.003999999999999773e+02 1.002146543771446352e-01
6.006000000000000227e+02 1.001687490126624419e-01
6.007999999999999545e+02 1.000756633462919903e-01
6.010000000000000000e+02 9.999467289092192623e-02
6.012000000000000455e+02 9.995005922675169463e-02
6.013999999999999773e+02 9.991804612901077076e-02
6.016000000000000227e+02 9.994352880050828836e-02
6.017999999999999545e+02 1.000643328554030737e-01
6.020000000000000000e+02 1.001529635390759343e-01
6.022000000000000455e+02 1.002077635414698187e-01
6.023999999999999773e+02 1.002692173469955789e-01
6.026000000000000227e+02 1.002876450415154802e-01
6.027999999999999545e+02 1.002406842047989244e-01
6.030000000000000000e+02 1.001858437975468585e-01
6.032000000000000455e+02 1.002447886086588053e-01
6.033999999999999773e+02 1.003933305248354280e-01
6.036000000000000227e+02 1.005049872820933804e-01
6.037999999999999545e+02 1.004592946931036623e-01
6.040000000000000000e+02 1.003753099621956385e-01
6.042000000000000455e+02 1.003380058734524294e-01
6.043999999999999773e+02 1.003482267741797884e-01
6.046000000000000227e+02 1.003904828629678669e-01
6.047999999999999545e+02 1.004383571136053394e-01
6.050000000000000000e+02 1.004851905506707471e-01
6.052000000000000455e+02 1.005591543355349587e-01
6.053999999999999773e+02 1.005487279702134279e-01
6.056000000000000227e+02 1.004357014619619570e-01
6.057999999999999545e+02 1.004208375791496022e-01
6.060000000000000000e+02 1.004871529536326275e-01
6.062000000000000455e+02 1.005511965834312987e-01
6.063999999999999773e+02 1.005501453039221588e-01
6.066000000000000227e+02 1.004194105841517831e-01
6.067999999999999545e+02 1.002716783561474478e-01
6.070000000000000000e+02 1.002915043566848935e-01
6.072000000000000455e+02 1.003834057642869343e-01
6.073999999999999773e+02 1.004295886613475602e-01
6.076000000000000227e+02 1.004036584232652490e-01
6.077999999999999545e+02 1.004163505615052465e-01
6.080000000000000000e+02 1.004225450236174294e-01
6.082000000000000455e+02 1.003545710841553529e-01
6.083999999999999773e+02 1.002616112271428050e-01
6.086000000000000227e+02 1.001810532864892550e-01
6.087999999999999545e+02 1.001525526385731168e-01
6.090000000000000000e+02 1.001917809457753133e-01
6.092000000000000455e+02 1.001461197303539358e-01
6.093999999999999773e+02 1.000273951049471394e-01
6.096000000000000227e+02 9.999961864263692823e-02
6.097999999999999545e+02 1.000321243502625274e-01
6.100000000000000000e+02 1.000382487429038597e-01
6.102000000000000455e+02 9.997332266050676375e-02
6.103999999999999773e+02 9.992347618068375681e-02
6.106000000000000227e+02 9.999605589755071466e-02
6.107999999999999545e+02 1.001515708939860194e-01
6.110000000000000000e+02 1.001345379638262922e-01
6.112000000000000455e+02 1.000749590942183187e-01
6.113999999999999773e+02 1.001413029939147853e-01
6.116000000000000227e+02 1.003041792105784508e-01
6.117999999999999545e+02 1.005016858352930087e-01
6.120000000000000000e+02 1.006197574037349662e-01
6.122000000000000455e+02 1.005763700470920091e-01
6.123999999999999773e+02 1.005746011319530869e-01
6.126000000000000227e+02 1.006656554812718346e-01
6.127999999999999545e+02 1.007294453633440917e-01
6.130000000000000000e+02 1.006763837758979790e-01
6.132000000000000455e+02 1.005812931306424851e-01
6.133999999999999773e+02 1.005509777261401200e-01
6.136000000000000227e+02 1.005523534163036414e-01
6.137999999999999545e+02 1.004833587161270969e-01
6.140000000000000000e+02 1.003245662090283541e-01
6.142000000000000455e+02 1.001825153551218900e-01
6.143999999999999773e+02 9.997253570235417608e-02
6.146000000000000227e+02 9.969533054924670235e-02
6.147999999999999545e+02 9.947730306367373598e-02
6.150000000000000000e+02 9.924251765314270890e-02
6.152000000000000455e+02 9.904770262362544431e-02
6.153999999999999773e+02 9.899487130018667924e-02
6.156000000000000227e+02 9.886209460266048854e-02
6.157999999999999545e+02 9.863150764381561908e-02
6.160000000000000000e+02 9.846033223449777994e-02
6.162000000000000455e+02 9.847506770163294565e-02
6.163999999999999773e+02 9.857738036228183565e-02
6.166000000000000227e+02 9.860317450069688849e-02
6.167999999999999545e+02 9.848472159710683349e-02
6.170000000000000000e+02 9.829018379248043169e-02
6.172000000000000455e+02 9.819118500190711363e-02
6.173999999999999773e+02 9.833106358364740451e-02
6.176000000000000227e+02 9.844004834411036742e-02
6.177999999999999545e+02 9.840036530720740193e-02
6.180000000000000000e+02 9.833187098471730947e-02
6.182000000000000455e+02 9.830189532173370937e-02
6.183999999999999773e+02 9.831332776617877911e-02
6.186000000000000227e+02 9.834582368506687711e-02
6.187999999999999545e+02 9.840455587587451647e-02
6.190000000000000000e+02 9.842048693960912809e-02
6.192000000000000455e+02 9.833139303474654203e-02
6.193999999999999773e+02 9.816799629869626953e-02
6.196000000000000227e+02 9.800074637774473796e-02
6.197999999999999545e+02 9.789049564171879714e-02
6.200000000000000000e+02 9.785368985912398787e-02
6.202000000000000455e+02 9.783353688413949645e-02
6.203999999999999773e+02 9.773868983410914646e-02
6.206000000000000227e+02 9.755120359118860107e-02
6.207999999999999545e+02 9.753442146215816899e-02
6.210000000000000000e+02 9.767725918286586373e-02
6.212000000000000455e+02 9.775576904002271361e-02
6.213999999999999773e+02 9.768547632110324841e-02
6.216000000000000227e+02 9.750674097758348091e-02
6.217999999999999545e+02 9.732242115856955256e-02
6.220000000000000000e+02 9.721892919036675962e-02
6.222000000000000455e+02 9.713470856242549523e-02
6.223999999999999773e+02 9.692551514891109554e-02
6.226000000000000227e+02 9.649831228565512731e-02
6.227999999999999545e+02 9.614875126620002488e-02
6.230000000000000000e+02 9.601709263974961273e-02
6.232000000000000455e+02 9.595293658735294662e-02
6.233999999999999773e+02 9.588003490145971530e-02
6.236000000000000227e+02 9.577036654930641546e-02
6.237999999999999545e+02 9.563987926984114651e-02
6.240000000000000000e+02 9.555125343090398182e-02
6.242000000000000455e+02 9.541972570942966470e-02
6.243999999999999773e+02 9.520810152988878894e-02
6.246000000000000227e+02 9.514272156839502503e-02
6.247999999999999545e+02 9.514950422781731643e-02
6.250000000000000000e+02 9.506320509515495121e-02
6.252000000000000455e+02 9.486486530754786872e-02
6.253999999999999773e+02 9.473898032305715089e-02
6.256000000000000227e+02 9.480871041443961200e-02
6.257999999999999545e+02 9.500635879671659456e-02
6.260000000000000000e+02 9.511887339738557545e-02
6.262000000000000455e+02 9.506253365982499093e-02
6.263999999999999773e+02 9.490645819744822353e-02
6.266000000000000227e+02 9.472968091445516103e-02
6.267999999999999545e+02 9.458572210895226096e-02
6.270000000000000000e+02 9.444799120761489253e-02
6.272000000000000455e+02 9.417810605060553120e-02
6.273999999999999773e+02 9.386822487528716230e-02
6.276000000000000227e+02 9.365140154175710663e-02
6.277999999999999545e+02 9.350850784417032158e-02
6.280000000000000000e+02 9.338499114824984348e-02
6.282000000000000455e+02 9.325602001538073338e-02
6.283999999999999773e+02 9.312516525640129883e-02
6.286000000000000227e+02 9.291563904058132428e-02
6.287999999999999545e+02 9.274673722213015725e-02
6.290000000000000000e+02 9.279954544859800314e-02
6.292000000000000455e+02 9.276725993421712502e-02
6.293999999999999773e+02 9.255359576054826565e-02
6.296000000000000227e+02 9.227431987497580756e-02
6.297999999999999545e+02 9.199704862180717313e-02
6.300000000000000000e+02 9.183212158449469142e-02
6.302000000000000455e+02 9.182222362231735879e-02
6.303999999999999773e+02 9.183366040880221182e-02
6.306000000000000227e+02 9.172845491888170777e-02
6.307999999999999545e+02 9.149501962073250394e-02
6.310000000000000000e+02 9.126549885809913387e-02
6.312000000000000455e+02 9.106541421443369033e-02
6.313999999999999773e+02 9.094252065304678223e-02
6.316000000000000227e+02 9.094788139348500278e-02
6.317999999999999545e+02 9.092558619528905151e-02
6.320000000000000000e+02 9.079066273140366794e-02
6.322000000000000455e+02 9.058019535372374698e-02
6.323999999999999773e+02 9.040284047953080215e-02
6.326000000000000227e+02 9.038251584551602880e-02
6.327999999999999545e+02 9.051152603563664134e-02
6.330000000000000000e+02 9.053159586935176362e-02
6.332000000000000455e+02 9.029136093472400759e-02
6.333999999999999773e+02 8.987634618236041428e-02
6.336000000000000227e+02 8.957574118846617361e-02
6.337999999999999545e+02 8.937829879688012624e-02
6.340000000000000000e+02 8.922363062559598990e-02
6.342000000000000455e+02 8.911129002750443895e-02
6.343999999999999773e+02 8.901164795780402983e-02
6.346000000000000227e+02 8.888320645353772753e-02
6.347999999999999545e+02 8.870335469857222599e-02
6.350000000000000000e+02 8.850611871586586132e-02
6.352000000000000455e+02 8.824974483227120137e-02
6.353999999999999773e+02 8.790727391863999152e-02
6.356000000000000227e+02 8.759097342593376301e-02
6.357999999999999545e+02 8.729547913918517255e-02
6.360000000000000000e+02 8.699370113263134308e-02
6.362000000000000455e+02 8.674606673630862186e-02
6.363999999999999773e+02 8.668286626104797221e-02
6.366000000000000227e+02 8.674025163262996663e-02
6.367999999999999545e+02 8.666673827692737697e-02
6.370000000000000000e+02 8.654728568903743979e-02
6.372000000000000455e+02 8.647272394165642084e-02
6.373999999999999773e+02 8.639411161657829796e-02
6.376000000000000227e+02 8.610960595749136970e-02
6.377999999999999545e+02 8.569987507957126105e-02
6.380000000000000000e+02 8.538822685421565417e-02
6.382000000000000455e+02 8.519717890874052568e-02
6.383999999999999773e+02 8.500374105175576012e-02
6.386000000000000227e+02 8.471495818164972991e-02
6.387999999999999545e+02 8.439157424668113083e-02
6.390000000000000000e+02 8.405030085957039543e-02
6.392000000000000455e+02 8.372683191499633026e-02
6.393999999999999773e+02 8.347818150428130968e-02
6.396000000000000227e+02 8.319846322833406027e-02
6.397999999999999545e+02 8.288533640248191281e-02
6.400000000000000000e+02 8.264456998262326159e-02
6.402000000000000455e+02 8.242597743546814515e-02
6.403999999999999773e+02 8.220997100959710757e-02
6.406000000000000227e+02 8.203459780303926085e-02
6.407999999999999545e+02 8.193479486964476421e-02
6.410000000000000000e+02 8.174099726305161795e-02
6.412000000000000455e+02 8.135326595774221292e-02
6.413999999999999773e+02 8.101195277659473115e-02
6.416000000000000227e+02 8.085596597884435466e-02
6.417999999999999545e+02 8.082337490222701870e-02
6.420000000000000000e+02 8.070474767624198631e-02
6.422000000000000455e+02 8.054415877139632640e-02
6.423999999999999773e+02 8.036607442822503444e-02
6.426000000000000227e+02 8.011610888428838395e-02
6.427999999999999545e+02 7.987207194362727636e-02
6.430000000000000000e+02 7.969971044999477061e-02
6.432000000000000455e+02 7.958430187829046432e-02
6.433999999999999773e+02 7.939908904920618682e-02
6.436000000000000227e+02 7.908329943417638508e-02
6.437999999999999545e+02 7.870394719363561775e-02
6.440000000000000000e+02 7.845153002111060481e-02
6.442000000000000455e+02 7.831090217176873980e-02
6.443999999999999773e+02 7.820981381553751555e-02
6.446000000000000227e+02 7.812297107135836305e-02
6.447999999999999545e+02 7.787794432987694970e-02
6.450000000000000000e+02 7.754844368919966424e-02
6.452000000000000455e+02 7.743040743282406102e-02
6.453999999999999773e+02 7.730718205840406143e-02
6.456000000000000227e+02 7.709721583540202205e-02
6.457999999999999545e+02 7.691764643022844239e-02
6.460000000000000000e+02 7.675005219719625849e-02
6.462000000000000455e+02 7.651460360922310300e-02
6.463999999999999773e+02 7.618197620411229498e-02
6.466000000000000227e+02 7.587709074835935485e-02
6.467999999999999545e+02 7.564555837528402771e-02
6.470000000000000000e+02 7.547922474704898965e-02
6.472000000000000455e+02 7.536038496189834124e-02
6.473999999999999773e+02 7.522931753827798163e-02
6.476000000000000227e+02 7.504155186125401056e-02
6.477999999999999545e+02 7.481168597273867016e-02
6.480000000000000000e+02 7.463643459811925007e-02
6.482000000000000455e+02 7.449470338786819135e-02
6.483999999999999773e+02 7.429209177850924772e-02
6.486000000000000227e+02 7.412632617330627838e-02
6.487999999999999545e+02 7.398574092610796238e-02
6.490000000000000000e+02 7.377131909454480441e-02
6.492000000000000455e+02 7.345345737438482847e-02
6.493999999999999773e+02 7.314149716326301398e-02
6.496000000000000227e+02 7.292202012725124138e-02
6.497999999999999545e+02 7.272076510505065539e-02
6.500000000000000000e+02 7.251941220783757192e-02
6.502000000000000455e+02 7.229796273964581022e-02
6.503999999999999773e+02 7.200931407420094188e-02
6.506000000000000227e+02 7.169180906601722858e-02
6.507999999999999545e+02 7.141396251436173126e-02
6.510000000000000000e+02 7.122111281056132948e-02
6.512000000000000455e+02 7.106461218488167864e-02
6.513999999999999773e+02 7.087711309607218346e-02
6.516000000000000227e+02 7.063046018608694354e-02
6.517999999999999545e+02 7.039746581549669036e-02
6.520000000000000000e+02 7.029084777674268758e-02
6.522000000000000455e+02 7.032500787822465460e-02
6.523999999999999773e+02 7.031566248401331654e-02
6.526000000000000227e+02 7.022854680762063984e-02
6.527999999999999545e+02 7.013042937092114903e-02
6.530000000000000000e+02 7.008100444669738971e-02
6.532000000000000455e+02 6.993427472113641907e-02
6.533999999999999773e+02 6.969098906048304398e-02
6.536000000000000227e+02 6.953303197591648166e-02
6.537999999999999545e+02 6.940306380587456248e-02
6.540000000000000000e+02 6.920785157093328754e-02
6.542000000000000455e+02 6.890871077841929926e-02
6.543999999999999773e+02 6.855955828751179870e-02
6.546000000000000227e+02 6.823100729053008240e-02
6.547999999999999545e+02 6.795105822881042368e-02
6.550000000000000000e+02 6.765945805373163591e-02
6.552000000000000455e+02 6.731353525544288285e-02
6.553999999999999773e+02 6.690756425633702376e-02
6.556000000000000227e+02 6.647753656171941083e-02
6.557999999999999545e+02 6.608926502748499465e-02
6.560000000000000000e+02 6.572250005505780868e-02
6.562000000000000455e+02 6.528880454138595579e-02
6.563999999999999773e+02 6.489898868219855232e-02
6.566000000000000227e+02 6.464727336666920010e-02
6.567999999999999545e+02 6.452368409808936778e-02
6.570000000000000000e+02 6.440536951613134997e-02
6.572000000000000455e+02 6.421990674993649506e-02
6.573999999999999773e+02 6.397845679856616063e-02
6.576000000000000227e+02 6.375672213191660442e-02
6.577999999999999545e+02 6.353134094567476631e-02
6.580000000000000000e+02 6.324032820151870293e-02
6.582000000000000455e+02 6.287196254473177703e-02
6.583999999999999773e+02 6.252274476824987159e-02
6.586000000000000227e+02 6.225750219093778570e-02
6.587999999999999545e+02 6.204092463556336312e-02
6.590000000000000000e+02 6.181987880454792306e-02
6.592000000000000455e+02 6.161749767326780980e-02
6.593999999999999773e+02 6.149022779024479468e-02
6.596000000000000227e+02 6.133732066756757140e-02
6.597999999999999545e+02 6.101806834614963149e-02
6.600000000000000000e+02 6.051311259787561792e-02
6.602000000000000455e+02 6.009361847050892491e-02
6.603999999999999773e+02 5.983414263718093984e-02
6.606000000000000227e+02 5.963691558437426987e-02
6.607999999999999545e+02 5.936950683168437659e-02
6.610000000000000000e+02 5.908361054827804271e-02
6.612000000000000455e+02 5.890907472245444920e-02
6.613999999999999773e+02 5.890991856074902222e-02
6.616000000000000227e+02 5.884902785816659154e-02
6.617999999999999545e+02 5.860165113882433163e-02
6.620000000000000000e+02 5.827317800284950722e-02
6.622000000000000455e+02 5.798240265665408066e-02
6.623999999999999773e+02 5.771543328226544367e-02
6.626000000000000227e+02 5.739951358801528847e-02
6.627999999999999545e+02 5.709689120473641910e-02
6.630000000000000000e+02 5.685034570154684497e-02
6.632000000000000455e+02 5.665949381417423325e-02
6.633999999999999773e+02 5.648800958364418034e-02
6.636000000000000227e+02 5.627532135443878702e-02
6.637999999999999545e+02 5.602115644840426067e-02
6.640000000000000000e+02 5.581643749367416751e-02
6.642000000000000455e+02 5.567067047968603244e-02
6.643999999999999773e+02 5.550477717847937531e-02
6.646000000000000227e+02 5.521684680988735161e-02
6.647999999999999545e+02 5.488050971243277343e-02
6.650000000000000000e+02 5.455914670392776611e-02
6.652000000000000455e+02 5.427960420465843816e-02
6.653999999999999773e+02 5.409294117633614563e-02
6.656000000000000227e+02 5.387470217630989378e-02
6.657999999999999545e+02 5.354258170509140768e-02
6.660000000000000000e+02 5.333788492863458797e-02
6.662000000000000455e+02 5.321177887869532608e-02
6.663999999999999773e+02 5.300913443871628494e-02
6.666000000000000227e+02 5.270057731625682473e-02
6.667999999999999545e+02 5.237467193587388992e-02
6.670000000000000000e+02 5.212007660703255052e-02
6.672000000000000455e+02 5.195234895325887003e-02
6.673999999999999773e+02 5.178941509747352068e-02
6.676000000000000227e+02 5.158360779008717978e-02
6.677999999999999545e+02 5.135412557700173852e-02
6.680000000000000000e+02 5.115296248190805140e-02
6.682000000000000455e+02 5.107468970979379963e-02
6.683999999999999773e+02 5.110991849609695936e-02
6.686000000000000227e+02 5.097775105443844157e-02
6.687999999999999545e+02 5.074849756171069537e-02
6.690000000000000000e+02 5.056923738692913062e-02
6.692000000000000455e+02 5.036048374216625656e-02
6.693999999999999773e+02 5.019585542419403856e-02
6.696000000000000227e+02 5.009529786742496216e-02
6.697999999999999545e+02 4.994179592868228101e-02
6.700000000000000000e+02 4.978276029308648098e-02
6.702000000000000455e+02 4.964013544781507858e-02
6.703999999999999773e+02 4.944454436921139062e-02
6.706000000000000227e+02 4.910302519905687668e-02
6.707999999999999545e+02 4.870416202350702495e-02
6.710000000000000000e+02 4.841174241302570458e-02
6.712000000000000455e+02 4.819653128261271180e-02
6.713999999999999773e+02 4.790807107394308428e-02
6.716000000000000227e+02 4.749020027308631375e-02
6.717999999999999545e+02 4.714725583857054536e-02
6.720000000000000000e+02 4.691248268640511865e-02
6.722000000000000455e+02 4.669935416222659175e-02
6.723999999999999773e+02 4.640407709648351753e-02
6.726000000000000227e+02 4.605340694581951111e-02
6.727999999999999545e+02 4.576528390984624384e-02
6.730000000000000000e+02 4.563101571662944722e-02
6.732000000000000455e+02 4.544629636950067719e-02
6.733999999999999773e+02 4.509064973737629545e-02
6.736000000000000227e+02 4.464173876826349474e-02
6.737999999999999545e+02 4.434247070500181576e-02
6.740000000000000000e+02 4.421114981393720056e-02
6.742000000000000455e+02 4.411985333712334367e-02
6.743999999999999773e+02 4.397838896864289526e-02
6.746000000000000227e+02 4.371968080781896138e-02
6.747999999999999545e+02 4.339955517357484138e-02
6.750000000000000000e+02 4.321392110678516640e-02
