5.250000000000000000e+02 2.513072572917933456e-03
5.252000000000000455e+02 2.569332763386857760e-03
5.253999999999999773e+02 2.606018415379536199e-03
5.256000000000000227e+02 2.614962099449195596e-03
5.257999999999999545e+02 2.653683299605223006e-03
5.260000000000000000e+02 2.703215449375821408e-03
5.262000000000000455e+02 2.730313969526313236e-03
5.263999999999999773e+02 2.750378220377909869e-03
5.266000000000000227e+02 2.812351289720163919e-03
5.267999999999999545e+02 2.938036710984460315e-03
5.270000000000000000e+02 3.103026482714578427e-03
5.272000000000000455e+02 3.244765223642524787e-03
5.273999999999999773e+02 3.314203836692768829e-03
5.276000000000000227e+02 3.342463778449763362e-03
5.277999999999999545e+02 3.433458002548180760e-03
5.280000000000000000e+02 3.583135249576227185e-03
5.282000000000000455e+02 3.738450037445370522e-03
5.283999999999999773e+02 3.873951142007748052e-03
5.286000000000000227e+02 4.056683948203727505e-03
5.287999999999999545e+02 4.295491429248737489e-03
5.290000000000000000e+02 4.563820853891632431e-03
5.292000000000000455e+02 4.838017466094414812e-03
5.293999999999999773e+02 5.110115525223475966e-03
5.296000000000000227e+02 5.350525042696412450e-03
5.297999999999999545e+02 5.532775536256140381e-03
5.300000000000000000e+02 5.684990349923873740e-03
5.302000000000000455e+02 5.829315065700576767e-03
5.303999999999999773e+02 5.967770615372047435e-03
5.306000000000000227e+02 6.081863860877596492e-03
5.307999999999999545e+02 6.146630493337799581e-03
5.310000000000000000e+02 6.183420578482782745e-03
5.312000000000000455e+02 6.242220941987820793e-03
5.313999999999999773e+02 6.338465921228384967e-03
5.316000000000000227e+02 6.392916999583551571e-03
5.317999999999999545e+02 6.363463819157293838e-03
5.320000000000000000e+02 6.301244290621713443e-03
5.322000000000000455e+02 6.210786582430929265e-03
5.323999999999999773e+02 6.101881090436666807e-03
5.326000000000000227e+02 6.002074888738044567e-03
5.327999999999999545e+02 5.941041532926322200e-03
5.330000000000000000e+02 5.918974100005159125e-03
5.332000000000000455e+02 5.923943294656964717e-03
5.333999999999999773e+02 5.955377307022868480e-03
5.336000000000000227e+02 6.046565035947602806e-03
5.337999999999999545e+02 6.183044426074011529e-03
5.340000000000000000e+02 6.328994823823557228e-03
5.342000000000000455e+02 6.490556638312479018e-03
5.343999999999999773e+02 6.625345445610468162e-03
5.346000000000000227e+02 6.755690380471333217e-03
5.347999999999999545e+02 6.975254540225321251e-03
5.350000000000000000e+02 7.208436129106455051e-03
5.352000000000000455e+02 7.408714552644461715e-03
5.353999999999999773e+02 7.602201643432887970e-03
5.356000000000000227e+02 7.842855228964896661e-03
5.357999999999999545e+02 8.117944957506549944e-03
5.360000000000000000e+02 8.399094717094808191e-03
5.362000000000000455e+02 8.680247373826938465e-03
5.363999999999999773e+02 8.963222383289322012e-03
5.366000000000000227e+02 9.233935655397566486e-03
5.367999999999999545e+02 9.479302203500966292e-03
5.370000000000000000e+02 9.713742150719814269e-03
5.372000000000000455e+02 9.932175457263566973e-03
5.373999999999999773e+02 1.014906683805421976e-02
5.376000000000000227e+02 1.039995069429012174e-02
5.377999999999999545e+02 1.066109970442761547e-02
5.380000000000000000e+02 1.091941912895297469e-02
5.382000000000000455e+02 1.118519632420118988e-02
5.383999999999999773e+02 1.147101380566567692e-02
5.386000000000000227e+02 1.174073729445144522e-02
5.387999999999999545e+02 1.197862618437122752e-02
5.390000000000000000e+02 1.221639115050021131e-02
5.392000000000000455e+02 1.247250321561146381e-02
5.393999999999999773e+02 1.275826071190928369e-02
5.396000000000000227e+02 1.306732135856227515e-02
5.397999999999999545e+02 1.337524829067445083e-02
5.400000000000000000e+02 1.374374968717264993e-02
5.402000000000000455e+02 1.415657327835303549e-02
5.403999999999999773e+02 1.449762679035085898e-02
5.406000000000000227e+02 1.479662527030871193e-02
5.407999999999999545e+02 1.507906395914280183e-02
5.410000000000000000e+02 1.537660775164090103e-02
5.412000000000000455e+02 1.576516984554909850e-02
5.413999999999999773e+02 1.614330020767013041e-02
5.416000000000000227e+02 1.646776404443974634e-02
5.417999999999999545e+02 1.682181873319682497e-02
5.420000000000000000e+02 1.716610861612758582e-02
5.422000000000000455e+02 1.748617577483977531e-02
5.423999999999999773e+02 1.779763184245527347e-02
5.426000000000000227e+02 1.809527627429903529e-02
5.427999999999999545e+02 1.835475419770138394e-02
5.430000000000000000e+02 1.857249510383635061e-02
5.432000000000000455e+02 1.877851574710889815e-02
5.433999999999999773e+02 1.900352073718500345e-02
5.436000000000000227e+02 1.924261770884821282e-02
5.437999999999999545e+02 1.949674822513409317e-02
5.440000000000000000e+02 1.980468024559575713e-02
5.442000000000000455e+02 2.006511287544003597e-02
5.443999999999999773e+02 2.025947971876383008e-02
5.446000000000000227e+02 2.049559844255558622e-02
5.447999999999999545e+02 2.074856469166029560e-02
5.450000000000000000e+02 2.099299943894148562e-02
5.452000000000000455e+02 2.123926756317611603e-02
5.453999999999999773e+02 2.151277905340313878e-02
5.456000000000000227e+02 2.175562655060010037e-02
5.457999999999999545e+02 2.196558410737044220e-02
5.460000000000000000e+02 2.221459246915562236e-02
5.462000000000000455e+02 2.248375818159673023e-02
5.463999999999999773e+02 2.279747140542744133e-02
5.466000000000000227e+02 2.316546031521868332e-02
5.467999999999999545e+02 2.348617576758398051e-02
5.470000000000000000e+02 2.378343950687238084e-02
5.472000000000000455e+02 2.410155806153158053e-02
5.473999999999999773e+02 2.441177752322958028e-02
5.476000000000000227e+02 2.472033750119757151e-02
5.477999999999999545e+02 2.503712375340396562e-02
5.480000000000000000e+02 2.535458263415986402e-02
5.482000000000000455e+02 2.565089990259045161e-02
5.483999999999999773e+02 2.591755252708078522e-02
5.486000000000000227e+02 2.617641007555221444e-02
5.487999999999999545e+02 2.648940832902134390e-02
5.490000000000000000e+02 2.685654459934416066e-02
5.492000000000000455e+02 2.724379053015204416e-02
5.493999999999999773e+02 2.763723110010733036e-02
5.496000000000000227e+02 2.798470249345084981e-02
5.497999999999999545e+02 2.826681088978742068e-02
5.500000000000000000e+02 2.853783860359805635e-02
5.502000000000000455e+02 2.880390478343296951e-02
5.503999999999999773e+02 2.905491466726668054e-02
5.506000000000000227e+02 2.929002301676467829e-02
5.507999999999999545e+02 2.953068477706796702e-02
5.510000000000000000e+02 2.981304357312346970e-02
5.512000000000000455e+02 3.014795828660826738e-02
5.513999999999999773e+02 3.046077103669474206e-02
5.516000000000000227e+02 3.077988600778463341e-02
5.517999999999999545e+02 3.115232547704385041e-02
5.520000000000000000e+02 3.151287886304161151e-02
5.522000000000000455e+02 3.184684516504576735e-02
5.523999999999999773e+02 3.215209485113689619e-02
5.526000000000000227e+02 3.241316502577253067e-02
5.527999999999999545e+02 3.269499948005729489e-02
5.530000000000000000e+02 3.304598183067033318e-02
5.532000000000000455e+02 3.345176879674035403e-02
5.533999999999999773e+02 3.385654779207765419e-02
5.536000000000000227e+02 3.427695627513376031e-02
5.537999999999999545e+02 3.475882644578782293e-02
5.540000000000000000e+02 3.523834210331508454e-02
5.542000000000000455e+02 3.566739439180691834e-02
5.543999999999999773e+02 3.606347042037463119e-02
5.546000000000000227e+02 3.651312018004073540e-02
5.547999999999999545e+02 3.697071527171206379e-02
5.550000000000000000e+02 3.738796022429753674e-02
5.552000000000000455e+02 3.780885274407409097e-02
5.553999999999999773e+02 3.826741414480203107e-02
5.556000000000000227e+02 3.874042926793867803e-02
5.557999999999999545e+02 3.917437477201286822e-02
5.560000000000000000e+02 3.961461648996542767e-02
5.562000000000000455e+02 4.008671813103619613e-02
5.563999999999999773e+02 4.056564989430783835e-02
5.566000000000000227e+02 4.099500755314141459e-02
5.567999999999999545e+02 4.137756165191182334e-02
5.570000000000000000e+02 4.175086258186564564e-02
5.572000000000000455e+02 4.213804477268531107e-02
5.573999999999999773e+02 4.252924716098040875e-02
5.576000000000000227e+02 4.291306708134923209e-02
5.577999999999999545e+02 4.329062607483311759e-02
5.580000000000000000e+02 4.363344402941438105e-02
5.582000000000000455e+02 4.392982920100244049e-02
5.583999999999999773e+02 4.420920257187081759e-02
5.586000000000000227e+02 4.454195709829677358e-02
5.587999999999999545e+02 4.495013795658037853e-02
5.590000000000000000e+02 4.540969044517275538e-02
5.592000000000000455e+02 4.589951603926470391e-02
5.593999999999999773e+02 4.641011639133220401e-02
5.596000000000000227e+02 4.694616440418390713e-02
5.597999999999999545e+02 4.752550284997345692e-02
5.600000000000000000e+02 4.815567465350140824e-02
5.602000000000000455e+02 4.884431663356761377e-02
5.603999999999999773e+02 4.959088941658958832e-02
5.606000000000000227e+02 5.031757351219122432e-02
5.607999999999999545e+02 5.100127331145754700e-02
5.610000000000000000e+02 5.169692034466421421e-02
5.612000000000000455e+02 5.243311836975292350e-02
5.613999999999999773e+02 5.319466321051279090e-02
5.616000000000000227e+02 5.393535412234254367e-02
5.617999999999999545e+02 5.461274586331951730e-02
5.620000000000000000e+02 5.526569334247080634e-02
5.622000000000000455e+02 5.589013728333763753e-02
5.623999999999999773e+02 5.634703560492335117e-02
5.626000000000000227e+02 5.673232186064232352e-02
5.627999999999999545e+02 5.712223319418660572e-02
5.630000000000000000e+02 5.743446451034384115e-02
5.632000000000000455e+02 5.767951891296813072e-02
5.633999999999999773e+02 5.789088754983948149e-02
5.636000000000000227e+02 5.809331999713174266e-02
5.637999999999999545e+02 5.831508542264653150e-02
5.640000000000000000e+02 5.856855364863713942e-02
5.642000000000000455e+02 5.884004120310014352e-02
5.643999999999999773e+02 5.908906262786606245e-02
5.646000000000000227e+02 5.933366305869758328e-02
5.647999999999999545e+02 5.959562743515706140e-02
5.650000000000000000e+02 5.984305196899553092e-02
5.652000000000000455e+02 6.008385299542054470e-02
5.653999999999999773e+02 6.041311781419317350e-02
5.656000000000000227e+02 6.095697175367260912e-02
5.657999999999999545e+02 6.155437081860097581e-02
5.660000000000000000e+02 6.211473112367803251e-02
5.662000000000000455e+02 6.269452839240201303e-02
5.663999999999999773e+02 6.330112920552023736e-02
5.666000000000000227e+02 6.388554496128689975e-02
5.667999999999999545e+02 6.441209084131842288e-02
5.670000000000000000e+02 6.495189589459451907e-02
5.672000000000000455e+02 6.551341956854007942e-02
5.673999999999999773e+02 6.605250820271724166e-02
5.676000000000000227e+02 6.652766762884057550e-02
5.677999999999999545e+02 6.700696800183758572e-02
5.680000000000000000e+02 6.749855200197545091e-02
5.682000000000000455e+02 6.788917047308430652e-02
5.683999999999999773e+02 6.814931103189636463e-02
5.686000000000000227e+02 6.826851434109969252e-02
5.687999999999999545e+02 6.826463335848889646e-02
5.690000000000000000e+02 6.826544674754379816e-02
5.692000000000000455e+02 6.824315239387569731e-02
5.693999999999999773e+02 6.812667181447813747e-02
5.696000000000000227e+02 6.804584764031307298e-02
5.697999999999999545e+02 6.803212267685036785e-02
5.700000000000000000e+02 6.805318684199916646e-02
5.702000000000000455e+02 6.808184298594541217e-02
5.703999999999999773e+02 6.805154559904150191e-02
5.706000000000000227e+02 6.800827350378296776e-02
5.707999999999999545e+02 6.812828282436039773e-02
5.710000000000000000e+02 6.841847331827499712e-02
5.712000000000000455e+02 6.873231755202012516e-02
5.713999999999999773e+02 6.892190927638465470e-02
5.716000000000000227e+02 6.914160555291061494e-02
5.717999999999999545e+02 6.945756492590263176e-02
5.720000000000000000e+02 6.982420579190679044e-02
5.722000000000000455e+02 7.019532085545975020e-02
5.723999999999999773e+02 7.057888346401575141e-02
5.726000000000000227e+02 7.097503541784171144e-02
5.727999999999999545e+02 7.132745824501111886e-02
5.730000000000000000e+02 7.161807605244351060e-02
5.732000000000000455e+02 7.186374777942171332e-02
5.733999999999999773e+02 7.209645888154959936e-02
5.736000000000000227e+02 7.231299877000862963e-02
5.737999999999999545e+02 7.242590291747673381e-02
5.740000000000000000e+02 7.233048783015723349e-02
5.742000000000000455e+02 7.209429874288446338e-02
5.743999999999999773e+02 7.187918870283098449e-02
5.746000000000000227e+02 7.177246471263745708e-02
5.747999999999999545e+02 7.161010911898796349e-02
5.750000000000000000e+02 7.134382920481356638e-02
5.752000000000000455e+02 7.101586099681998776e-02
5.753999999999999773e+02 7.068081216425298186e-02
5.756000000000000227e+02 7.034753263209592156e-02
5.757999999999999545e+02 6.998960019736007176e-02
5.760000000000000000e+02 6.956881631927512577e-02
5.762000000000000455e+02 6.908820885666355771e-02
5.763999999999999773e+02 6.854648553145539780e-02
5.766000000000000227e+02 6.797329654279370137e-02
5.767999999999999545e+02 6.751286256578772904e-02
5.770000000000000000e+02 6.699745353477042087e-02
5.772000000000000455e+02 6.611080875609944008e-02
5.773999999999999773e+02 6.480549854209473326e-02
5.776000000000000227e+02 6.380231481384529557e-02
5.777999999999999545e+02 6.349039768890663016e-02
5.780000000000000000e+02 6.318390672121104723e-02
5.782000000000000455e+02 6.285162456476399429e-02
5.783999999999999773e+02 6.259113080153808073e-02
5.786000000000000227e+02 6.231140386234597373e-02
5.787999999999999545e+02 6.201255346471420959e-02
5.790000000000000000e+02 6.172692780594850326e-02
5.792000000000000455e+02 6.148459191714376881e-02
5.793999999999999773e+02 6.129737557786184288e-02
5.796000000000000227e+02 6.114455866001794471e-02
5.797999999999999545e+02 6.096402394958973237e-02
5.800000000000000000e+02 6.067560700275810570e-02
5.802000000000000455e+02 6.048683278005768937e-02
5.803999999999999773e+02 6.065801690508292043e-02
5.806000000000000227e+02 6.115674192340629645e-02
5.807999999999999545e+02 6.131296453596350726e-02
5.810000000000000000e+02 6.088040218593615549e-02
5.812000000000000455e+02 6.041949072786079178e-02
5.813999999999999773e+02 5.992677113693752056e-02
5.816000000000000227e+02 5.935831735631860728e-02
5.817999999999999545e+02 5.880730106407427993e-02
5.820000000000000000e+02 5.828271843348827030e-02
5.822000000000000455e+02 5.775514463611206017e-02
5.823999999999999773e+02 5.718886716018706240e-02
5.826000000000000227e+02 5.657708564160648934e-02
5.827999999999999545e+02 5.600179781115295630e-02
5.830000000000000000e+02 5.549879466982700349e-02
5.832000000000000455e+02 5.494020538477038806e-02
5.833999999999999773e+02 5.438137153020973502e-02
5.836000000000000227e+02 5.389604300932279712e-02
5.837999999999999545e+02 5.343868293514170142e-02
5.840000000000000000e+02 5.290870781839761283e-02
5.842000000000000455e+02 5.230341176722291818e-02
5.843999999999999773e+02 5.173844422538254745e-02
5.846000000000000227e+02 5.129033555973759595e-02
5.847999999999999545e+02 5.092714311862057974e-02
5.850000000000000000e+02 5.055765457671095725e-02
5.852000000000000455e+02 5.016304577999276121e-02
5.853999999999999773e+02 4.976808687313396401e-02
5.856000000000000227e+02 4.941430092998631840e-02
5.857999999999999545e+02 4.913367764167307639e-02
5.860000000000000000e+02 4.893096850563993794e-02
5.862000000000000455e+02 4.881243829072125923e-02
5.863999999999999773e+02 4.878766498215809239e-02
5.866000000000000227e+02 4.875588493091072284e-02
5.867999999999999545e+02 4.869247430006683197e-02
5.870000000000000000e+02 4.869251216146248951e-02
5.872000000000000455e+02 4.875848068688756060e-02
5.873999999999999773e+02 4.887193189794700188e-02
5.876000000000000227e+02 4.901549330399204707e-02
5.877999999999999545e+02 4.915619913690316700e-02
5.880000000000000000e+02 4.923499352869788875e-02
5.882000000000000455e+02 4.925213664254226437e-02
5.883999999999999773e+02 4.935959660582103781e-02
5.886000000000000227e+02 4.951335827717921745e-02
5.887999999999999545e+02 4.962919051994581221e-02
5.890000000000000000e+02 4.973979962622505219e-02
5.892000000000000455e+02 4.978735486872236382e-02
5.893999999999999773e+02 4.975191119863111439e-02
5.896000000000000227e+02 4.972641022370770381e-02
5.897999999999999545e+02 4.983948502471027137e-02
5.900000000000000000e+02 5.002579680707724269e-02
5.902000000000000455e+02 5.010350274714120422e-02
5.903999999999999773e+02 5.017378152929517776e-02
5.906000000000000227e+02 5.028578705285079858e-02
5.907999999999999545e+02 5.040849508756271857e-02
5.910000000000000000e+02 5.053369811234105502e-02
5.912000000000000455e+02 5.071487832254374661e-02
5.913999999999999773e+02 5.098475310961890494e-02
5.916000000000000227e+02 5.128003461923336115e-02
5.917999999999999545e+02 5.156659016280142060e-02
5.920000000000000000e+02 5.181878557092448739e-02
5.922000000000000455e+02 5.202570648197029496e-02
5.923999999999999773e+02 5.230822527357917306e-02
5.926000000000000227e+02 5.266157903452242661e-02
5.927999999999999545e+02 5.294342552773481647e-02
5.930000000000000000e+02 5.317281964892387608e-02
5.932000000000000455e+02 5.340448604870814964e-02
5.933999999999999773e+02 5.365167779300761275e-02
5.936000000000000227e+02 5.383180822557435269e-02
5.937999999999999545e+02 5.393893465956767913e-02
5.940000000000000000e+02 5.403838464302024303e-02
5.942000000000000455e+02 5.420241506678215998e-02
5.943999999999999773e+02 5.435538869402296858e-02
5.946000000000000227e+02 5.441023979185755088e-02
5.947999999999999545e+02 5.438024745145042527e-02
5.950000000000000000e+02 5.434092898536591054e-02
5.952000000000000455e+02 5.436047985862464682e-02
5.953999999999999773e+02 5.443912533618919247e-02
5.956000000000000227e+02 5.443248842015672995e-02
5.957999999999999545e+02 5.432124922817219148e-02
5.960000000000000000e+02 5.420401592692829923e-02
5.962000000000000455e+02 5.410277212795887303e-02
5.963999999999999773e+02 5.402467362787580218e-02
5.966000000000000227e+02 5.399023085448009102e-02
5.967999999999999545e+02 5.404195974027312110e-02
5.970000000000000000e+02 5.416587286484122327e-02
5.972000000000000455e+02 5.432371530256448200e-02
5.973999999999999773e+02 5.449189222786256226e-02
5.976000000000000227e+02 5.467451019907683396e-02
5.977999999999999545e+02 5.490531518841743064e-02
5.980000000000000000e+02 5.523317174176568811e-02
5.982000000000000455e+02 5.566339198332000138e-02
5.983999999999999773e+02 5.613522145731159041e-02
5.986000000000000227e+02 5.658327648809513555e-02
5.987999999999999545e+02 5.708660251968372679e-02
5.990000000000000000e+02 5.767590472914582711e-02
5.992000000000000455e+02 5.830488986831761089e-02
5.993999999999999773e+02 5.889255340837205865e-02
5.996000000000000227e+02 5.947046292090715780e-02
5.997999999999999545e+02 6.008616752538617489e-02
6.000000000000000000e+02 6.070095721132065525e-02
6.002000000000000455e+02 6.128487397683532456e-02
6.003999999999999773e+02 6.181142313307472214e-02
6.006000000000000227e+02 6.226861184858732690e-02
6.007999999999999545e+02 6.273676359674729142e-02
6.010000000000000000e+02 6.322693320372738124e-02
6.012000000000000455e+02 6.365190507279368248e-02
6.013999999999999773e+02 6.393767968722106898e-02
6.016000000000000227e+02 6.412313536932263969e-02
6.017999999999999545e+02 6.430765437253521677e-02
6.020000000000000000e+02 6.452066533188309527e-02
6.022000000000000455e+02 6.472852437153946148e-02
6.023999999999999773e+02 6.489152355256889992e-02
6.026000000000000227e+02 6.501622746266672026e-02
6.027999999999999545e+02 6.510325104512387773e-02
6.030000000000000000e+02 6.518964609107472108e-02
6.032000000000000455e+02 6.535100514333234967e-02
6.033999999999999773e+02 6.554816928118999131e-02
6.036000000000000227e+02 6.575577614092417700e-02
6.037999999999999545e+02 6.598549239972166525e-02
6.040000000000000000e+02 6.617058416722143566e-02
6.042000000000000455e+02 6.635713099298172490e-02
6.043999999999999773e+02 6.665994119038622101e-02
6.046000000000000227e+02 6.706533563760161409e-02
6.047999999999999545e+02 6.748421036178514631e-02
6.050000000000000000e+02 6.783794949356090898e-02
6.052000000000000455e+02 6.814047499925558748e-02
6.053999999999999773e+02 6.841138386565266682e-02
6.056000000000000227e+02 6.868122616980699979e-02
6.057999999999999545e+02 6.898079510669959113e-02
6.060000000000000000e+02 6.921846549086060896e-02
6.062000000000000455e+02 6.932934789857350677e-02
6.063999999999999773e+02 6.932105719869310900e-02
6.066000000000000227e+02 6.915051487886360315e-02
6.067999999999999545e+02 6.881106229225086857e-02
6.070000000000000000e+02 6.835273007198604256e-02
6.072000000000000455e+02 6.784434011136077081e-02
6.073999999999999773e+02 6.720936013417511123e-02
6.076000000000000227e+02 6.636077837531927093e-02
6.077999999999999545e+02 6.541620429950956161e-02
6.080000000000000000e+02 6.443735497487279584e-02
6.082000000000000455e+02 6.344955511406577542e-02
6.083999999999999773e+02 6.247204296768694987e-02
6.086000000000000227e+02 6.139875867114009955e-02
6.087999999999999545e+02 6.017816524764504904e-02
6.090000000000000000e+02 5.889342603461239500e-02
6.092000000000000455e+02 5.762896982788633105e-02
6.093999999999999773e+02 5.643829224173554926e-02
6.096000000000000227e+02 5.533901109637411053e-02
6.097999999999999545e+02 5.432221089912098178e-02
6.100000000000000000e+02 5.335588710378415950e-02
6.102000000000000455e+02 5.241785499317094116e-02
6.103999999999999773e+02 5.154538151069219809e-02
6.106000000000000227e+02 5.079649755952942575e-02
6.107999999999999545e+02 5.014954649542164439e-02
6.110000000000000000e+02 4.945155090923886859e-02
6.112000000000000455e+02 4.874195015282992843e-02
6.113999999999999773e+02 4.810215965074832872e-02
6.116000000000000227e+02 4.753964912311602065e-02
6.117999999999999545e+02 4.702079602985860529e-02
6.120000000000000000e+02 4.654336332228090761e-02
6.122000000000000455e+02 4.612812536105834887e-02
6.123999999999999773e+02 4.571781588334821594e-02
6.126000000000000227e+02 4.530251518466892752e-02
6.127999999999999545e+02 4.490723880273524843e-02
6.130000000000000000e+02 4.451120123328848599e-02
6.132000000000000455e+02 4.412882278704908373e-02
6.133999999999999773e+02 4.377585149007032217e-02
6.136000000000000227e+02 4.341816420269657695e-02
6.137999999999999545e+02 4.302366565115713776e-02
6.140000000000000000e+02 4.260993997262763067e-02
6.142000000000000455e+02 4.224217193361166911e-02
6.143999999999999773e+02 4.186768276816964923e-02
6.146000000000000227e+02 4.145701893855668202e-02
6.147999999999999545e+02 4.104382457041632487e-02
6.150000000000000000e+02 4.061488616320117762e-02
6.152000000000000455e+02 4.018512205981734919e-02
6.153999999999999773e+02 3.977524219766292307e-02
6.156000000000000227e+02 3.932362584353707446e-02
6.157999999999999545e+02 3.882662945186942521e-02
6.160000000000000000e+02 3.833314606580858624e-02
6.162000000000000455e+02 3.789460923001967269e-02
6.163999999999999773e+02 3.752038282165404831e-02
6.166000000000000227e+02 3.717585621561118880e-02
6.167999999999999545e+02 3.679426666698099729e-02
6.170000000000000000e+02 3.633710448514591157e-02
6.172000000000000455e+02 3.586495698801301507e-02
6.173999999999999773e+02 3.549814323092911200e-02
6.176000000000000227e+02 3.514650886230111237e-02
6.177999999999999545e+02 3.473306232840968344e-02
6.180000000000000000e+02 3.426495131608877504e-02
6.182000000000000455e+02 3.379633861503445608e-02
6.183999999999999773e+02 3.337046127810253116e-02
6.186000000000000227e+02 3.300446449638433366e-02
6.187999999999999545e+02 3.268416164625673886e-02
6.190000000000000000e+02 3.235958977243910684e-02
6.192000000000000455e+02 3.199825670616512907e-02
6.193999999999999773e+02 3.162574784710487502e-02
6.196000000000000227e+02 3.125089934095044708e-02
6.197999999999999545e+02 3.087776439908628684e-02
6.200000000000000000e+02 3.052300079563782798e-02
6.202000000000000455e+02 3.023100541731782442e-02
6.203999999999999773e+02 2.996890316096265799e-02
6.206000000000000227e+02 2.965415345296650712e-02
6.207999999999999545e+02 2.933138250697591570e-02
6.210000000000000000e+02 2.904645686311792263e-02
6.212000000000000455e+02 2.880316967177976722e-02
6.213999999999999773e+02 2.855556402540766064e-02
6.216000000000000227e+02 2.828423452196354715e-02
6.217999999999999545e+02 2.800113684534511621e-02
6.220000000000000000e+02 2.773819520218237522e-02
6.222000000000000455e+02 2.752083171544700974e-02
6.223999999999999773e+02 2.731510174780472228e-02
6.226000000000000227e+02 2.703221951047846822e-02
6.227999999999999545e+02 2.671268667316547413e-02
6.230000000000000000e+02 2.642525789848411411e-02
6.232000000000000455e+02 2.619491612948315201e-02
6.233999999999999773e+02 2.595169564239113019e-02
6.236000000000000227e+02 2.569208199483624666e-02
6.237999999999999545e+02 2.546854015760262324e-02
6.240000000000000000e+02 2.527763249222933495e-02
6.242000000000000455e+02 2.505676453264783082e-02
6.243999999999999773e+02 2.479621404367010618e-02
6.246000000000000227e+02 2.463614861057053518e-02
6.247999999999999545e+02 2.453321494321005630e-02
6.250000000000000000e+02 2.439318078607420615e-02
6.252000000000000455e+02 2.420195367750233029e-02
6.253999999999999773e+02 2.398233063723536479e-02
6.256000000000000227e+02 2.376147413631342353e-02
6.257999999999999545e+02 2.355168234769686175e-02
6.260000000000000000e+02 2.333573883764134688e-02
6.262000000000000455e+02 2.310466901430386494e-02
6.263999999999999773e+02 2.287047773020430691e-02
6.266000000000000227e+02 2.266029725018593732e-02
6.267999999999999545e+02 2.243827875886870299e-02
6.270000000000000000e+02 2.216446150620316607e-02
6.272000000000000455e+02 2.188894707346197843e-02
6.273999999999999773e+02 2.164577373126218285e-02
6.276000000000000227e+02 2.143508969656984092e-02
6.277999999999999545e+02 2.122874216041666789e-02
6.280000000000000000e+02 2.102131838687227444e-02
6.282000000000000455e+02 2.082019330247619759e-02
6.283999999999999773e+02 2.063182974238302048e-02
6.286000000000000227e+02 2.044303466385729434e-02
6.287999999999999545e+02 2.026469297200707981e-02
6.290000000000000000e+02 2.011844832725338816e-02
6.292000000000000455e+02 1.996735985852306910e-02
6.293999999999999773e+02 1.979656622919946651e-02
6.296000000000000227e+02 1.962764126340459797e-02
6.297999999999999545e+02 1.950424858966680330e-02
6.300000000000000000e+02 1.943169035515224935e-02
6.302000000000000455e+02 1.938057972933970863e-02
6.303999999999999773e+02 1.930170249275732497e-02
6.306000000000000227e+02 1.915087150184084652e-02
6.307999999999999545e+02 1.893841794627305897e-02
6.310000000000000000e+02 1.873259942791377641e-02
6.312000000000000455e+02 1.853774161831289041e-02
6.313999999999999773e+02 1.835954806001446893e-02
6.316000000000000227e+02 1.821171919271483836e-02
6.317999999999999545e+02 1.805317159337564009e-02
6.320000000000000000e+02 1.788276560603822840e-02
6.322000000000000455e+02 1.773653787667494458e-02
6.323999999999999773e+02 1.763454029316036814e-02
6.326000000000000227e+02 1.757288827811007842e-02
6.327999999999999545e+02 1.749945191909547254e-02
6.330000000000000000e+02 1.731355882486531467e-02
6.332000000000000455e+02 1.707311995247221686e-02
6.333999999999999773e+02 1.685755435210560538e-02
6.336000000000000227e+02 1.667618871887509985e-02
6.337999999999999545e+02 1.659259402604740946e-02
6.340000000000000000e+02 1.659020708330159743e-02
6.342000000000000455e+02 1.655584708703074226e-02
6.343999999999999773e+02 1.645022908906223352e-02
6.346000000000000227e+02 1.632023789312640749e-02
6.347999999999999545e+02 1.623408950036524245e-02
6.350000000000000000e+02 1.615737849519800762e-02
6.352000000000000455e+02 1.606416460131066676e-02
6.353999999999999773e+02 1.596119245292653560e-02
6.356000000000000227e+02 1.588017744543031295e-02
6.357999999999999545e+02 1.579972939554271510e-02
6.360000000000000000e+02 1.572105426753148127e-02
6.362000000000000455e+02 1.571059922235659712e-02
6.363999999999999773e+02 1.573650457279349851e-02
6.366000000000000227e+02 1.575285316873299701e-02
6.367999999999999545e+02 1.574658136261588431e-02
6.370000000000000000e+02 1.571547700133529152e-02
6.372000000000000455e+02 1.567094193242792727e-02
6.373999999999999773e+02 1.563591600921139524e-02
6.376000000000000227e+02 1.563257195278611872e-02
6.377999999999999545e+02 1.563034296945983032e-02
6.380000000000000000e+02 1.561771797749236974e-02
6.382000000000000455e+02 1.569948562053219421e-02
6.383999999999999773e+02 1.585446486460163201e-02
6.386000000000000227e+02 1.597863263951308788e-02
6.387999999999999545e+02 1.598857218430512622e-02
6.390000000000000000e+02 1.599514393628891085e-02
6.392000000000000455e+02 1.608816365104595580e-02
6.393999999999999773e+02 1.621859697124411470e-02
6.396000000000000227e+02 1.630537219446391572e-02
6.397999999999999545e+02 1.633541488874417497e-02
6.400000000000000000e+02 1.635622729216999055e-02
6.402000000000000455e+02 1.636665510754681252e-02
6.403999999999999773e+02 1.640242976154857035e-02
6.406000000000000227e+02 1.648824601136331114e-02
6.407999999999999545e+02 1.653407013926722069e-02
6.410000000000000000e+02 1.650843913508969613e-02
6.412000000000000455e+02 1.640621291901264711e-02
6.413999999999999773e+02 1.620478782828567443e-02
6.416000000000000227e+02 1.600534135066651598e-02
6.417999999999999545e+02 1.590923323136696210e-02
6.420000000000000000e+02 1.591718216877918701e-02
6.422000000000000455e+02 1.591848972326580236e-02
6.423999999999999773e+02 1.586228608944463547e-02
6.426000000000000227e+02 1.579611689860779128e-02
6.427999999999999545e+02 1.575666731122122438e-02
6.430000000000000000e+02 1.577348429532958451e-02
6.432000000000000455e+02 1.585063433025454827e-02
6.433999999999999773e+02 1.593164082965060901e-02
6.436000000000000227e+02 1.597370111174870044e-02
6.437999999999999545e+02 1.599866671829287129e-02
6.440000000000000000e+02 1.611058918060568473e-02
6.442000000000000455e+02 1.627289711508230624e-02
6.443999999999999773e+02 1.644822929188807792e-02
6.446000000000000227e+02 1.668680420857266561e-02
6.447999999999999545e+02 1.691792147754262593e-02
6.450000000000000000e+02 1.712486946021540835e-02
6.452000000000000455e+02 1.738344599091797005e-02
6.453999999999999773e+02 1.767214779638981437e-02
6.456000000000000227e+02 1.796879998850170468e-02
6.457999999999999545e+02 1.827705140351047058e-02
6.460000000000000000e+02 1.860491157161802550e-02
6.462000000000000455e+02 1.892003361770594472e-02
6.463999999999999773e+02 1.919342038397249539e-02
6.466000000000000227e+02 1.946207609715296799e-02
6.467999999999999545e+02 1.973226494511604034e-02
6.470000000000000000e+02 1.999889437461169900e-02
6.472000000000000455e+02 2.026964298829993932e-02
6.473999999999999773e+02 2.053509739682150143e-02
6.476000000000000227e+02 2.076652470191991257e-02
6.477999999999999545e+02 2.092211489171926647e-02
6.480000000000000000e+02 2.097278317836933498e-02
6.482000000000000455e+02 2.094333707764023389e-02
6.483999999999999773e+02 2.088111994955434148e-02
6.486000000000000227e+02 2.075101377971790700e-02
6.487999999999999545e+02 2.052677240863904490e-02
6.490000000000000000e+02 2.022472358294083450e-02
6.492000000000000455e+02 1.991246836834215800e-02
6.493999999999999773e+02 1.961411818931517448e-02
6.496000000000000227e+02 1.930794871379946237e-02
6.497999999999999545e+02 1.895127327442522325e-02
6.500000000000000000e+02 1.857052483502553974e-02
6.502000000000000455e+02 1.817083090745643531e-02
6.503999999999999773e+02 1.770697954123779533e-02
6.506000000000000227e+02 1.723022432890904815e-02
6.507999999999999545e+02 1.679101972041525948e-02
6.510000000000000000e+02 1.641432088304500825e-02
6.512000000000000455e+02 1.614544723471966065e-02
6.513999999999999773e+02 1.591254881203932325e-02
6.516000000000000227e+02 1.561791219645192012e-02
6.517999999999999545e+02 1.534505298149563442e-02
6.520000000000000000e+02 1.513478813608244884e-02
6.522000000000000455e+02 1.495747691973312206e-02
6.523999999999999773e+02 1.474304370577530186e-02
6.526000000000000227e+02 1.450510651174699052e-02
6.527999999999999545e+02 1.430971409121675926e-02
6.530000000000000000e+02 1.420307581521248509e-02
6.532000000000000455e+02 1.403501692483786166e-02
6.533999999999999773e+02 1.375972578041899895e-02
6.536000000000000227e+02 1.351081761008098188e-02
6.537999999999999545e+02 1.337013465710308775e-02
6.540000000000000000e+02 1.327981848665542482e-02
6.542000000000000455e+02 1.311959130831005967e-02
6.543999999999999773e+02 1.289870531507353139e-02
6.546000000000000227e+02 1.266970283810444318e-02
6.547999999999999545e+02 1.246298881229230930e-02
6.550000000000000000e+02 1.224224244879672761e-02
6.552000000000000455e+02 1.202705620852449232e-02
6.553999999999999773e+02 1.185682007327807340e-02
6.556000000000000227e+02 1.173951750690649214e-02
6.557999999999999545e+02 1.161197725851110217e-02
6.560000000000000000e+02 1.139847521537400675e-02
6.562000000000000455e+02 1.107890294839554250e-02
6.563999999999999773e+02 1.079691568581839754e-02
6.566000000000000227e+02 1.058221679146510545e-02
6.567999999999999545e+02 1.034248803315864114e-02
6.570000000000000000e+02 1.006228912928869811e-02
6.572000000000000455e+02 9.792401777827515127e-03
6.573999999999999773e+02 9.565718994256415877e-03
6.576000000000000227e+02 9.303405683391082273e-03
6.577999999999999545e+02 9.024103673454504301e-03
6.580000000000000000e+02 8.772259182664667379e-03
6.582000000000000455e+02 8.526333667775306061e-03
6.583999999999999773e+02 8.228397644330786784e-03
6.586000000000000227e+02 7.846363761746003376e-03
6.587999999999999545e+02 7.416749897183197784e-03
6.590000000000000000e+02 7.061319532026537338e-03
6.592000000000000455e+02 6.837399965408831951e-03
6.593999999999999773e+02 6.706903104054173434e-03
6.596000000000000227e+02 6.612193372076136111e-03
6.597999999999999545e+02 6.564890940154643681e-03
6.600000000000000000e+02 6.578922968944024910e-03
6.602000000000000455e+02 6.547644409347824768e-03
6.603999999999999773e+02 6.466509546357005270e-03
6.606000000000000227e+02 6.399764165898947851e-03
6.607999999999999545e+02 6.398431646190680389e-03
6.610000000000000000e+02 6.436801244962210913e-03
6.612000000000000455e+02 6.466058936015399092e-03
6.613999999999999773e+02 6.466603791310466393e-03
6.616000000000000227e+02 6.496422167817121271e-03
6.617999999999999545e+02 6.592589732377600667e-03
6.620000000000000000e+02 6.723372745151870791e-03
6.622000000000000455e+02 6.788442975255885165e-03
6.623999999999999773e+02 6.765261177262303638e-03
6.626000000000000227e+02 6.702465028980064340e-03
6.627999999999999545e+02 6.629722805823698786e-03
6.630000000000000000e+02 6.533616004499705199e-03
6.632000000000000455e+02 6.420124770124793073e-03
6.633999999999999773e+02 6.367713159701219802e-03
6.636000000000000227e+02 6.331895287558751695e-03
6.637999999999999545e+02 6.246193110918700150e-03
6.640000000000000000e+02 6.105540028946565209e-03
6.642000000000000455e+02 5.908383284292764367e-03
6.643999999999999773e+02 5.686789874372219847e-03
6.646000000000000227e+02 5.494309433838528642e-03
6.647999999999999545e+02 5.312618627457339412e-03
6.650000000000000000e+02 5.158646558207663491e-03
6.652000000000000455e+02 5.071018060637382321e-03
6.653999999999999773e+02 5.009639362634972157e-03
6.656000000000000227e+02 4.919843541575638635e-03
6.657999999999999545e+02 4.809976673666831182e-03
6.660000000000000000e+02 4.803650822515961177e-03
6.662000000000000455e+02 4.843074801558103909e-03
6.663999999999999773e+02 4.801302491746047008e-03
6.666000000000000227e+02 4.631142914788237766e-03
6.667999999999999545e+02 4.451207816925666430e-03
6.670000000000000000e+02 4.330871139665891725e-03
6.672000000000000455e+02 4.218010293372303349e-03
6.673999999999999773e+02 4.127014353330680715e-03
6.676000000000000227e+02 4.065243380780698274e-03
6.677999999999999545e+02 4.020328680255959297e-03
6.680000000000000000e+02 3.997885392469211277e-03
6.682000000000000455e+02 3.951691559969851969e-03
6.683999999999999773e+02 3.839804704922908721e-03
6.686000000000000227e+02 3.723729877359414561e-03
6.687999999999999545e+02 3.633796676574548024e-03
6.690000000000000000e+02 3.537123723042826656e-03
6.692000000000000455e+02 3.361740303858414339e-03
6.693999999999999773e+02 3.214339560650109756e-03
6.696000000000000227e+02 3.135120933541721278e-03
6.697999999999999545e+02 3.010862491024890453e-03
6.700000000000000000e+02 2.912408020521907101e-03
6.702000000000000455e+02 2.889814724238938884e-03
6.703999999999999773e+02 2.899820324223405937e-03
6.706000000000000227e+02 2.868964259302097045e-03
6.707999999999999545e+02 2.816389242960057326e-03
6.710000000000000000e+02 2.792933188169111416e-03
6.712000000000000455e+02 2.740753449818153498e-03
6.713999999999999773e+02 2.685585568503536663e-03
6.716000000000000227e+02 2.682533216754452027e-03
6.717999999999999545e+02 2.721341385100491811e-03
6.720000000000000000e+02 2.749115223206147901e-03
6.722000000000000455e+02 2.711146828210650450e-03
6.723999999999999773e+02 2.581455127034903291e-03
6.726000000000000227e+02 2.380973320827603837e-03
6.727999999999999545e+02 2.228882259790645332e-03
6.730000000000000000e+02 2.239550172884805304e-03
6.732000000000000455e+02 2.167716514503629024e-03
6.733999999999999773e+02 1.972031986439260962e-03
6.736000000000000227e+02 1.814205200671693829e-03
6.737999999999999545e+02 1.723204497420324430e-03
6.740000000000000000e+02 1.631916365632708754e-03
6.742000000000000455e+02 1.499740481059498934e-03
6.743999999999999773e+02 1.412456054524209234e-03
6.746000000000000227e+02 1.260986505321684201e-03
6.747999999999999545e+02 9.815651004335904789e-04
6.750000000000000000e+02 7.285571512890606088e-04
6.752000000000000455e+02 5.722085856925945152e-04
6.753999999999999773e+02 5.139742474334890038e-04
6.756000000000000227e+02 5.080887464627963784e-04
6.757999999999999545e+02 4.703052051960067426e-04
6.760000000000000000e+02 3.612259499635381288e-04
6.762000000000000455e+02 2.247001809315522791e-04
6.763999999999999773e+02 1.920097324230856523e-04
6.766000000000000227e+02 2.032993035956127265e-04
6.767999999999999545e+02 1.384108214965741601e-04
6.770000000000000000e+02 6.474569667727636535e-05
6.772000000000000455e+02 1.651410138433020980e-05
6.773999999999999773e+02 0.000000000000000000e+00
6.776000000000000227e+02 2.628633909605888885e-05
6.777999999999999545e+02 9.656213636795481225e-05
6.780000000000000000e+02 1.628110177802708641e-04
6.782000000000000455e+02 1.485658640310878048e-04
6.783999999999999773e+02 1.124965174888990782e-04
6.786000000000000227e+02 1.158863280007506324e-04
6.787999999999999545e+02 1.772040759771172092e-04
6.790000000000000000e+02 2.907994162151469886e-04
6.792000000000000455e+02 3.987554438498637499e-04
6.793999999999999773e+02 4.433565247223252709e-04
6.796000000000000227e+02 4.571146834925175761e-04
6.797999999999999545e+02 4.873281754844659142e-04
6.800000000000000000e+02 5.342203745525749004e-04
