5.450000000000000000e+02 1.262592081645286246e-02
5.452000000000000455e+02 1.266030795145718299e-02
5.453999999999999773e+02 1.273985710090316109e-02
5.456000000000000227e+02 1.269824987069469516e-02
5.457999999999999545e+02 1.256720893911124001e-02
5.460000000000000000e+02 1.255639372395711550e-02
5.462000000000000455e+02 1.255648000864268907e-02
5.463999999999999773e+02 1.251008484022728476e-02
5.466000000000000227e+02 1.245399466993740711e-02
5.467999999999999545e+02 1.243718230641078712e-02
5.470000000000000000e+02 1.243184111732998851e-02
5.472000000000000455e+02 1.241064584152833453e-02
5.473999999999999773e+02 1.241407553204192452e-02
5.476000000000000227e+02 1.250664185566537079e-02
5.477999999999999545e+02 1.264220022535909177e-02
5.480000000000000000e+02 1.268017056203672721e-02
5.482000000000000455e+02 1.265700334091290902e-02
5.483999999999999773e+02 1.256742544714785359e-02
5.486000000000000227e+02 1.239446368833964363e-02
5.487999999999999545e+02 1.230523379533786724e-02
5.490000000000000000e+02 1.229024769553833593e-02
5.492000000000000455e+02 1.225213208110937854e-02
5.493999999999999773e+02 1.220368190908441980e-02
5.496000000000000227e+02 1.216265579639616221e-02
5.497999999999999545e+02 1.211929764311714744e-02
5.500000000000000000e+02 1.204207127733673138e-02
5.502000000000000455e+02 1.197423918180897176e-02
5.503999999999999773e+02 1.191533492173130204e-02
5.506000000000000227e+02 1.178943763022872321e-02
5.507999999999999545e+02 1.155800260896538978e-02
5.510000000000000000e+02 1.132621313971089727e-02
5.512000000000000455e+02 1.121932042516834288e-02
5.513999999999999773e+02 1.110496528985742415e-02
5.516000000000000227e+02 1.101223092118253435e-02
5.517999999999999545e+02 1.100276158519409089e-02
5.520000000000000000e+02 1.094808268359161174e-02
5.522000000000000455e+02 1.086880114404649086e-02
5.523999999999999773e+02 1.082319126880361068e-02
5.526000000000000227e+02 1.080070000993285997e-02
5.527999999999999545e+02 1.079501406154419196e-02
5.530000000000000000e+02 1.082578019615031834e-02
5.532000000000000455e+02 1.091857683432131271e-02
5.533999999999999773e+02 1.102369282658308830e-02
5.536000000000000227e+02 1.110422020505543589e-02
5.537999999999999545e+02 1.116910484474244875e-02
5.540000000000000000e+02 1.127441423437834309e-02
5.542000000000000455e+02 1.141488020242516568e-02
5.543999999999999773e+02 1.157152715879080848e-02
5.546000000000000227e+02 1.177553604136524421e-02
5.547999999999999545e+02 1.197784261815687187e-02
5.550000000000000000e+02 1.216175599363709600e-02
5.552000000000000455e+02 1.240019678496390859e-02
5.553999999999999773e+02 1.266646934832874744e-02
5.556000000000000227e+02 1.291625106604193593e-02
5.557999999999999545e+02 1.313886122622372546e-02
5.560000000000000000e+02 1.337106101393891952e-02
5.562000000000000455e+02 1.360718926600884213e-02
5.563999999999999773e+02 1.380148369353960056e-02
5.566000000000000227e+02 1.392627579590224526e-02
5.567999999999999545e+02 1.401664405663248167e-02
5.570000000000000000e+02 1.411837151641945690e-02
5.572000000000000455e+02 1.422381766791628796e-02
5.573999999999999773e+02 1.431189427093150154e-02
5.576000000000000227e+02 1.437907474760790824e-02
5.577999999999999545e+02 1.444647153643799017e-02
5.580000000000000000e+02 1.450601746841694364e-02
5.582000000000000455e+02 1.453581667051792939e-02
5.583999999999999773e+02 1.454892280556424958e-02
5.586000000000000227e+02 1.468895019623350437e-02
5.587999999999999545e+02 1.491928847654655152e-02
5.590000000000000000e+02 1.511625564206485819e-02
5.592000000000000455e+02 1.537233552190043692e-02
5.593999999999999773e+02 1.574037849756438831e-02
5.596000000000000227e+02 1.621899981012638395e-02
5.597999999999999545e+02 1.679436798576979320e-02
5.600000000000000000e+02 1.748074185771271091e-02
5.602000000000000455e+02 1.828426120622040144e-02
5.603999999999999773e+02 1.917176506609960182e-02
5.606000000000000227e+02 2.006602175969710369e-02
5.607999999999999545e+02 2.093751853756805129e-02
5.610000000000000000e+02 2.181955243919549495e-02
5.612000000000000455e+02 2.273403871092454301e-02
5.613999999999999773e+02 2.364467989890246466e-02
5.616000000000000227e+02 2.446325013885003105e-02
5.617999999999999545e+02 2.509813333589819631e-02
5.620000000000000000e+02 2.563985086915576347e-02
5.622000000000000455e+02 2.615522990413328072e-02
5.623999999999999773e+02 2.649361495478149212e-02
5.626000000000000227e+02 2.669509797384502989e-02
5.627999999999999545e+02 2.682621321847452819e-02
5.630000000000000000e+02 2.686220341692301464e-02
5.632000000000000455e+02 2.678661271795046081e-02
5.633999999999999773e+02 2.661759687946000166e-02
5.636000000000000227e+02 2.641152399085279143e-02
5.637999999999999545e+02 2.624670949400756056e-02
5.640000000000000000e+02 2.616166946582388145e-02
5.642000000000000455e+02 2.613720044000013634e-02
5.643999999999999773e+02 2.610371077865809505e-02
5.646000000000000227e+02 2.607433053117040947e-02
5.647999999999999545e+02 2.609104475132371578e-02
5.650000000000000000e+02 2.615546767276259385e-02
5.652000000000000455e+02 2.628774766094017432e-02
5.653999999999999773e+02 2.657659722974204872e-02
5.656000000000000227e+02 2.713362655568664697e-02
5.657999999999999545e+02 2.780308491451776234e-02
5.660000000000000000e+02 2.850815321681622952e-02
5.662000000000000455e+02 2.931167827792387562e-02
5.663999999999999773e+02 3.019606614052338864e-02
5.666000000000000227e+02 3.111016140135265326e-02
5.667999999999999545e+02 3.201635210198348902e-02
5.670000000000000000e+02 3.293605014143673182e-02
5.672000000000000455e+02 3.388325690871155094e-02
5.673999999999999773e+02 3.484954437648264680e-02
5.676000000000000227e+02 3.581321801594399001e-02
5.677999999999999545e+02 3.681742186749449586e-02
5.680000000000000000e+02 3.785100860516886490e-02
5.682000000000000455e+02 3.881146516121931900e-02
5.683999999999999773e+02 3.967486411032061788e-02
5.686000000000000227e+02 4.042074634075133732e-02
5.687999999999999545e+02 4.103463280425599657e-02
5.690000000000000000e+02 4.158659269549393189e-02
5.692000000000000455e+02 4.205510635488919624e-02
5.693999999999999773e+02 4.240468958541439293e-02
5.696000000000000227e+02 4.274557134580007911e-02
5.697999999999999545e+02 4.306281158068175907e-02
5.700000000000000000e+02 4.332503904429770014e-02
5.702000000000000455e+02 4.359176165895174704e-02
5.703999999999999773e+02 4.378901292607891016e-02
5.706000000000000227e+02 4.392376560810679065e-02
5.707999999999999545e+02 4.416742609453072621e-02
5.710000000000000000e+02 4.461649476855343577e-02
5.712000000000000455e+02 4.513213628533324639e-02
5.713999999999999773e+02 4.548734820728411732e-02
5.716000000000000227e+02 4.581682648643542466e-02
5.717999999999999545e+02 4.620147327404859616e-02
5.720000000000000000e+02 4.664136344146221913e-02
5.722000000000000455e+02 4.716022960093807503e-02
5.723999999999999773e+02 4.773370203779324361e-02
5.726000000000000227e+02 4.831408931182103184e-02
5.727999999999999545e+02 4.886613693799314595e-02
5.730000000000000000e+02 4.938556194665220944e-02
5.732000000000000455e+02 4.986973116684118024e-02
5.733999999999999773e+02 5.029675085757981390e-02
5.736000000000000227e+02 5.061755143738218277e-02
5.737999999999999545e+02 5.081669095655474977e-02
5.740000000000000000e+02 5.088875362138901848e-02
5.742000000000000455e+02 5.075659036126585477e-02
5.743999999999999773e+02 5.057583012989036453e-02
5.746000000000000227e+02 5.051894831935323238e-02
5.747999999999999545e+02 5.041077556700430951e-02
5.750000000000000000e+02 5.015847015287347443e-02
5.752000000000000455e+02 4.977049029132495084e-02
5.753999999999999773e+02 4.930480754680735545e-02
5.756000000000000227e+02 4.878822849279693119e-02
5.757999999999999545e+02 4.821289354419994178e-02
5.760000000000000000e+02 4.755424760513335403e-02
5.762000000000000455e+02 4.682531474789214387e-02
5.763999999999999773e+02 4.599616309711571094e-02
5.766000000000000227e+02 4.507404609671261664e-02
5.767999999999999545e+02 4.429645206654603262e-02
5.770000000000000000e+02 4.345993278279655647e-02
5.772000000000000455e+02 4.218041346852705042e-02
5.773999999999999773e+02 4.048885504314664319e-02
5.776000000000000227e+02 3.907255241478804764e-02
5.777999999999999545e+02 3.828824421444855519e-02
5.780000000000000000e+02 3.752751824118946700e-02
5.782000000000000455e+02 3.679893633776500084e-02
5.783999999999999773e+02 3.617656940580135649e-02
5.786000000000000227e+02 3.551236923704115256e-02
5.787999999999999545e+02 3.484910719603305507e-02
5.790000000000000000e+02 3.423716380663209546e-02
5.792000000000000455e+02 3.368310945032823578e-02
5.793999999999999773e+02 3.320910178571041815e-02
5.796000000000000227e+02 3.281472343380548162e-02
5.797999999999999545e+02 3.244127068853129570e-02
5.800000000000000000e+02 3.197189168229326584e-02
5.802000000000000455e+02 3.162353430151806921e-02
5.803999999999999773e+02 3.166444196335098382e-02
5.806000000000000227e+02 3.202280698015698424e-02
5.807999999999999545e+02 3.203887830985593932e-02
5.810000000000000000e+02 3.148270425990176702e-02
5.812000000000000455e+02 3.091607228364702184e-02
5.813999999999999773e+02 3.037367003261322654e-02
5.816000000000000227e+02 2.980664466884215200e-02
5.817999999999999545e+02 2.925576939934239687e-02
5.820000000000000000e+02 2.871461439848247907e-02
5.822000000000000455e+02 2.818290944623674452e-02
5.823999999999999773e+02 2.765907227639870583e-02
5.826000000000000227e+02 2.711108246729613050e-02
5.827999999999999545e+02 2.661092504293604763e-02
5.830000000000000000e+02 2.617685738307052798e-02
5.832000000000000455e+02 2.562722495816274412e-02
5.833999999999999773e+02 2.502154570203500919e-02
5.836000000000000227e+02 2.448198687178680319e-02
5.837999999999999545e+02 2.402137950620127430e-02
5.840000000000000000e+02 2.352488628871396079e-02
5.842000000000000455e+02 2.294702689114773778e-02
5.843999999999999773e+02 2.235468528544120800e-02
5.846000000000000227e+02 2.177322791367755986e-02
5.847999999999999545e+02 2.119293031900000221e-02
5.850000000000000000e+02 2.059221434070086440e-02
5.852000000000000455e+02 1.997456709732795335e-02
5.853999999999999773e+02 1.936339797486191436e-02
5.856000000000000227e+02 1.877507401134032375e-02
5.857999999999999545e+02 1.819560453898553740e-02
5.860000000000000000e+02 1.765684120599960230e-02
5.862000000000000455e+02 1.720176457940859535e-02
5.863999999999999773e+02 1.683601533102261141e-02
5.866000000000000227e+02 1.647441988803014304e-02
5.867999999999999545e+02 1.608102002577695491e-02
5.870000000000000000e+02 1.571883050203692553e-02
5.872000000000000455e+02 1.544934160054786329e-02
5.873999999999999773e+02 1.526998517460389018e-02
5.876000000000000227e+02 1.513037727821374065e-02
5.877999999999999545e+02 1.500920426056931781e-02
5.880000000000000000e+02 1.488051794172568984e-02
5.882000000000000455e+02 1.473027280439402273e-02
5.883999999999999773e+02 1.458287243347087744e-02
5.886000000000000227e+02 1.440773641496186433e-02
5.887999999999999545e+02 1.421962665317370519e-02
5.890000000000000000e+02 1.413534169736438070e-02
5.892000000000000455e+02 1.406916432768002059e-02
5.893999999999999773e+02 1.394772198307081199e-02
5.896000000000000227e+02 1.383011942598684832e-02
5.897999999999999545e+02 1.379273474457281753e-02
5.900000000000000000e+02 1.380287229163055032e-02
5.902000000000000455e+02 1.375908944386950231e-02
5.903999999999999773e+02 1.370458299967274376e-02
5.906000000000000227e+02 1.370760851743730094e-02
5.907999999999999545e+02 1.378690600598932517e-02
5.910000000000000000e+02 1.386138943492265865e-02
5.912000000000000455e+02 1.394697651503113908e-02
5.913999999999999773e+02 1.410756023375383736e-02
5.916000000000000227e+02 1.436483267430334679e-02
5.917999999999999545e+02 1.466590857381630184e-02
5.920000000000000000e+02 1.494385669516487894e-02
5.922000000000000455e+02 1.517545268123659044e-02
5.923999999999999773e+02 1.543923097659665247e-02
5.926000000000000227e+02 1.577464401923605805e-02
5.927999999999999545e+02 1.614741483582414136e-02
5.930000000000000000e+02 1.653432749870211230e-02
5.932000000000000455e+02 1.693223664875910875e-02
5.933999999999999773e+02 1.733359449845208247e-02
5.936000000000000227e+02 1.768480439266814294e-02
5.937999999999999545e+02 1.796088286672728809e-02
5.940000000000000000e+02 1.822375013910671956e-02
5.942000000000000455e+02 1.863049749238295319e-02
5.943999999999999773e+02 1.908378884007990231e-02
5.946000000000000227e+02 1.944695990226246937e-02
5.947999999999999545e+02 1.972959370397920839e-02
5.950000000000000000e+02 2.002651719642193143e-02
5.952000000000000455e+02 2.041572564922788588e-02
5.953999999999999773e+02 2.089284485097503072e-02
5.956000000000000227e+02 2.132549875466948144e-02
5.957999999999999545e+02 2.169483244077420950e-02
5.960000000000000000e+02 2.207523012725442699e-02
5.962000000000000455e+02 2.244076941193500277e-02
5.963999999999999773e+02 2.283521301487179481e-02
5.966000000000000227e+02 2.335143834881537803e-02
5.967999999999999545e+02 2.404007879291542374e-02
5.970000000000000000e+02 2.480234212102669714e-02
5.972000000000000455e+02 2.553959199796463145e-02
5.973999999999999773e+02 2.628718891910361219e-02
5.976000000000000227e+02 2.715763393386217209e-02
5.977999999999999545e+02 2.819473512983019722e-02
5.980000000000000000e+02 2.933079749837829917e-02
5.982000000000000455e+02 3.051856594855504798e-02
5.983999999999999773e+02 3.170218789417642014e-02
5.986000000000000227e+02 3.287112707958499136e-02
5.987999999999999545e+02 3.419756215636297891e-02
5.990000000000000000e+02 3.568913654142372160e-02
5.992000000000000455e+02 3.722139050672028382e-02
5.993999999999999773e+02 3.871511453052160767e-02
5.996000000000000227e+02 4.016293284897758109e-02
5.997999999999999545e+02 4.153730893086111930e-02
6.000000000000000000e+02 4.274583049704708260e-02
6.002000000000000455e+02 4.392433814105865808e-02
6.003999999999999773e+02 4.510098480897060946e-02
6.006000000000000227e+02 4.607410968799798001e-02
6.007999999999999545e+02 4.686965395711112370e-02
6.010000000000000000e+02 4.757381362299382965e-02
6.012000000000000455e+02 4.822021452357405646e-02
6.013999999999999773e+02 4.871771868706656350e-02
6.016000000000000227e+02 4.906244284734113947e-02
6.017999999999999545e+02 4.931958440513785347e-02
6.020000000000000000e+02 4.950225170861873025e-02
6.022000000000000455e+02 4.963821105369559117e-02
6.023999999999999773e+02 4.975379370913171617e-02
6.026000000000000227e+02 4.984197817978425205e-02
6.027999999999999545e+02 4.987003208676626942e-02
6.030000000000000000e+02 4.991587245902744108e-02
6.032000000000000455e+02 5.017457604451458497e-02
6.033999999999999773e+02 5.053599781332471230e-02
6.036000000000000227e+02 5.091015869673390370e-02
6.037999999999999545e+02 5.134066226867502192e-02
6.040000000000000000e+02 5.184704576833827627e-02
6.042000000000000455e+02 5.243350939991726911e-02
6.043999999999999773e+02 5.310811578298217650e-02
6.046000000000000227e+02 5.390136565743515462e-02
6.047999999999999545e+02 5.476721779244152211e-02
6.050000000000000000e+02 5.562520590069369719e-02
6.052000000000000455e+02 5.642705932478198072e-02
6.053999999999999773e+02 5.709219505688070684e-02
6.056000000000000227e+02 5.762139081736149249e-02
6.057999999999999545e+02 5.814340480435899183e-02
6.060000000000000000e+02 5.862611357410954516e-02
6.062000000000000455e+02 5.895573867501921472e-02
6.063999999999999773e+02 5.900831326737893123e-02
6.066000000000000227e+02 5.872109515280241054e-02
6.067999999999999545e+02 5.816989999386086574e-02
6.070000000000000000e+02 5.749561173965959948e-02
6.072000000000000455e+02 5.669155675779199988e-02
6.073999999999999773e+02 5.567968668071682226e-02
6.076000000000000227e+02 5.442891307411931723e-02
6.077999999999999545e+02 5.306505349532981974e-02
6.080000000000000000e+02 5.157481625976502448e-02
6.082000000000000455e+02 4.991338238079894019e-02
6.083999999999999773e+02 4.812481425054873641e-02
6.086000000000000227e+02 4.624025261304376411e-02
6.087999999999999545e+02 4.431375611085679178e-02
6.090000000000000000e+02 4.242267752490726240e-02
6.092000000000000455e+02 4.056765746620843993e-02
6.093999999999999773e+02 3.879650626808379965e-02
6.096000000000000227e+02 3.719458265922272189e-02
6.097999999999999545e+02 3.574100187953704877e-02
6.100000000000000000e+02 3.437687320839075134e-02
6.102000000000000455e+02 3.305759279286163421e-02
6.103999999999999773e+02 3.180579452176407473e-02
6.106000000000000227e+02 3.068052844741052734e-02
6.107999999999999545e+02 2.966962378228319916e-02
6.110000000000000000e+02 2.863878834454819042e-02
6.112000000000000455e+02 2.770626689312173999e-02
6.113999999999999773e+02 2.700294159879252157e-02
6.116000000000000227e+02 2.650033020326689540e-02
6.117999999999999545e+02 2.608448442153019423e-02
6.120000000000000000e+02 2.567021756672313235e-02
6.122000000000000455e+02 2.523673354781822906e-02
6.123999999999999773e+02 2.479415707214361816e-02
6.126000000000000227e+02 2.433522556559914937e-02
6.127999999999999545e+02 2.385806777895017536e-02
6.130000000000000000e+02 2.342210495784977434e-02
6.132000000000000455e+02 2.303994504149816866e-02
6.133999999999999773e+02 2.269225354174899192e-02
6.136000000000000227e+02 2.236428931172215404e-02
6.137999999999999545e+02 2.202592915600675924e-02
6.140000000000000000e+02 2.168686988379700184e-02
6.142000000000000455e+02 2.139855918923111097e-02
6.143999999999999773e+02 2.105308262306361880e-02
6.146000000000000227e+02 2.060189881563131639e-02
6.147999999999999545e+02 2.011682655601971723e-02
6.150000000000000000e+02 1.961864101010779224e-02
6.152000000000000455e+02 1.913155834286034765e-02
6.153999999999999773e+02 1.865517854364606362e-02
6.156000000000000227e+02 1.808619192846159726e-02
6.157999999999999545e+02 1.749120876365160490e-02
6.160000000000000000e+02 1.699954476074791096e-02
6.162000000000000455e+02 1.659516063385253412e-02
6.163999999999999773e+02 1.618939040615614486e-02
6.166000000000000227e+02 1.570148946181692748e-02
6.167999999999999545e+02 1.512116593859605049e-02
6.170000000000000000e+02 1.452211404730343117e-02
6.172000000000000455e+02 1.397941103686201406e-02
6.173999999999999773e+02 1.350925303370874644e-02
6.176000000000000227e+02 1.302524917464647006e-02
6.177999999999999545e+02 1.248044018842943761e-02
6.180000000000000000e+02 1.189666810898283231e-02
6.182000000000000455e+02 1.131520470185975666e-02
6.183999999999999773e+02 1.081475527443443926e-02
6.186000000000000227e+02 1.045804745669268176e-02
6.187999999999999545e+02 1.019871146258734609e-02
6.190000000000000000e+02 9.858254605605708265e-03
6.192000000000000455e+02 9.338752479736908696e-03
6.193999999999999773e+02 8.793937830489588492e-03
6.196000000000000227e+02 8.368054782277190712e-03
6.197999999999999545e+02 8.069291056363694231e-03
6.200000000000000000e+02 7.772725658160128254e-03
6.202000000000000455e+02 7.486435401381271587e-03
6.203999999999999773e+02 7.205126648417312096e-03
6.206000000000000227e+02 6.898904746556980272e-03
6.207999999999999545e+02 6.646688892328958542e-03
6.210000000000000000e+02 6.469503258918828797e-03
6.212000000000000455e+02 6.313991913605526002e-03
6.213999999999999773e+02 6.106524116342614689e-03
6.216000000000000227e+02 5.826034233566441262e-03
6.217999999999999545e+02 5.509855439022222356e-03
6.220000000000000000e+02 5.244719739593693697e-03
6.222000000000000455e+02 5.124390537519906558e-03
6.223999999999999773e+02 5.121775546257062439e-03
6.226000000000000227e+02 5.062093690095369886e-03
6.227999999999999545e+02 4.914133975371798302e-03
6.230000000000000000e+02 4.788284019924708007e-03
6.232000000000000455e+02 4.819114356111802583e-03
6.233999999999999773e+02 4.863134859911844715e-03
6.236000000000000227e+02 4.822975644357494623e-03
6.237999999999999545e+02 4.713144997289961391e-03
6.240000000000000000e+02 4.589259440327366629e-03
6.242000000000000455e+02 4.447490996071477160e-03
6.243999999999999773e+02 4.320775306200036470e-03
6.246000000000000227e+02 4.370986365137795315e-03
6.247999999999999545e+02 4.496100059919450748e-03
6.250000000000000000e+02 4.547477970333068525e-03
6.252000000000000455e+02 4.527710071821924170e-03
6.253999999999999773e+02 4.508133436207040212e-03
6.256000000000000227e+02 4.533916052290698495e-03
6.257999999999999545e+02 4.593067274949166889e-03
6.260000000000000000e+02 4.660803800721934759e-03
6.262000000000000455e+02 4.664589065340705304e-03
6.263999999999999773e+02 4.540963152112366397e-03
6.266000000000000227e+02 4.378443305149005982e-03
6.267999999999999545e+02 4.284000052587982194e-03
6.270000000000000000e+02 4.287263868136312328e-03
6.272000000000000455e+02 4.276758585749971392e-03
6.273999999999999773e+02 4.271276838184526192e-03
6.276000000000000227e+02 4.306991134832970775e-03
6.277999999999999545e+02 4.326966767534527053e-03
6.280000000000000000e+02 4.327500716908794232e-03
6.282000000000000455e+02 4.328155898375044691e-03
6.283999999999999773e+02 4.337788939526295712e-03
6.286000000000000227e+02 4.323686779124230606e-03
6.287999999999999545e+02 4.280175469443817798e-03
6.290000000000000000e+02 4.224690346323552864e-03
6.292000000000000455e+02 4.130073248664961616e-03
6.293999999999999773e+02 4.028372290667169703e-03
6.296000000000000227e+02 3.991052769653880700e-03
6.297999999999999545e+02 4.051131038328503048e-03
6.300000000000000000e+02 4.147800766009929196e-03
6.302000000000000455e+02 4.226813075852948326e-03
6.303999999999999773e+02 4.319021134059963796e-03
6.306000000000000227e+02 4.340889426086950997e-03
6.307999999999999545e+02 4.243213461362138617e-03
6.310000000000000000e+02 4.100215357243208042e-03
6.312000000000000455e+02 4.003170151068505267e-03
6.313999999999999773e+02 3.995043863566256903e-03
6.316000000000000227e+02 4.039066986161684442e-03
6.317999999999999545e+02 4.012515592838987455e-03
6.320000000000000000e+02 3.930919175410951122e-03
6.322000000000000455e+02 3.908033107539055778e-03
6.323999999999999773e+02 3.976797809655551602e-03
6.326000000000000227e+02 4.104110172530466699e-03
6.327999999999999545e+02 4.195043703302005905e-03
6.330000000000000000e+02 4.121745109385278188e-03
6.332000000000000455e+02 3.953194927530222919e-03
6.333999999999999773e+02 3.802293433861698296e-03
6.336000000000000227e+02 3.708253833949640144e-03
6.337999999999999545e+02 3.701792972224084849e-03
6.340000000000000000e+02 3.784796424300608531e-03
6.342000000000000455e+02 3.914300386259329106e-03
6.343999999999999773e+02 4.001129176441121232e-03
6.346000000000000227e+02 4.033934904742884214e-03
6.347999999999999545e+02 4.065426048654112445e-03
6.350000000000000000e+02 4.107412754622983414e-03
6.352000000000000455e+02 4.125469408622153139e-03
6.353999999999999773e+02 4.103970170689499181e-03
6.356000000000000227e+02 4.117167243635568019e-03
6.357999999999999545e+02 4.198846763646055247e-03
6.360000000000000000e+02 4.353467638636719650e-03
6.362000000000000455e+02 4.574383057425631532e-03
6.363999999999999773e+02 4.819953290915675315e-03
6.366000000000000227e+02 5.047719344058919366e-03
6.367999999999999545e+02 5.249379212494614116e-03
6.370000000000000000e+02 5.496386535282216795e-03
6.372000000000000455e+02 5.784221464391618023e-03
6.373999999999999773e+02 6.043073401785597348e-03
6.376000000000000227e+02 6.286416680933964996e-03
6.377999999999999545e+02 6.567398134852860114e-03
6.380000000000000000e+02 6.949382865075369453e-03
6.382000000000000455e+02 7.467766689362258931e-03
6.383999999999999773e+02 8.027634316788528207e-03
6.386000000000000227e+02 8.511849941088417415e-03
6.387999999999999545e+02 8.895554552414166455e-03
6.390000000000000000e+02 9.235214018893309063e-03
6.392000000000000455e+02 9.611487763826965375e-03
6.393999999999999773e+02 1.006630725846711580e-02
6.396000000000000227e+02 1.049483097616564151e-02
6.397999999999999545e+02 1.085480515345963598e-02
6.400000000000000000e+02 1.120197906182341177e-02
6.402000000000000455e+02 1.156051003301079849e-02
6.403999999999999773e+02 1.193977761401709276e-02
6.406000000000000227e+02 1.233701554099075892e-02
6.407999999999999545e+02 1.272320609684719425e-02
6.410000000000000000e+02 1.297588289759399674e-02
6.412000000000000455e+02 1.302296559233086584e-02
6.413999999999999773e+02 1.299067196583530634e-02
6.416000000000000227e+02 1.304490538976324152e-02
6.417999999999999545e+02 1.323565473989395461e-02
6.420000000000000000e+02 1.345479356635091370e-02
6.422000000000000455e+02 1.368134832308746593e-02
6.423999999999999773e+02 1.389709085966922900e-02
6.426000000000000227e+02 1.408145482701183768e-02
6.427999999999999545e+02 1.432181951872535039e-02
6.430000000000000000e+02 1.466358973481546660e-02
6.432000000000000455e+02 1.506536255372577585e-02
6.433999999999999773e+02 1.541263988338973864e-02
6.436000000000000227e+02 1.569461891944897922e-02
6.437999999999999545e+02 1.598612497222362192e-02
6.440000000000000000e+02 1.637582637110278697e-02
6.442000000000000455e+02 1.687083119778944387e-02
6.443999999999999773e+02 1.745592204079128920e-02
6.446000000000000227e+02 1.812863003975585460e-02
6.447999999999999545e+02 1.881026988506666678e-02
6.450000000000000000e+02 1.950862408235518389e-02
6.452000000000000455e+02 2.031134192270979064e-02
6.453999999999999773e+02 2.109659103796616628e-02
6.456000000000000227e+02 2.186940019165299273e-02
6.457999999999999545e+02 2.274714160695331597e-02
6.460000000000000000e+02 2.369252728991225534e-02
6.462000000000000455e+02 2.461187310628918865e-02
6.463999999999999773e+02 2.544095836604723729e-02
6.466000000000000227e+02 2.622135609582306945e-02
6.467999999999999545e+02 2.700310642017334992e-02
6.470000000000000000e+02 2.779340293986915303e-02
6.472000000000000455e+02 2.853939367950664510e-02
6.473999999999999773e+02 2.922404913304354687e-02
6.476000000000000227e+02 2.981154378754452203e-02
6.477999999999999545e+02 3.022928052662740908e-02
6.480000000000000000e+02 3.044041606208394354e-02
6.482000000000000455e+02 3.048059259826011932e-02
6.483999999999999773e+02 3.043857462306240672e-02
6.486000000000000227e+02 3.037223859340543522e-02
6.487999999999999545e+02 3.018875791990661625e-02
6.490000000000000000e+02 2.978952875707908607e-02
6.492000000000000455e+02 2.930846377879997924e-02
6.493999999999999773e+02 2.881640820847363241e-02
6.496000000000000227e+02 2.832961876121501896e-02
6.497999999999999545e+02 2.785314835664408004e-02
6.500000000000000000e+02 2.731703580319148547e-02
6.502000000000000455e+02 2.668612935881544898e-02
6.503999999999999773e+02 2.600929362210784371e-02
6.506000000000000227e+02 2.530723849991310323e-02
6.507999999999999545e+02 2.462806572959267901e-02
6.510000000000000000e+02 2.405000455520807032e-02
6.512000000000000455e+02 2.360868145162093798e-02
6.513999999999999773e+02 2.319978165243006055e-02
6.516000000000000227e+02 2.269999454713368323e-02
6.517999999999999545e+02 2.220342066339807061e-02
6.520000000000000000e+02 2.178317336346232216e-02
6.522000000000000455e+02 2.144222704596944820e-02
6.523999999999999773e+02 2.111587329213231515e-02
6.526000000000000227e+02 2.075466623583099510e-02
6.527999999999999545e+02 2.036678852666662723e-02
6.530000000000000000e+02 2.000844009483579780e-02
6.532000000000000455e+02 1.962437700437183116e-02
6.533999999999999773e+02 1.919250780204330084e-02
6.536000000000000227e+02 1.878514384033138154e-02
6.537999999999999545e+02 1.851758711001636956e-02
6.540000000000000000e+02 1.832981326180710760e-02
6.542000000000000455e+02 1.806195766923205867e-02
6.543999999999999773e+02 1.772837529026917783e-02
6.546000000000000227e+02 1.743069999218952934e-02
6.547999999999999545e+02 1.720901360341571193e-02
6.550000000000000000e+02 1.691792873882417766e-02
6.552000000000000455e+02 1.657968464399875094e-02
6.553999999999999773e+02 1.626198276618117874e-02
6.556000000000000227e+02 1.595666831265158889e-02
6.557999999999999545e+02 1.566652184500689007e-02
6.560000000000000000e+02 1.533143838290426317e-02
6.562000000000000455e+02 1.486498227863594299e-02
6.563999999999999773e+02 1.441865680932280860e-02
6.566000000000000227e+02 1.405429823968081318e-02
6.567999999999999545e+02 1.368461542409319873e-02
6.570000000000000000e+02 1.321334162180555147e-02
6.572000000000000455e+02 1.268288006040360280e-02
6.573999999999999773e+02 1.219690283059946673e-02
6.576000000000000227e+02 1.177230927941256763e-02
6.577999999999999545e+02 1.141184163958451278e-02
6.580000000000000000e+02 1.108352891544065605e-02
6.582000000000000455e+02 1.071470178614288005e-02
6.583999999999999773e+02 1.034443228121286612e-02
6.586000000000000227e+02 9.975010797299215665e-03
6.587999999999999545e+02 9.540826131470919735e-03
6.590000000000000000e+02 9.162464914035210739e-03
6.592000000000000455e+02 8.917787745433548158e-03
6.593999999999999773e+02 8.771454752633085772e-03
6.596000000000000227e+02 8.646006313595123310e-03
6.597999999999999545e+02 8.546071264182365790e-03
6.600000000000000000e+02 8.507432663636630560e-03
6.602000000000000455e+02 8.477462093076357230e-03
6.603999999999999773e+02 8.445781224347099353e-03
6.606000000000000227e+02 8.429463469693435074e-03
6.607999999999999545e+02 8.426754132272926828e-03
6.610000000000000000e+02 8.372357255344051868e-03
6.612000000000000455e+02 8.294063627120439736e-03
6.613999999999999773e+02 8.343285549515813693e-03
6.616000000000000227e+02 8.439962800117689623e-03
6.617999999999999545e+02 8.504209314901808175e-03
6.620000000000000000e+02 8.549921198033650499e-03
6.622000000000000455e+02 8.624807221292878079e-03
6.623999999999999773e+02 8.742248817751759743e-03
6.626000000000000227e+02 8.867466135885564149e-03
6.627999999999999545e+02 8.929909987211919614e-03
6.630000000000000000e+02 8.885798197181892649e-03
6.632000000000000455e+02 8.783721885433578430e-03
6.633999999999999773e+02 8.783792484007502815e-03
6.636000000000000227e+02 8.796417466501112864e-03
6.637999999999999545e+02 8.695998861982471434e-03
6.640000000000000000e+02 8.500875744571562143e-03
6.642000000000000455e+02 8.284494347712050011e-03
6.643999999999999773e+02 8.086251370978958519e-03
6.646000000000000227e+02 7.891293327857498707e-03
6.647999999999999545e+02 7.698261310660408502e-03
6.650000000000000000e+02 7.528001497508107070e-03
6.652000000000000455e+02 7.382026471249775179e-03
6.653999999999999773e+02 7.161354472434017238e-03
6.656000000000000227e+02 6.803829873233288583e-03
6.657999999999999545e+02 6.394560085740897543e-03
6.660000000000000000e+02 6.219433617360149019e-03
6.662000000000000455e+02 6.244111399122197203e-03
6.663999999999999773e+02 6.233651458392209382e-03
6.666000000000000227e+02 5.988585524931769322e-03
6.667999999999999545e+02 5.744616437928833086e-03
6.670000000000000000e+02 5.648477355576029396e-03
6.672000000000000455e+02 5.559241677057184111e-03
6.673999999999999773e+02 5.464448057850571777e-03
6.676000000000000227e+02 5.385833310242661015e-03
6.677999999999999545e+02 5.328184719999504160e-03
6.680000000000000000e+02 5.267983200387543752e-03
6.682000000000000455e+02 5.242210213601494750e-03
6.683999999999999773e+02 5.287798202663805680e-03
6.686000000000000227e+02 5.334048957768185162e-03
6.687999999999999545e+02 5.378238442183481266e-03
6.690000000000000000e+02 5.400416227594271451e-03
6.692000000000000455e+02 5.293207480093865130e-03
6.693999999999999773e+02 5.121529688545733983e-03
6.696000000000000227e+02 4.953697835444074993e-03
6.697999999999999545e+02 4.774321001507309675e-03
6.700000000000000000e+02 4.632772599763568949e-03
6.702000000000000455e+02 4.573405634563914440e-03
6.703999999999999773e+02 4.581191706397196028e-03
6.706000000000000227e+02 4.537394974161744476e-03
6.707999999999999545e+02 4.441949378795422704e-03
6.710000000000000000e+02 4.366311463581323826e-03
6.712000000000000455e+02 4.278718264417523398e-03
6.713999999999999773e+02 4.123660025483897457e-03
6.716000000000000227e+02 3.909392107951215056e-03
6.717999999999999545e+02 3.757881089064895458e-03
6.720000000000000000e+02 3.669293927843351316e-03
6.722000000000000455e+02 3.559149450690603927e-03
6.723999999999999773e+02 3.338455292395334228e-03
6.726000000000000227e+02 3.076079122714573538e-03
6.727999999999999545e+02 2.902623296203069025e-03
6.730000000000000000e+02 2.877523949632778549e-03
6.732000000000000455e+02 2.762401393718569298e-03
6.733999999999999773e+02 2.502271201683361340e-03
6.736000000000000227e+02 2.249133067533316127e-03
6.737999999999999545e+02 2.112909488032235772e-03
6.740000000000000000e+02 2.025884386607532811e-03
6.742000000000000455e+02 1.890911177490541689e-03
6.743999999999999773e+02 1.761090525190051048e-03
6.746000000000000227e+02 1.567849012616598370e-03
6.747999999999999545e+02 1.287427310359644944e-03
6.750000000000000000e+02 1.064783895404007585e-03
6.752000000000000455e+02 9.866267420578778147e-04
6.753999999999999773e+02 1.004341134340388381e-03
6.756000000000000227e+02 9.708960246293876772e-04
6.757999999999999545e+02 8.755236741828167912e-04
6.760000000000000000e+02 7.651166890904545492e-04
6.762000000000000455e+02 7.127837567236332272e-04
6.763999999999999773e+02 7.989065444725315657e-04
6.766000000000000227e+02 8.654542987582489189e-04
6.767999999999999545e+02 7.398310448319157795e-04
6.770000000000000000e+02 5.826322643445250304e-04
6.772000000000000455e+02 4.466576840582783814e-04
6.773999999999999773e+02 3.362127766203433510e-04
6.776000000000000227e+02 3.076544747265541613e-04
6.777999999999999545e+02 3.860088667157063336e-04
6.780000000000000000e+02 4.609549910112621662e-04
6.782000000000000455e+02 3.345953993106748348e-04
6.783999999999999773e+02 1.226303669060423152e-04
6.786000000000000227e+02 0.000000000000000000e+00
6.787999999999999545e+02 5.592336812202877705e-05
6.790000000000000000e+02 1.999238889451131207e-04
6.792000000000000455e+02 2.899122058639715116e-04
6.793999999999999773e+02 2.326991860079202779e-04
6.796000000000000227e+02 9.396730694311711263e-05
6.797999999999999545e+02 6.189438319510048858e-05
6.800000000000000000e+02 1.864131221580439535e-04
