5.450000000000000000e+02 6.053474793195523507e-02
5.452000000000000455e+02 6.002287278215062694e-02
5.453999999999999773e+02 5.963436432867175174e-02
5.456000000000000227e+02 5.920396676419256710e-02
5.457999999999999545e+02 5.875218430756459775e-02
5.460000000000000000e+02 5.853375710872757431e-02
5.462000000000000455e+02 5.828409284257579648e-02
5.463999999999999773e+02 5.789079371019612008e-02
5.466000000000000227e+02 5.744499864279578594e-02
5.467999999999999545e+02 5.707517946963450162e-02
5.470000000000000000e+02 5.684445545349603446e-02
5.472000000000000455e+02 5.672313719470442606e-02
5.473999999999999773e+02 5.661070449751667844e-02
5.476000000000000227e+02 5.652944968660753022e-02
5.477999999999999545e+02 5.647961413379842810e-02
5.480000000000000000e+02 5.640281936885563341e-02
5.482000000000000455e+02 5.633448276301564195e-02
5.483999999999999773e+02 5.627761076029669240e-02
5.486000000000000227e+02 5.623086300562510353e-02
5.487999999999999545e+02 5.631443049329895589e-02
5.490000000000000000e+02 5.645221125562543962e-02
5.492000000000000455e+02 5.648908938241350985e-02
5.493999999999999773e+02 5.642911710945577863e-02
5.496000000000000227e+02 5.643502377822745553e-02
5.497999999999999545e+02 5.657670167788045323e-02
5.500000000000000000e+02 5.669973141111847581e-02
5.502000000000000455e+02 5.679115658994982052e-02
5.503999999999999773e+02 5.684621744169188196e-02
5.506000000000000227e+02 5.681352415359405827e-02
5.507999999999999545e+02 5.669299875998035088e-02
5.510000000000000000e+02 5.664060377037161143e-02
5.512000000000000455e+02 5.680140212743320371e-02
5.513999999999999773e+02 5.695929744934424832e-02
5.516000000000000227e+02 5.714206005536473509e-02
5.517999999999999545e+02 5.744241290327306571e-02
5.520000000000000000e+02 5.769985722325535193e-02
5.522000000000000455e+02 5.793637459290013059e-02
5.523999999999999773e+02 5.825353314547532246e-02
5.526000000000000227e+02 5.870985900132907886e-02
5.527999999999999545e+02 5.932306230772957378e-02
5.530000000000000000e+02 6.008716266400965234e-02
5.532000000000000455e+02 6.098335949921235288e-02
5.533999999999999773e+02 6.199081870373926439e-02
5.536000000000000227e+02 6.308721464521407918e-02
5.537999999999999545e+02 6.426534394990818244e-02
5.540000000000000000e+02 6.555482532045775468e-02
5.542000000000000455e+02 6.689933862019764588e-02
5.543999999999999773e+02 6.825725648425456926e-02
5.546000000000000227e+02 6.971449652193811852e-02
5.547999999999999545e+02 7.121033194213605144e-02
5.550000000000000000e+02 7.266472955751701601e-02
5.552000000000000455e+02 7.408020489691463650e-02
5.553999999999999773e+02 7.545045179615036957e-02
5.556000000000000227e+02 7.674684638917503299e-02
5.557999999999999545e+02 7.793724443114682932e-02
5.560000000000000000e+02 7.904665479601011291e-02
5.562000000000000455e+02 8.008689071770050405e-02
5.563999999999999773e+02 8.102135946761834795e-02
5.566000000000000227e+02 8.175866316297558667e-02
5.567999999999999545e+02 8.236353159480963582e-02
5.570000000000000000e+02 8.294058799183218200e-02
5.572000000000000455e+02 8.346618784610257413e-02
5.573999999999999773e+02 8.388080029074510002e-02
5.576000000000000227e+02 8.418167927247194315e-02
5.577999999999999545e+02 8.446417572175346500e-02
5.580000000000000000e+02 8.483248498194573273e-02
5.582000000000000455e+02 8.534315416732443649e-02
5.583999999999999773e+02 8.604552328217088264e-02
5.586000000000000227e+02 8.714366732883613298e-02
5.587999999999999545e+02 8.870306306328004653e-02
5.590000000000000000e+02 9.067525154527780740e-02
5.592000000000000455e+02 9.309801061846251224e-02
5.593999999999999773e+02 9.613067445880579820e-02
5.596000000000000227e+02 9.988095229509855177e-02
5.597999999999999545e+02 1.042415385340683676e-01
5.600000000000000000e+02 1.091626516855602747e-01
5.602000000000000455e+02 1.146416361078848589e-01
5.603999999999999773e+02 1.206348338409330145e-01
5.606000000000000227e+02 1.268240098357581447e-01
5.607999999999999545e+02 1.330123505520608984e-01
5.610000000000000000e+02 1.391719673376354827e-01
5.612000000000000455e+02 1.450872608789919860e-01
5.613999999999999773e+02 1.505875264606776065e-01
5.616000000000000227e+02 1.555398023337848101e-01
5.617999999999999545e+02 1.597286020158704412e-01
5.620000000000000000e+02 1.629715906804375947e-01
5.622000000000000455e+02 1.651510399836314813e-01
5.623999999999999773e+02 1.662356672664841439e-01
5.626000000000000227e+02 1.663122688602564347e-01
5.627999999999999545e+02 1.654398752525687022e-01
5.630000000000000000e+02 1.636051862285474723e-01
5.632000000000000455e+02 1.609456645471779024e-01
5.633999999999999773e+02 1.575686513322926974e-01
5.636000000000000227e+02 1.535461099867553858e-01
5.637999999999999545e+02 1.491153075334215039e-01
5.640000000000000000e+02 1.445827284059471030e-01
5.642000000000000455e+02 1.401622022019958225e-01
5.643999999999999773e+02 1.357942951731747339e-01
5.646000000000000227e+02 1.316248851584541357e-01
5.647999999999999545e+02 1.278700935132585648e-01
5.650000000000000000e+02 1.246250398986899210e-01
5.652000000000000455e+02 1.220707997874387052e-01
5.653999999999999773e+02 1.203668290160234966e-01
5.656000000000000227e+02 1.195312757798049630e-01
5.657999999999999545e+02 1.193258419987113794e-01
5.660000000000000000e+02 1.195687105864479405e-01
5.662000000000000455e+02 1.202432991039256160e-01
5.663999999999999773e+02 1.214290375375864650e-01
5.666000000000000227e+02 1.230101611918706372e-01
5.667999999999999545e+02 1.247690775949891195e-01
5.670000000000000000e+02 1.266356546808040384e-01
5.672000000000000455e+02 1.285586238571330420e-01
5.673999999999999773e+02 1.304285096493782992e-01
5.676000000000000227e+02 1.320820483798670342e-01
5.677999999999999545e+02 1.336493744561400854e-01
5.680000000000000000e+02 1.351223289549255135e-01
5.682000000000000455e+02 1.361953694109082069e-01
5.683999999999999773e+02 1.367925489248945081e-01
5.686000000000000227e+02 1.368236733129810090e-01
5.687999999999999545e+02 1.362316584249785023e-01
5.690000000000000000e+02 1.353299317413992064e-01
5.692000000000000455e+02 1.340317014742445079e-01
5.693999999999999773e+02 1.321080660147749275e-01
5.696000000000000227e+02 1.298122290738582263e-01
5.697999999999999545e+02 1.271899833983632655e-01
5.700000000000000000e+02 1.242769879373314956e-01
5.702000000000000455e+02 1.213134293025954769e-01
5.703999999999999773e+02 1.182488006519029355e-01
5.706000000000000227e+02 1.150626944552149145e-01
5.707999999999999545e+02 1.119331497944981157e-01
5.710000000000000000e+02 1.090180843398751431e-01
5.712000000000000455e+02 1.062185892383321062e-01
5.713999999999999773e+02 1.033158315520081028e-01
5.716000000000000227e+02 1.004680102261279462e-01
5.717999999999999545e+02 9.783138732057497511e-02
5.720000000000000000e+02 9.544603542109933447e-02
5.722000000000000455e+02 9.324163492130849162e-02
5.723999999999999773e+02 9.136799161177200368e-02
5.726000000000000227e+02 8.991611301363727771e-02
5.727999999999999545e+02 8.868570886810728249e-02
5.730000000000000000e+02 8.762461740279622879e-02
5.732000000000000455e+02 8.671585174590870637e-02
5.733999999999999773e+02 8.590233135055094782e-02
5.736000000000000227e+02 8.514556654137245273e-02
5.737999999999999545e+02 8.447065023713895560e-02
5.740000000000000000e+02 8.390409048163463557e-02
5.742000000000000455e+02 8.332838483941096275e-02
5.743999999999999773e+02 8.290648502390252084e-02
5.746000000000000227e+02 8.281212967922776946e-02
5.747999999999999545e+02 8.276718790531290004e-02
5.750000000000000000e+02 8.265085198489408036e-02
5.752000000000000455e+02 8.248255709053081697e-02
5.753999999999999773e+02 8.230779032456098099e-02
5.756000000000000227e+02 8.207660719981027531e-02
5.757999999999999545e+02 8.170177049815885439e-02
5.760000000000000000e+02 8.112472608265774987e-02
5.762000000000000455e+02 8.040675647964762307e-02
5.763999999999999773e+02 7.958777213359199965e-02
5.766000000000000227e+02 7.870928020557471649e-02
5.767999999999999545e+02 7.793702543547476047e-02
5.770000000000000000e+02 7.702725128987911174e-02
5.772000000000000455e+02 7.558745502787345139e-02
5.773999999999999773e+02 7.363785067225692149e-02
5.776000000000000227e+02 7.190829492613715068e-02
5.777999999999999545e+02 7.078312462256422521e-02
5.780000000000000000e+02 6.962775821416303246e-02
5.782000000000000455e+02 6.853120574797230691e-02
5.783999999999999773e+02 6.763607258986409354e-02
5.786000000000000227e+02 6.677600394997745825e-02
5.787999999999999545e+02 6.590293879596306748e-02
5.790000000000000000e+02 6.504959633146009668e-02
5.792000000000000455e+02 6.429271656292867565e-02
5.793999999999999773e+02 6.371658595463505770e-02
5.796000000000000227e+02 6.331710803928661258e-02
5.797999999999999545e+02 6.299981791234746109e-02
5.800000000000000000e+02 6.264209848913762646e-02
5.802000000000000455e+02 6.241130213573109486e-02
5.803999999999999773e+02 6.253902124017160502e-02
5.806000000000000227e+02 6.299548241766295131e-02
5.807999999999999545e+02 6.320781223392604731e-02
5.810000000000000000e+02 6.295768793363837323e-02
5.812000000000000455e+02 6.270803583821021876e-02
5.813999999999999773e+02 6.245553041524906646e-02
5.816000000000000227e+02 6.208003515793358851e-02
5.817999999999999545e+02 6.155010983326483776e-02
5.820000000000000000e+02 6.098302047538864401e-02
5.822000000000000455e+02 6.045626549551932905e-02
5.823999999999999773e+02 5.995420369892406898e-02
5.826000000000000227e+02 5.938497407347720358e-02
5.827999999999999545e+02 5.882514270208510920e-02
5.830000000000000000e+02 5.829708871511413149e-02
5.832000000000000455e+02 5.756291796787496584e-02
5.833999999999999773e+02 5.680509242469358733e-02
5.836000000000000227e+02 5.621131592591147030e-02
5.837999999999999545e+02 5.566403686187351707e-02
5.840000000000000000e+02 5.499034101710811862e-02
5.842000000000000455e+02 5.417779624846699726e-02
5.843999999999999773e+02 5.337219563010719980e-02
5.846000000000000227e+02 5.259292469730489361e-02
5.847999999999999545e+02 5.188574789833784451e-02
5.850000000000000000e+02 5.129819692641301998e-02
5.852000000000000455e+02 5.074178551198904596e-02
5.853999999999999773e+02 5.017648498808249813e-02
5.856000000000000227e+02 4.963782844892852819e-02
5.857999999999999545e+02 4.921598708081560691e-02
5.860000000000000000e+02 4.896674914903535736e-02
5.862000000000000455e+02 4.887714952557650760e-02
5.863999999999999773e+02 4.884564238989679008e-02
5.866000000000000227e+02 4.870987400373164022e-02
5.867999999999999545e+02 4.849828205904875567e-02
5.870000000000000000e+02 4.844835029363148138e-02
5.872000000000000455e+02 4.859944780415212384e-02
5.873999999999999773e+02 4.886231258612998285e-02
5.876000000000000227e+02 4.912583962528754844e-02
5.877999999999999545e+02 4.940967587425106056e-02
5.880000000000000000e+02 4.965472583010019370e-02
5.882000000000000455e+02 4.984789821748396299e-02
5.883999999999999773e+02 5.021313326195656068e-02
5.886000000000000227e+02 5.063332350869258203e-02
5.887999999999999545e+02 5.097604729542609681e-02
5.890000000000000000e+02 5.140021076294032376e-02
5.892000000000000455e+02 5.188515268420684778e-02
5.893999999999999773e+02 5.237211250670431584e-02
5.896000000000000227e+02 5.291354166888234678e-02
5.897999999999999545e+02 5.378447865258706440e-02
5.900000000000000000e+02 5.493267092096068560e-02
5.902000000000000455e+02 5.603412548431316309e-02
5.903999999999999773e+02 5.716984106287312239e-02
5.906000000000000227e+02 5.853151733727265937e-02
5.907999999999999545e+02 6.022900658263671825e-02
5.910000000000000000e+02 6.214170321581288792e-02
5.912000000000000455e+02 6.426044591948631979e-02
5.913999999999999773e+02 6.662254067687453651e-02
5.916000000000000227e+02 6.920763605935864593e-02
5.917999999999999545e+02 7.208798581854289345e-02
5.920000000000000000e+02 7.520060890124402597e-02
5.922000000000000455e+02 7.830254274663209224e-02
5.923999999999999773e+02 8.151432233377894909e-02
5.926000000000000227e+02 8.492556497694628281e-02
5.927999999999999545e+02 8.846578737562363348e-02
5.930000000000000000e+02 9.208367497782779520e-02
5.932000000000000455e+02 9.577355605594900512e-02
5.933999999999999773e+02 9.952775319192835868e-02
5.936000000000000227e+02 1.032444164390577124e-01
5.937999999999999545e+02 1.068020899004728796e-01
5.940000000000000000e+02 1.102136533079048353e-01
5.942000000000000455e+02 1.137292573843967092e-01
5.943999999999999773e+02 1.173193227061425647e-01
5.946000000000000227e+02 1.208121780702758330e-01
5.947999999999999545e+02 1.240794701958467250e-01
5.950000000000000000e+02 1.272036385671953540e-01
5.952000000000000455e+02 1.303715973208658674e-01
5.953999999999999773e+02 1.337178168214005480e-01
5.956000000000000227e+02 1.370284370256542594e-01
5.957999999999999545e+02 1.402379353911253346e-01
5.960000000000000000e+02 1.434893229469528797e-01
5.962000000000000455e+02 1.469121167761088254e-01
5.963999999999999773e+02 1.505698641032633955e-01
5.966000000000000227e+02 1.545508833653540526e-01
5.967999999999999545e+02 1.590660257866561844e-01
5.970000000000000000e+02 1.641313691396530938e-01
5.972000000000000455e+02 1.697497999607318064e-01
5.973999999999999773e+02 1.760589549981974034e-01
5.976000000000000227e+02 1.830728207827730381e-01
5.977999999999999545e+02 1.909466897607304814e-01
5.980000000000000000e+02 1.999838091778889937e-01
5.982000000000000455e+02 2.100756254844547977e-01
5.983999999999999773e+02 2.210179900082324678e-01
5.986000000000000227e+02 2.327277872429174277e-01
5.987999999999999545e+02 2.454121080605495830e-01
5.990000000000000000e+02 2.589035651960249762e-01
5.992000000000000455e+02 2.727693573251806503e-01
5.993999999999999773e+02 2.867104322800320126e-01
5.996000000000000227e+02 3.005203812986461109e-01
5.997999999999999545e+02 3.139998298310367475e-01
6.000000000000000000e+02 3.269013034993625832e-01
6.002000000000000455e+02 3.390467610955124056e-01
6.003999999999999773e+02 3.502569578104879899e-01
6.006000000000000227e+02 3.603450380894658300e-01
6.007999999999999545e+02 3.692968154813140447e-01
6.010000000000000000e+02 3.771164467536110010e-01
6.012000000000000455e+02 3.837351412639284365e-01
6.013999999999999773e+02 3.889737470674267672e-01
6.016000000000000227e+02 3.929447884181050954e-01
6.017999999999999545e+02 3.959429222688380379e-01
6.020000000000000000e+02 3.980986351658012956e-01
6.022000000000000455e+02 3.995791696310236896e-01
6.023999999999999773e+02 4.006032351582198836e-01
6.026000000000000227e+02 4.013993662517832406e-01
6.027999999999999545e+02 4.020840677538091157e-01
6.030000000000000000e+02 4.028823317546064153e-01
6.032000000000000455e+02 4.042123888060080716e-01
6.033999999999999773e+02 4.062805753852057888e-01
6.036000000000000227e+02 4.091226807383855912e-01
6.037999999999999545e+02 4.126840114924882341e-01
6.040000000000000000e+02 4.169628439895622929e-01
6.042000000000000455e+02 4.219613726669450005e-01
6.043999999999999773e+02 4.276944607100621187e-01
6.046000000000000227e+02 4.342031234948183771e-01
6.047999999999999545e+02 4.411422018020698665e-01
6.050000000000000000e+02 4.480932109109850847e-01
6.052000000000000455e+02 4.549620291252012283e-01
6.053999999999999773e+02 4.612771670315161110e-01
6.056000000000000227e+02 4.667141565136245784e-01
6.057999999999999545e+02 4.714125253080878597e-01
6.060000000000000000e+02 4.750171380494181417e-01
6.062000000000000455e+02 4.772804243437145377e-01
6.063999999999999773e+02 4.781566827610795878e-01
6.066000000000000227e+02 4.769598545338544771e-01
6.067999999999999545e+02 4.735151363645568878e-01
6.070000000000000000e+02 4.682175855475473325e-01
6.072000000000000455e+02 4.612428025519109687e-01
6.073999999999999773e+02 4.522353764912461216e-01
6.076000000000000227e+02 4.409560488530759326e-01
6.077999999999999545e+02 4.281209855545664023e-01
6.080000000000000000e+02 4.138152353513212534e-01
6.082000000000000455e+02 3.980755498306650653e-01
6.083999999999999773e+02 3.814883407678902882e-01
6.086000000000000227e+02 3.642914225452159593e-01
6.087999999999999545e+02 3.467053364151271300e-01
6.090000000000000000e+02 3.290836426579967777e-01
6.092000000000000455e+02 3.115616089415161882e-01
6.093999999999999773e+02 2.944744720398558835e-01
6.096000000000000227e+02 2.782916461901420724e-01
6.097999999999999545e+02 2.630532878499883265e-01
6.100000000000000000e+02 2.487069647192155508e-01
6.102000000000000455e+02 2.352547539481661398e-01
6.103999999999999773e+02 2.228417775329180617e-01
6.106000000000000227e+02 2.116844415173104732e-01
6.107999999999999545e+02 2.017332439055289361e-01
6.110000000000000000e+02 1.924942938383866209e-01
6.112000000000000455e+02 1.841491578748973290e-01
6.113999999999999773e+02 1.769539707358767089e-01
6.116000000000000227e+02 1.707992655313223807e-01
6.117999999999999545e+02 1.654044804879254427e-01
6.120000000000000000e+02 1.605949947203619277e-01
6.122000000000000455e+02 1.563511357725641815e-01
6.123999999999999773e+02 1.526253286307409640e-01
6.126000000000000227e+02 1.493005022626718858e-01
6.127999999999999545e+02 1.462421087307094747e-01
6.130000000000000000e+02 1.434058931585980856e-01
6.132000000000000455e+02 1.407963077634428739e-01
6.133999999999999773e+02 1.384081321503684847e-01
6.136000000000000227e+02 1.361530641632983096e-01
6.137999999999999545e+02 1.337712707031172843e-01
6.140000000000000000e+02 1.311828413109436542e-01
6.142000000000000455e+02 1.286085449415040050e-01
6.143999999999999773e+02 1.258099637383211788e-01
6.146000000000000227e+02 1.226592574653619649e-01
6.147999999999999545e+02 1.192817333344861896e-01
6.150000000000000000e+02 1.155485549474118689e-01
6.152000000000000455e+02 1.115524016233637450e-01
6.153999999999999773e+02 1.074864693425966744e-01
6.156000000000000227e+02 1.031254907937476650e-01
6.157999999999999545e+02 9.856305376436672039e-02
6.160000000000000000e+02 9.406485877795517370e-02
6.162000000000000455e+02 8.968426969565079787e-02
6.163999999999999773e+02 8.537651718769212472e-02
6.166000000000000227e+02 8.105010458575512278e-02
6.167999999999999545e+02 7.663409263529452620e-02
6.170000000000000000e+02 7.229164082349792686e-02
6.172000000000000455e+02 6.823979217022693722e-02
6.173999999999999773e+02 6.456796254870939000e-02
6.176000000000000227e+02 6.100360602994714387e-02
6.177999999999999545e+02 5.743207184044163416e-02
6.180000000000000000e+02 5.400415719491152844e-02
6.182000000000000455e+02 5.092869811376847522e-02
6.183999999999999773e+02 4.825299408360445019e-02
6.186000000000000227e+02 4.591231968073608560e-02
6.187999999999999545e+02 4.385756825836117923e-02
6.190000000000000000e+02 4.192600674580859721e-02
6.192000000000000455e+02 3.998092776463534059e-02
6.193999999999999773e+02 3.805922926079446933e-02
6.196000000000000227e+02 3.630327387389439830e-02
6.197999999999999545e+02 3.477285743261422646e-02
6.200000000000000000e+02 3.338204489902707461e-02
6.202000000000000455e+02 3.209872616677345025e-02
6.203999999999999773e+02 3.084921706455211188e-02
6.206000000000000227e+02 2.958366082408854514e-02
6.207999999999999545e+02 2.853438497018873088e-02
6.210000000000000000e+02 2.773773500193485453e-02
6.212000000000000455e+02 2.703136014774200346e-02
6.213999999999999773e+02 2.627595749954476922e-02
6.216000000000000227e+02 2.547846675094600499e-02
6.217999999999999545e+02 2.472529138797684156e-02
6.220000000000000000e+02 2.409279844099621037e-02
6.222000000000000455e+02 2.364930973283871363e-02
6.223999999999999773e+02 2.334795660703040121e-02
6.226000000000000227e+02 2.301389019987977458e-02
6.227999999999999545e+02 2.264888790308594579e-02
6.230000000000000000e+02 2.241311339559225180e-02
6.232000000000000455e+02 2.247155584038137976e-02
6.233999999999999773e+02 2.261283056195531604e-02
6.236000000000000227e+02 2.268524583443649878e-02
6.237999999999999545e+02 2.269901637360428881e-02
6.240000000000000000e+02 2.275541788208727823e-02
6.242000000000000455e+02 2.286803919183588718e-02
6.243999999999999773e+02 2.305518707667428280e-02
6.246000000000000227e+02 2.344156766472355047e-02
6.247999999999999545e+02 2.385136638076082449e-02
6.250000000000000000e+02 2.411549571279039683e-02
6.252000000000000455e+02 2.430404766112291559e-02
6.253999999999999773e+02 2.444061228255652030e-02
6.256000000000000227e+02 2.454541936026553850e-02
6.257999999999999545e+02 2.466670434222846542e-02
6.260000000000000000e+02 2.485873661591830874e-02
6.262000000000000455e+02 2.504218057029430899e-02
6.263999999999999773e+02 2.507497635261224378e-02
6.266000000000000227e+02 2.500017766213671888e-02
6.267999999999999545e+02 2.495407055276113728e-02
6.270000000000000000e+02 2.502100218706131141e-02
6.272000000000000455e+02 2.508534368185715013e-02
6.273999999999999773e+02 2.506533978504105198e-02
6.276000000000000227e+02 2.497094803069087321e-02
6.277999999999999545e+02 2.491026444490973546e-02
6.280000000000000000e+02 2.497521344976401381e-02
6.282000000000000455e+02 2.514733218118708757e-02
6.283999999999999773e+02 2.530177802799261910e-02
6.286000000000000227e+02 2.541771172022198877e-02
6.287999999999999545e+02 2.559388932353097446e-02
6.290000000000000000e+02 2.590459859490720773e-02
6.292000000000000455e+02 2.607978950141810748e-02
6.293999999999999773e+02 2.608848191198730182e-02
6.296000000000000227e+02 2.611074942015274847e-02
6.297999999999999545e+02 2.626534891336079758e-02
6.300000000000000000e+02 2.656663042378029638e-02
6.302000000000000455e+02 2.694542396539233164e-02
6.303999999999999773e+02 2.728362153587951533e-02
6.306000000000000227e+02 2.750716460575453048e-02
6.307999999999999545e+02 2.763832084062134431e-02
6.310000000000000000e+02 2.778772956754252399e-02
6.312000000000000455e+02 2.798966671411262652e-02
6.313999999999999773e+02 2.829022072409646815e-02
6.316000000000000227e+02 2.868640553407267313e-02
6.317999999999999545e+02 2.887799529458116854e-02
6.320000000000000000e+02 2.892527228433196262e-02
6.322000000000000455e+02 2.912296065294664449e-02
6.323999999999999773e+02 2.946788112059801901e-02
6.326000000000000227e+02 2.989127358337724527e-02
6.327999999999999545e+02 3.026535442804362264e-02
6.330000000000000000e+02 3.039648891623182581e-02
6.332000000000000455e+02 3.034025433527877402e-02
6.333999999999999773e+02 3.027947924428868454e-02
6.336000000000000227e+02 3.038842714731949946e-02
6.337999999999999545e+02 3.071962960718657709e-02
6.340000000000000000e+02 3.119241012591250639e-02
6.342000000000000455e+02 3.165064613000209692e-02
6.343999999999999773e+02 3.205455029715270632e-02
6.346000000000000227e+02 3.242942459731455729e-02
6.347999999999999545e+02 3.288415680119963214e-02
6.350000000000000000e+02 3.364636253598329851e-02
6.352000000000000455e+02 3.455664789976443940e-02
6.353999999999999773e+02 3.537694074412853218e-02
6.356000000000000227e+02 3.627185365153774710e-02
6.357999999999999545e+02 3.734748532072534877e-02
6.360000000000000000e+02 3.866270224212507711e-02
6.362000000000000455e+02 4.027447431796557509e-02
6.363999999999999773e+02 4.214347528359377315e-02
6.366000000000000227e+02 4.413225622110686364e-02
6.367999999999999545e+02 4.608058850339689927e-02
6.370000000000000000e+02 4.806135659010866978e-02
6.372000000000000455e+02 5.024068764619213368e-02
6.373999999999999773e+02 5.270024472059448017e-02
6.376000000000000227e+02 5.519259832805387123e-02
6.377999999999999545e+02 5.771120726229320153e-02
6.380000000000000000e+02 6.042115131500416791e-02
6.382000000000000455e+02 6.336277610934440419e-02
6.383999999999999773e+02 6.642448174013876327e-02
6.386000000000000227e+02 6.946528781287816812e-02
6.387999999999999545e+02 7.243693357069200256e-02
6.390000000000000000e+02 7.541045524352676943e-02
6.392000000000000455e+02 7.845386961934044945e-02
6.393999999999999773e+02 8.154539212548767013e-02
6.396000000000000227e+02 8.454335290291303817e-02
6.397999999999999545e+02 8.740382995050152704e-02
6.400000000000000000e+02 9.018516625200259651e-02
6.402000000000000455e+02 9.284097710854474772e-02
6.403999999999999773e+02 9.533984375052459437e-02
6.406000000000000227e+02 9.770798871110428219e-02
6.407999999999999545e+02 1.000155540295556977e-01
6.410000000000000000e+02 1.020787033123693732e-01
6.412000000000000455e+02 1.037666855491532758e-01
6.413999999999999773e+02 1.053278372223845905e-01
6.416000000000000227e+02 1.069619896319979058e-01
6.417999999999999545e+02 1.087418030129547741e-01
6.420000000000000000e+02 1.106150568207805163e-01
6.422000000000000455e+02 1.125215113638097508e-01
6.423999999999999773e+02 1.143974982071927216e-01
6.426000000000000227e+02 1.162270826666972345e-01
6.427999999999999545e+02 1.181848831400199029e-01
6.430000000000000000e+02 1.204029268139113762e-01
6.432000000000000455e+02 1.229140283936908662e-01
6.433999999999999773e+02 1.256710426092962907e-01
6.436000000000000227e+02 1.285292477671951261e-01
6.437999999999999545e+02 1.315157605192320001e-01
6.440000000000000000e+02 1.350616125004013013e-01
6.442000000000000455e+02 1.391789951096500666e-01
6.443999999999999773e+02 1.437990551697785058e-01
6.446000000000000227e+02 1.490137601844943316e-01
6.447999999999999545e+02 1.545920811907958714e-01
6.450000000000000000e+02 1.605689922284467275e-01
6.452000000000000455e+02 1.672598085560390024e-01
6.453999999999999773e+02 1.743022559428304974e-01
6.456000000000000227e+02 1.816010665712106120e-01
6.457999999999999545e+02 1.893373406915782597e-01
6.460000000000000000e+02 1.973146616591099911e-01
6.462000000000000455e+02 2.051869193730558316e-01
6.463999999999999773e+02 2.127048761465415994e-01
6.466000000000000227e+02 2.199446314239441036e-01
6.467999999999999545e+02 2.269491118900059945e-01
6.470000000000000000e+02 2.335723876237674190e-01
6.472000000000000455e+02 2.394653803452999052e-01
6.473999999999999773e+02 2.445455345078499376e-01
6.476000000000000227e+02 2.487509308332023217e-01
6.477999999999999545e+02 2.519215564120397266e-01
6.480000000000000000e+02 2.539732488293362511e-01
6.482000000000000455e+02 2.549249129255009572e-01
6.483999999999999773e+02 2.548873610270623868e-01
6.486000000000000227e+02 2.540029375637791742e-01
6.487999999999999545e+02 2.521629241463605453e-01
6.490000000000000000e+02 2.492510234921970214e-01
6.492000000000000455e+02 2.455823677742513533e-01
6.493999999999999773e+02 2.414493312431593708e-01
6.496000000000000227e+02 2.369728127542657381e-01
6.497999999999999545e+02 2.320787537574771631e-01
6.500000000000000000e+02 2.268658445737490315e-01
6.502000000000000455e+02 2.214857853437460777e-01
6.503999999999999773e+02 2.160211279792706995e-01
6.506000000000000227e+02 2.104148257587802884e-01
6.507999999999999545e+02 2.047659755266172943e-01
6.510000000000000000e+02 1.993472994975566959e-01
6.512000000000000455e+02 1.942954362788727463e-01
6.513999999999999773e+02 1.894192588300647184e-01
6.516000000000000227e+02 1.844709826133353325e-01
6.517999999999999545e+02 1.796653418006521341e-01
6.520000000000000000e+02 1.752139430043417601e-01
6.522000000000000455e+02 1.711161619287014657e-01
6.523999999999999773e+02 1.670811374815116546e-01
6.526000000000000227e+02 1.630357057644342966e-01
6.527999999999999545e+02 1.590894122579488701e-01
6.530000000000000000e+02 1.553926524029184408e-01
6.532000000000000455e+02 1.517828205413891962e-01
6.533999999999999773e+02 1.481892081392640892e-01
6.536000000000000227e+02 1.447646400197002137e-01
6.537999999999999545e+02 1.416474812384037052e-01
6.540000000000000000e+02 1.386587474545468435e-01
6.542000000000000455e+02 1.354697025919597564e-01
6.543999999999999773e+02 1.320969408853715499e-01
6.546000000000000227e+02 1.287129812553558517e-01
6.547999999999999545e+02 1.254110898887615400e-01
6.550000000000000000e+02 1.220089840345640331e-01
6.552000000000000455e+02 1.184825799604632968e-01
6.553999999999999773e+02 1.148541726129895801e-01
6.556000000000000227e+02 1.111022878672816572e-01
6.557999999999999545e+02 1.074009807313923426e-01
6.560000000000000000e+02 1.037774078614555617e-01
6.562000000000000455e+02 1.000473219338769149e-01
6.563999999999999773e+02 9.626323724737997911e-02
6.566000000000000227e+02 9.256241494378938950e-02
6.567999999999999545e+02 8.900833427944035425e-02
6.570000000000000000e+02 8.540706187973864938e-02
6.572000000000000455e+02 8.180136196101922552e-02
6.573999999999999773e+02 7.839486814153800998e-02
6.576000000000000227e+02 7.527731517299546260e-02
6.577999999999999545e+02 7.237162462149906994e-02
6.580000000000000000e+02 6.957300490741169519e-02
6.582000000000000455e+02 6.687947142222966379e-02
6.583999999999999773e+02 6.436627379089715495e-02
6.586000000000000227e+02 6.210575595655259962e-02
6.587999999999999545e+02 6.012678998760234705e-02
6.590000000000000000e+02 5.843808525831800660e-02
6.592000000000000455e+02 5.707360401153102614e-02
6.593999999999999773e+02 5.603936268950543420e-02
6.596000000000000227e+02 5.515584480097052156e-02
6.597999999999999545e+02 5.438034917173098504e-02
6.600000000000000000e+02 5.377046784764108467e-02
6.602000000000000455e+02 5.329880744688364480e-02
6.603999999999999773e+02 5.293402221890575188e-02
6.606000000000000227e+02 5.263990716553047788e-02
6.607999999999999545e+02 5.236218697998794303e-02
6.610000000000000000e+02 5.205936100027129532e-02
6.612000000000000455e+02 5.182168864366051841e-02
6.613999999999999773e+02 5.184742437200678955e-02
6.616000000000000227e+02 5.198450669321452722e-02
6.617999999999999545e+02 5.205157197000105651e-02
6.620000000000000000e+02 5.200445777680341719e-02
6.622000000000000455e+02 5.195641179137983068e-02
6.623999999999999773e+02 5.195240915656355873e-02
6.626000000000000227e+02 5.194751850283825523e-02
6.627999999999999545e+02 5.187982168606804223e-02
6.630000000000000000e+02 5.163151341453714460e-02
6.632000000000000455e+02 5.119129579055139989e-02
6.633999999999999773e+02 5.078483991366446182e-02
6.636000000000000227e+02 5.030431975815716217e-02
6.637999999999999545e+02 4.961730653484447418e-02
6.640000000000000000e+02 4.878333312139958300e-02
6.642000000000000455e+02 4.770084768975024758e-02
6.643999999999999773e+02 4.637855293158760217e-02
6.646000000000000227e+02 4.497985324436221122e-02
6.647999999999999545e+02 4.347982717272844133e-02
6.650000000000000000e+02 4.181952159069503294e-02
6.652000000000000455e+02 3.999275088867292050e-02
6.653999999999999773e+02 3.809040866622943888e-02
6.656000000000000227e+02 3.603271060424033390e-02
6.657999999999999545e+02 3.382534756554161914e-02
6.660000000000000000e+02 3.188979727917927443e-02
6.662000000000000455e+02 3.023514940018184882e-02
6.663999999999999773e+02 2.858531730248610458e-02
6.666000000000000227e+02 2.668213380748087060e-02
6.667999999999999545e+02 2.481763574593361110e-02
6.670000000000000000e+02 2.319470688385481816e-02
6.672000000000000455e+02 2.168606455002493327e-02
6.673999999999999773e+02 2.034451098964891458e-02
6.676000000000000227e+02 1.911292370362047133e-02
6.677999999999999545e+02 1.785811915055729449e-02
6.680000000000000000e+02 1.671088942014924139e-02
6.682000000000000455e+02 1.581813030527333408e-02
6.683999999999999773e+02 1.517483155676314921e-02
6.686000000000000227e+02 1.451374247366843395e-02
6.687999999999999545e+02 1.384699542328170219e-02
6.690000000000000000e+02 1.322099364115322806e-02
6.692000000000000455e+02 1.247141069497781363e-02
6.693999999999999773e+02 1.171265474254268302e-02
6.696000000000000227e+02 1.103700965668102940e-02
6.697999999999999545e+02 1.036032775226075620e-02
6.700000000000000000e+02 9.704969333492990957e-03
6.702000000000000455e+02 9.100680733994032101e-03
6.703999999999999773e+02 8.559061708612938912e-03
6.706000000000000227e+02 8.132562583266153555e-03
6.707999999999999545e+02 7.861979392727119764e-03
6.710000000000000000e+02 7.717918328595779753e-03
6.712000000000000455e+02 7.538182759404737920e-03
6.713999999999999773e+02 7.216826434922302136e-03
6.716000000000000227e+02 6.823439452171634056e-03
6.717999999999999545e+02 6.623754976721810128e-03
6.720000000000000000e+02 6.498370218557328326e-03
6.722000000000000455e+02 6.262717327329761496e-03
6.723999999999999773e+02 5.911924740104407272e-03
6.726000000000000227e+02 5.474537844762261685e-03
6.727999999999999545e+02 5.100817791808737178e-03
6.730000000000000000e+02 4.966427589932348452e-03
6.732000000000000455e+02 4.858854349929192518e-03
6.733999999999999773e+02 4.628574325085219043e-03
6.736000000000000227e+02 4.303346845447308944e-03
6.737999999999999545e+02 4.019544888473683408e-03
6.740000000000000000e+02 3.780620904020537409e-03
6.742000000000000455e+02 3.532897321667075041e-03
6.743999999999999773e+02 3.291667203894510507e-03
6.746000000000000227e+02 2.951962407679670219e-03
6.747999999999999545e+02 2.461018995579281055e-03
6.750000000000000000e+02 1.964609590713081722e-03
6.752000000000000455e+02 1.701518741719948435e-03
6.753999999999999773e+02 1.665839555510417735e-03
6.756000000000000227e+02 1.599388143129279460e-03
6.757999999999999545e+02 1.550746277008976937e-03
6.760000000000000000e+02 1.565419507103968377e-03
6.762000000000000455e+02 1.611890647281399858e-03
6.763999999999999773e+02 1.670900252928722574e-03
6.766000000000000227e+02 1.685446732144116333e-03
6.767999999999999545e+02 1.599040157764367032e-03
6.770000000000000000e+02 1.423894588587062970e-03
6.772000000000000455e+02 1.201918216975489395e-03
6.773999999999999773e+02 1.034760161983450111e-03
6.776000000000000227e+02 1.071188766075217846e-03
6.777999999999999545e+02 1.229283096370159534e-03
6.780000000000000000e+02 1.345085580641794398e-03
6.782000000000000455e+02 1.298668179046238991e-03
6.783999999999999773e+02 1.110529282550898333e-03
6.786000000000000227e+02 9.016853500951466094e-04
6.787999999999999545e+02 8.198534100304494254e-04
6.790000000000000000e+02 8.834034560523812418e-04
6.792000000000000455e+02 8.448183492872352041e-04
6.793999999999999773e+02 4.966236934110523915e-04
6.796000000000000227e+02 1.578692644878115781e-04
6.797999999999999545e+02 1.012961574807513809e-05
6.800000000000000000e+02 0.000000000000000000e+00
