4.300000000000000000e+02 4.778242297338579636e-01
4.301999999999999886e+02 4.674600050400429252e-01
4.303999999999999773e+02 4.578625617664925374e-01
4.306000000000000227e+02 4.490206677003899527e-01
4.308000000000000114e+02 4.410351589842527176e-01
4.310000000000000000e+02 4.339038352391955122e-01
4.311999999999999886e+02 4.276234072231361871e-01
4.313999999999999773e+02 4.222268021833983642e-01
4.316000000000000227e+02 4.176322886081431651e-01
4.318000000000000114e+02 4.137651304393910046e-01
4.320000000000000000e+02 4.105210496519920982e-01
4.321999999999999886e+02 4.077205871453936092e-01
4.323999999999999773e+02 4.052078797887388451e-01
4.326000000000000227e+02 4.028002683651600302e-01
4.328000000000000114e+02 4.003101968201338012e-01
4.330000000000000000e+02 3.976013751252274186e-01
4.331999999999999886e+02 3.945342482464305744e-01
4.333999999999999773e+02 3.910281753805501248e-01
4.336000000000000227e+02 3.870619973987240447e-01
4.338000000000000114e+02 3.826018358825394872e-01
4.340000000000000000e+02 3.776926011581221987e-01
4.341999999999999886e+02 3.723870969616032145e-01
4.343999999999999773e+02 3.667132536140204069e-01
4.346000000000000227e+02 3.607909561229527551e-01
4.348000000000000114e+02 3.547008954392059099e-01
4.350000000000000000e+02 3.485255781429223987e-01
4.351999999999999886e+02 3.424157141928313441e-01
4.353999999999999773e+02 3.364459788766921422e-01
4.356000000000000227e+02 3.306979807065389965e-01
4.358000000000000114e+02 3.252950048014168205e-01
4.360000000000000000e+02 3.203624253519730125e-01
4.361999999999999886e+02 3.158741010628576262e-01
4.363999999999999773e+02 3.117724596609456889e-01
4.366000000000000227e+02 3.080455049484297492e-01
4.368000000000000114e+02 3.046672192367384513e-01
4.370000000000000000e+02 3.015854908504048693e-01
4.371999999999999886e+02 2.987400257785128854e-01
4.373999999999999773e+02 2.960880912744361382e-01
4.376000000000000227e+02 2.935821802596603192e-01
4.378000000000000114e+02 2.911930645838896048e-01
4.380000000000000000e+02 2.889167494106504863e-01
4.381999999999999886e+02 2.867419294875456215e-01
4.383999999999999773e+02 2.846716496021635123e-01
4.386000000000000227e+02 2.827172853703767696e-01
4.388000000000000114e+02 2.808820699309703128e-01
4.390000000000000000e+02 2.791741855703411268e-01
4.391999999999999886e+02 2.775882640627174158e-01
4.393999999999999773e+02 2.760993749069003966e-01
4.396000000000000227e+02 2.746846381453078578e-01
4.398000000000000114e+02 2.733173511235214015e-01
4.400000000000000000e+02 2.719646464884039050e-01
4.401999999999999886e+02 2.705896782816084034e-01
4.403999999999999773e+02 2.691678291193476680e-01
4.406000000000000227e+02 2.676721948166981280e-01
4.408000000000000114e+02 2.660700535638685915e-01
4.410000000000000000e+02 2.643431728495277966e-01
4.411999999999999886e+02 2.624787644287639443e-01
4.413999999999999773e+02 2.604758702475059584e-01
4.416000000000000227e+02 2.583543044088965068e-01
4.418000000000000114e+02 2.561278041295471652e-01
4.420000000000000000e+02 2.538187646235209316e-01
4.421999999999999886e+02 2.514659338972526914e-01
4.423999999999999773e+02 2.491125316697162806e-01
4.426000000000000227e+02 2.467939392143045640e-01
4.428000000000000114e+02 2.445444707347312618e-01
4.430000000000000000e+02 2.424056299200229858e-01
4.431999999999999886e+02 2.403955023056730533e-01
4.433999999999999773e+02 2.385275721514427405e-01
4.436000000000000227e+02 2.368190054303517533e-01
4.438000000000000114e+02 2.352763249034835191e-01
4.440000000000000000e+02 2.339076312906861188e-01
4.441999999999999886e+02 2.327153057539495251e-01
4.443999999999999773e+02 2.316843115441756529e-01
4.446000000000000227e+02 2.307985052896995570e-01
4.448000000000000114e+02 2.300343248688638542e-01
4.450000000000000000e+02 2.293607499884698087e-01
4.451999999999999886e+02 2.287532057809393560e-01
4.453999999999999773e+02 2.281884908042065285e-01
4.456000000000000227e+02 2.276482365763413951e-01
4.458000000000000114e+02 2.271253353558423116e-01
4.460000000000000000e+02 2.266222017309602321e-01
4.461999999999999886e+02 2.261443006863436966e-01
4.463999999999999773e+02 2.256956499973402919e-01
4.466000000000000227e+02 2.252752278769203642e-01
4.468000000000000114e+02 2.248677889739407465e-01
4.470000000000000000e+02 2.244456472659214497e-01
4.471999999999999886e+02 2.239739085205840474e-01
4.473999999999999773e+02 2.234141520547703597e-01
4.476000000000000227e+02 2.227325866021384881e-01
4.478000000000000114e+02 2.219015313780234588e-01
4.480000000000000000e+02 2.208921559566189019e-01
4.481999999999999886e+02 2.196808462202052004e-01
4.483999999999999773e+02 2.182438883534614515e-01
4.486000000000000227e+02 2.165522327083507503e-01
4.488000000000000114e+02 2.145896181086240639e-01
4.490000000000000000e+02 2.123354448953019002e-01
4.491999999999999886e+02 2.097615844569342969e-01
4.493999999999999773e+02 2.068522223117383596e-01
4.496000000000000227e+02 2.036078642391076776e-01
4.498000000000000114e+02 2.000383726943488483e-01
4.500000000000000000e+02 1.961611152406570191e-01
4.501999999999999886e+02 1.920365675819153128e-01
4.503999999999999773e+02 1.877229635955112996e-01
4.506000000000000227e+02 1.832642386677011681e-01
4.508000000000000114e+02 1.787239651933360818e-01
4.510000000000000000e+02 1.741475792902681674e-01
4.511999999999999886e+02 1.695834076088865439e-01
4.513999999999999773e+02 1.651066010215443136e-01
4.516000000000000227e+02 1.607545943875718086e-01
4.518000000000000114e+02 1.565601618279871821e-01
4.520000000000000000e+02 1.525665581664518433e-01
4.521999999999999886e+02 1.488116512564564287e-01
4.523999999999999773e+02 1.453196654906135921e-01
4.526000000000000227e+02 1.421166887722817018e-01
4.528000000000000114e+02 1.392414360055355960e-01
4.530000000000000000e+02 1.366987163109088244e-01
4.531999999999999886e+02 1.344832963504844492e-01
4.533999999999999773e+02 1.325871754229552002e-01
4.536000000000000227e+02 1.309828005804633821e-01
4.538000000000000114e+02 1.296437601082037205e-01
4.540000000000000000e+02 1.285399062002196002e-01
4.541999999999999886e+02 1.276301927427441751e-01
4.543999999999999773e+02 1.268837995707591815e-01
4.546000000000000227e+02 1.262755395414783544e-01
4.548000000000000114e+02 1.257844468391673687e-01
4.550000000000000000e+02 1.253976861528158793e-01
4.551999999999999886e+02 1.250990691937393651e-01
4.553999999999999773e+02 1.248670134931620102e-01
4.556000000000000227e+02 1.246750528536647584e-01
4.558000000000000114e+02 1.244917955266476028e-01
4.560000000000000000e+02 1.242841204445752357e-01
4.561999999999999886e+02 1.240212397896453267e-01
4.563999999999999773e+02 1.236807174519369279e-01
4.566000000000000227e+02 1.232480804342884484e-01
4.568000000000000114e+02 1.227196271219698209e-01
4.570000000000000000e+02 1.221042797339516317e-01
4.571999999999999886e+02 1.214149692317290641e-01
4.573999999999999773e+02 1.206715767547052731e-01
4.576000000000000227e+02 1.198987947056007197e-01
4.578000000000000114e+02 1.191170087459251237e-01
4.580000000000000000e+02 1.183454095646934434e-01
4.581999999999999886e+02 1.176010814003360661e-01
4.583999999999999773e+02 1.168970622250786462e-01
4.586000000000000227e+02 1.162422266542721683e-01
4.588000000000000114e+02 1.156449483150640556e-01
4.590000000000000000e+02 1.151116044351136181e-01
4.591999999999999886e+02 1.146400709254667694e-01
4.593999999999999773e+02 1.142273189425977442e-01
4.596000000000000227e+02 1.138670455985027197e-01
4.598000000000000114e+02 1.135464390165776272e-01
4.600000000000000000e+02 1.132513851132210536e-01
4.601999999999999886e+02 1.129661354755332470e-01
4.603999999999999773e+02 1.126749249980421308e-01
4.606000000000000227e+02 1.123661607307444299e-01
4.608000000000000114e+02 1.120295083726291219e-01
4.610000000000000000e+02 1.116589223926644781e-01
4.611999999999999886e+02 1.112555354577647315e-01
4.613999999999999773e+02 1.108231152501547578e-01
4.616000000000000227e+02 1.103700662086905537e-01
4.618000000000000114e+02 1.099086960810089220e-01
4.620000000000000000e+02 1.094508744923131660e-01
4.621999999999999886e+02 1.090048676102347291e-01
4.623999999999999773e+02 1.085785560265768168e-01
4.626000000000000227e+02 1.081815803352878247e-01
4.628000000000000114e+02 1.078182435496286284e-01
4.630000000000000000e+02 1.074893203492287008e-01
4.631999999999999886e+02 1.071926791177079119e-01
4.633999999999999773e+02 1.069228141141854993e-01
4.636000000000000227e+02 1.066759862077488741e-01
4.638000000000000114e+02 1.064479478934885759e-01
4.640000000000000000e+02 1.062316336241525272e-01
4.641999999999999886e+02 1.060210683780604124e-01
4.643999999999999773e+02 1.058108298352298526e-01
4.646000000000000227e+02 1.055967219776269006e-01
4.648000000000000114e+02 1.053777946874483729e-01
4.650000000000000000e+02 1.051542022156327638e-01
4.651999999999999886e+02 1.049266515181693782e-01
4.653999999999999773e+02 1.046961663547962273e-01
4.656000000000000227e+02 1.044633530370023822e-01
4.658000000000000114e+02 1.042288997530244066e-01
4.660000000000000000e+02 1.039940325924717524e-01
4.661999999999999886e+02 1.037607665570093318e-01
4.663999999999999773e+02 1.035301754229899507e-01
4.666000000000000227e+02 1.033041805825972992e-01
4.668000000000000114e+02 1.030867021291477226e-01
4.670000000000000000e+02 1.028803391043317250e-01
4.671999999999999886e+02 1.026884996340686473e-01
4.673999999999999773e+02 1.025152352522037680e-01
4.676000000000000227e+02 1.023631061983693302e-01
4.678000000000000114e+02 1.022347921727300157e-01
4.680000000000000000e+02 1.021316279560419149e-01
4.681999999999999886e+02 1.020520559346297373e-01
4.683999999999999773e+02 1.019920469085891790e-01
4.686000000000000227e+02 1.019453269629531644e-01
4.688000000000000114e+02 1.019040686609428148e-01
4.690000000000000000e+02 1.018600710453818337e-01
4.691999999999999886e+02 1.018050267619153848e-01
4.693999999999999773e+02 1.017308766600764913e-01
4.696000000000000227e+02 1.016307188413658191e-01
4.698000000000000114e+02 1.015012578562115575e-01
4.700000000000000000e+02 1.013410325924116451e-01
4.701999999999999886e+02 1.011498882184970194e-01
4.703999999999999773e+02 1.009292163462559011e-01
4.706000000000000227e+02 1.006796584627368263e-01
4.708000000000000114e+02 1.004039035864754958e-01
4.710000000000000000e+02 1.001087833220363488e-01
4.711999999999999886e+02 9.980239184870406954e-02
4.713999999999999773e+02 9.949519957174177143e-02
4.716000000000000227e+02 9.919907002231093118e-02
4.718000000000000114e+02 9.892429814297770685e-02
4.720000000000000000e+02 9.867819288487697515e-02
4.721999999999999886e+02 9.846607914173355347e-02
4.723999999999999773e+02 9.829138962276781633e-02
4.726000000000000227e+02 9.815264149022431828e-02
4.728000000000000114e+02 9.804886906727411366e-02
4.730000000000000000e+02 9.798219182772074931e-02
4.731999999999999886e+02 9.795850060875860299e-02
4.733999999999999773e+02 9.798582361833979570e-02
4.736000000000000227e+02 9.807045025627503243e-02
4.738000000000000114e+02 9.821352685754614065e-02
4.740000000000000000e+02 9.840946351469681552e-02
4.741999999999999886e+02 9.864866778828088045e-02
4.743999999999999773e+02 9.891739034679428166e-02
4.746000000000000227e+02 9.919628941898736563e-02
4.748000000000000114e+02 9.946682286244173943e-02
4.750000000000000000e+02 9.971357714424691765e-02
4.751999999999999886e+02 9.992592514070583465e-02
4.753999999999999773e+02 1.001001929230004028e-01
4.756000000000000227e+02 1.002369305854995951e-01
4.758000000000000114e+02 1.003377765504129271e-01
4.760000000000000000e+02 1.004019133677859776e-01
4.761999999999999886e+02 1.004268658320750518e-01
4.763999999999999773e+02 1.004111001103966949e-01
4.766000000000000227e+02 1.003563883395555412e-01
4.768000000000000114e+02 1.002695232001775127e-01
4.770000000000000000e+02 1.001628950174455468e-01
4.771999999999999886e+02 1.000540144182009983e-01
4.773999999999999773e+02 9.996426159892102259e-02
4.776000000000000227e+02 9.991685367499117398e-02
4.778000000000000114e+02 9.993256799191554962e-02
4.780000000000000000e+02 1.000257503509354717e-01
4.781999999999999886e+02 1.002006696745590675e-01
4.783999999999999773e+02 1.004472847402944902e-01
4.786000000000000227e+02 1.007439640467746866e-01
4.788000000000000114e+02 1.010646808575755007e-01
4.790000000000000000e+02 1.013834033494206421e-01
4.791999999999999886e+02 1.016778768109697362e-01
4.793999999999999773e+02 1.019313921817580626e-01
4.796000000000000227e+02 1.021306830960689027e-01
4.798000000000000114e+02 1.022674849019142296e-01
4.800000000000000000e+02 1.023366000507813234e-01
4.801999999999999886e+02 1.023319646328344767e-01
4.803999999999999773e+02 1.022468231029467489e-01
4.806000000000000227e+02 1.020769715904586150e-01
4.808000000000000114e+02 1.018233029248007127e-01
4.810000000000000000e+02 1.014925202493106304e-01
4.811999999999999886e+02 1.011009564347175593e-01
4.813999999999999773e+02 1.006742374189378841e-01
4.816000000000000227e+02 1.002439839369985985e-01
4.818000000000000114e+02 9.984005376418922384e-02
4.820000000000000000e+02 9.948856669340039316e-02
4.821999999999999886e+02 9.920915842102129290e-02
4.823999999999999773e+02 9.900830388244627467e-02
4.826000000000000227e+02 9.888397811961233130e-02
4.828000000000000114e+02 9.882889151986029574e-02
4.830000000000000000e+02 9.883329304992130582e-02
4.831999999999999886e+02 9.888863092974237157e-02
4.833999999999999773e+02 9.898711583650832146e-02
4.836000000000000227e+02 9.912077065935720466e-02
4.838000000000000114e+02 9.928054094912627803e-02
4.840000000000000000e+02 9.945622142906987428e-02
4.841999999999999886e+02 9.963584509603265471e-02
4.843999999999999773e+02 9.980538088859092216e-02
4.846000000000000227e+02 9.995329421927834357e-02
4.848000000000000114e+02 1.000712328357972192e-01
4.850000000000000000e+02 1.001545050600090303e-01
4.851999999999999886e+02 1.002033613456516647e-01
4.853999999999999773e+02 1.002224467139257724e-01
4.856000000000000227e+02 1.002191426267887986e-01
4.858000000000000114e+02 1.002008995550885961e-01
4.860000000000000000e+02 1.001715029756403141e-01
4.861999999999999886e+02 1.001325038711836923e-01
4.863999999999999773e+02 1.000850010332971218e-01
4.866000000000000227e+02 1.000313511534940136e-01
4.868000000000000114e+02 9.997533133606559264e-02
4.870000000000000000e+02 9.992162725736319917e-02
4.871999999999999886e+02 9.987490417169450629e-02
4.873999999999999773e+02 9.983857181953367799e-02
4.876000000000000227e+02 9.981397192882751623e-02
4.878000000000000114e+02 9.980001667215895877e-02
4.880000000000000000e+02 9.979345329381963947e-02
4.881999999999999886e+02 9.978853996003295146e-02
4.883999999999999773e+02 9.977815807693521388e-02
4.886000000000000227e+02 9.975596201644620908e-02
4.888000000000000114e+02 9.971922289320372945e-02
4.890000000000000000e+02 9.966856975072860281e-02
4.891999999999999886e+02 9.960692954425537371e-02
4.893999999999999773e+02 9.953730876173255693e-02
4.896000000000000227e+02 9.946232350471567729e-02
4.898000000000000114e+02 9.938504093736980072e-02
4.900000000000000000e+02 9.931000701540587672e-02
4.901999999999999886e+02 9.924154832238429869e-02
4.903999999999999773e+02 9.918408108733320350e-02
4.906000000000000227e+02 9.914201732584973503e-02
4.908000000000000114e+02 9.911847034335255491e-02
4.910000000000000000e+02 9.911523426750212806e-02
4.911999999999999886e+02 9.913269234828561705e-02
4.913999999999999773e+02 9.916956777483365570e-02
4.916000000000000227e+02 9.922270258574358848e-02
4.918000000000000114e+02 9.928757939489865625e-02
4.920000000000000000e+02 9.935976816757799424e-02
4.921999999999999886e+02 9.943798518437785283e-02
4.923999999999999773e+02 9.952109183312382590e-02
4.926000000000000227e+02 9.960784419634424736e-02
4.928000000000000114e+02 9.969762372903473446e-02
4.930000000000000000e+02 9.978976556738908266e-02
4.931999999999999886e+02 9.988399900012806532e-02
4.933999999999999773e+02 9.998023065479391680e-02
4.936000000000000227e+02 1.000770386367390852e-01
4.938000000000000114e+02 1.001718127162362082e-01
4.940000000000000000e+02 1.002615107041278653e-01
4.941999999999999886e+02 1.003438261765373929e-01
4.943999999999999773e+02 1.004187231403480263e-01
4.946000000000000227e+02 1.004861741220157423e-01
4.948000000000000114e+02 1.005449649502222209e-01
4.950000000000000000e+02 1.005936008673171400e-01
4.951999999999999886e+02 1.006342594976403770e-01
4.953999999999999773e+02 1.006724524930497633e-01
4.956000000000000227e+02 1.007148621308127101e-01
4.958000000000000114e+02 1.007663221848842106e-01
4.960000000000000000e+02 1.008297582012315230e-01
4.961999999999999886e+02 1.009064236039235174e-01
4.963999999999999773e+02 1.009960868874905937e-01
4.966000000000000227e+02 1.010967140390080510e-01
4.968000000000000114e+02 1.012047469384266540e-01
4.970000000000000000e+02 1.013152606289481616e-01
4.971999999999999886e+02 1.014207476315655831e-01
4.973999999999999773e+02 1.015140996491818715e-01
4.976000000000000227e+02 1.015907499505828426e-01
4.978000000000000114e+02 1.016493448949944978e-01
4.980000000000000000e+02 1.016865237739100758e-01
4.981999999999999886e+02 1.016958111411335464e-01
4.983999999999999773e+02 1.016684969370949820e-01
4.986000000000000227e+02 1.015972085775445899e-01
4.988000000000000114e+02 1.014756725863144027e-01
4.990000000000000000e+02 1.012991384337550982e-01
4.991999999999999886e+02 1.010663410612082369e-01
4.993999999999999773e+02 1.007785012759215282e-01
4.996000000000000227e+02 1.004404477081906888e-01
4.998000000000000114e+02 1.000616455329420285e-01
5.000000000000000000e+02 9.965208328581465214e-02
5.001999999999999886e+02 9.922434913142469393e-02
5.003999999999999773e+02 9.879177269207992107e-02
5.006000000000000227e+02 9.836053341760486735e-02
5.008000000000000114e+02 9.793393233913164075e-02
5.010000000000000000e+02 9.751424288248453087e-02
5.011999999999999886e+02 9.710339421204922106e-02
5.013999999999999773e+02 9.670271640849917305e-02
5.016000000000000227e+02 9.631490361510225418e-02
5.018000000000000114e+02 9.594335852333565895e-02
5.020000000000000000e+02 9.558826123492361604e-02
5.021999999999999886e+02 9.524997071516283498e-02
5.023999999999999773e+02 9.492653593918440325e-02
5.026000000000000227e+02 9.461099425768562665e-02
5.028000000000000114e+02 9.429737211810390596e-02
5.030000000000000000e+02 9.397797859581619173e-02
5.031999999999999886e+02 9.364394111768295503e-02
5.033999999999999773e+02 9.329084608151924640e-02
5.036000000000000227e+02 9.292001275327543830e-02
5.038000000000000114e+02 9.253870124425114807e-02
5.040000000000000000e+02 9.215829457491664378e-02
5.041999999999999886e+02 9.178429133467791434e-02
5.043999999999999773e+02 9.142028196330606593e-02
5.046000000000000227e+02 9.106904112877475810e-02
5.048000000000000114e+02 9.072909762803427203e-02
5.050000000000000000e+02 9.039382322926389768e-02
5.051999999999999886e+02 9.005650388571950771e-02
5.053999999999999773e+02 8.971539030795627756e-02
5.056000000000000227e+02 8.937061930239395546e-02
5.058000000000000114e+02 8.902510524488205235e-02
5.060000000000000000e+02 8.868374872626186289e-02
5.061999999999999886e+02 8.835024083689146934e-02
5.063999999999999773e+02 8.802808760971198021e-02
5.066000000000000227e+02 8.771776117702842490e-02
5.068000000000000114e+02 8.741463371912680524e-02
5.070000000000000000e+02 8.711513297649445264e-02
5.071999999999999886e+02 8.681445169864360212e-02
5.073999999999999773e+02 8.650518045631247488e-02
5.076000000000000227e+02 8.617813079197009229e-02
5.078000000000000114e+02 8.582979601041021422e-02
5.080000000000000000e+02 8.546006285492982468e-02
5.081999999999999886e+02 8.506900497517819182e-02
5.083999999999999773e+02 8.466036446407546046e-02
5.086000000000000227e+02 8.423951743907551193e-02
5.088000000000000114e+02 8.381353306728922536e-02
5.090000000000000000e+02 8.339296656491107518e-02
5.091999999999999886e+02 8.298385394498700163e-02
5.093999999999999773e+02 8.258854190686656938e-02
5.096000000000000227e+02 8.220728645412184177e-02
5.098000000000000114e+02 8.183460433970723980e-02
5.100000000000000000e+02 8.146461141221400526e-02
5.101999999999999886e+02 8.109271252728303403e-02
5.103999999999999773e+02 8.071403666702256507e-02
5.106000000000000227e+02 8.032697771898358874e-02
5.108000000000000114e+02 7.993333143883657455e-02
5.110000000000000000e+02 7.953693143154488832e-02
5.111999999999999886e+02 7.913979745963006796e-02
5.113999999999999773e+02 7.874486492607143950e-02
5.116000000000000227e+02 7.835546535664145162e-02
5.118000000000000114e+02 7.797147223526448845e-02
5.120000000000000000e+02 7.759151281045684190e-02
5.122000000000000455e+02 7.721235018021121999e-02
5.123999999999999773e+02 7.682909774898782906e-02
5.126000000000000227e+02 7.644106181741466832e-02
5.127999999999999545e+02 7.604737744835379787e-02
5.130000000000000000e+02 7.564644985880183969e-02
5.132000000000000455e+02 7.523888720305199618e-02
5.133999999999999773e+02 7.482426676446102265e-02
5.136000000000000227e+02 7.440311544286307144e-02
5.137999999999999545e+02 7.397833186666138983e-02
5.140000000000000000e+02 7.355050815994224056e-02
5.142000000000000455e+02 7.312230440448885815e-02
5.143999999999999773e+02 7.269901019515259688e-02
5.146000000000000227e+02 7.228532796230119351e-02
5.147999999999999545e+02 7.188324509159654818e-02
5.150000000000000000e+02 7.149369340481001589e-02
5.152000000000000455e+02 7.111727713543472551e-02
5.153999999999999773e+02 7.074974707644071659e-02
5.156000000000000227e+02 7.038658674087988620e-02
5.157999999999999545e+02 7.002372458698144508e-02
5.160000000000000000e+02 6.965543285481917701e-02
5.162000000000000455e+02 6.927945214741845770e-02
5.163999999999999773e+02 6.889462157584314017e-02
5.166000000000000227e+02 6.849882482842661879e-02
5.167999999999999545e+02 6.809285487363284095e-02
5.170000000000000000e+02 6.767813467838298958e-02
5.172000000000000455e+02 6.725508728527654356e-02
5.173999999999999773e+02 6.682272978960038246e-02
5.176000000000000227e+02 6.638476492754027958e-02
5.177999999999999545e+02 6.594644777507358002e-02
5.180000000000000000e+02 6.551161255121884519e-02
5.182000000000000455e+02 6.508561158321030105e-02
5.183999999999999773e+02 6.467100987629137432e-02
5.186000000000000227e+02 6.426816561341566758e-02
5.187999999999999545e+02 6.387898669940714202e-02
5.190000000000000000e+02 6.350020694429719947e-02
5.192000000000000455e+02 6.312645327507898640e-02
5.193999999999999773e+02 6.275343503308325466e-02
5.196000000000000227e+02 6.237634963106905572e-02
5.197999999999999545e+02 6.199379518995012939e-02
5.200000000000000000e+02 6.160731194308047276e-02
5.202000000000000455e+02 6.121815637582175840e-02
5.203999999999999773e+02 6.083173578753744981e-02
5.206000000000000227e+02 6.045538427838351159e-02
5.207999999999999545e+02 6.009478194761078140e-02
5.210000000000000000e+02 5.974993297005670723e-02
5.212000000000000455e+02 5.941935242160370501e-02
5.213999999999999773e+02 5.910001899557912330e-02
5.216000000000000227e+02 5.878482530114581550e-02
5.217999999999999545e+02 5.846827993516626187e-02
5.220000000000000000e+02 5.814577292820174992e-02
5.222000000000000455e+02 5.781306063885968682e-02
5.223999999999999773e+02 5.746979624981218837e-02
5.226000000000000227e+02 5.711937690979293492e-02
5.227999999999999545e+02 5.677364599405779200e-02
5.230000000000000000e+02 5.646018422184848062e-02
5.232000000000000455e+02 5.620908610505981340e-02
5.233999999999999773e+02 5.604156856703221279e-02
5.236000000000000227e+02 5.596260983939008171e-02
5.237999999999999545e+02 5.596156472469601684e-02
5.240000000000000000e+02 5.601427712586248830e-02
5.242000000000000455e+02 5.608752392365246031e-02
5.243999999999999773e+02 5.614605616263557142e-02
5.246000000000000227e+02 5.615956846999553553e-02
5.247999999999999545e+02 5.610873346264011463e-02
5.250000000000000000e+02 5.599010400577428270e-02
5.252000000000000455e+02 5.581812686366072196e-02
5.253999999999999773e+02 5.561842469622810259e-02
5.256000000000000227e+02 5.541710310305889009e-02
5.257999999999999545e+02 5.522567109176734768e-02
5.260000000000000000e+02 5.503498867595565947e-02
5.262000000000000455e+02 5.482508339983324652e-02
5.263999999999999773e+02 5.457662301026197649e-02
5.266000000000000227e+02 5.428355846335020107e-02
5.267999999999999545e+02 5.395391973651339490e-02
5.270000000000000000e+02 5.360820505467883690e-02
5.272000000000000455e+02 5.327653026072109999e-02
5.273999999999999773e+02 5.299371726857360354e-02
5.276000000000000227e+02 5.279068523350199937e-02
5.277999999999999545e+02 5.268774261876779663e-02
5.280000000000000000e+02 5.269176236447933870e-02
5.282000000000000455e+02 5.279601226329003194e-02
5.283999999999999773e+02 5.298189600400068922e-02
5.286000000000000227e+02 5.322415680501860202e-02
5.287999999999999545e+02 5.351018381053210260e-02
5.290000000000000000e+02 5.384185102022026603e-02
5.292000000000000455e+02 5.423687754323833210e-02
5.293999999999999773e+02 5.473606354733148716e-02
5.296000000000000227e+02 5.541425816817424632e-02
5.297999999999999545e+02 5.640139632075286125e-02
5.300000000000000000e+02 5.791632041715719104e-02
5.302000000000000455e+02 6.029709328739335517e-02
5.303999999999999773e+02 6.399761812125917548e-02
5.306000000000000227e+02 6.959403110112760693e-02
5.307999999999999545e+02 7.780320297092999104e-02
5.310000000000000000e+02 8.931664356983651243e-02
5.312000000000000455e+02 1.047865833102067934e-01
5.313999999999999773e+02 1.248593699192284689e-01
5.316000000000000227e+02 1.499743894198961314e-01
5.317999999999999545e+02 1.804628490328880341e-01
5.320000000000000000e+02 2.165001619086180107e-01
5.322000000000000455e+02 2.576871583211290950e-01
5.323999999999999773e+02 3.035310646313102989e-01
5.326000000000000227e+02 3.534307669577525512e-01
5.327999999999999545e+02 4.064158759173964741e-01
5.330000000000000000e+02 4.612680104790881641e-01
5.332000000000000455e+02 5.167252009095808507e-01
5.333999999999999773e+02 5.714517935337583010e-01
5.336000000000000227e+02 6.235888224163809168e-01
5.337999999999999545e+02 6.715450983318255185e-01
5.340000000000000000e+02 7.139827850988479385e-01
5.342000000000000455e+02 7.494771641014726926e-01
5.343999999999999773e+02 7.768972604073524080e-01
5.346000000000000227e+02 7.953067124228792029e-01
5.347999999999999545e+02 8.039752508288241506e-01
5.350000000000000000e+02 8.027208094250005699e-01
5.352000000000000455e+02 7.917390975363081118e-01
5.353999999999999773e+02 7.715088595091750268e-01
5.356000000000000227e+02 7.427925324068883617e-01
5.357999999999999545e+02 7.068885987307764740e-01
5.360000000000000000e+02 6.652365831775274296e-01
5.362000000000000455e+02 6.192011166259330235e-01
5.363999999999999773e+02 5.702573630216155598e-01
5.366000000000000227e+02 5.198582546715954100e-01
5.367999999999999545e+02 4.692726841101680924e-01
5.370000000000000000e+02 4.194876684386095178e-01
5.372000000000000455e+02 3.716933663620807238e-01
5.373999999999999773e+02 3.268001416121147917e-01
5.376000000000000227e+02 2.852520045266569992e-01
5.377999999999999545e+02 2.475251834286389674e-01
5.380000000000000000e+02 2.138332639596921270e-01
5.382000000000000455e+02 1.842313720098308349e-01
5.383999999999999773e+02 1.588236109759178227e-01
5.386000000000000227e+02 1.373497835283403190e-01
5.387999999999999545e+02 1.194354567989538429e-01
5.390000000000000000e+02 1.047380358867132100e-01
5.392000000000000455e+02 9.283059459926687462e-02
5.393999999999999773e+02 8.335265990592055640e-02
5.396000000000000227e+02 7.597669687099511959e-02
5.397999999999999545e+02 7.032163750426087545e-02
5.400000000000000000e+02 6.607689421655238426e-02
5.402000000000000455e+02 6.297994863403127974e-02
5.403999999999999773e+02 6.079554121623909069e-02
5.406000000000000227e+02 5.932331391117848240e-02
5.407999999999999545e+02 5.840192368897154096e-02
5.410000000000000000e+02 5.789989674318954394e-02
5.412000000000000455e+02 5.770489142437024155e-02
5.413999999999999773e+02 5.773477236180860062e-02
5.416000000000000227e+02 5.793080624204630102e-02
5.417999999999999545e+02 5.825034342619306305e-02
5.420000000000000000e+02 5.865913640071268587e-02
5.422000000000000455e+02 5.913584903258869985e-02
5.423999999999999773e+02 5.966970535543048015e-02
5.426000000000000227e+02 6.025541611880480541e-02
5.427999999999999545e+02 6.088898727364844277e-02
5.430000000000000000e+02 6.156856808134814063e-02
5.432000000000000455e+02 6.229254546233634060e-02
5.433999999999999773e+02 6.305269275204236634e-02
5.436000000000000227e+02 6.384560890362692143e-02
5.437999999999999545e+02 6.467103848850302983e-02
5.440000000000000000e+02 6.552690145573744629e-02
5.442000000000000455e+02 6.641553912858566555e-02
5.443999999999999773e+02 6.733720791135724970e-02
5.446000000000000227e+02 6.829069896355216551e-02
5.447999999999999545e+02 6.928534695250240794e-02
5.450000000000000000e+02 7.032616855695961178e-02
5.452000000000000455e+02 7.141475666980492965e-02
5.453999999999999773e+02 7.255271480121450178e-02
5.456000000000000227e+02 7.372755814588599632e-02
5.457999999999999545e+02 7.493531554282609197e-02
5.460000000000000000e+02 7.617652922228268508e-02
5.462000000000000455e+02 7.741616294889863692e-02
5.463999999999999773e+02 7.866421146958060828e-02
5.466000000000000227e+02 7.994879495974116512e-02
5.467999999999999545e+02 8.126086460511203202e-02
5.470000000000000000e+02 8.260475893623264732e-02
5.472000000000000455e+02 8.399274969537762203e-02
5.473999999999999773e+02 8.543293528454320995e-02
5.476000000000000227e+02 8.692115036283243334e-02
5.477999999999999545e+02 8.845553440483816532e-02
5.480000000000000000e+02 9.004074223436264734e-02
5.482000000000000455e+02 9.167614594295880881e-02
5.483999999999999773e+02 9.336605207779119509e-02
5.486000000000000227e+02 9.511573160635627966e-02
5.487999999999999545e+02 9.691750554306136078e-02
5.490000000000000000e+02 9.877506787207002148e-02
5.492000000000000455e+02 1.007027724526777246e-01
5.493999999999999773e+02 1.027159508218018491e-01
5.496000000000000227e+02 1.048116752046516220e-01
5.497999999999999545e+02 1.069822026669590975e-01
5.500000000000000000e+02 1.092254482305132501e-01
5.502000000000000455e+02 1.115337444385332000e-01
5.503999999999999773e+02 1.138858812761370243e-01
5.506000000000000227e+02 1.162526197043697307e-01
5.507999999999999545e+02 1.186259913099676211e-01
5.510000000000000000e+02 1.210092457853447490e-01
5.512000000000000455e+02 1.234073503046463904e-01
5.513999999999999773e+02 1.258177618252452612e-01
5.516000000000000227e+02 1.282574226384801674e-01
5.517999999999999545e+02 1.307493592610839972e-01
5.520000000000000000e+02 1.333015066301546092e-01
5.522000000000000455e+02 1.359219383728864639e-01
5.523999999999999773e+02 1.386077504387533132e-01
5.526000000000000227e+02 1.413411694204884939e-01
5.527999999999999545e+02 1.441234875049980657e-01
5.530000000000000000e+02 1.469667652174643790e-01
5.532000000000000455e+02 1.498841000085801289e-01
5.533999999999999773e+02 1.528768215989565193e-01
5.536000000000000227e+02 1.559570378165367754e-01
5.537999999999999545e+02 1.591471313861744508e-01
5.540000000000000000e+02 1.624634204509391722e-01
5.542000000000000455e+02 1.658958959899060337e-01
5.543999999999999773e+02 1.694254213861221825e-01
5.546000000000000227e+02 1.730470375235137193e-01
5.547999999999999545e+02 1.767584269135520081e-01
5.550000000000000000e+02 1.805475866783372296e-01
5.552000000000000455e+02 1.843937322011660329e-01
5.553999999999999773e+02 1.883091409512686887e-01
5.556000000000000227e+02 1.923046812700858477e-01
5.557999999999999545e+02 1.963827475971020309e-01
5.560000000000000000e+02 2.005657832858022405e-01
5.562000000000000455e+02 2.048524901837691925e-01
5.563999999999999773e+02 2.092258479362707757e-01
5.566000000000000227e+02 2.136914722763656183e-01
5.567999999999999545e+02 2.182599523202417291e-01
5.570000000000000000e+02 2.229287475915759653e-01
5.572000000000000455e+02 2.276718632610421900e-01
5.573999999999999773e+02 2.324908215537605238e-01
5.576000000000000227e+02 2.374036623183863048e-01
5.577999999999999545e+02 2.424258487185948774e-01
5.580000000000000000e+02 2.475391377711112229e-01
5.582000000000000455e+02 2.527364674595425909e-01
5.583999999999999773e+02 2.580360762249911399e-01
5.586000000000000227e+02 2.634585345290608727e-01
5.587999999999999545e+02 2.689897150082281030e-01
5.590000000000000000e+02 2.746029636150448816e-01
5.592000000000000455e+02 2.803119944603330582e-01
5.593999999999999773e+02 2.861182660780625664e-01
5.596000000000000227e+02 2.920266628804099041e-01
5.597999999999999545e+02 2.980647934203096705e-01
5.600000000000000000e+02 3.042181130866828953e-01
5.602000000000000455e+02 3.104748776444681280e-01
5.603999999999999773e+02 3.168563393994169308e-01
5.606000000000000227e+02 3.233857885922770681e-01
5.607999999999999545e+02 3.300559201022410516e-01
5.610000000000000000e+02 3.368379238269249010e-01
5.612000000000000455e+02 3.437424996718936310e-01
5.613999999999999773e+02 3.507908384006633851e-01
5.616000000000000227e+02 3.579887749251697837e-01
5.617999999999999545e+02 3.653038095161917909e-01
5.620000000000000000e+02 3.727406342442664000e-01
5.622000000000000455e+02 3.803307837458069773e-01
5.623999999999999773e+02 3.881003291594564697e-01
5.626000000000000227e+02 3.960195076982413465e-01
5.627999999999999545e+02 4.040628705000202103e-01
5.630000000000000000e+02 4.122460618773577945e-01
5.632000000000000455e+02 4.205927197691081698e-01
5.633999999999999773e+02 4.290848112572319684e-01
5.636000000000000227e+02 4.376772330004786715e-01
5.637999999999999545e+02 4.463849854018807628e-01
5.640000000000000000e+02 4.552029712954420715e-01
5.642000000000000455e+02 4.641176533358735146e-01
5.643999999999999773e+02 4.731544972301167107e-01
5.646000000000000227e+02 4.822894382177150829e-01
5.647999999999999545e+02 4.914967079355960777e-01
5.650000000000000000e+02 5.008067637689742613e-01
5.652000000000000455e+02 5.102529185916394594e-01
5.653999999999999773e+02 5.198298735038094920e-01
5.656000000000000227e+02 5.294933924963876049e-01
5.657999999999999545e+02 5.392556871483334957e-01
5.660000000000000000e+02 5.491465926578211754e-01
5.662000000000000455e+02 5.591745265958061317e-01
5.663999999999999773e+02 5.692791983259193334e-01
5.666000000000000227e+02 5.794390595653552412e-01
5.667999999999999545e+02 5.896772268648533544e-01
5.670000000000000000e+02 6.000208278844753051e-01
5.672000000000000455e+02 6.104346329151396633e-01
5.673999999999999773e+02 6.208852998789897715e-01
5.676000000000000227e+02 6.313989625929251615e-01
5.677999999999999545e+02 6.419583482760347071e-01
5.680000000000000000e+02 6.525582734988689682e-01
5.682000000000000455e+02 6.632196828745695605e-01
5.683999999999999773e+02 6.738855672812875675e-01
5.686000000000000227e+02 6.845281201617552380e-01
5.687999999999999545e+02 6.951717662123947372e-01
5.690000000000000000e+02 7.058366079287393680e-01
5.692000000000000455e+02 7.164894409848678869e-01
5.693999999999999773e+02 7.270867355514947228e-01
5.696000000000000227e+02 7.376524518270014541e-01
5.697999999999999545e+02 7.482162380187473705e-01
5.700000000000000000e+02 7.587695303803615454e-01
5.702000000000000455e+02 7.692507629767001420e-01
5.703999999999999773e+02 7.796601158879513660e-01
5.706000000000000227e+02 7.900249929361800039e-01
5.707999999999999545e+02 8.003575319731590643e-01
5.710000000000000000e+02 8.106006991495382508e-01
5.712000000000000455e+02 8.207367303848533968e-01
5.713999999999999773e+02 8.307923239124421766e-01
5.716000000000000227e+02 8.407570925226992564e-01
5.717999999999999545e+02 8.506542153331981826e-01
5.720000000000000000e+02 8.605039711870471342e-01
5.722000000000000455e+02 8.702554377079705361e-01
5.723999999999999773e+02 8.799086502476526350e-01
5.726000000000000227e+02 8.894944699826393686e-01
5.727999999999999545e+02 8.990301489004768332e-01
5.730000000000000000e+02 9.084694355330931170e-01
5.732000000000000455e+02 9.177818473881445005e-01
5.733999999999999773e+02 9.269880790401461290e-01
5.736000000000000227e+02 9.361084903896659259e-01
5.737999999999999545e+02 9.451184353965580431e-01
5.740000000000000000e+02 9.539715942182520614e-01
5.742000000000000455e+02 9.626850598886318444e-01
5.743999999999999773e+02 9.712887272767707358e-01
5.746000000000000227e+02 9.797872124074440414e-01
5.747999999999999545e+02 9.881338071820928715e-01
5.750000000000000000e+02 9.963332451683388769e-01
5.752000000000000455e+02 1.004400977113891535e+00
5.753999999999999773e+02 1.012325447434523795e+00
5.756000000000000227e+02 1.020129598608231936e+00
5.757999999999999545e+02 1.027811000536325015e+00
5.760000000000000000e+02 1.035328983071863496e+00
5.762000000000000455e+02 1.042690059429530303e+00
5.763999999999999773e+02 1.049908367031019640e+00
5.766000000000000227e+02 1.056980086769197191e+00
5.767999999999999545e+02 1.063864897416435529e+00
5.770000000000000000e+02 1.070542799439985204e+00
5.772000000000000455e+02 1.077027037367273232e+00
5.773999999999999773e+02 1.083355957911869227e+00
5.776000000000000227e+02 1.089510210990487060e+00
5.777999999999999545e+02 1.095480130773231142e+00
5.780000000000000000e+02 1.101314090986595051e+00
5.782000000000000455e+02 1.106995255264620059e+00
5.783999999999999773e+02 1.112525930986978606e+00
5.786000000000000227e+02 1.117950906059506311e+00
5.787999999999999545e+02 1.123243566742558652e+00
5.790000000000000000e+02 1.128404310514518727e+00
5.792000000000000455e+02 1.133459898754096917e+00
5.793999999999999773e+02 1.138375317849244173e+00
5.796000000000000227e+02 1.143160300819745290e+00
5.797999999999999545e+02 1.147843197607555377e+00
5.800000000000000000e+02 1.152399466218434920e+00
5.802000000000000455e+02 1.156844451674815755e+00
5.803999999999999773e+02 1.161193216752851809e+00
5.806000000000000227e+02 1.165416669620873202e+00
5.807999999999999545e+02 1.169514230189347526e+00
5.810000000000000000e+02 1.173495161259366482e+00
5.812000000000000455e+02 1.177355348107057553e+00
5.813999999999999773e+02 1.181053142867565242e+00
5.816000000000000227e+02 1.184571861527646819e+00
5.817999999999999545e+02 1.187924779822841614e+00
5.820000000000000000e+02 1.191099067491599328e+00
5.822000000000000455e+02 1.194110270574732180e+00
5.823999999999999773e+02 1.196987462760846777e+00
5.826000000000000227e+02 1.199725425354393415e+00
5.827999999999999545e+02 1.202341348549847755e+00
5.830000000000000000e+02 1.204848852567025563e+00
5.832000000000000455e+02 1.207224145338172905e+00
5.833999999999999773e+02 1.209462294385837078e+00
5.836000000000000227e+02 1.211554384833356091e+00
5.837999999999999545e+02 1.213476426878416392e+00
5.840000000000000000e+02 1.215237921698232526e+00
5.842000000000000455e+02 1.216852476890537327e+00
5.843999999999999773e+02 1.218327035632972954e+00
5.846000000000000227e+02 1.219675241551847478e+00
5.847999999999999545e+02 1.220904755517276508e+00
5.850000000000000000e+02 1.222014565716110557e+00
5.852000000000000455e+02 1.222997762336606176e+00
5.853999999999999773e+02 1.223846817131480691e+00
5.856000000000000227e+02 1.224549976779537586e+00
5.857999999999999545e+02 1.225088239983574079e+00
5.860000000000000000e+02 1.225460847503421435e+00
5.862000000000000455e+02 1.225679117479270275e+00
5.863999999999999773e+02 1.225759358103651664e+00
5.866000000000000227e+02 1.225722373492481143e+00
5.867999999999999545e+02 1.225582451203472756e+00
5.870000000000000000e+02 1.225343189442648306e+00
5.872000000000000455e+02 1.225004259431760278e+00
5.873999999999999773e+02 1.224569524288848132e+00
5.876000000000000227e+02 1.224043835471528396e+00
5.877999999999999545e+02 1.223420680723340093e+00
5.880000000000000000e+02 1.222693464225814264e+00
5.882000000000000455e+02 1.221863374690849380e+00
5.883999999999999773e+02 1.220945125671529130e+00
5.886000000000000227e+02 1.219945667470092587e+00
5.887999999999999545e+02 1.218871024422319316e+00
5.890000000000000000e+02 1.217731686964545812e+00
5.892000000000000455e+02 1.216519919539635231e+00
5.893999999999999773e+02 1.215226464295694919e+00
5.896000000000000227e+02 1.213847672406528577e+00
5.897999999999999545e+02 1.212370513423808305e+00
5.900000000000000000e+02 1.210796943938731607e+00
5.902000000000000455e+02 1.209139280879290013e+00
5.903999999999999773e+02 1.207386362485868281e+00
5.906000000000000227e+02 1.205550602068906185e+00
5.907999999999999545e+02 1.203656446943525360e+00
5.910000000000000000e+02 1.201704459642691791e+00
5.912000000000000455e+02 1.199699745487377456e+00
5.913999999999999773e+02 1.197642243611424906e+00
5.916000000000000227e+02 1.195512827257165567e+00
5.917999999999999545e+02 1.193288021244514940e+00
5.920000000000000000e+02 1.190958426216006893e+00
5.922000000000000455e+02 1.188532589545411300e+00
5.923999999999999773e+02 1.186002710571877117e+00
5.926000000000000227e+02 1.183377590279943936e+00
5.927999999999999545e+02 1.180680054091257647e+00
5.930000000000000000e+02 1.177897650420654418e+00
5.932000000000000455e+02 1.175043561353515731e+00
5.933999999999999773e+02 1.172144353051852050e+00
5.936000000000000227e+02 1.169188910520918112e+00
5.937999999999999545e+02 1.166186706754423374e+00
5.940000000000000000e+02 1.163147872920888837e+00
5.942000000000000455e+02 1.160054446776227932e+00
5.943999999999999773e+02 1.156923775055982873e+00
5.946000000000000227e+02 1.153770667524032678e+00
5.947999999999999545e+02 1.150584169469419882e+00
5.950000000000000000e+02 1.147384677336253711e+00
5.952000000000000455e+02 1.144178474281845936e+00
5.953999999999999773e+02 1.140940125370920599e+00
5.956000000000000227e+02 1.137638038459310330e+00
5.957999999999999545e+02 1.134267131236978532e+00
5.960000000000000000e+02 1.130836027138849786e+00
5.962000000000000455e+02 1.127324326354253614e+00
5.963999999999999773e+02 1.123747983350951829e+00
5.966000000000000227e+02 1.120133416257998338e+00
5.967999999999999545e+02 1.116472797336133027e+00
5.970000000000000000e+02 1.112798969211883371e+00
5.972000000000000455e+02 1.109139700719130150e+00
5.973999999999999773e+02 1.105482071436146407e+00
5.976000000000000227e+02 1.101846932826567649e+00
5.977999999999999545e+02 1.098235761838035396e+00
5.980000000000000000e+02 1.094617927792806089e+00
5.982000000000000455e+02 1.091006369687002708e+00
5.983999999999999773e+02 1.087414883274914423e+00
5.986000000000000227e+02 1.083845017428771484e+00
5.987999999999999545e+02 1.080296690538504745e+00
5.990000000000000000e+02 1.076785311224856212e+00
5.992000000000000455e+02 1.073319049685558246e+00
5.993999999999999773e+02 1.069865146289723068e+00
5.996000000000000227e+02 1.066423260690942287e+00
5.997999999999999545e+02 1.062992754468915946e+00
6.000000000000000000e+02 1.059540711535167157e+00
6.002000000000000455e+02 1.056075201340888947e+00
6.003999999999999773e+02 1.052596246917440359e+00
6.006000000000000227e+02 1.049078405939144698e+00
6.007999999999999545e+02 1.045544946840669009e+00
6.010000000000000000e+02 1.042007134243500888e+00
6.012000000000000455e+02 1.038458470317016324e+00
6.013999999999999773e+02 1.034926946777507073e+00
6.016000000000000227e+02 1.031405350340699689e+00
6.017999999999999545e+02 1.027867641542389299e+00
6.020000000000000000e+02 1.024325160546962987e+00
6.022000000000000455e+02 1.020777840594957464e+00
6.023999999999999773e+02 1.017218654441714110e+00
6.026000000000000227e+02 1.013650842668714525e+00
6.027999999999999545e+02 1.010103365050526225e+00
6.030000000000000000e+02 1.006591020972885442e+00
6.032000000000000455e+02 1.003099377260150638e+00
6.033999999999999773e+02 9.996529598533525629e-01
6.036000000000000227e+02 9.962569105727363539e-01
6.037999999999999545e+02 9.928894767195606263e-01
6.040000000000000000e+02 9.895655719065239442e-01
6.042000000000000455e+02 9.862735144471264093e-01
6.043999999999999773e+02 9.829870053001790176e-01
6.046000000000000227e+02 9.797222132931753258e-01
6.047999999999999545e+02 9.764739055150943869e-01
6.050000000000000000e+02 9.732385426909657689e-01
6.052000000000000455e+02 9.700506403295787727e-01
6.053999999999999773e+02 9.669086680467759987e-01
6.056000000000000227e+02 9.638057736005487541e-01
6.057999999999999545e+02 9.607543670110985090e-01
6.060000000000000000e+02 9.577458664843687686e-01
6.062000000000000455e+02 9.547644008759681444e-01
6.063999999999999773e+02 9.518008126941224223e-01
6.066000000000000227e+02 9.488684727551706111e-01
6.067999999999999545e+02 9.459624626130398450e-01
6.070000000000000000e+02 9.430676994896132204e-01
6.072000000000000455e+02 9.402042515863768823e-01
6.073999999999999773e+02 9.373719926588199858e-01
6.076000000000000227e+02 9.345668256767996063e-01
6.077999999999999545e+02 9.318144854001044752e-01
6.080000000000000000e+02 9.291051049522607297e-01
6.082000000000000455e+02 9.264247380117958119e-01
6.083999999999999773e+02 9.237848792723943880e-01
6.086000000000000227e+02 9.211761419417281438e-01
6.087999999999999545e+02 9.185989657052939794e-01
6.090000000000000000e+02 9.160704103801966536e-01
6.092000000000000455e+02 9.135717893836370340e-01
6.093999999999999773e+02 9.110962159465425536e-01
6.096000000000000227e+02 9.086531064497560539e-01
6.097999999999999545e+02 9.062321339836321155e-01
6.100000000000000000e+02 9.038188853505990661e-01
6.102000000000000455e+02 9.014074595152261615e-01
6.103999999999999773e+02 8.990103528786022036e-01
6.106000000000000227e+02 8.966192381290934987e-01
6.107999999999999545e+02 8.942298757587542335e-01
6.110000000000000000e+02 8.918673131538523702e-01
6.112000000000000455e+02 8.895347093189854837e-01
6.113999999999999773e+02 8.872399865291180632e-01
6.116000000000000227e+02 8.850062950729394862e-01
6.117999999999999545e+02 8.828249252973471295e-01
6.120000000000000000e+02 8.806948142948408664e-01
6.122000000000000455e+02 8.786268434380830605e-01
6.123999999999999773e+02 8.766062754615153718e-01
6.126000000000000227e+02 8.746338945452037938e-01
6.127999999999999545e+02 8.727207827146991059e-01
6.130000000000000000e+02 8.708600123394520942e-01
6.132000000000000455e+02 8.690582316219253034e-01
6.133999999999999773e+02 8.673250911125415241e-01
6.136000000000000227e+02 8.656556362985999842e-01
6.137999999999999545e+02 8.640436449308042111e-01
6.140000000000000000e+02 8.624877754463802226e-01
6.142000000000000455e+02 8.609906001510703177e-01
6.143999999999999773e+02 8.595380086372651496e-01
6.146000000000000227e+02 8.581238917534199651e-01
6.147999999999999545e+02 8.567551487951851064e-01
6.150000000000000000e+02 8.554272604077409747e-01
6.152000000000000455e+02 8.541427583547945845e-01
6.153999999999999773e+02 8.529061557484729494e-01
6.156000000000000227e+02 8.517026607773906521e-01
6.157999999999999545e+02 8.505258178350947329e-01
6.160000000000000000e+02 8.493728712518995305e-01
6.162000000000000455e+02 8.482340981473494024e-01
6.163999999999999773e+02 8.471182222861356470e-01
6.166000000000000227e+02 8.460376100501467711e-01
6.167999999999999545e+02 8.449941669044359616e-01
6.170000000000000000e+02 8.439869751801725162e-01
6.172000000000000455e+02 8.430194079048943800e-01
6.173999999999999773e+02 8.420991615845546674e-01
6.176000000000000227e+02 8.412259537946451537e-01
6.177999999999999545e+02 8.404029591764867746e-01
6.180000000000000000e+02 8.396343285402901868e-01
6.182000000000000455e+02 8.389105125879988689e-01
6.183999999999999773e+02 8.382277677525616921e-01
6.186000000000000227e+02 8.375862372346470908e-01
6.187999999999999545e+02 8.369812104179590317e-01
6.190000000000000000e+02 8.364132721070830501e-01
6.192000000000000455e+02 8.358794359057756251e-01
6.193999999999999773e+02 8.353664016132773540e-01
6.196000000000000227e+02 8.348722099726615387e-01
6.197999999999999545e+02 8.344011247781776275e-01
6.200000000000000000e+02 8.339598408670689800e-01
6.202000000000000455e+02 8.335592413255875632e-01
6.203999999999999773e+02 8.332039374378383823e-01
6.206000000000000227e+02 8.328893314870634557e-01
6.207999999999999545e+02 8.326055271075569753e-01
6.210000000000000000e+02 8.323469193576353842e-01
6.212000000000000455e+02 8.321133863696359434e-01
6.213999999999999773e+02 8.319082625144242904e-01
6.216000000000000227e+02 8.317371734283600659e-01
6.217999999999999545e+02 8.316055758336935444e-01
6.220000000000000000e+02 8.315171999870294428e-01
6.222000000000000455e+02 8.314799264241821142e-01
6.223999999999999773e+02 8.314999717227331555e-01
6.226000000000000227e+02 8.315766257456612687e-01
6.227999999999999545e+02 8.316999832876651455e-01
6.230000000000000000e+02 8.318563948058920188e-01
6.232000000000000455e+02 8.320321065914956238e-01
6.233999999999999773e+02 8.322171610739312886e-01
6.236000000000000227e+02 8.324114114095158001e-01
6.237999999999999545e+02 8.326210558469198109e-01
6.240000000000000000e+02 8.328490292184527188e-01
6.242000000000000455e+02 8.330952273533424046e-01
6.243999999999999773e+02 8.333571091256948282e-01
6.246000000000000227e+02 8.336304165123937793e-01
6.247999999999999545e+02 8.339118734283967882e-01
6.250000000000000000e+02 8.342025304893190274e-01
6.252000000000000455e+02 8.345089065777008264e-01
6.253999999999999773e+02 8.348356234460778680e-01
6.256000000000000227e+02 8.351897746400354094e-01
6.257999999999999545e+02 8.355812827909981921e-01
6.260000000000000000e+02 8.360154353944200256e-01
6.262000000000000455e+02 8.364962285521863050e-01
6.263999999999999773e+02 8.370227464935354744e-01
6.266000000000000227e+02 8.375796118319587258e-01
6.267999999999999545e+02 8.381551743650568209e-01
6.270000000000000000e+02 8.387408212642158967e-01
6.272000000000000455e+02 8.393255443327077847e-01
6.273999999999999773e+02 8.399051241175277127e-01
6.276000000000000227e+02 8.404767436350700782e-01
6.277999999999999545e+02 8.410346300916451412e-01
6.280000000000000000e+02 8.415787510512574565e-01
6.282000000000000455e+02 8.421114787615537889e-01
6.283999999999999773e+02 8.426345951828378977e-01
6.286000000000000227e+02 8.431470434805511394e-01
6.287999999999999545e+02 8.436515785008097401e-01
6.290000000000000000e+02 8.441543909743103313e-01
6.292000000000000455e+02 8.446584073431012696e-01
6.293999999999999773e+02 8.451703167471045219e-01
6.296000000000000227e+02 8.456962460597999831e-01
6.297999999999999545e+02 8.462331605026718329e-01
6.300000000000000000e+02 8.467809673289942163e-01
6.302000000000000455e+02 8.473407442785896304e-01
6.303999999999999773e+02 8.479122874451663350e-01
6.306000000000000227e+02 8.485023572730147068e-01
6.307999999999999545e+02 8.491131208716302670e-01
6.310000000000000000e+02 8.497367126678180282e-01
6.312000000000000455e+02 8.503675256093092827e-01
6.313999999999999773e+02 8.510011518807081288e-01
6.316000000000000227e+02 8.516323839611472657e-01
6.317999999999999545e+02 8.522524318382654895e-01
6.320000000000000000e+02 8.528571437959261425e-01
6.322000000000000455e+02 8.534453447013143901e-01
6.323999999999999773e+02 8.540129893330598021e-01
6.326000000000000227e+02 8.545652885768902918e-01
6.327999999999999545e+02 8.551123220277317971e-01
6.330000000000000000e+02 8.556632904725320898e-01
6.332000000000000455e+02 8.562368315284372144e-01
6.333999999999999773e+02 8.568469410886174753e-01
6.336000000000000227e+02 8.574942367887644634e-01
6.337999999999999545e+02 8.581796999609639931e-01
6.340000000000000000e+02 8.588986025166236438e-01
6.342000000000000455e+02 8.596400154931755910e-01
6.343999999999999773e+02 8.603958504189106460e-01
6.346000000000000227e+02 8.611490727177120164e-01
6.347999999999999545e+02 8.618769623439558325e-01
6.350000000000000000e+02 8.625652454851879813e-01
6.352000000000000455e+02 8.632063812550995197e-01
6.353999999999999773e+02 8.637983804577670233e-01
6.356000000000000227e+02 8.643443261938069666e-01
6.357999999999999545e+02 8.648513386470415565e-01
6.360000000000000000e+02 8.653216008047355245e-01
6.362000000000000455e+02 8.657479610835551176e-01
6.363999999999999773e+02 8.661312749418637047e-01
6.366000000000000227e+02 8.664728293650016955e-01
6.367999999999999545e+02 8.667704989095044166e-01
6.370000000000000000e+02 8.670226732467116726e-01
6.372000000000000455e+02 8.672284208531133576e-01
6.373999999999999773e+02 8.673896720355309675e-01
6.376000000000000227e+02 8.675158602876262837e-01
6.377999999999999545e+02 8.676165969518930821e-01
6.380000000000000000e+02 8.676992025311526247e-01
6.382000000000000455e+02 8.677671795159395129e-01
6.383999999999999773e+02 8.678178453911146173e-01
6.386000000000000227e+02 8.678480696079191592e-01
6.387999999999999545e+02 8.678600241852326702e-01
6.390000000000000000e+02 8.678610441748630944e-01
6.392000000000000455e+02 8.678597015039545282e-01
6.393999999999999773e+02 8.678638272254686203e-01
6.396000000000000227e+02 8.678817132859203420e-01
6.397999999999999545e+02 8.679204896470290587e-01
6.400000000000000000e+02 8.679840763948618587e-01
6.402000000000000455e+02 8.680694780070651317e-01
6.403999999999999773e+02 8.681656187508945965e-01
6.406000000000000227e+02 8.682577115600177420e-01
6.407999999999999545e+02 8.683354242764299569e-01
6.410000000000000000e+02 8.683982715376915573e-01
6.412000000000000455e+02 8.684535431148405760e-01
6.413999999999999773e+02 8.685124595621154242e-01
6.416000000000000227e+02 8.685820509710882042e-01
6.417999999999999545e+02 8.686664473412779586e-01
6.420000000000000000e+02 8.687679618991753783e-01
6.422000000000000455e+02 8.688856917889411502e-01
6.423999999999999773e+02 8.690142729226293383e-01
6.426000000000000227e+02 8.691444559400134384e-01
6.427999999999999545e+02 8.692665632914330365e-01
6.430000000000000000e+02 8.693732642051261728e-01
6.432000000000000455e+02 8.694624403267475765e-01
6.433999999999999773e+02 8.695407748099152068e-01
6.436000000000000227e+02 8.696157300020471714e-01
6.437999999999999545e+02 8.696920973739834526e-01
6.440000000000000000e+02 8.697699703465595622e-01
6.442000000000000455e+02 8.698478478048706775e-01
6.443999999999999773e+02 8.699246901397970078e-01
6.446000000000000227e+02 8.700007990448570538e-01
6.447999999999999545e+02 8.700757917413276532e-01
6.450000000000000000e+02 8.701478624969096742e-01
6.452000000000000455e+02 8.702138613877559159e-01
6.453999999999999773e+02 8.702706156740976917e-01
6.456000000000000227e+02 8.703157981716627134e-01
6.457999999999999545e+02 8.703486025267432868e-01
6.460000000000000000e+02 8.703704571486566843e-01
6.462000000000000455e+02 8.703817484340176103e-01
6.463999999999999773e+02 8.703815978446763912e-01
6.466000000000000227e+02 8.703686534678575226e-01
6.467999999999999545e+02 8.703424505128452004e-01
6.470000000000000000e+02 8.703000592100174071e-01
6.472000000000000455e+02 8.702339423225586845e-01
6.473999999999999773e+02 8.701384266752992813e-01
6.476000000000000227e+02 8.700089763105544050e-01
6.477999999999999545e+02 8.698414963099102559e-01
6.480000000000000000e+02 8.696324787373661547e-01
6.482000000000000455e+02 8.693780016071722683e-01
6.483999999999999773e+02 8.690748891858793845e-01
6.486000000000000227e+02 8.687237987348727097e-01
6.487999999999999545e+02 8.683201133876669031e-01
6.490000000000000000e+02 8.678575086125610571e-01
6.492000000000000455e+02 8.673362894133893608e-01
6.493999999999999773e+02 8.667572137605557003e-01
6.496000000000000227e+02 8.661192713332449555e-01
6.497999999999999545e+02 8.654202368216800112e-01
6.500000000000000000e+02 8.646674165706338400e-01
6.502000000000000455e+02 8.638676290723263929e-01
6.503999999999999773e+02 8.630224241734477664e-01
6.506000000000000227e+02 8.621378832966367645e-01
6.507999999999999545e+02 8.612158027024914286e-01
6.510000000000000000e+02 8.602555249515073665e-01
6.512000000000000455e+02 8.592684075930172583e-01
6.513999999999999773e+02 8.582540943881511453e-01
6.516000000000000227e+02 8.572072857162964521e-01
6.517999999999999545e+02 8.561389563206581732e-01
6.520000000000000000e+02 8.550516446220721711e-01
6.522000000000000455e+02 8.539458058844949795e-01
6.523999999999999773e+02 8.528301602051004959e-01
6.526000000000000227e+02 8.517078760207006383e-01
6.527999999999999545e+02 8.505878652540639351e-01
6.530000000000000000e+02 8.494885909355263109e-01
6.532000000000000455e+02 8.484109600654646810e-01
6.533999999999999773e+02 8.473459707581673106e-01
6.536000000000000227e+02 8.462809716088732781e-01
6.537999999999999545e+02 8.452050168670252051e-01
6.540000000000000000e+02 8.440997322979251205e-01
6.542000000000000455e+02 8.429485008401442769e-01
6.543999999999999773e+02 8.417583793443220719e-01
6.546000000000000227e+02 8.405295214860034614e-01
6.547999999999999545e+02 8.392638182514469136e-01
6.550000000000000000e+02 8.379813174600958536e-01
6.552000000000000455e+02 8.366944153183869526e-01
6.553999999999999773e+02 8.354178037910933163e-01
6.556000000000000227e+02 8.341733382973883781e-01
6.557999999999999545e+02 8.329575885034282701e-01
6.560000000000000000e+02 8.317627398490692325e-01
6.562000000000000455e+02 8.305842445828052201e-01
6.563999999999999773e+02 8.294057514760782013e-01
6.566000000000000227e+02 8.282232790343766471e-01
6.567999999999999545e+02 8.270445702757240891e-01
6.570000000000000000e+02 8.258690994215530656e-01
6.572000000000000455e+02 8.246970446657116982e-01
6.573999999999999773e+02 8.235345964035333255e-01
6.576000000000000227e+02 8.223959991180744833e-01
6.577999999999999545e+02 8.212789477015133288e-01
6.580000000000000000e+02 8.201770862172654830e-01
6.582000000000000455e+02 8.190900701087694413e-01
6.583999999999999773e+02 8.179964363646975434e-01
6.586000000000000227e+02 8.168726546218452178e-01
6.587999999999999545e+02 8.157029280896017642e-01
6.590000000000000000e+02 8.144677600705200193e-01
6.592000000000000455e+02 8.131624962441728055e-01
6.593999999999999773e+02 8.117946699730766991e-01
6.596000000000000227e+02 8.103596356745936813e-01
6.597999999999999545e+02 8.088653126937866977e-01
6.600000000000000000e+02 8.073265690131666839e-01
6.602000000000000455e+02 8.057466434420487156e-01
6.603999999999999773e+02 8.041289493329210059e-01
6.606000000000000227e+02 8.024835354145219979e-01
6.607999999999999545e+02 8.008274649568025705e-01
6.610000000000000000e+02 7.991553778134801167e-01
6.612000000000000455e+02 7.974636197314775021e-01
6.613999999999999773e+02 7.957617066756756952e-01
6.616000000000000227e+02 7.940416896565474225e-01
6.617999999999999545e+02 7.923055762035066119e-01
6.620000000000000000e+02 7.905660439644299764e-01
6.622000000000000455e+02 7.888127552617657523e-01
6.623999999999999773e+02 7.870484371515403810e-01
6.626000000000000227e+02 7.852839031829390581e-01
6.627999999999999545e+02 7.835118771616276234e-01
6.630000000000000000e+02 7.817403193887081381e-01
6.632000000000000455e+02 7.799753570715550754e-01
6.633999999999999773e+02 7.781984587788121077e-01
6.636000000000000227e+02 7.764070099932490754e-01
6.637999999999999545e+02 7.745990643934080877e-01
6.640000000000000000e+02 7.727607058745308288e-01
6.642000000000000455e+02 7.708815338674048778e-01
6.643999999999999773e+02 7.689664945398219098e-01
6.646000000000000227e+02 7.670307148045286683e-01
6.647999999999999545e+02 7.650667786770668499e-01
6.650000000000000000e+02 7.630849125807095401e-01
6.652000000000000455e+02 7.611077212308478002e-01
6.653999999999999773e+02 7.591332717889958115e-01
6.656000000000000227e+02 7.571690031748427030e-01
6.657999999999999545e+02 7.552188472835914546e-01
6.660000000000000000e+02 7.532606827395237348e-01
6.662000000000000455e+02 7.512917964205660937e-01
6.663999999999999773e+02 7.493080984210876982e-01
6.666000000000000227e+02 7.472885433181963855e-01
6.667999999999999545e+02 7.452394538862366913e-01
6.670000000000000000e+02 7.431641221462365055e-01
6.672000000000000455e+02 7.410537356694163469e-01
6.673999999999999773e+02 7.389232748590873756e-01
6.676000000000000227e+02 7.367829383049357972e-01
6.677999999999999545e+02 7.346293490205204613e-01
6.680000000000000000e+02 7.324519722530098420e-01
6.682000000000000455e+02 7.302501409618145090e-01
6.683999999999999773e+02 7.280230854876829083e-01
6.686000000000000227e+02 7.257533518806934536e-01
6.687999999999999545e+02 7.234520196109371915e-01
6.690000000000000000e+02 7.211342242246779888e-01
6.692000000000000455e+02 7.187956798561390137e-01
6.693999999999999773e+02 7.164584032375979072e-01
6.696000000000000227e+02 7.141371338273482250e-01
6.697999999999999545e+02 7.118258925545024596e-01
6.700000000000000000e+02 7.095418482714984654e-01
6.702000000000000455e+02 7.072849824458764534e-01
6.703999999999999773e+02 7.050378479854025882e-01
6.706000000000000227e+02 7.028099526224690363e-01
6.707999999999999545e+02 7.005957853728169704e-01
6.710000000000000000e+02 6.983829739414186832e-01
6.712000000000000455e+02 6.961830333366927359e-01
6.713999999999999773e+02 6.939942327019945623e-01
6.716000000000000227e+02 6.918034876048846371e-01
6.717999999999999545e+02 6.895981645542857974e-01
6.720000000000000000e+02 6.873848151962710373e-01
6.722000000000000455e+02 6.851634435365664411e-01
6.723999999999999773e+02 6.829168563332476127e-01
6.726000000000000227e+02 6.806534906421288778e-01
6.727999999999999545e+02 6.783721559805651058e-01
6.730000000000000000e+02 6.760598933305036473e-01
6.732000000000000455e+02 6.737372676750621459e-01
6.733999999999999773e+02 6.714109809235456749e-01
6.736000000000000227e+02 6.690761025132526685e-01
6.737999999999999545e+02 6.667456532445914519e-01
6.740000000000000000e+02 6.644068584128323129e-01
6.742000000000000455e+02 6.620436579753219419e-01
6.743999999999999773e+02 6.596696148048180053e-01
6.746000000000000227e+02 6.572778423454397334e-01
6.747999999999999545e+02 6.548631433349141329e-01
6.750000000000000000e+02 6.524389921454639696e-01
6.752000000000000455e+02 6.500043880055892398e-01
6.753999999999999773e+02 6.475541470874350836e-01
6.756000000000000227e+02 6.450890489352504309e-01
6.757999999999999545e+02 6.426253974397180269e-01
6.760000000000000000e+02 6.401569898871134479e-01
6.762000000000000455e+02 6.376616619550188325e-01
6.763999999999999773e+02 6.351416364686721661e-01
6.766000000000000227e+02 6.325843004688399551e-01
6.767999999999999545e+02 6.299817027543890280e-01
6.770000000000000000e+02 6.273648578925222763e-01
6.772000000000000455e+02 6.247406929912372453e-01
6.773999999999999773e+02 6.221144006483473321e-01
6.776000000000000227e+02 6.195094998960618549e-01
6.777999999999999545e+02 6.169166471125678841e-01
6.780000000000000000e+02 6.143313033737002327e-01
6.782000000000000455e+02 6.117678592170079366e-01
6.783999999999999773e+02 6.092178889730193170e-01
6.786000000000000227e+02 6.066653525167036154e-01
6.787999999999999545e+02 6.041010614459028094e-01
6.790000000000000000e+02 6.015398321175586815e-01
6.792000000000000455e+02 5.989826161445978014e-01
6.793999999999999773e+02 5.964280123166042502e-01
6.796000000000000227e+02 5.939006815564217279e-01
6.797999999999999545e+02 5.913927034806261140e-01
6.800000000000000000e+02 5.888897306642459917e-01
6.802000000000000455e+02 5.864006861939854431e-01
6.803999999999999773e+02 5.839104854992274163e-01
6.806000000000000227e+02 5.814142196836314946e-01
6.807999999999999545e+02 5.789312204881058577e-01
6.810000000000000000e+02 5.764519177470452949e-01
6.812000000000000455e+02 5.739784521692838926e-01
6.813999999999999773e+02 5.715278038057021170e-01
6.816000000000000227e+02 5.690888289773448072e-01
6.817999999999999545e+02 5.666641879453727659e-01
6.820000000000000000e+02 5.642649806096552423e-01
6.822000000000000455e+02 5.618801664887509428e-01
6.823999999999999773e+02 5.594950656601317407e-01
6.826000000000000227e+02 5.571045349838525951e-01
6.827999999999999545e+02 5.547190872899356862e-01
6.830000000000000000e+02 5.523245031272377981e-01
6.832000000000000455e+02 5.499112445673112193e-01
6.833999999999999773e+02 5.474900911956828153e-01
6.836000000000000227e+02 5.450421075424306538e-01
6.837999999999999545e+02 5.425589354943360920e-01
6.840000000000000000e+02 5.400513852106687551e-01
6.842000000000000455e+02 5.375094766247224820e-01
6.843999999999999773e+02 5.349435245242306625e-01
6.846000000000000227e+02 5.323745557967005659e-01
6.847999999999999545e+02 5.297907311922032125e-01
6.850000000000000000e+02 5.272019326814131324e-01
6.852000000000000455e+02 5.246214659516453827e-01
6.853999999999999773e+02 5.220324704455607812e-01
6.856000000000000227e+02 5.194388711266169079e-01
6.857999999999999545e+02 5.168464948789128766e-01
6.860000000000000000e+02 5.142445399772370696e-01
6.862000000000000455e+02 5.116260818436068059e-01
6.864000000000000909e+02 5.090015142420658556e-01
6.866000000000000227e+02 5.063939993952987217e-01
6.867999999999999545e+02 5.038004751101610168e-01
6.870000000000000000e+02 5.012321497298309891e-01
6.872000000000000455e+02 4.987090295047466038e-01
6.874000000000000909e+02 4.962149865524483339e-01
6.876000000000000227e+02 4.937516900069415238e-01
6.877999999999999545e+02 4.913265638050263728e-01
6.880000000000000000e+02 4.889206288840286518e-01
6.882000000000000455e+02 4.865396503549233032e-01
6.884000000000000909e+02 4.841902391884485013e-01
6.886000000000000227e+02 4.818565364363426307e-01
6.887999999999999545e+02 4.795457285525244195e-01
6.890000000000000000e+02 4.772618337662763999e-01
6.892000000000000455e+02 4.749901764036170704e-01
6.894000000000000909e+02 4.727136099701617633e-01
6.896000000000000227e+02 4.704284888225273020e-01
6.897999999999999545e+02 4.681383087405487364e-01
6.900000000000000000e+02 4.658236160787422309e-01
6.902000000000000455e+02 4.634866007319009551e-01
6.904000000000000909e+02 4.611406993744517901e-01
6.906000000000000227e+02 4.587766983322606462e-01
6.907999999999999545e+02 4.564063343444029197e-01
6.910000000000000000e+02 4.540400868111578170e-01
6.912000000000000455e+02 4.516618055317589420e-01
6.914000000000000909e+02 4.492806917283780344e-01
6.916000000000000227e+02 4.469001526012724712e-01
6.917999999999999545e+02 4.445027144224477089e-01
6.920000000000000000e+02 4.420998909049240755e-01
6.922000000000000455e+02 4.396935489170616940e-01
6.924000000000000909e+02 4.372716615302275622e-01
6.926000000000000227e+02 4.348510854518994329e-01
6.927999999999999545e+02 4.324417897433749935e-01
6.930000000000000000e+02 4.300418767023994615e-01
6.932000000000000455e+02 4.276503083231011360e-01
6.934000000000000909e+02 4.252796784061759761e-01
6.936000000000000227e+02 4.229385099308814455e-01
6.937999999999999545e+02 4.206122569052462845e-01
6.940000000000000000e+02 4.183107936232300927e-01
6.942000000000000455e+02 4.160393584709900505e-01
6.944000000000000909e+02 4.137798584124133816e-01
6.946000000000000227e+02 4.115393858955584960e-01
6.947999999999999545e+02 4.093161422825795093e-01
6.950000000000000000e+02 4.070936873582448046e-01
6.952000000000000455e+02 4.048858389537844937e-01
6.954000000000000909e+02 4.026924370572482204e-01
6.956000000000000227e+02 4.005008220780196249e-01
6.957999999999999545e+02 3.983199741514074077e-01
6.960000000000000000e+02 3.961442372187784500e-01
6.962000000000000455e+02 3.939602402839366135e-01
6.964000000000000909e+02 3.917706378666010458e-01
6.966000000000000227e+02 3.896142243795305271e-01
6.967999999999999545e+02 3.875052403284686697e-01
6.970000000000000000e+02 3.853927816134505857e-01
6.972000000000000455e+02 3.832688994692242668e-01
6.974000000000000909e+02 3.811419003873198763e-01
6.976000000000000227e+02 3.790110640924347907e-01
6.977999999999999545e+02 3.768785131527192522e-01
6.980000000000000000e+02 3.747457822241863079e-01
6.982000000000000455e+02 3.726112176427008871e-01
6.984000000000000909e+02 3.704752456460387311e-01
6.986000000000000227e+02 3.683364384261670343e-01
6.987999999999999545e+02 3.661912372603350896e-01
6.990000000000000000e+02 3.640511728105665368e-01
6.992000000000000455e+02 3.619257296167678328e-01
6.994000000000000909e+02 3.598124899586624403e-01
6.996000000000000227e+02 3.577123107388906487e-01
6.997999999999999545e+02 3.556255083381790749e-01
7.000000000000000000e+02 3.535492454284817621e-01
7.002000000000000455e+02 3.514810713081258919e-01
7.004000000000000909e+02 3.494165536489267643e-01
7.006000000000000227e+02 3.473480588362253263e-01
7.007999999999999545e+02 3.452677258709717645e-01
7.010000000000000000e+02 3.431698667522476986e-01
7.012000000000000455e+02 3.410523055436019968e-01
7.014000000000000909e+02 3.389159008903246395e-01
7.016000000000000227e+02 3.367644092842728698e-01
7.017999999999999545e+02 3.346043736243902167e-01
7.020000000000000000e+02 3.324436180424261700e-01
7.022000000000000455e+02 3.302890594619553033e-01
7.024000000000000909e+02 3.281458385023906521e-01
7.026000000000000227e+02 3.260184317985599378e-01
7.027999999999999545e+02 3.239041859262873357e-01
7.030000000000000000e+02 3.217940241641122912e-01
7.032000000000000455e+02 3.196914708025900831e-01
7.034000000000000909e+02 3.175957410786929280e-01
7.036000000000000227e+02 3.154974829266490310e-01
7.037999999999999545e+02 3.133974827998136092e-01
7.040000000000000000e+02 3.112997147867615499e-01
7.042000000000000455e+02 3.092081059111106978e-01
7.044000000000000909e+02 3.071274907420293854e-01
7.046000000000000227e+02 3.050641791247049595e-01
7.047999999999999545e+02 3.030253019009806481e-01
7.050000000000000000e+02 3.010151270755226927e-01
7.052000000000000455e+02 2.990326063572251725e-01
7.054000000000000909e+02 2.970714793216298055e-01
7.056000000000000227e+02 2.951248540272323195e-01
7.057999999999999545e+02 2.931875583412348885e-01
7.060000000000000000e+02 2.912569191074315667e-01
7.062000000000000455e+02 2.893324492370202838e-01
7.064000000000000909e+02 2.874155355657906918e-01
7.066000000000000227e+02 2.855092957807696674e-01
7.067999999999999545e+02 2.836180385547383276e-01
7.070000000000000000e+02 2.817405328705756551e-01
7.072000000000000455e+02 2.798722027317973593e-01
7.074000000000000909e+02 2.780197047435857272e-01
7.076000000000000227e+02 2.761809918197759561e-01
7.077999999999999545e+02 2.743433678534904496e-01
7.080000000000000000e+02 2.724991447794123944e-01
7.082000000000000455e+02 2.706445831325580142e-01
7.084000000000000909e+02 2.687796766282777305e-01
7.086000000000000227e+02 2.669090647435865549e-01
7.087999999999999545e+02 2.650379852216586674e-01
7.090000000000000000e+02 2.631708922338908963e-01
7.092000000000000455e+02 2.613110994139165033e-01
7.094000000000000909e+02 2.594614530169409017e-01
7.096000000000000227e+02 2.576245147780744649e-01
7.097999999999999545e+02 2.558025684431183278e-01
7.100000000000000000e+02 2.539990870162710523e-01
7.102000000000000455e+02 2.522187298081761675e-01
7.104000000000000909e+02 2.504662015682274090e-01
7.106000000000000227e+02 2.487442240850837039e-01
7.107999999999999545e+02 2.470545663453257157e-01
7.110000000000000000e+02 2.454015093397237390e-01
7.112000000000000455e+02 2.437846983412609581e-01
7.114000000000000909e+02 2.422022409766687867e-01
7.116000000000000227e+02 2.406617579674285856e-01
7.117999999999999545e+02 2.391660742943952089e-01
7.120000000000000000e+02 2.377134875936458280e-01
7.122000000000000455e+02 2.363056797687702326e-01
7.124000000000000909e+02 2.349396508072327527e-01
7.126000000000000227e+02 2.336076061833127493e-01
7.127999999999999545e+02 2.323004462549984328e-01
7.130000000000000000e+02 2.310081915493089333e-01
7.132000000000000455e+02 2.297201738767246371e-01
7.134000000000000909e+02 2.284254671458613994e-01
7.136000000000000227e+02 2.271169428939465995e-01
7.137999999999999545e+02 2.257929020870224901e-01
7.140000000000000000e+02 2.244592902694600156e-01
7.142000000000000455e+02 2.231296512712882263e-01
7.144000000000000909e+02 2.218245684452437583e-01
7.146000000000000227e+02 2.205707914267892866e-01
7.147999999999999545e+02 2.193887520391732127e-01
7.150000000000000000e+02 2.182860422890176288e-01
7.152000000000000455e+02 2.172497497934209598e-01
7.154000000000000909e+02 2.162637098198126051e-01
7.156000000000000227e+02 2.153074207612130364e-01
7.157999999999999545e+02 2.143487676502795758e-01
7.160000000000000000e+02 2.133577916064690883e-01
7.162000000000000455e+02 2.123109161025799330e-01
7.164000000000000909e+02 2.111949120620335296e-01
7.166000000000000227e+02 2.100112489121462034e-01
7.167999999999999545e+02 2.087740877093137992e-01
7.170000000000000000e+02 2.075071270672177171e-01
7.172000000000000455e+02 2.062316569967595770e-01
7.174000000000000909e+02 2.049597349691293646e-01
7.176000000000000227e+02 2.036862091626576443e-01
7.177999999999999545e+02 2.023938915209405887e-01
7.180000000000000000e+02 2.010620301832719281e-01
7.182000000000000455e+02 1.996766186465576409e-01
7.184000000000000909e+02 1.982346483496865430e-01
7.186000000000000227e+02 1.967437750536372987e-01
7.187999999999999545e+02 1.952225971974138330e-01
7.190000000000000000e+02 1.936980274102111099e-01
7.192000000000000455e+02 1.922021343577072494e-01
7.194000000000000909e+02 1.907679959129940650e-01
7.196000000000000227e+02 1.894151365715341095e-01
7.197999999999999545e+02 1.881514725188833947e-01
7.200000000000000000e+02 1.869755385786451007e-01
7.202000000000000455e+02 1.858696268780134220e-01
7.204000000000000909e+02 1.848102494358680181e-01
7.206000000000000227e+02 1.837802410662795205e-01
7.207999999999999545e+02 1.827697497352985534e-01
7.210000000000000000e+02 1.817746945206709930e-01
7.212000000000000455e+02 1.807951471906640573e-01
7.214000000000000909e+02 1.798288645333991076e-01
7.216000000000000227e+02 1.788703279560203974e-01
7.217999999999999545e+02 1.779103312311878515e-01
7.220000000000000000e+02 1.769377039835813015e-01
7.222000000000000455e+02 1.759417212565614064e-01
7.224000000000000909e+02 1.749145309256209535e-01
7.226000000000000227e+02 1.738526287780365054e-01
7.227999999999999545e+02 1.727576342998655978e-01
7.230000000000000000e+02 1.716374009060111228e-01
7.232000000000000455e+02 1.705040208725565887e-01
7.234000000000000909e+02 1.693679601299155346e-01
7.236000000000000227e+02 1.682342233547914623e-01
7.237999999999999545e+02 1.671125881398754232e-01
7.240000000000000000e+02 1.660092318026342995e-01
7.242000000000000455e+02 1.649190921430959411e-01
7.244000000000000909e+02 1.638326558752880857e-01
7.246000000000000227e+02 1.627381808663105611e-01
7.247999999999999545e+02 1.616233384523674543e-01
7.250000000000000000e+02 1.604801657278014659e-01
7.252000000000000455e+02 1.593047990990114349e-01
7.254000000000000909e+02 1.580974884924747081e-01
7.256000000000000227e+02 1.568629603941863737e-01
7.257999999999999545e+02 1.556085677125857714e-01
7.260000000000000000e+02 1.543429652226080140e-01
7.262000000000000455e+02 1.530744263780746961e-01
7.264000000000000909e+02 1.518093771037113127e-01
7.266000000000000227e+02 1.505508367425480165e-01
7.267999999999999545e+02 1.492960975928985523e-01
7.270000000000000000e+02 1.480389456934585179e-01
7.272000000000000455e+02 1.467722219181612497e-01
7.274000000000000909e+02 1.454951652901206316e-01
7.276000000000000227e+02 1.442135924450367590e-01
7.277999999999999545e+02 1.429386290048907104e-01
7.280000000000000000e+02 1.416779248372184996e-01
7.282000000000000455e+02 1.404430071913150835e-01
7.284000000000000909e+02 1.392516465233659406e-01
7.286000000000000227e+02 1.381127295810379019e-01
7.287999999999999545e+02 1.370321974780181473e-01
7.290000000000000000e+02 1.360157423022928525e-01
7.292000000000000455e+02 1.350633125056801831e-01
7.294000000000000909e+02 1.341710045988977751e-01
7.296000000000000227e+02 1.333324194730781953e-01
7.297999999999999545e+02 1.325406455024562280e-01
7.300000000000000000e+02 1.317891238661300091e-01
7.302000000000000455e+02 1.310715713226972834e-01
7.304000000000000909e+02 1.303798349227422160e-01
7.306000000000000227e+02 1.297042557975358334e-01
7.307999999999999545e+02 1.290351255534122055e-01
7.310000000000000000e+02 1.283683751767499825e-01
7.312000000000000455e+02 1.277059427960185733e-01
7.314000000000000909e+02 1.270553885363576163e-01
7.316000000000000227e+02 1.264265838254401697e-01
7.317999999999999545e+02 1.258277968374397759e-01
7.320000000000000000e+02 1.252644555466976284e-01
7.322000000000000455e+02 1.247411198085419948e-01
7.324000000000000909e+02 1.242555374150913772e-01
7.326000000000000227e+02 1.237973466749610618e-01
7.327999999999999545e+02 1.233542260784837585e-01
7.330000000000000000e+02 1.229128735368934799e-01
7.332000000000000455e+02 1.224603679878910056e-01
7.334000000000000909e+02 1.219884979142705494e-01
7.336000000000000227e+02 1.214955895734239621e-01
7.337999999999999545e+02 1.209861383860530160e-01
7.340000000000000000e+02 1.204663882431986355e-01
7.342000000000000455e+02 1.199391169611584151e-01
7.344000000000000909e+02 1.194019693609005839e-01
7.346000000000000227e+02 1.188484214777316417e-01
7.347999999999999545e+02 1.182696427195404631e-01
7.350000000000000000e+02 1.176555980588924188e-01
7.352000000000000455e+02 1.169968458118689769e-01
7.354000000000000909e+02 1.162881773199829494e-01
7.356000000000000227e+02 1.155301074613353518e-01
7.357999999999999545e+02 1.147295479375964322e-01
7.360000000000000000e+02 1.138967426926791315e-01
7.362000000000000455e+02 1.130425886982352746e-01
7.364000000000000909e+02 1.121737251106794397e-01
7.366000000000000227e+02 1.112977777382842537e-01
7.367999999999999545e+02 1.104213620741288648e-01
7.370000000000000000e+02 1.095398932759450716e-01
7.372000000000000455e+02 1.086491087812238299e-01
7.374000000000000909e+02 1.077484706335842812e-01
7.376000000000000227e+02 1.068409471200129635e-01
7.377999999999999545e+02 1.059322638860064059e-01
7.380000000000000000e+02 1.050307231296810917e-01
7.382000000000000455e+02 1.041473022422956252e-01
7.384000000000000909e+02 1.032927616229737944e-01
7.386000000000000227e+02 1.024756127355035407e-01
7.387999999999999545e+02 1.016989148740144455e-01
7.390000000000000000e+02 1.009619744640309624e-01
7.392000000000000455e+02 1.002613289928857288e-01
7.394000000000000909e+02 9.959174166592410504e-02
7.396000000000000227e+02 9.894728923724685488e-02
7.397999999999999545e+02 9.832297226113412281e-02
7.400000000000000000e+02 9.771776063242443300e-02
7.402000000000000455e+02 9.713239872039922118e-02
7.404000000000000909e+02 9.656919755754780899e-02
7.406000000000000227e+02 9.603256219739209065e-02
7.407999999999999545e+02 9.552227714509511913e-02
7.410000000000000000e+02 9.503377443950922210e-02
7.412000000000000455e+02 9.456126706249021185e-02
7.414000000000000909e+02 9.409701664466227355e-02
7.416000000000000227e+02 9.363358470146868062e-02
7.417999999999999545e+02 9.316843881955347295e-02
7.420000000000000000e+02 9.270108822627809442e-02
7.422000000000000455e+02 9.223067868613690767e-02
7.424000000000000909e+02 9.175275253068240766e-02
7.426000000000000227e+02 9.126055403690241929e-02
7.427999999999999545e+02 9.074600448790481888e-02
7.430000000000000000e+02 9.020074849160830688e-02
7.432000000000000455e+02 8.961663082884366305e-02
7.434000000000000909e+02 8.898705021093969436e-02
7.436000000000000227e+02 8.830950053293645796e-02
7.437999999999999545e+02 8.758704004998782433e-02
7.440000000000000000e+02 8.682776921801085845e-02
7.442000000000000455e+02 8.604423489486215382e-02
7.444000000000000909e+02 8.525164998793599569e-02
7.446000000000000227e+02 8.446284810058710124e-02
7.447999999999999545e+02 8.368116340753831151e-02
7.450000000000000000e+02 8.290746913744606594e-02
7.452000000000000455e+02 8.213997172325965268e-02
7.454000000000000909e+02 8.137247287571325316e-02
7.456000000000000227e+02 8.060388021452391527e-02
7.457999999999999545e+02 7.983820187197140927e-02
7.460000000000000000e+02 7.908304640686505960e-02
7.462000000000000455e+02 7.834855887731331792e-02
7.464000000000000909e+02 7.764622200595633350e-02
7.466000000000000227e+02 7.698731513849446650e-02
7.467999999999999545e+02 7.637894274186093901e-02
7.470000000000000000e+02 7.582251652095362005e-02
7.472000000000000455e+02 7.531184158393597339e-02
7.474000000000000909e+02 7.483515340995278153e-02
7.476000000000000227e+02 7.437829932174544467e-02
7.477999999999999545e+02 7.392821751032321864e-02
7.480000000000000000e+02 7.347671079598955268e-02
7.482000000000000455e+02 7.302035933407624579e-02
7.484000000000000909e+02 7.256041472784832691e-02
7.486000000000000227e+02 7.210116809232514079e-02
7.487999999999999545e+02 7.165093548857373595e-02
7.490000000000000000e+02 7.122300257220154363e-02
7.492000000000000455e+02 7.082668293793900616e-02
7.494000000000000909e+02 7.046738799848042967e-02
7.496000000000000227e+02 7.014684100953244572e-02
7.497999999999999545e+02 6.985937292715876934e-02
7.500000000000000000e+02 6.959377421112428186e-02
7.502000000000000455e+02 6.933515747749560698e-02
7.504000000000000909e+02 6.906839533682287979e-02
7.506000000000000227e+02 6.877909896600511996e-02
7.507999999999999545e+02 6.845457243259006619e-02
7.510000000000000000e+02 6.808613871377802718e-02
7.512000000000000455e+02 6.767039902417504305e-02
7.514000000000000909e+02 6.721060192858879789e-02
7.516000000000000227e+02 6.671429977521214916e-02
7.517999999999999545e+02 6.619048133635499487e-02
7.520000000000000000e+02 6.564714976643240552e-02
7.522000000000000455e+02 6.508861350004394031e-02
7.524000000000000909e+02 6.451526854868686045e-02
7.526000000000000227e+02 6.392399535351833695e-02
7.527999999999999545e+02 6.331393420551229001e-02
7.530000000000000000e+02 6.268733806511581075e-02
7.532000000000000455e+02 6.205082173045733951e-02
7.534000000000000909e+02 6.141923570320789727e-02
7.536000000000000227e+02 6.080952391638014265e-02
7.537999999999999545e+02 6.023669357795458090e-02
7.540000000000000000e+02 5.971719969434075015e-02
7.542000000000000455e+02 5.926473462609999077e-02
7.544000000000000909e+02 5.888603963724098334e-02
7.546000000000000227e+02 5.857722916151791859e-02
7.547999999999999545e+02 5.832476139840730989e-02
7.550000000000000000e+02 5.810610280985839537e-02
7.552000000000000455e+02 5.789488258883124239e-02
7.554000000000000909e+02 5.766563907508001630e-02
7.556000000000000227e+02 5.739728725325277114e-02
7.557999999999999545e+02 5.707639948557849396e-02
7.560000000000000000e+02 5.669575824042150103e-02
7.562000000000000455e+02 5.625396795054640742e-02
7.564000000000000909e+02 5.575555311643595746e-02
7.566000000000000227e+02 5.521020615461799674e-02
7.567999999999999545e+02 5.463122601994460648e-02
7.570000000000000000e+02 5.402758048027209159e-02
7.572000000000000455e+02 5.340635870979590361e-02
7.574000000000000909e+02 5.277309328476109673e-02
7.576000000000000227e+02 5.212618550907482939e-02
7.577999999999999545e+02 5.146484593549546793e-02
7.580000000000000000e+02 5.079365379968495131e-02
7.582000000000000455e+02 5.012305920168319551e-02
7.584000000000000909e+02 4.946664809319448186e-02
7.586000000000000227e+02 4.883950922882321355e-02
7.587999999999999545e+02 4.825612911568699648e-02
7.590000000000000000e+02 4.772947864037124788e-02
7.592000000000000455e+02 4.726979414961041126e-02
7.594000000000000909e+02 4.688137862800470512e-02
7.596000000000000227e+02 4.656165948407989252e-02
7.597999999999999545e+02 4.630093117245884238e-02
7.600000000000000000e+02 4.608435737083893535e-02
7.602000000000000455e+02 4.589526699922866215e-02
7.604000000000000909e+02 4.571762824826672289e-02
7.606000000000000227e+02 4.554070894812958792e-02
7.607999999999999545e+02 4.535975476513473548e-02
7.610000000000000000e+02 4.517517073718174681e-02
7.612000000000000455e+02 4.498781313150665429e-02
7.614000000000000909e+02 4.479721755352372714e-02
7.616000000000000227e+02 4.460199734473396793e-02
7.617999999999999545e+02 4.440356864866901176e-02
7.620000000000000000e+02 4.420492818255158940e-02
7.622000000000000455e+02 4.401004470475350372e-02
7.624000000000000909e+02 4.382344806996574249e-02
7.626000000000000227e+02 4.364842316541472922e-02
7.627999999999999545e+02 4.348670529330958545e-02
7.630000000000000000e+02 4.333966466201708001e-02
7.632000000000000455e+02 4.320902982627741751e-02
7.634000000000000909e+02 4.309700278835545961e-02
7.636000000000000227e+02 4.300560848810888737e-02
7.637999999999999545e+02 4.293033059870743351e-02
7.640000000000000000e+02 4.285950467024138288e-02
7.642000000000000455e+02 4.277881810393346917e-02
7.644000000000000909e+02 4.267666225811345138e-02
7.646000000000000227e+02 4.254649247035352522e-02
7.647999999999999545e+02 4.238834793106724397e-02
7.650000000000000000e+02 4.220465183293242717e-02
7.652000000000000455e+02 4.199825152993783006e-02
7.654000000000000909e+02 4.177116061590263607e-02
7.656000000000000227e+02 4.152587637917384833e-02
7.657999999999999545e+02 4.126625188708565872e-02
7.660000000000000000e+02 4.099793552337624436e-02
7.662000000000000455e+02 4.072595949364077317e-02
7.664000000000000909e+02 4.045262761997051038e-02
7.666000000000000227e+02 4.017459949104887351e-02
7.667999999999999545e+02 3.988585685404288927e-02
7.670000000000000000e+02 3.958052290221178438e-02
7.672000000000000455e+02 3.925863802159001992e-02
7.674000000000000909e+02 3.892486899678071488e-02
7.676000000000000227e+02 3.858733276312245608e-02
7.677999999999999545e+02 3.825477761946236011e-02
7.680000000000000000e+02 3.793608163282810586e-02
7.682000000000000455e+02 3.763997391112730573e-02
7.684000000000000909e+02 3.737371160804406345e-02
7.686000000000000227e+02 3.714066861311693390e-02
7.687999999999999545e+02 3.693629176174409445e-02
7.690000000000000000e+02 3.674567085558533286e-02
7.692000000000000455e+02 3.654646494934965517e-02
7.694000000000000909e+02 3.631326743788604317e-02
7.696000000000000227e+02 3.602698482909702515e-02
7.697999999999999545e+02 3.567795522069969194e-02
7.700000000000000000e+02 3.527018815569510357e-02
7.702000000000000455e+02 3.481740934613972160e-02
7.704000000000000909e+02 3.434002601637897722e-02
7.706000000000000227e+02 3.386093203263440543e-02
7.707999999999999545e+02 3.339893099717616831e-02
7.710000000000000000e+02 3.296549693563463612e-02
7.712000000000000455e+02 3.255972882980689986e-02
7.714000000000000909e+02 3.217086381685119179e-02
7.716000000000000227e+02 3.178068571518849472e-02
7.717999999999999545e+02 3.136920336214041316e-02
7.720000000000000000e+02 3.092216378884959926e-02
7.722000000000000455e+02 3.043479339427196395e-02
7.724000000000000909e+02 2.991532946943709081e-02
7.726000000000000227e+02 2.938060722559970861e-02
7.727999999999999545e+02 2.885297277104192926e-02
7.730000000000000000e+02 2.835243476586662981e-02
7.732000000000000455e+02 2.789189099905328706e-02
7.734000000000000909e+02 2.747445665180142660e-02
7.736000000000000227e+02 2.709509695002221275e-02
7.737999999999999545e+02 2.674419228963467732e-02
7.740000000000000000e+02 2.640993700907612318e-02
7.742000000000000455e+02 2.608368808846842080e-02
7.744000000000000909e+02 2.576097115583730890e-02
7.746000000000000227e+02 2.544235049713233776e-02
7.747999999999999545e+02 2.513180172038659288e-02
7.750000000000000000e+02 2.483617055698844611e-02
7.752000000000000455e+02 2.456476577915794879e-02
7.754000000000000909e+02 2.432422045682483547e-02
7.756000000000000227e+02 2.411711545468719908e-02
7.757999999999999545e+02 2.394012509883111650e-02
7.760000000000000000e+02 2.378258145754325037e-02
7.762000000000000455e+02 2.363097974614172814e-02
7.764000000000000909e+02 2.347469327567949793e-02
7.766000000000000227e+02 2.330902001066635643e-02
7.767999999999999545e+02 2.313408164466786154e-02
7.770000000000000000e+02 2.295328805149204898e-02
7.772000000000000455e+02 2.277148571287873624e-02
7.774000000000000909e+02 2.259451030086011281e-02
7.776000000000000227e+02 2.242915208275599037e-02
7.777999999999999545e+02 2.228239310245369587e-02
7.780000000000000000e+02 2.215959707583776972e-02
7.782000000000000455e+02 2.206045496231907876e-02
7.784000000000000909e+02 2.197817411859957770e-02
7.786000000000000227e+02 2.190064868033705925e-02
7.787999999999999545e+02 2.181385735142395144e-02
7.790000000000000000e+02 2.170847262637916331e-02
7.792000000000000455e+02 2.158191358803017434e-02
7.794000000000000909e+02 2.143871002453888452e-02
7.796000000000000227e+02 2.128373253469734161e-02
7.797999999999999545e+02 2.111967904260661499e-02
7.800000000000000000e+02 2.094658999147586131e-02
7.802000000000000455e+02 2.076523775665232996e-02
7.804000000000000909e+02 2.057912915274502652e-02
7.806000000000000227e+02 2.039672094364103350e-02
7.807999999999999545e+02 2.022885100220060683e-02
7.810000000000000000e+02 2.008754915674708375e-02
7.812000000000000455e+02 1.998573282111121285e-02
7.814000000000000909e+02 1.993698418645038772e-02
7.816000000000000227e+02 1.995466466898047908e-02
7.817999999999999545e+02 2.004688144673623384e-02
7.820000000000000000e+02 2.021570577733572405e-02
7.822000000000000455e+02 2.045615532451611207e-02
7.824000000000000909e+02 2.075783573126725734e-02
7.826000000000000227e+02 2.110727917090214623e-02
7.827999999999999545e+02 2.148969682924160851e-02
7.830000000000000000e+02 2.189230972914650575e-02
7.832000000000000455e+02 2.230437954572735137e-02
7.834000000000000909e+02 2.271688235584794213e-02
7.836000000000000227e+02 2.311919053255871714e-02
7.837999999999999545e+02 2.349763459824343037e-02
7.840000000000000000e+02 2.383385485006092597e-02
7.842000000000000455e+02 2.410792578252490825e-02
7.844000000000000909e+02 2.430110146728731157e-02
7.846000000000000227e+02 2.439975653429138358e-02
7.847999999999999545e+02 2.439787116294081515e-02
7.850000000000000000e+02 2.429786514398038499e-02
7.852000000000000455e+02 2.411287268562767316e-02
7.854000000000000909e+02 2.386368854658416083e-02
7.856000000000000227e+02 2.357547508415519522e-02
7.857999999999999545e+02 2.327245380305353883e-02
7.860000000000000000e+02 2.297546922953171145e-02
7.862000000000000455e+02 2.270066315373696353e-02
7.864000000000000909e+02 2.245679503819907052e-02
7.866000000000000227e+02 2.224286509230341546e-02
7.867999999999999545e+02 2.204811804179247769e-02
7.870000000000000000e+02 2.185434058068147500e-02
7.872000000000000455e+02 2.164215978768099791e-02
7.874000000000000909e+02 2.139436712952585973e-02
7.876000000000000227e+02 2.110052033546144790e-02
7.877999999999999545e+02 2.075797598746305372e-02
7.880000000000000000e+02 2.037225396134539901e-02
7.882000000000000455e+02 1.995473067945002787e-02
7.884000000000000909e+02 1.951714625861684926e-02
7.886000000000000227e+02 1.906848595721122308e-02
7.887999999999999545e+02 1.861271745362083618e-02
7.890000000000000000e+02 1.814889349882781167e-02
7.892000000000000455e+02 1.767063275333441430e-02
7.894000000000000909e+02 1.716609452686371218e-02
7.896000000000000227e+02 1.662262974226691448e-02
7.897999999999999545e+02 1.603167955930522026e-02
7.900000000000000000e+02 1.539963252214410216e-02
7.902000000000000455e+02 1.474533136584858795e-02
7.904000000000000909e+02 1.409773185289900366e-02
7.906000000000000227e+02 1.348383300943668817e-02
7.907999999999999545e+02 1.292565871315679016e-02
7.910000000000000000e+02 1.243711874016878438e-02
7.912000000000000455e+02 1.202020547395216132e-02
7.914000000000000909e+02 1.166509582660744948e-02
7.916000000000000227e+02 1.134906802630233913e-02
7.917999999999999545e+02 1.104469513734478159e-02
7.920000000000000000e+02 1.072580658785107777e-02
7.922000000000000455e+02 1.037534316342844654e-02
7.924000000000000909e+02 9.990054073143961322e-03
7.926000000000000227e+02 9.580229107032364744e-03
7.927999999999999545e+02 9.169708507323057201e-03
7.930000000000000000e+02 8.785395711313315203e-03
7.932000000000000455e+02 8.450497951052210466e-03
7.934000000000000909e+02 8.174039131285143478e-03
7.936000000000000227e+02 7.955937775085977770e-03
7.937999999999999545e+02 7.789195743614543699e-03
7.940000000000000000e+02 7.661289722920738843e-03
7.942000000000000455e+02 7.551743615630296391e-03
7.944000000000000909e+02 7.434236281838785265e-03
7.946000000000000227e+02 7.286141659352041167e-03
7.947999999999999545e+02 7.096922520920007083e-03
7.950000000000000000e+02 6.870256033621943703e-03
7.952000000000000455e+02 6.619785451504572871e-03
7.954000000000000909e+02 6.359940923083035047e-03
7.956000000000000227e+02 6.101598489364479239e-03
7.957999999999999545e+02 5.849334833057620586e-03
7.960000000000000000e+02 5.602542453147937862e-03
7.962000000000000455e+02 5.356353587071593925e-03
7.964000000000000909e+02 5.105706074383584148e-03
7.966000000000000227e+02 4.844174787881322386e-03
7.967999999999999545e+02 4.562881563629564430e-03
7.970000000000000000e+02 4.250619132216970630e-03
7.972000000000000455e+02 3.902473382798740675e-03
7.974000000000000909e+02 3.526967229953908989e-03
7.976000000000000227e+02 3.144159680607425122e-03
7.977999999999999545e+02 2.775567941730838761e-03
7.980000000000000000e+02 2.435283325991674519e-03
7.982000000000000455e+02 2.126994482714902879e-03
7.984000000000000909e+02 1.848098115086960203e-03
7.986000000000000227e+02 1.593290205426103889e-03
7.987999999999999545e+02 1.355924946113917784e-03
7.990000000000000000e+02 1.128594856570630522e-03
7.992000000000000455e+02 9.036200364266749885e-04
7.994000000000000909e+02 6.747114531935466397e-04
7.996000000000000227e+02 4.404086679169055829e-04
7.997999999999999545e+02 2.098839835450172497e-04
8.000000000000000000e+02 0.000000000000000000e+00
