4.300000000000000000e+02 7.720894679692594242e-02
4.301999999999999886e+02 7.535337974112898962e-02
4.303999999999999773e+02 7.362984675961714576e-02
4.306000000000000227e+02 7.203609214171852182e-02
4.308000000000000114e+02 7.058920579631774994e-02
4.310000000000000000e+02 6.928777613397887891e-02
4.311999999999999886e+02 6.813101000186147505e-02
4.313999999999999773e+02 6.712579603733878630e-02
4.316000000000000227e+02 6.625937210851101655e-02
4.318000000000000114e+02 6.552172032822531356e-02
4.320000000000000000e+02 6.489836723400191354e-02
4.321999999999999886e+02 6.436157443015375068e-02
4.323999999999999773e+02 6.388862946500950546e-02
4.326000000000000227e+02 6.345101285534637814e-02
4.328000000000000114e+02 6.301743821413544056e-02
4.330000000000000000e+02 6.256363977368148421e-02
4.331999999999999886e+02 6.206282632145353889e-02
4.333999999999999773e+02 6.149612957175135813e-02
4.336000000000000227e+02 6.085341219389441697e-02
4.338000000000000114e+02 6.012279860807145243e-02
4.340000000000000000e+02 5.930715764552580566e-02
4.341999999999999886e+02 5.841261375262541550e-02
4.343999999999999773e+02 5.744325372311833572e-02
4.346000000000000227e+02 5.642075932056792725e-02
4.348000000000000114e+02 5.536119598271694447e-02
4.350000000000000000e+02 5.428061844847942990e-02
4.351999999999999886e+02 5.320483491136095838e-02
4.353999999999999773e+02 5.214402420405737232e-02
4.356000000000000227e+02 5.110876834839957888e-02
4.358000000000000114e+02 5.011815059238949183e-02
4.360000000000000000e+02 4.919494607541368553e-02
4.361999999999999886e+02 4.833705402436635351e-02
4.363999999999999773e+02 4.753867782598351216e-02
4.366000000000000227e+02 4.680362337499013176e-02
4.368000000000000114e+02 4.613297859793521333e-02
4.370000000000000000e+02 4.552120694340266310e-02
4.371999999999999886e+02 4.495934183936205891e-02
4.373999999999999773e+02 4.444018031225310111e-02
4.376000000000000227e+02 4.395400611992642675e-02
4.378000000000000114e+02 4.349356470066739061e-02
4.380000000000000000e+02 4.305615940839078309e-02
4.381999999999999886e+02 4.263872701663665860e-02
4.383999999999999773e+02 4.224181655748852210e-02
4.386000000000000227e+02 4.186796925331338209e-02
4.388000000000000114e+02 4.151794738758978615e-02
4.390000000000000000e+02 4.119279407179830127e-02
4.391999999999999886e+02 4.089056647885228740e-02
4.393999999999999773e+02 4.060574233126363480e-02
4.396000000000000227e+02 4.033440880081078789e-02
4.398000000000000114e+02 4.007303682241488557e-02
4.400000000000000000e+02 3.981768904144841054e-02
4.401999999999999886e+02 3.956388998030573728e-02
4.403999999999999773e+02 3.930868095946147417e-02
4.406000000000000227e+02 3.904732336861736069e-02
4.408000000000000114e+02 3.877242657456128616e-02
4.410000000000000000e+02 3.847806217181907323e-02
4.411999999999999886e+02 3.815896089964883331e-02
4.413999999999999773e+02 3.781204330753695775e-02
4.416000000000000227e+02 3.743840861957044991e-02
4.418000000000000114e+02 3.703949812204333780e-02
4.420000000000000000e+02 3.661972647591231478e-02
4.421999999999999886e+02 3.618750201623497503e-02
4.423999999999999773e+02 3.575219396698690877e-02
4.426000000000000227e+02 3.532162318181449739e-02
4.428000000000000114e+02 3.490298648289186234e-02
4.430000000000000000e+02 3.450394382689726813e-02
4.431999999999999886e+02 3.412673385979941160e-02
4.433999999999999773e+02 3.377280886297705925e-02
4.436000000000000227e+02 3.344507528458809387e-02
4.438000000000000114e+02 3.314524358790926079e-02
4.440000000000000000e+02 3.287583342242413054e-02
4.441999999999999886e+02 3.263874240205313915e-02
4.443999999999999773e+02 3.243301472806777580e-02
4.446000000000000227e+02 3.225744659694322614e-02
4.448000000000000114e+02 3.210885392338991978e-02
4.450000000000000000e+02 3.198186012246121562e-02
4.451999999999999886e+02 3.187173951024023510e-02
4.453999999999999773e+02 3.177331395537055792e-02
4.456000000000000227e+02 3.168193601876170135e-02
4.458000000000000114e+02 3.159533515087362826e-02
4.460000000000000000e+02 3.151426379988125220e-02
4.461999999999999886e+02 3.144058597587962717e-02
4.463999999999999773e+02 3.137570643100460327e-02
4.466000000000000227e+02 3.131920506153083872e-02
4.468000000000000114e+02 3.126769144647132542e-02
4.470000000000000000e+02 3.121514423448029651e-02
4.471999999999999886e+02 3.115375622021898661e-02
4.473999999999999773e+02 3.107507244057552964e-02
4.476000000000000227e+02 3.097165658543353517e-02
4.478000000000000114e+02 3.083755559669556362e-02
4.480000000000000000e+02 3.066730579186623118e-02
4.481999999999999886e+02 3.045703302319946459e-02
4.483999999999999773e+02 3.020360441690992520e-02
4.486000000000000227e+02 2.990355741975884996e-02
4.488000000000000114e+02 2.955463070252916519e-02
4.490000000000000000e+02 2.915239706917645973e-02
4.491999999999999886e+02 2.869025592692815013e-02
4.493999999999999773e+02 2.816460103745350996e-02
4.496000000000000227e+02 2.757547603358444926e-02
4.498000000000000114e+02 2.692518465832120789e-02
4.500000000000000000e+02 2.621796611015125844e-02
4.501999999999999886e+02 2.546689753634033548e-02
4.503999999999999773e+02 2.468485090662398546e-02
4.506000000000000227e+02 2.388178690472313875e-02
4.508000000000000114e+02 2.307075900794107459e-02
4.510000000000000000e+02 2.226096989868071863e-02
4.511999999999999886e+02 2.146087585399952813e-02
4.513999999999999773e+02 2.068191223268854573e-02
4.516000000000000227e+02 1.992815160070039726e-02
4.518000000000000114e+02 1.920329262064383868e-02
4.520000000000000000e+02 1.851361530861710125e-02
4.521999999999999886e+02 1.786454820091470247e-02
4.523999999999999773e+02 1.725918980229534244e-02
4.526000000000000227e+02 1.670155836952225137e-02
4.528000000000000114e+02 1.619900220843526611e-02
4.530000000000000000e+02 1.575341706228463451e-02
4.531999999999999886e+02 1.536473260811447444e-02
4.533999999999999773e+02 1.503183733997639354e-02
4.536000000000000227e+02 1.474953308368238264e-02
4.538000000000000114e+02 1.451203211999958081e-02
4.540000000000000000e+02 1.431239703173917133e-02
4.541999999999999886e+02 1.414173244273481123e-02
4.543999999999999773e+02 1.399338910248092149e-02
4.546000000000000227e+02 1.386205697680818749e-02
4.548000000000000114e+02 1.374386786491180873e-02
4.550000000000000000e+02 1.363809148251518555e-02
4.551999999999999886e+02 1.354475095266492041e-02
4.553999999999999773e+02 1.346329945214234242e-02
4.556000000000000227e+02 1.339158217123068845e-02
4.558000000000000114e+02 1.332481465341490978e-02
4.560000000000000000e+02 1.325667565590606806e-02
4.561999999999999886e+02 1.318054174599173067e-02
4.563999999999999773e+02 1.309105982520846617e-02
4.566000000000000227e+02 1.298409662771782269e-02
4.568000000000000114e+02 1.285769231206639052e-02
4.570000000000000000e+02 1.271290756060298316e-02
4.571999999999999886e+02 1.255242286569439175e-02
4.573999999999999773e+02 1.238160860134594060e-02
4.576000000000000227e+02 1.220783222772363341e-02
4.578000000000000114e+02 1.203738669371239023e-02
4.580000000000000000e+02 1.187501860402730147e-02
4.581999999999999886e+02 1.172374735023549303e-02
4.583999999999999773e+02 1.158492965918438838e-02
4.586000000000000227e+02 1.145948515907501547e-02
4.588000000000000114e+02 1.134841112011897302e-02
4.590000000000000000e+02 1.125230103667840265e-02
4.591999999999999886e+02 1.117007536809547924e-02
4.593999999999999773e+02 1.110118524790296851e-02
4.596000000000000227e+02 1.104574509169819335e-02
4.598000000000000114e+02 1.100404013113532448e-02
4.600000000000000000e+02 1.097579665863897269e-02
4.601999999999999886e+02 1.095879915113447817e-02
4.603999999999999773e+02 1.094869091157908703e-02
4.606000000000000227e+02 1.093992529687533299e-02
4.608000000000000114e+02 1.092670512622612167e-02
4.610000000000000000e+02 1.090406545980621839e-02
4.611999999999999886e+02 1.086878855875884897e-02
4.613999999999999773e+02 1.081934617143209820e-02
4.616000000000000227e+02 1.075596209449104779e-02
4.618000000000000114e+02 1.068059760719084622e-02
4.620000000000000000e+02 1.059672106912489670e-02
4.621999999999999886e+02 1.050806825729942717e-02
4.623999999999999773e+02 1.041806829439252680e-02
4.626000000000000227e+02 1.032914244647558516e-02
4.628000000000000114e+02 1.024111900149902304e-02
4.630000000000000000e+02 1.015339689890751990e-02
4.631999999999999886e+02 1.006593909140767601e-02
4.633999999999999773e+02 9.979312959800659688e-03
4.636000000000000227e+02 9.895217282934805347e-03
4.638000000000000114e+02 9.815420278101616436e-03
4.640000000000000000e+02 9.740844330954102903e-03
4.641999999999999886e+02 9.672411287150933790e-03
4.643999999999999773e+02 9.610782587556029877e-03
4.646000000000000227e+02 9.556361322001841185e-03
4.648000000000000114e+02 9.509472424966747273e-03
4.650000000000000000e+02 9.469231045353118659e-03
4.651999999999999886e+02 9.433783311670211613e-03
4.653999999999999773e+02 9.400880737337045934e-03
4.656000000000000227e+02 9.368617306571375147e-03
4.658000000000000114e+02 9.334965918176542365e-03
4.660000000000000000e+02 9.297623947873694117e-03
4.661999999999999886e+02 9.254341195575721546e-03
4.663999999999999773e+02 9.204544338734889364e-03
4.666000000000000227e+02 9.149561566227600029e-03
4.668000000000000114e+02 9.092210273031219037e-03
4.670000000000000000e+02 9.035141881115975326e-03
4.671999999999999886e+02 8.981350563297400835e-03
4.673999999999999773e+02 8.933749517174516264e-03
4.676000000000000227e+02 8.893784967020527954e-03
4.678000000000000114e+02 8.861484197992396117e-03
4.680000000000000000e+02 8.835952933519589103e-03
4.681999999999999886e+02 8.815999321371184583e-03
4.683999999999999773e+02 8.801106289475627009e-03
4.686000000000000227e+02 8.791243193254402732e-03
4.688000000000000114e+02 8.786701025121176900e-03
4.690000000000000000e+02 8.787814561800826041e-03
4.691999999999999886e+02 8.793429767458539603e-03
4.693999999999999773e+02 8.800575871938311201e-03
4.696000000000000227e+02 8.804808487976316378e-03
4.698000000000000114e+02 8.802023017122767579e-03
4.700000000000000000e+02 8.788766840118630852e-03
4.701999999999999886e+02 8.762262022602093636e-03
4.703999999999999773e+02 8.720444025924777021e-03
4.706000000000000227e+02 8.662644363515908941e-03
4.708000000000000114e+02 8.590382857758163682e-03
4.710000000000000000e+02 8.507558512527130246e-03
4.711999999999999886e+02 8.418611655395064064e-03
4.713999999999999773e+02 8.328279221320927794e-03
4.716000000000000227e+02 8.241062383512083589e-03
4.718000000000000114e+02 8.160239372896622989e-03
4.720000000000000000e+02 8.087544386819786602e-03
4.721999999999999886e+02 8.024085545652676066e-03
4.723999999999999773e+02 7.970813025568224824e-03
4.726000000000000227e+02 7.927379033080144549e-03
4.728000000000000114e+02 7.893570841986871645e-03
4.730000000000000000e+02 7.870301557225956035e-03
4.731999999999999886e+02 7.860234778107069026e-03
4.733999999999999773e+02 7.866435664633738417e-03
4.736000000000000227e+02 7.890583065874180735e-03
4.738000000000000114e+02 7.931665088314249212e-03
4.740000000000000000e+02 7.985971850633055008e-03
4.741999999999999886e+02 8.048435096395082505e-03
4.743999999999999773e+02 8.113074193752629892e-03
4.746000000000000227e+02 8.173178010809578620e-03
4.748000000000000114e+02 8.223483159832199740e-03
4.750000000000000000e+02 8.261201268328195735e-03
4.751999999999999886e+02 8.286604269597618033e-03
4.753999999999999773e+02 8.302881519492884277e-03
4.756000000000000227e+02 8.313970192577867235e-03
4.758000000000000114e+02 8.322917058842985161e-03
4.760000000000000000e+02 8.330363471876774117e-03
4.761999999999999886e+02 8.334800826938451590e-03
4.763999999999999773e+02 8.334111194988870486e-03
4.766000000000000227e+02 8.326961642219590787e-03
4.768000000000000114e+02 8.313790548464559949e-03
4.770000000000000000e+02 8.296529055370822914e-03
4.771999999999999886e+02 8.278104427699030377e-03
4.773999999999999773e+02 8.261849308681311344e-03
4.776000000000000227e+02 8.251637710618132948e-03
4.778000000000000114e+02 8.251256172417446855e-03
4.780000000000000000e+02 8.263512643882052477e-03
4.781999999999999886e+02 8.288798264533686622e-03
4.783999999999999773e+02 8.324641037883599715e-03
4.786000000000000227e+02 8.366768801787542731e-03
4.788000000000000114e+02 8.411097566812464343e-03
4.790000000000000000e+02 8.454143932393728966e-03
4.791999999999999886e+02 8.492645750371966007e-03
4.793999999999999773e+02 8.523177739842728584e-03
4.796000000000000227e+02 8.542002202058737725e-03
4.798000000000000114e+02 8.546428962868467261e-03
4.800000000000000000e+02 8.535511373599501128e-03
4.801999999999999886e+02 8.510383644393132441e-03
4.803999999999999773e+02 8.473509599611531162e-03
4.806000000000000227e+02 8.427740777460529520e-03
4.808000000000000114e+02 8.375587990969608765e-03
4.810000000000000000e+02 8.318807608607717285e-03
4.811999999999999886e+02 8.259755678074215401e-03
4.813999999999999773e+02 8.201312855722335537e-03
4.816000000000000227e+02 8.146028370881047698e-03
4.818000000000000114e+02 8.095913461456473448e-03
4.820000000000000000e+02 8.053038552775965836e-03
4.821999999999999886e+02 8.019753808824491015e-03
4.823999999999999773e+02 7.997927521610565665e-03
4.826000000000000227e+02 7.988905608397014330e-03
4.828000000000000114e+02 7.993398212698957922e-03
4.830000000000000000e+02 8.011223674574192988e-03
4.831999999999999886e+02 8.040988494116961538e-03
4.833999999999999773e+02 8.080067875690051526e-03
4.836000000000000227e+02 8.124752296873254120e-03
4.838000000000000114e+02 8.170815833351108282e-03
4.840000000000000000e+02 8.214631874634704956e-03
4.841999999999999886e+02 8.253525349465988536e-03
4.843999999999999773e+02 8.285933858167296440e-03
4.846000000000000227e+02 8.312067888848563568e-03
4.848000000000000114e+02 8.333153679016810922e-03
4.850000000000000000e+02 8.350741562845563626e-03
4.851999999999999886e+02 8.366235701621441145e-03
4.853999999999999773e+02 8.380894163018716425e-03
4.856000000000000227e+02 8.395385039744802935e-03
4.858000000000000114e+02 8.409046192763391936e-03
4.860000000000000000e+02 8.419705890069212328e-03
4.861999999999999886e+02 8.425169593190950934e-03
4.863999999999999773e+02 8.424579118794184307e-03
4.866000000000000227e+02 8.419506144556929139e-03
4.868000000000000114e+02 8.412827352419070814e-03
4.870000000000000000e+02 8.407599252631535458e-03
4.871999999999999886e+02 8.405840605879018324e-03
4.873999999999999773e+02 8.407773907050455908e-03
4.876000000000000227e+02 8.412283615715311635e-03
4.878000000000000114e+02 8.417351118980606617e-03
4.880000000000000000e+02 8.420388043973020542e-03
4.881999999999999886e+02 8.418421079456207823e-03
4.883999999999999773e+02 8.409052564115448991e-03
4.886000000000000227e+02 8.391931391924366268e-03
4.888000000000000114e+02 8.369687481877143009e-03
4.890000000000000000e+02 8.346712603646853912e-03
4.891999999999999886e+02 8.327633156129894687e-03
4.893999999999999773e+02 8.315091213496370037e-03
4.896000000000000227e+02 8.309336363535216319e-03
4.898000000000000114e+02 8.309015513059132829e-03
4.900000000000000000e+02 8.312378068576542489e-03
4.901999999999999886e+02 8.317815824981936168e-03
4.903999999999999773e+02 8.323838251877838101e-03
4.906000000000000227e+02 8.329243904110709973e-03
4.908000000000000114e+02 8.333850040069590293e-03
4.910000000000000000e+02 8.339205158841525578e-03
4.911999999999999886e+02 8.348185246244331503e-03
4.913999999999999773e+02 8.363926429077704616e-03
4.916000000000000227e+02 8.387905487983217390e-03
4.918000000000000114e+02 8.419696326243751583e-03
4.920000000000000000e+02 8.457458364960097896e-03
4.921999999999999886e+02 8.499411955468362534e-03
4.923999999999999773e+02 8.543515580477244187e-03
4.926000000000000227e+02 8.587866845240238467e-03
4.928000000000000114e+02 8.631379830087479443e-03
4.930000000000000000e+02 8.673712939925110055e-03
4.931999999999999886e+02 8.715835850358399917e-03
4.933999999999999773e+02 8.760011010652962726e-03
4.936000000000000227e+02 8.808629776552785728e-03
4.938000000000000114e+02 8.862890339910105275e-03
4.940000000000000000e+02 8.921908732934490105e-03
4.941999999999999886e+02 8.982378341136347533e-03
4.943999999999999773e+02 9.041217791976814688e-03
4.946000000000000227e+02 9.095891750433238165e-03
4.948000000000000114e+02 9.144444539294076246e-03
4.950000000000000000e+02 9.185756138102026125e-03
4.951999999999999886e+02 9.221033489530579275e-03
4.953999999999999773e+02 9.253394204432260906e-03
4.956000000000000227e+02 9.286610017175116194e-03
4.958000000000000114e+02 9.323389294459263898e-03
4.960000000000000000e+02 9.364747226137379310e-03
4.961999999999999886e+02 9.409915208528074615e-03
4.963999999999999773e+02 9.456866437530617175e-03
4.966000000000000227e+02 9.503317337144226440e-03
4.968000000000000114e+02 9.547627230127267439e-03
4.970000000000000000e+02 9.589376343633632116e-03
4.971999999999999886e+02 9.628098133686306681e-03
4.973999999999999773e+02 9.663977604349414940e-03
4.976000000000000227e+02 9.698508249316506458e-03
4.978000000000000114e+02 9.734686797220490351e-03
4.980000000000000000e+02 9.773829093437297333e-03
4.981999999999999886e+02 9.814525933365118859e-03
4.983999999999999773e+02 9.852769504881349338e-03
4.986000000000000227e+02 9.884546444591732484e-03
4.988000000000000114e+02 9.907092388818997120e-03
4.990000000000000000e+02 9.919187873313826953e-03
4.991999999999999886e+02 9.920565075139227418e-03
4.993999999999999773e+02 9.911639000015272372e-03
4.996000000000000227e+02 9.893498191932095787e-03
4.998000000000000114e+02 9.868034513751164361e-03
5.000000000000000000e+02 9.838111016408697396e-03
5.001999999999999886e+02 9.806874476581954603e-03
5.003999999999999773e+02 9.776472338161125430e-03
5.006000000000000227e+02 9.745834397521975501e-03
5.008000000000000114e+02 9.711776440018471401e-03
5.010000000000000000e+02 9.671230559491560130e-03
5.011999999999999886e+02 9.623458943762451534e-03
5.013999999999999773e+02 9.569939551777241482e-03
5.016000000000000227e+02 9.513071858187727159e-03
5.018000000000000114e+02 9.455347294951829684e-03
5.020000000000000000e+02 9.398945325462572387e-03
5.021999999999999886e+02 9.346260698188564586e-03
5.023999999999999773e+02 9.299056153044119033e-03
5.026000000000000227e+02 9.257434923727887732e-03
5.028000000000000114e+02 9.220375240615079349e-03
5.030000000000000000e+02 9.185370688569949316e-03
5.031999999999999886e+02 9.149057173822312816e-03
5.033999999999999773e+02 9.109445539105288925e-03
5.036000000000000227e+02 9.067712558444351867e-03
5.038000000000000114e+02 9.027486270936642410e-03
5.040000000000000000e+02 8.993121630726776117e-03
5.041999999999999886e+02 8.966763119593171294e-03
5.043999999999999773e+02 8.949158113999239328e-03
5.046000000000000227e+02 8.939776403044046027e-03
5.048000000000000114e+02 8.935752626736993831e-03
5.050000000000000000e+02 8.931680621565879497e-03
5.051999999999999886e+02 8.921441575569642735e-03
5.053999999999999773e+02 8.900490917620747233e-03
5.056000000000000227e+02 8.867246129811698352e-03
5.058000000000000114e+02 8.822312797126460882e-03
5.060000000000000000e+02 8.767768161065440935e-03
5.061999999999999886e+02 8.706426494644557701e-03
5.063999999999999773e+02 8.641218060449894212e-03
5.066000000000000227e+02 8.574171090852442112e-03
5.068000000000000114e+02 8.505688131658611928e-03
5.070000000000000000e+02 8.435659077842203035e-03
5.071999999999999886e+02 8.363327941677330124e-03
5.073999999999999773e+02 8.287433934308960359e-03
5.076000000000000227e+02 8.207045580406385765e-03
5.078000000000000114e+02 8.123746135806297897e-03
5.080000000000000000e+02 8.040765334573558160e-03
5.081999999999999886e+02 7.961464114773761369e-03
5.083999999999999773e+02 7.888510592775413444e-03
5.086000000000000227e+02 7.823779110627208239e-03
5.088000000000000114e+02 7.768604900008711789e-03
5.090000000000000000e+02 7.724234088553924571e-03
5.091999999999999886e+02 7.690455614774122789e-03
5.093999999999999773e+02 7.665401979865853893e-03
5.096000000000000227e+02 7.645614900850892376e-03
5.098000000000000114e+02 7.626285261384015135e-03
5.100000000000000000e+02 7.603139451778775926e-03
5.101999999999999886e+02 7.573274888731669485e-03
5.103999999999999773e+02 7.535121045011857616e-03
5.106000000000000227e+02 7.488205844511024861e-03
5.108000000000000114e+02 7.433367255183641331e-03
5.110000000000000000e+02 7.372866255553590931e-03
5.111999999999999886e+02 7.309487048425451078e-03
5.113999999999999773e+02 7.246518172525674706e-03
5.116000000000000227e+02 7.187107958363171678e-03
5.118000000000000114e+02 7.132810464103852416e-03
5.120000000000000000e+02 7.083668464658098018e-03
5.122000000000000455e+02 7.038860562351943739e-03
5.123999999999999773e+02 6.997516160208914343e-03
5.126000000000000227e+02 6.959801599882017159e-03
5.127999999999999545e+02 6.925607610919818496e-03
5.130000000000000000e+02 6.894350276108362346e-03
5.132000000000000455e+02 6.865855577572830409e-03
5.133999999999999773e+02 6.840566006004675237e-03
5.136000000000000227e+02 6.818717939269483552e-03
5.137999999999999545e+02 6.799417775879060960e-03
5.140000000000000000e+02 6.780259590802469732e-03
5.142000000000000455e+02 6.758608537395013188e-03
5.143999999999999773e+02 6.732484598354054189e-03
5.146000000000000227e+02 6.701237636608951831e-03
5.147999999999999545e+02 6.665349474799627666e-03
5.150000000000000000e+02 6.626115468687798771e-03
5.152000000000000455e+02 6.585287560581135763e-03
5.153999999999999773e+02 6.544506500579246738e-03
5.156000000000000227e+02 6.505793725039225872e-03
5.157999999999999545e+02 6.471271435759318180e-03
5.160000000000000000e+02 6.442062308608734189e-03
5.162000000000000455e+02 6.417576964434821424e-03
5.163999999999999773e+02 6.395878317300370680e-03
5.166000000000000227e+02 6.374567471504957727e-03
5.167999999999999545e+02 6.352739502011539585e-03
5.170000000000000000e+02 6.330445426738873921e-03
5.172000000000000455e+02 6.307997427042376370e-03
5.173999999999999773e+02 6.285263107498925694e-03
5.176000000000000227e+02 6.262448348653699981e-03
5.177999999999999545e+02 6.240979885605225236e-03
5.180000000000000000e+02 6.223938892268819634e-03
5.182000000000000455e+02 6.214978054996964790e-03
5.183999999999999773e+02 6.216085625601983078e-03
5.186000000000000227e+02 6.227089835203401119e-03
5.187999999999999545e+02 6.246424333761185776e-03
5.190000000000000000e+02 6.272232086207599200e-03
5.192000000000000455e+02 6.302359697694943919e-03
5.193999999999999773e+02 6.334243948620955911e-03
5.196000000000000227e+02 6.365254785475300131e-03
5.197999999999999545e+02 6.393152253069134261e-03
5.200000000000000000e+02 6.417089177205910488e-03
5.202000000000000455e+02 6.439109531136376352e-03
5.203999999999999773e+02 6.463394668245487501e-03
5.206000000000000227e+02 6.493574729409409829e-03
5.207999999999999545e+02 6.530308654781359634e-03
5.210000000000000000e+02 6.570331707455630971e-03
5.212000000000000455e+02 6.609204002228290936e-03
5.213999999999999773e+02 6.643037296518577994e-03
5.216000000000000227e+02 6.669586731512609085e-03
5.217999999999999545e+02 6.687379606445789659e-03
5.220000000000000000e+02 6.696599430666607539e-03
5.222000000000000455e+02 6.699900598197822826e-03
5.223999999999999773e+02 6.702081870391018298e-03
5.226000000000000227e+02 6.711386510136946315e-03
5.227999999999999545e+02 6.742839817575892875e-03
5.230000000000000000e+02 6.822085533118391748e-03
5.232000000000000455e+02 6.973985986054011266e-03
5.233999999999999773e+02 7.214164803064870152e-03
5.236000000000000227e+02 7.542946059001284786e-03
5.237999999999999545e+02 7.943390744889592542e-03
5.240000000000000000e+02 8.387934795330419246e-03
5.242000000000000455e+02 8.842215572765384224e-03
5.243999999999999773e+02 9.268762554914100615e-03
5.246000000000000227e+02 9.639072595919090380e-03
5.247999999999999545e+02 9.936551972476490024e-03
5.250000000000000000e+02 1.015902996521361734e-02
5.252000000000000455e+02 1.032327640150348946e-02
5.253999999999999773e+02 1.045525328256657893e-02
5.256000000000000227e+02 1.057936150017754068e-02
5.257999999999999545e+02 1.070484000095587446e-02
5.260000000000000000e+02 1.081736207621798729e-02
5.262000000000000455e+02 1.089190104766013523e-02
5.263999999999999773e+02 1.090616895968826022e-02
5.266000000000000227e+02 1.085095178005873046e-02
5.267999999999999545e+02 1.073286753193784804e-02
5.270000000000000000e+02 1.057365221054152454e-02
5.272000000000000455e+02 1.040728367238428348e-02
5.273999999999999773e+02 1.027242903076149710e-02
5.276000000000000227e+02 1.020346628430031377e-02
5.277999999999999545e+02 1.022357071803371015e-02
5.280000000000000000e+02 1.034097634228176021e-02
5.282000000000000455e+02 1.054869199035259747e-02
5.283999999999999773e+02 1.082561597502005452e-02
5.286000000000000227e+02 1.114088710679979333e-02
5.287999999999999545e+02 1.147484809955272994e-02
5.290000000000000000e+02 1.181988420188592043e-02
5.292000000000000455e+02 1.217866556019463892e-02
5.293999999999999773e+02 1.256340908118006722e-02
5.296000000000000227e+02 1.299636732435660580e-02
5.297999999999999545e+02 1.351475395809745988e-02
5.300000000000000000e+02 1.417874969728491474e-02
5.302000000000000455e+02 1.507182766947436775e-02
5.303999999999999773e+02 1.629580507722271782e-02
5.306000000000000227e+02 1.796910839655853354e-02
5.307999999999999545e+02 2.022828909029079220e-02
5.310000000000000000e+02 2.318772567618210267e-02
5.312000000000000455e+02 2.694047256517387995e-02
5.313999999999999773e+02 3.157373941123167715e-02
5.316000000000000227e+02 3.712780949622558613e-02
5.317999999999999545e+02 4.362239341152319289e-02
5.320000000000000000e+02 5.105245124942280749e-02
5.322000000000000455e+02 5.930672307718116293e-02
5.323999999999999773e+02 6.826778396192317855e-02
5.326000000000000227e+02 7.780748003943097069e-02
5.327999999999999545e+02 8.773085170487718298e-02
5.330000000000000000e+02 9.779959509666510953e-02
5.332000000000000455e+02 1.077686848829182142e-01
5.333999999999999773e+02 1.173834799758983749e-01
5.336000000000000227e+02 1.263079982971969384e-01
5.337999999999999545e+02 1.342673829589978440e-01
5.340000000000000000e+02 1.410477279719187793e-01
5.342000000000000455e+02 1.464380739704707612e-01
5.343999999999999773e+02 1.502902185066787577e-01
5.346000000000000227e+02 1.525031761064236102e-01
5.347999999999999545e+02 1.530209436922807809e-01
5.350000000000000000e+02 1.518719624448153782e-01
5.352000000000000455e+02 1.491434035951073878e-01
5.353999999999999773e+02 1.449624416365077884e-01
5.356000000000000227e+02 1.394914740361045680e-01
5.357999999999999545e+02 1.329794296271067378e-01
5.360000000000000000e+02 1.256910541167839401e-01
5.362000000000000455e+02 1.178682960846752226e-01
5.363999999999999773e+02 1.097658662366313154e-01
5.366000000000000227e+02 1.016254249947501076e-01
5.367999999999999545e+02 9.365022417501153718e-02
5.370000000000000000e+02 8.599134616986989221e-02
5.372000000000000455e+02 7.882139207877450482e-02
5.373999999999999773e+02 7.226334319372210158e-02
5.376000000000000227e+02 6.636462919856153664e-02
5.377999999999999545e+02 6.117652745725702529e-02
5.380000000000000000e+02 5.671346680981522587e-02
5.382000000000000455e+02 5.296578095808696790e-02
5.383999999999999773e+02 4.992722942018325977e-02
5.386000000000000227e+02 4.754388150496557247e-02
5.387999999999999545e+02 4.574651220856743722e-02
5.390000000000000000e+02 4.447103157622824682e-02
5.392000000000000455e+02 4.364800723832728407e-02
5.393999999999999773e+02 4.321437560902257474e-02
5.396000000000000227e+02 4.311253506918764217e-02
5.397999999999999545e+02 4.328595687672889131e-02
5.400000000000000000e+02 4.368853825935407192e-02
5.402000000000000455e+02 4.428185009612966433e-02
5.403999999999999773e+02 4.503384433040807239e-02
5.406000000000000227e+02 4.592099005203017364e-02
5.407999999999999545e+02 4.691739924702251902e-02
5.410000000000000000e+02 4.799954604137222219e-02
5.412000000000000455e+02 4.915493675887407793e-02
5.413999999999999773e+02 5.037106061091698589e-02
5.416000000000000227e+02 5.164040529483950731e-02
5.417999999999999545e+02 5.295905600923204309e-02
5.420000000000000000e+02 5.431282847413897857e-02
5.422000000000000455e+02 5.569754235592958708e-02
5.423999999999999773e+02 5.711695726133843992e-02
5.426000000000000227e+02 5.857295699334618549e-02
5.427999999999999545e+02 6.006642268872886686e-02
5.430000000000000000e+02 6.160106079743331992e-02
5.432000000000000455e+02 6.318002531048660941e-02
5.433999999999999773e+02 6.479211046998786805e-02
5.436000000000000227e+02 6.643508789339316878e-02
5.437999999999999545e+02 6.811203262732482000e-02
5.440000000000000000e+02 6.982113786573759806e-02
5.442000000000000455e+02 7.157023316796493062e-02
5.443999999999999773e+02 7.336285711432055656e-02
5.446000000000000227e+02 7.519774141019852642e-02
5.447999999999999545e+02 7.709039406230397407e-02
5.450000000000000000e+02 7.904921508389262108e-02
5.452000000000000455e+02 8.107871750343970119e-02
5.453999999999999773e+02 8.318622373550668692e-02
5.456000000000000227e+02 8.535286605537972804e-02
5.457999999999999545e+02 8.757391845030174093e-02
5.460000000000000000e+02 8.985093971967092474e-02
5.462000000000000455e+02 9.211812636895516659e-02
5.463999999999999773e+02 9.439241038437279352e-02
5.466000000000000227e+02 9.672353650114909329e-02
5.467999999999999545e+02 9.909100276219195980e-02
5.470000000000000000e+02 1.014965485009925727e-01
5.472000000000000455e+02 1.039554740585748038e-01
5.473999999999999773e+02 1.064762721476695817e-01
5.476000000000000227e+02 1.090496385723248862e-01
5.477999999999999545e+02 1.116725960832994358e-01
5.480000000000000000e+02 1.143541586718432312e-01
5.482000000000000455e+02 1.170918241984819086e-01
5.483999999999999773e+02 1.198910756476298523e-01
5.486000000000000227e+02 1.227603490998781521e-01
5.487999999999999545e+02 1.256887671486976721e-01
5.490000000000000000e+02 1.286796306511971133e-01
5.492000000000000455e+02 1.317487846365583415e-01
5.493999999999999773e+02 1.349108271624653854e-01
5.496000000000000227e+02 1.381572998665122343e-01
5.497999999999999545e+02 1.414786075850674174e-01
5.500000000000000000e+02 1.448807502351628640e-01
5.502000000000000455e+02 1.483683925139555326e-01
5.503999999999999773e+02 1.519285528475900759e-01
5.506000000000000227e+02 1.555348659101233877e-01
5.507999999999999545e+02 1.591855018171399461e-01
5.510000000000000000e+02 1.628891472914354155e-01
5.512000000000000455e+02 1.666508503315531631e-01
5.513999999999999773e+02 1.704573510727498131e-01
5.516000000000000227e+02 1.743202015622256074e-01
5.517999999999999545e+02 1.782604576824413645e-01
5.520000000000000000e+02 1.822831246911678638e-01
5.522000000000000455e+02 1.864060238574680450e-01
5.523999999999999773e+02 1.906353274080513638e-01
5.526000000000000227e+02 1.949529615706449004e-01
5.527999999999999545e+02 1.993656419944199731e-01
5.530000000000000000e+02 2.038903792129740933e-01
5.532000000000000455e+02 2.085379314232585490e-01
5.533999999999999773e+02 2.132913934173132353e-01
5.536000000000000227e+02 2.181503890035640936e-01
5.537999999999999545e+02 2.231349824719053854e-01
5.540000000000000000e+02 2.282641313848659537e-01
5.542000000000000455e+02 2.335234605789721640e-01
5.543999999999999773e+02 2.388906211474858821e-01
5.546000000000000227e+02 2.443700027642782824e-01
5.547999999999999545e+02 2.499707272851787732e-01
5.550000000000000000e+02 2.556818648809405792e-01
5.552000000000000455e+02 2.614698821971505605e-01
5.553999999999999773e+02 2.673449616600049317e-01
5.556000000000000227e+02 2.733145194385330767e-01
5.557999999999999545e+02 2.793748872025539898e-01
5.560000000000000000e+02 2.855545311259433672e-01
5.562000000000000455e+02 2.918526616641413662e-01
5.563999999999999773e+02 2.982510240102792531e-01
5.566000000000000227e+02 3.047683626814493563e-01
5.567999999999999545e+02 3.114287276194953047e-01
5.570000000000000000e+02 3.182336270474598328e-01
5.572000000000000455e+02 3.251465072686976487e-01
5.573999999999999773e+02 3.321684452177319224e-01
5.576000000000000227e+02 3.393230298422816316e-01
5.577999999999999545e+02 3.466295316374662372e-01
5.580000000000000000e+02 3.540600994534282009e-01
5.582000000000000455e+02 3.616046306166184054e-01
5.583999999999999773e+02 3.692908134110268747e-01
5.586000000000000227e+02 3.771501881367123610e-01
5.587999999999999545e+02 3.851662551894172726e-01
5.590000000000000000e+02 3.933053507105470081e-01
5.592000000000000455e+02 4.015898357830886556e-01
5.593999999999999773e+02 4.100190563830929391e-01
5.596000000000000227e+02 4.185934221386473086e-01
5.597999999999999545e+02 4.273446888424191625e-01
5.600000000000000000e+02 4.362457257721178427e-01
5.602000000000000455e+02 4.452757209878771549e-01
5.603999999999999773e+02 4.544635421414258136e-01
5.606000000000000227e+02 4.638419298194053075e-01
5.607999999999999545e+02 4.734012062327353498e-01
5.610000000000000000e+02 4.831025336034694417e-01
5.612000000000000455e+02 4.929651916368698039e-01
5.613999999999999773e+02 5.030246186452103085e-01
5.616000000000000227e+02 5.132940439788240550e-01
5.617999999999999545e+02 5.237293028222865798e-01
5.620000000000000000e+02 5.343364752820038976e-01
5.622000000000000455e+02 5.451589492696223838e-01
5.623999999999999773e+02 5.562335215980326319e-01
5.626000000000000227e+02 5.675204381548599741e-01
5.627999999999999545e+02 5.789881166183754591e-01
5.630000000000000000e+02 5.906642552268658308e-01
5.632000000000000455e+02 6.025862274468141155e-01
5.633999999999999773e+02 6.147308254334359345e-01
5.636000000000000227e+02 6.270354679308319801e-01
5.637999999999999545e+02 6.395227024724553511e-01
5.640000000000000000e+02 6.521851380687518906e-01
5.642000000000000455e+02 6.650017628042219631e-01
5.643999999999999773e+02 6.780050494036815589e-01
5.646000000000000227e+02 6.911527376497759168e-01
5.647999999999999545e+02 7.043985607957659045e-01
5.650000000000000000e+02 7.177779101279777585e-01
5.652000000000000455e+02 7.313327911249117852e-01
5.653999999999999773e+02 7.450517163896688277e-01
5.656000000000000227e+02 7.588687852786311083e-01
5.657999999999999545e+02 7.728003318950338318e-01
5.660000000000000000e+02 7.868899448712158851e-01
5.662000000000000455e+02 8.011532155818199552e-01
5.663999999999999773e+02 8.155108276409634982e-01
5.666000000000000227e+02 8.299387339183853518e-01
5.667999999999999545e+02 8.444751482511930751e-01
5.670000000000000000e+02 8.591615427234291502e-01
5.672000000000000455e+02 8.739492866387325032e-01
5.673999999999999773e+02 8.887925929392360702e-01
5.676000000000000227e+02 9.037317563270107490e-01
5.677999999999999545e+02 9.187463984290878960e-01
5.680000000000000000e+02 9.338327210975370107e-01
5.682000000000000455e+02 9.490222284299992817e-01
5.683999999999999773e+02 9.642329354062671998e-01
5.686000000000000227e+02 9.794229503082803046e-01
5.687999999999999545e+02 9.946242983317568065e-01
5.690000000000000000e+02 1.009863895693875246e+00
5.692000000000000455e+02 1.025092731081524988e+00
5.693999999999999773e+02 1.040247851151790082e+00
5.696000000000000227e+02 1.055365070940283534e+00
5.697999999999999545e+02 1.070492358674452582e+00
5.700000000000000000e+02 1.085625347131728535e+00
5.702000000000000455e+02 1.100683569736151002e+00
5.703999999999999773e+02 1.115669640750917901e+00
5.706000000000000227e+02 1.130619026737478050e+00
5.707999999999999545e+02 1.145539501358816326e+00
5.710000000000000000e+02 1.160336962595537535e+00
5.712000000000000455e+02 1.174976407373077514e+00
5.713999999999999773e+02 1.189491245951745491e+00
5.716000000000000227e+02 1.203866226992430066e+00
5.717999999999999545e+02 1.218137775543515433e+00
5.720000000000000000e+02 1.232339739912514442e+00
5.722000000000000455e+02 1.246402848656478435e+00
5.723999999999999773e+02 1.260328881659279254e+00
5.726000000000000227e+02 1.274160914879917117e+00
5.727999999999999545e+02 1.287918503964796013e+00
5.730000000000000000e+02 1.301525404907341033e+00
5.732000000000000455e+02 1.314927480707947183e+00
5.733999999999999773e+02 1.328147396155144433e+00
5.736000000000000227e+02 1.341215987001393106e+00
5.737999999999999545e+02 1.354106949515115899e+00
5.740000000000000000e+02 1.366767234410590559e+00
5.742000000000000455e+02 1.379233039123691329e+00
5.743999999999999773e+02 1.391554600966157018e+00
5.746000000000000227e+02 1.403741034734329096e+00
5.747999999999999545e+02 1.415722840966202156e+00
5.750000000000000000e+02 1.427501733425990071e+00
5.752000000000000455e+02 1.439094907832235037e+00
5.753999999999999773e+02 1.450482875366521762e+00
5.756000000000000227e+02 1.461697134292516687e+00
5.757999999999999545e+02 1.472733453386943170e+00
5.760000000000000000e+02 1.483533520985701903e+00
5.762000000000000455e+02 1.494109113382049880e+00
5.763999999999999773e+02 1.504482850650193715e+00
5.766000000000000227e+02 1.514650139647150340e+00
5.767999999999999545e+02 1.524551657610577760e+00
5.770000000000000000e+02 1.534157167317122594e+00
5.772000000000000455e+02 1.543485394577847059e+00
5.773999999999999773e+02 1.552593526905287291e+00
5.776000000000000227e+02 1.561457996236010226e+00
5.777999999999999545e+02 1.570069797069538309e+00
5.780000000000000000e+02 1.578501818073879681e+00
5.782000000000000455e+02 1.586726941090148557e+00
5.783999999999999773e+02 1.594739860323174829e+00
5.786000000000000227e+02 1.602592187543871116e+00
5.787999999999999545e+02 1.610233286940194963e+00
5.790000000000000000e+02 1.617655402397532916e+00
5.792000000000000455e+02 1.624894285471189193e+00
5.793999999999999773e+02 1.631903242777866581e+00
5.796000000000000227e+02 1.638702896962713984e+00
5.797999999999999545e+02 1.645341669035681020e+00
5.800000000000000000e+02 1.651790951154675335e+00
5.802000000000000455e+02 1.658075111114755140e+00
5.803999999999999773e+02 1.664214841806477496e+00
5.806000000000000227e+02 1.670165717728864463e+00
5.807999999999999545e+02 1.675924430596220649e+00
5.810000000000000000e+02 1.681503180658424412e+00
5.812000000000000455e+02 1.686897999703010020e+00
5.813999999999999773e+02 1.692057774034186224e+00
5.816000000000000227e+02 1.696968948137828725e+00
5.817999999999999545e+02 1.701659124906329756e+00
5.820000000000000000e+02 1.706112463409895863e+00
5.822000000000000455e+02 1.710345088122472657e+00
5.823999999999999773e+02 1.714385758325373210e+00
5.826000000000000227e+02 1.718211692462629614e+00
5.827999999999999545e+02 1.721832361066061967e+00
5.830000000000000000e+02 1.725256172393768272e+00
5.832000000000000455e+02 1.728445772184179718e+00
5.833999999999999773e+02 1.731394951369742863e+00
5.836000000000000227e+02 1.734095684735451171e+00
5.837999999999999545e+02 1.736521204679096098e+00
5.840000000000000000e+02 1.738688923539849940e+00
5.842000000000000455e+02 1.740622699358665093e+00
5.843999999999999773e+02 1.742337695478759274e+00
5.846000000000000227e+02 1.743853663055092484e+00
5.847999999999999545e+02 1.745181231241855757e+00
5.850000000000000000e+02 1.746321323910293044e+00
5.852000000000000455e+02 1.747272215662931449e+00
5.853999999999999773e+02 1.748028449904581505e+00
5.856000000000000227e+02 1.748577751158910232e+00
5.857999999999999545e+02 1.748900000427816126e+00
5.860000000000000000e+02 1.748991466912319659e+00
5.862000000000000455e+02 1.748861360189818859e+00
5.863999999999999773e+02 1.748526424295430148e+00
5.866000000000000227e+02 1.748006651723228000e+00
5.867999999999999545e+02 1.747318317693263845e+00
5.870000000000000000e+02 1.746468498095819832e+00
5.872000000000000455e+02 1.745449817836656647e+00
5.873999999999999773e+02 1.744263290897930974e+00
5.876000000000000227e+02 1.742915694737189769e+00
5.877999999999999545e+02 1.741396869581523843e+00
5.880000000000000000e+02 1.739694003144745205e+00
5.882000000000000455e+02 1.737805059426419607e+00
5.883999999999999773e+02 1.735749425865947382e+00
5.886000000000000227e+02 1.733527038503553719e+00
5.887999999999999545e+02 1.731139712670969555e+00
5.890000000000000000e+02 1.728608932899093009e+00
5.892000000000000455e+02 1.725928893854490331e+00
5.893999999999999773e+02 1.723099415491086139e+00
5.896000000000000227e+02 1.720135911322597799e+00
5.897999999999999545e+02 1.717022175483412738e+00
5.900000000000000000e+02 1.713765920328234271e+00
5.902000000000000455e+02 1.710393936676701587e+00
5.903999999999999773e+02 1.706887046578263067e+00
5.906000000000000227e+02 1.703261339870555613e+00
5.907999999999999545e+02 1.699547163125275429e+00
5.910000000000000000e+02 1.695726477563623158e+00
5.912000000000000455e+02 1.691798215176717468e+00
5.913999999999999773e+02 1.687760128476325061e+00
5.916000000000000227e+02 1.683581228076721725e+00
5.917999999999999545e+02 1.679228741821491067e+00
5.920000000000000000e+02 1.674696335463571772e+00
5.922000000000000455e+02 1.670005839398498448e+00
5.923999999999999773e+02 1.665137863455083300e+00
5.926000000000000227e+02 1.660102845312957376e+00
5.927999999999999545e+02 1.654940230902796516e+00
5.930000000000000000e+02 1.649625278226509728e+00
5.932000000000000455e+02 1.644178106207855539e+00
5.933999999999999773e+02 1.638640892114200387e+00
5.936000000000000227e+02 1.632985530438419985e+00
5.937999999999999545e+02 1.627227882472219944e+00
5.940000000000000000e+02 1.621387340541488475e+00
5.942000000000000455e+02 1.615428809744028582e+00
5.943999999999999773e+02 1.609385149151703720e+00
5.946000000000000227e+02 1.603283683852055441e+00
5.947999999999999545e+02 1.597101498535317798e+00
5.950000000000000000e+02 1.590878285257526947e+00
5.952000000000000455e+02 1.584633686971183897e+00
5.953999999999999773e+02 1.578333825388023026e+00
5.956000000000000227e+02 1.571933544997284438e+00
5.957999999999999545e+02 1.565429069772646953e+00
5.960000000000000000e+02 1.558831198848716459e+00
5.962000000000000455e+02 1.552085231844953839e+00
5.963999999999999773e+02 1.545202354688453017e+00
5.966000000000000227e+02 1.538213595421521029e+00
5.967999999999999545e+02 1.531087750398980596e+00
5.970000000000000000e+02 1.523879199389644779e+00
5.972000000000000455e+02 1.516639750581269430e+00
5.973999999999999773e+02 1.509350167969356615e+00
5.976000000000000227e+02 1.502063623946469084e+00
5.977999999999999545e+02 1.494796675508086370e+00
5.980000000000000000e+02 1.487500386249845929e+00
5.982000000000000455e+02 1.480203190206426989e+00
5.983999999999999773e+02 1.472921002463436047e+00
5.986000000000000227e+02 1.465633941969437304e+00
5.987999999999999545e+02 1.458318569792215857e+00
5.990000000000000000e+02 1.450994765981886703e+00
5.992000000000000455e+02 1.443680505675486003e+00
5.993999999999999773e+02 1.436321097165156546e+00
5.996000000000000227e+02 1.428934553868589585e+00
5.997999999999999545e+02 1.421537089583874147e+00
6.000000000000000000e+02 1.414071905308303290e+00
6.002000000000000455e+02 1.406564910280271086e+00
6.003999999999999773e+02 1.399018416929007858e+00
6.006000000000000227e+02 1.391372649512250037e+00
6.007999999999999545e+02 1.383664070383532785e+00
6.010000000000000000e+02 1.375894973640300112e+00
6.012000000000000455e+02 1.368027847717544487e+00
6.013999999999999773e+02 1.360115912212562561e+00
6.016000000000000227e+02 1.352152575596681450e+00
6.017999999999999545e+02 1.344104108653149554e+00
6.020000000000000000e+02 1.336025923586386277e+00
6.022000000000000455e+02 1.327937840733183661e+00
6.023999999999999773e+02 1.319830041961170819e+00
6.026000000000000227e+02 1.311700461000596452e+00
6.027999999999999545e+02 1.303599596371530334e+00
6.030000000000000000e+02 1.295542136087642460e+00
6.032000000000000455e+02 1.287473747404346502e+00
6.033999999999999773e+02 1.279428708870700815e+00
6.036000000000000227e+02 1.271401829048312893e+00
6.037999999999999545e+02 1.263337116240295321e+00
6.040000000000000000e+02 1.255282897421420962e+00
6.042000000000000455e+02 1.247236259147864956e+00
6.043999999999999773e+02 1.239164877707080059e+00
6.046000000000000227e+02 1.231131535751713635e+00
6.047999999999999545e+02 1.223125233478899787e+00
6.050000000000000000e+02 1.215120269212873305e+00
6.052000000000000455e+02 1.207171301636942085e+00
6.053999999999999773e+02 1.199244323233736864e+00
6.056000000000000227e+02 1.191302896842685533e+00
6.057999999999999545e+02 1.183374295368885942e+00
6.060000000000000000e+02 1.175439025642300628e+00
6.062000000000000455e+02 1.167464236970597868e+00
6.063999999999999773e+02 1.159440604469522684e+00
6.066000000000000227e+02 1.151426456028527445e+00
6.067999999999999545e+02 1.143426886392662434e+00
6.070000000000000000e+02 1.135411180907017092e+00
6.072000000000000455e+02 1.127432384734483151e+00
6.073999999999999773e+02 1.119473269406152660e+00
6.076000000000000227e+02 1.111498483070896270e+00
6.077999999999999545e+02 1.103559087890744861e+00
6.080000000000000000e+02 1.095620039942876822e+00
6.082000000000000455e+02 1.087649046192429969e+00
6.083999999999999773e+02 1.079694767821905321e+00
6.086000000000000227e+02 1.071731325864444528e+00
6.087999999999999545e+02 1.063764795049275014e+00
6.090000000000000000e+02 1.055862371168064362e+00
6.092000000000000455e+02 1.047991930339381428e+00
6.093999999999999773e+02 1.040155277253329125e+00
6.096000000000000227e+02 1.032397770090718314e+00
6.097999999999999545e+02 1.024699216764095810e+00
6.100000000000000000e+02 1.017023984646480583e+00
6.102000000000000455e+02 1.009359392013831513e+00
6.103999999999999773e+02 1.001744323006000137e+00
6.106000000000000227e+02 9.941476083335298863e-01
6.107999999999999545e+02 9.865434348987109914e-01
6.110000000000000000e+02 9.789867582204689889e-01
6.112000000000000455e+02 9.714548073630733249e-01
6.113999999999999773e+02 9.639434782375373434e-01
6.116000000000000227e+02 9.565071004623422191e-01
6.117999999999999545e+02 9.491041138141496081e-01
6.120000000000000000e+02 9.417261900314478629e-01
6.122000000000000455e+02 9.344089712399206160e-01
6.123999999999999773e+02 9.271000223352734437e-01
6.126000000000000227e+02 9.198022018618169371e-01
6.127999999999999545e+02 9.125494987809736891e-01
6.130000000000000000e+02 9.052997054665968824e-01
6.132000000000000455e+02 8.980710319202270808e-01
6.133999999999999773e+02 8.909013816925116513e-01
6.136000000000000227e+02 8.837770417494541508e-01
6.137999999999999545e+02 8.766786419809485809e-01
6.140000000000000000e+02 8.696149987015689975e-01
6.142000000000000455e+02 8.626223559947480135e-01
6.143999999999999773e+02 8.556577255145942917e-01
6.146000000000000227e+02 8.487098201987057777e-01
6.147999999999999545e+02 8.418165027426173230e-01
6.150000000000000000e+02 8.349396588436972522e-01
6.152000000000000455e+02 8.280865546145553813e-01
6.153999999999999773e+02 8.212913688592570205e-01
6.156000000000000227e+02 8.145050080834321804e-01
6.157999999999999545e+02 8.077375851606228840e-01
6.160000000000000000e+02 8.010134476373920176e-01
6.162000000000000455e+02 7.942879714360748800e-01
6.163999999999999773e+02 7.875820547769406543e-01
6.166000000000000227e+02 7.809246675965837436e-01
6.167999999999999545e+02 7.742959032267405783e-01
6.170000000000000000e+02 7.676718668976877380e-01
6.172000000000000455e+02 7.610635611635109266e-01
6.173999999999999773e+02 7.545091671221590968e-01
6.176000000000000227e+02 7.479797315725398299e-01
6.177999999999999545e+02 7.414859672702125426e-01
6.180000000000000000e+02 7.350675872935057420e-01
6.182000000000000455e+02 7.286836211884328840e-01
6.183999999999999773e+02 7.223453779958572962e-01
6.186000000000000227e+02 7.160814086792337552e-01
6.187999999999999545e+02 7.098507664706291687e-01
6.190000000000000000e+02 7.036725086823628628e-01
6.192000000000000455e+02 6.975610159348643036e-01
6.193999999999999773e+02 6.914664035892986726e-01
6.196000000000000227e+02 6.854127332969811581e-01
6.197999999999999545e+02 6.794147971632786831e-01
6.200000000000000000e+02 6.734447640962876180e-01
6.202000000000000455e+02 6.675387105009822353e-01
6.203999999999999773e+02 6.617148979450168111e-01
6.206000000000000227e+02 6.559509522503296219e-01
6.207999999999999545e+02 6.502199310163946366e-01
6.210000000000000000e+02 6.445317626129417610e-01
6.212000000000000455e+02 6.389023191121794287e-01
6.213999999999999773e+02 6.332931361947026216e-01
6.216000000000000227e+02 6.277173713219338369e-01
6.217999999999999545e+02 6.221901525989157467e-01
6.220000000000000000e+02 6.166716648665817591e-01
6.222000000000000455e+02 6.111896813166277642e-01
6.223999999999999773e+02 6.057636431603272698e-01
6.226000000000000227e+02 6.003651660334221596e-01
6.227999999999999545e+02 5.950247018486313211e-01
6.230000000000000000e+02 5.897434696182248803e-01
6.232000000000000455e+02 5.844855878326538079e-01
6.233999999999999773e+02 5.792795640833046100e-01
6.236000000000000227e+02 5.741216613948793013e-01
6.237999999999999545e+02 5.689877440880661830e-01
6.240000000000000000e+02 5.639063312865837396e-01
6.242000000000000455e+02 5.588777632961953179e-01
6.243999999999999773e+02 5.538798337006344275e-01
6.246000000000000227e+02 5.488984205380528225e-01
6.247999999999999545e+02 5.439616870346265509e-01
6.250000000000000000e+02 5.390864892683793208e-01
6.252000000000000455e+02 5.342498900091624536e-01
6.253999999999999773e+02 5.294786496557772892e-01
6.256000000000000227e+02 5.247759054995572159e-01
6.257999999999999545e+02 5.201080655776667561e-01
6.260000000000000000e+02 5.154973509319999980e-01
6.262000000000000455e+02 5.109339901484967195e-01
6.263999999999999773e+02 5.063837470623436809e-01
6.266000000000000227e+02 5.018647998999534732e-01
6.267999999999999545e+02 4.973613465421946600e-01
6.270000000000000000e+02 4.928539870416422941e-01
6.272000000000000455e+02 4.883782411296351267e-01
6.273999999999999773e+02 4.839258552121827872e-01
6.276000000000000227e+02 4.794876743737036540e-01
6.277999999999999545e+02 4.750927531863773368e-01
6.280000000000000000e+02 4.707376491859911471e-01
6.282000000000000455e+02 4.664055253677186763e-01
6.283999999999999773e+02 4.620883710242008058e-01
6.286000000000000227e+02 4.578129246823089971e-01
6.287999999999999545e+02 4.535806685042998998e-01
6.290000000000000000e+02 4.493748067622077014e-01
6.292000000000000455e+02 4.452288560863723044e-01
6.293999999999999773e+02 4.411420902080676609e-01
6.296000000000000227e+02 4.370987506066840722e-01
6.297999999999999545e+02 4.331235354660076253e-01
6.300000000000000000e+02 4.291987911038676606e-01
6.302000000000000455e+02 4.253064972488993511e-01
6.303999999999999773e+02 4.214718609072479749e-01
6.306000000000000227e+02 4.176795813376133482e-01
6.307999999999999545e+02 4.139196936181821496e-01
6.310000000000000000e+02 4.102104373466530229e-01
6.312000000000000455e+02 4.065426735120279411e-01
6.313999999999999773e+02 4.028988049402835170e-01
6.316000000000000227e+02 3.992697811151169063e-01
6.317999999999999545e+02 3.956727414515885943e-01
6.320000000000000000e+02 3.920970613534631721e-01
6.322000000000000455e+02 3.885217315119220416e-01
6.323999999999999773e+02 3.849671537034863866e-01
6.326000000000000227e+02 3.814232103727622225e-01
6.327999999999999545e+02 3.778795626614614434e-01
6.330000000000000000e+02 3.743656238635166833e-01
6.332000000000000455e+02 3.708731000577600301e-01
6.333999999999999773e+02 3.673989447857831103e-01
6.336000000000000227e+02 3.639697606773091287e-01
6.337999999999999545e+02 3.605734617025240785e-01
6.340000000000000000e+02 3.572141024855776670e-01
6.342000000000000455e+02 3.539186593301771877e-01
6.343999999999999773e+02 3.506705927812838186e-01
6.346000000000000227e+02 3.474672808059242612e-01
6.347999999999999545e+02 3.443186944608656597e-01
6.350000000000000000e+02 3.412084130694210682e-01
6.352000000000000455e+02 3.381173141605453569e-01
6.353999999999999773e+02 3.350401095209712965e-01
6.356000000000000227e+02 3.319948440954934576e-01
6.357999999999999545e+02 3.289729733783227084e-01
6.360000000000000000e+02 3.259722231775088463e-01
6.362000000000000455e+02 3.230183766246664256e-01
6.363999999999999773e+02 3.201022972795933286e-01
6.366000000000000227e+02 3.172207203116464980e-01
6.367999999999999545e+02 3.143849100921312645e-01
6.370000000000000000e+02 3.115650900223815856e-01
6.372000000000000455e+02 3.087482746555569868e-01
6.373999999999999773e+02 3.059379079172481752e-01
6.376000000000000227e+02 3.031082573544547354e-01
6.377999999999999545e+02 3.002613635038841045e-01
6.380000000000000000e+02 2.974099811429986029e-01
6.382000000000000455e+02 2.945391322515178989e-01
6.383999999999999773e+02 2.916615037363802232e-01
6.386000000000000227e+02 2.887961162726133124e-01
6.387999999999999545e+02 2.859427576288962047e-01
6.390000000000000000e+02 2.830980026601027655e-01
6.392000000000000455e+02 2.802700429541390981e-01
6.393999999999999773e+02 2.774772754597546465e-01
6.396000000000000227e+02 2.747113781177143443e-01
6.397999999999999545e+02 2.719812227950518246e-01
6.400000000000000000e+02 2.693102173053941728e-01
6.402000000000000455e+02 2.666848744462372856e-01
6.403999999999999773e+02 2.641077372195089201e-01
6.406000000000000227e+02 2.615871172215550322e-01
6.407999999999999545e+02 2.591016164592513937e-01
6.410000000000000000e+02 2.566567666150865734e-01
6.412000000000000455e+02 2.542619701875510341e-01
6.413999999999999773e+02 2.519026657000871250e-01
6.416000000000000227e+02 2.495893158993644501e-01
6.417999999999999545e+02 2.473274355011216286e-01
6.420000000000000000e+02 2.451024849984926313e-01
6.422000000000000455e+02 2.429214476322377192e-01
6.423999999999999773e+02 2.407828767320393526e-01
6.426000000000000227e+02 2.386676646841542349e-01
6.427999999999999545e+02 2.365561291998193316e-01
6.430000000000000000e+02 2.344449695983691906e-01
6.432000000000000455e+02 2.323383300742073998e-01
6.433999999999999773e+02 2.302255418319850699e-01
6.436000000000000227e+02 2.281186008141204979e-01
6.437999999999999545e+02 2.260329273650679704e-01
6.440000000000000000e+02 2.239609644714506409e-01
6.442000000000000455e+02 2.219159551923768625e-01
6.443999999999999773e+02 2.199061448873508295e-01
6.446000000000000227e+02 2.179182975403364531e-01
6.447999999999999545e+02 2.159587315416020004e-01
6.450000000000000000e+02 2.140237364405939702e-01
6.452000000000000455e+02 2.120950004770880970e-01
6.453999999999999773e+02 2.101785250127401472e-01
6.456000000000000227e+02 2.082786243645053659e-01
6.457999999999999545e+02 2.063930026695446063e-01
6.460000000000000000e+02 2.045224778344063576e-01
6.462000000000000455e+02 2.026791178967063956e-01
6.463999999999999773e+02 2.008724050138813999e-01
6.466000000000000227e+02 1.990918744389635064e-01
6.467999999999999545e+02 1.973428965544145597e-01
6.470000000000000000e+02 1.956266136661938548e-01
6.472000000000000455e+02 1.939241302575523407e-01
6.473999999999999773e+02 1.922347500184701519e-01
6.476000000000000227e+02 1.905527907474952043e-01
6.477999999999999545e+02 1.888621484659339655e-01
6.480000000000000000e+02 1.871719245696082667e-01
6.482000000000000455e+02 1.854858053442102750e-01
6.483999999999999773e+02 1.838015372216526555e-01
6.486000000000000227e+02 1.821364237392160967e-01
6.487999999999999545e+02 1.804913476007804496e-01
6.490000000000000000e+02 1.788580442750641042e-01
6.492000000000000455e+02 1.772413871854806866e-01
6.493999999999999773e+02 1.756359617689184638e-01
6.496000000000000227e+02 1.740301309522592488e-01
6.497999999999999545e+02 1.724155822369851376e-01
6.500000000000000000e+02 1.707988285828054009e-01
6.502000000000000455e+02 1.691832832439098266e-01
6.503999999999999773e+02 1.675640879524112337e-01
6.506000000000000227e+02 1.659570048371971640e-01
6.507999999999999545e+02 1.643702731382934989e-01
6.510000000000000000e+02 1.628021725231993122e-01
6.512000000000000455e+02 1.612668640889597382e-01
6.513999999999999773e+02 1.597630137469178424e-01
6.516000000000000227e+02 1.582809744176241484e-01
6.517999999999999545e+02 1.568278558755606678e-01
6.520000000000000000e+02 1.553966174953410329e-01
6.522000000000000455e+02 1.539784003863057804e-01
6.523999999999999773e+02 1.525789781338975915e-01
6.526000000000000227e+02 1.511914207144579858e-01
6.527999999999999545e+02 1.498126382737155482e-01
6.530000000000000000e+02 1.484529756387779065e-01
6.532000000000000455e+02 1.471128434796483420e-01
6.533999999999999773e+02 1.457891956917560794e-01
6.536000000000000227e+02 1.444815742012487414e-01
6.537999999999999545e+02 1.431978845023895719e-01
6.540000000000000000e+02 1.419357101394992382e-01
6.542000000000000455e+02 1.406868875384720552e-01
6.543999999999999773e+02 1.394559431034349817e-01
6.546000000000000227e+02 1.382340729010518299e-01
6.547999999999999545e+02 1.370099529397261762e-01
6.550000000000000000e+02 1.357874331041880323e-01
6.552000000000000455e+02 1.345614056499662425e-01
6.553999999999999773e+02 1.333319888185509894e-01
6.556000000000000227e+02 1.321139377854936847e-01
6.557999999999999545e+02 1.309089402053130180e-01
6.560000000000000000e+02 1.297217669878558133e-01
6.562000000000000455e+02 1.285634773964738631e-01
6.563999999999999773e+02 1.274292254063832397e-01
6.566000000000000227e+02 1.263192416329076140e-01
6.567999999999999545e+02 1.252391635656757984e-01
6.570000000000000000e+02 1.241841952964143903e-01
6.572000000000000455e+02 1.231473057680540217e-01
6.573999999999999773e+02 1.221249505961364556e-01
6.576000000000000227e+02 1.211209102126157011e-01
6.577999999999999545e+02 1.201306910076430368e-01
6.580000000000000000e+02 1.191521652908659468e-01
6.582000000000000455e+02 1.181939094789063449e-01
6.583999999999999773e+02 1.172520069880092497e-01
6.586000000000000227e+02 1.163229169628499371e-01
6.587999999999999545e+02 1.154083472528607268e-01
6.590000000000000000e+02 1.144994428173391476e-01
6.592000000000000455e+02 1.135930729771551795e-01
6.593999999999999773e+02 1.126913834997260999e-01
6.596000000000000227e+02 1.117846079399844594e-01
6.597999999999999545e+02 1.108680116601361842e-01
6.600000000000000000e+02 1.099408971903022281e-01
6.602000000000000455e+02 1.089984909534817692e-01
6.603999999999999773e+02 1.080394698510609430e-01
6.606000000000000227e+02 1.070696822018846750e-01
6.607999999999999545e+02 1.061023979942402606e-01
6.610000000000000000e+02 1.051401169718360618e-01
6.612000000000000455e+02 1.041858572479444911e-01
6.613999999999999773e+02 1.032481312224139969e-01
6.616000000000000227e+02 1.023235899111328839e-01
6.617999999999999545e+02 1.014124458192351974e-01
6.620000000000000000e+02 1.005194717250878500e-01
6.622000000000000455e+02 9.963682911576116075e-02
6.623999999999999773e+02 9.876336196694715519e-02
6.626000000000000227e+02 9.790289403867416529e-02
6.627999999999999545e+02 9.705193624148777953e-02
6.630000000000000000e+02 9.621577611781945150e-02
6.632000000000000455e+02 9.539989578150434579e-02
6.633999999999999773e+02 9.459831981247754373e-02
6.636000000000000227e+02 9.381099753242128081e-02
6.637999999999999545e+02 9.303717936182412385e-02
6.640000000000000000e+02 9.226982852951690073e-02
6.642000000000000455e+02 9.150208430801140547e-02
6.643999999999999773e+02 9.073178167199635880e-02
6.646000000000000227e+02 8.996034435566518939e-02
6.647999999999999545e+02 8.918328665537275657e-02
6.650000000000000000e+02 8.840537894593492041e-02
6.652000000000000455e+02 8.763752986881498397e-02
6.653999999999999773e+02 8.688063588249145264e-02
6.656000000000000227e+02 8.613883431291882720e-02
6.657999999999999545e+02 8.541491894164421339e-02
6.660000000000000000e+02 8.470200602171940041e-02
6.662000000000000455e+02 8.400039650003018887e-02
6.663999999999999773e+02 8.331004142101508525e-02
6.666000000000000227e+02 8.262453927946289411e-02
6.667999999999999545e+02 8.194560078328255726e-02
6.670000000000000000e+02 8.127381299971059292e-02
6.672000000000000455e+02 8.060618183909487589e-02
6.673999999999999773e+02 7.994824724688706641e-02
6.676000000000000227e+02 7.930334007983819156e-02
6.677999999999999545e+02 7.866898714059658571e-02
6.680000000000000000e+02 7.803849057469394723e-02
6.682000000000000455e+02 7.740693278105645336e-02
6.683999999999999773e+02 7.676950649035929608e-02
6.686000000000000227e+02 7.611831992990847340e-02
6.687999999999999545e+02 7.545648325540141310e-02
6.690000000000000000e+02 7.479207548431424102e-02
6.692000000000000455e+02 7.413177942446014246e-02
6.693999999999999773e+02 7.348951674088186059e-02
6.696000000000000227e+02 7.287468480318776143e-02
6.697999999999999545e+02 7.228694827601653272e-02
6.700000000000000000e+02 7.172806588067698330e-02
6.702000000000000455e+02 7.119259771088967681e-02
6.703999999999999773e+02 7.066906607768655424e-02
6.706000000000000227e+02 7.015374859835341037e-02
6.707999999999999545e+02 6.964230789195366422e-02
6.710000000000000000e+02 6.913178206543593718e-02
6.712000000000000455e+02 6.862749878992061014e-02
6.713999999999999773e+02 6.813354306101576663e-02
6.716000000000000227e+02 6.765168161669823932e-02
6.717999999999999545e+02 6.718197973528572398e-02
6.720000000000000000e+02 6.672287762358078411e-02
6.722000000000000455e+02 6.626612742112594767e-02
6.723999999999999773e+02 6.579585518656327903e-02
6.726000000000000227e+02 6.530231788206500299e-02
6.727999999999999545e+02 6.477759904618304865e-02
6.730000000000000000e+02 6.421757659940302565e-02
6.732000000000000455e+02 6.363455104687554265e-02
6.733999999999999773e+02 6.304141228440715561e-02
6.736000000000000227e+02 6.244863133693465823e-02
6.737999999999999545e+02 6.186719007990456459e-02
6.740000000000000000e+02 6.129915883785638092e-02
6.742000000000000455e+02 6.074373611230508146e-02
6.743999999999999773e+02 6.020520419418621400e-02
6.746000000000000227e+02 5.967952848045082054e-02
6.747999999999999545e+02 5.916084989336079653e-02
6.750000000000000000e+02 5.864726890324090808e-02
6.752000000000000455e+02 5.813675397784278526e-02
6.753999999999999773e+02 5.762915851646113058e-02
6.756000000000000227e+02 5.712782109313904039e-02
6.757999999999999545e+02 5.663998974999894659e-02
6.760000000000000000e+02 5.616586915283146991e-02
6.762000000000000455e+02 5.569843594485083399e-02
6.763999999999999773e+02 5.523094045920328571e-02
6.766000000000000227e+02 5.475532236521122448e-02
6.767999999999999545e+02 5.426719540809030878e-02
6.770000000000000000e+02 5.377220970915318893e-02
6.772000000000000455e+02 5.327144263783906847e-02
6.773999999999999773e+02 5.276629091865617932e-02
6.776000000000000227e+02 5.226315493804823548e-02
6.777999999999999545e+02 5.176278150399616501e-02
6.780000000000000000e+02 5.126687696188992477e-02
6.782000000000000455e+02 5.078042794217527828e-02
6.783999999999999773e+02 5.030329489762514622e-02
6.786000000000000227e+02 4.983156745670552085e-02
6.787999999999999545e+02 4.936034440389271832e-02
6.790000000000000000e+02 4.888869797682034862e-02
6.792000000000000455e+02 4.841514193158500540e-02
6.793999999999999773e+02 4.793934584754409173e-02
6.796000000000000227e+02 4.746583842803902414e-02
6.797999999999999545e+02 4.699305079173859284e-02
6.800000000000000000e+02 4.651972606903235358e-02
6.802000000000000455e+02 4.605183782685234178e-02
6.803999999999999773e+02 4.559145735735396082e-02
6.806000000000000227e+02 4.514103404213210685e-02
6.807999999999999545e+02 4.470492341146643095e-02
6.810000000000000000e+02 4.428035177676507145e-02
6.812000000000000455e+02 4.386469178884248171e-02
6.813999999999999773e+02 4.345638662315935014e-02
6.816000000000000227e+02 4.304853755341982863e-02
6.817999999999999545e+02 4.263797855231257067e-02
6.820000000000000000e+02 4.222516483183626906e-02
6.822000000000000455e+02 4.180979959177711508e-02
6.823999999999999773e+02 4.139593326051779071e-02
6.826000000000000227e+02 4.099274416673275717e-02
6.827999999999999545e+02 4.061282679829913284e-02
6.830000000000000000e+02 4.025899911132862358e-02
6.832000000000000455e+02 3.992837569145536031e-02
6.833999999999999773e+02 3.961551321406173859e-02
6.836000000000000227e+02 3.930890320337988159e-02
6.837999999999999545e+02 3.899768988819261872e-02
6.840000000000000000e+02 3.867424316397813366e-02
6.842000000000000455e+02 3.833195473573163675e-02
6.843999999999999773e+02 3.797291572556472927e-02
6.846000000000000227e+02 3.760616687959884158e-02
6.847999999999999545e+02 3.723952266558589602e-02
6.850000000000000000e+02 3.688386590106803448e-02
6.852000000000000455e+02 3.654789632841669994e-02
6.853999999999999773e+02 3.623036024236818420e-02
6.856000000000000227e+02 3.592594733997283435e-02
6.857999999999999545e+02 3.562682248769453303e-02
6.860000000000000000e+02 3.532404301925996110e-02
6.862000000000000455e+02 3.501310716486636526e-02
6.864000000000000909e+02 3.469426748958055057e-02
6.866000000000000227e+02 3.437130959184009349e-02
6.867999999999999545e+02 3.404716369794979353e-02
6.870000000000000000e+02 3.372911872365811498e-02
6.872000000000000455e+02 3.342686459882115296e-02
6.874000000000000909e+02 3.314358658887730374e-02
6.876000000000000227e+02 3.288072450655251527e-02
6.877999999999999545e+02 3.263731584935938151e-02
6.880000000000000000e+02 3.240781398733481172e-02
6.882000000000000455e+02 3.218961403938900429e-02
6.884000000000000909e+02 3.198163318916145970e-02
6.886000000000000227e+02 3.178207580620004413e-02
6.887999999999999545e+02 3.158963846779737350e-02
6.890000000000000000e+02 3.140032109587163195e-02
6.892000000000000455e+02 3.120616598581442414e-02
6.894000000000000909e+02 3.099903473959218086e-02
6.896000000000000227e+02 3.077425654416130613e-02
6.897999999999999545e+02 3.053031935618246567e-02
6.900000000000000000e+02 3.026469128215207582e-02
6.902000000000000455e+02 2.997867130422138260e-02
6.904000000000000909e+02 2.967661407284936242e-02
6.906000000000000227e+02 2.936282142578303805e-02
6.907999999999999545e+02 2.904484992387095649e-02
6.910000000000000000e+02 2.872865122682964623e-02
6.912000000000000455e+02 2.841342071092826244e-02
6.914000000000000909e+02 2.809817861943627454e-02
6.916000000000000227e+02 2.777985952421267030e-02
6.917999999999999545e+02 2.745323701462582672e-02
6.920000000000000000e+02 2.711939096126157744e-02
6.922000000000000455e+02 2.678012086619080412e-02
6.924000000000000909e+02 2.643727626402677527e-02
6.926000000000000227e+02 2.609880709199153409e-02
6.927999999999999545e+02 2.577307588802987826e-02
6.930000000000000000e+02 2.546721355855907643e-02
6.932000000000000455e+02 2.518715265689501492e-02
6.934000000000000909e+02 2.493590364376192803e-02
6.936000000000000227e+02 2.471214830070702501e-02
6.937999999999999545e+02 2.450946447981779824e-02
6.940000000000000000e+02 2.432299394740427417e-02
6.942000000000000455e+02 2.414755728367236343e-02
6.944000000000000909e+02 2.397630337163091790e-02
6.946000000000000227e+02 2.380516155928960598e-02
6.947999999999999545e+02 2.363079727913519612e-02
6.950000000000000000e+02 2.345101380392936030e-02
6.952000000000000455e+02 2.326990160183580597e-02
6.954000000000000909e+02 2.309186107428399387e-02
6.956000000000000227e+02 2.291953324034824019e-02
6.957999999999999545e+02 2.275359199369565016e-02
6.960000000000000000e+02 2.259082565914673213e-02
6.962000000000000455e+02 2.242632308665352264e-02
6.964000000000000909e+02 2.225734744434117174e-02
6.966000000000000227e+02 2.208601884561805367e-02
6.967999999999999545e+02 2.191368165366342630e-02
6.970000000000000000e+02 2.173695915436913567e-02
6.972000000000000455e+02 2.155666178690489321e-02
6.974000000000000909e+02 2.137609814617212611e-02
6.976000000000000227e+02 2.119919265165737948e-02
6.977999999999999545e+02 2.102929278411370950e-02
6.980000000000000000e+02 2.086695197190696627e-02
6.982000000000000455e+02 2.070818644613237752e-02
6.984000000000000909e+02 2.054548756171802742e-02
6.986000000000000227e+02 2.037083532917869505e-02
6.987999999999999545e+02 2.017844535613241841e-02
6.990000000000000000e+02 1.996905990589815938e-02
6.992000000000000455e+02 1.974662228263308894e-02
6.994000000000000909e+02 1.951598849364731547e-02
6.996000000000000227e+02 1.928208888132479371e-02
6.997999999999999545e+02 1.904889215719560158e-02
7.000000000000000000e+02 1.881849292941265017e-02
7.002000000000000455e+02 1.859003342929176766e-02
7.004000000000000909e+02 1.835931012114070532e-02
7.006000000000000227e+02 1.811892095459429614e-02
7.007999999999999545e+02 1.786167223147082372e-02
7.010000000000000000e+02 1.758335093072048438e-02
7.012000000000000455e+02 1.728462088732002355e-02
7.014000000000000909e+02 1.697190244806095344e-02
7.016000000000000227e+02 1.665561152166316478e-02
7.017999999999999545e+02 1.634872708395913865e-02
7.020000000000000000e+02 1.606309543117097338e-02
7.022000000000000455e+02 1.580749322761167835e-02
7.024000000000000909e+02 1.558629183670096063e-02
7.026000000000000227e+02 1.539844192482470175e-02
7.027999999999999545e+02 1.523764664614089132e-02
7.030000000000000000e+02 1.509286157748384455e-02
7.032000000000000455e+02 1.495165424401791177e-02
7.034000000000000909e+02 1.480254590275845855e-02
7.036000000000000227e+02 1.463684590954037607e-02
7.037999999999999545e+02 1.445183016714862018e-02
7.040000000000000000e+02 1.424861312086326409e-02
7.042000000000000455e+02 1.403129439726621963e-02
7.044000000000000909e+02 1.380685285803381901e-02
7.046000000000000227e+02 1.358422135733366315e-02
7.047999999999999545e+02 1.337281900267011520e-02
7.050000000000000000e+02 1.317802804231424374e-02
7.052000000000000455e+02 1.299984344269804887e-02
7.054000000000000909e+02 1.283286774856003121e-02
7.056000000000000227e+02 1.266879731493126410e-02
7.057999999999999545e+02 1.249970616837789428e-02
7.060000000000000000e+02 1.232011545290168097e-02
7.062000000000000455e+02 1.212995122520565960e-02
7.064000000000000909e+02 1.193370638121418054e-02
7.066000000000000227e+02 1.173944006952611779e-02
7.067999999999999545e+02 1.155616233881022470e-02
7.070000000000000000e+02 1.139162107003588442e-02
7.072000000000000455e+02 1.125113641917766666e-02
7.074000000000000909e+02 1.113610810144893826e-02
7.076000000000000227e+02 1.104107525178061461e-02
7.077999999999999545e+02 1.095428386990126429e-02
7.080000000000000000e+02 1.086273327416431567e-02
7.082000000000000455e+02 1.075760356683521518e-02
7.084000000000000909e+02 1.063585433401790376e-02
7.086000000000000227e+02 1.049995249267614977e-02
7.087999999999999545e+02 1.035435233408060068e-02
7.090000000000000000e+02 1.020409987625589543e-02
7.092000000000000455e+02 1.005386365441653801e-02
7.094000000000000909e+02 9.906571579445223874e-03
7.096000000000000227e+02 9.762802981134244273e-03
7.097999999999999545e+02 9.620187866845326952e-03
7.100000000000000000e+02 9.475628705914375394e-03
7.102000000000000455e+02 9.326586555538897427e-03
7.104000000000000909e+02 9.172871749881184034e-03
7.106000000000000227e+02 9.017569873816057291e-03
7.107999999999999545e+02 8.866821695860158115e-03
7.110000000000000000e+02 8.728631161753902523e-03
7.112000000000000455e+02 8.607624521975755505e-03
7.114000000000000909e+02 8.503883841445097902e-03
7.116000000000000227e+02 8.413240514551924287e-03
7.117999999999999545e+02 8.331174918614930869e-03
7.120000000000000000e+02 8.254417686032224089e-03
7.122000000000000455e+02 8.182287194220268234e-03
7.124000000000000909e+02 8.113979888534107732e-03
7.126000000000000227e+02 8.048310818358238306e-03
7.127999999999999545e+02 7.984597389536322865e-03
7.130000000000000000e+02 7.923495813337334132e-03
7.132000000000000455e+02 7.866119719059486842e-03
7.134000000000000909e+02 7.811916863012090956e-03
7.136000000000000227e+02 7.758798935794137402e-03
7.137999999999999545e+02 7.703602721139759385e-03
7.140000000000000000e+02 7.643118456173717684e-03
7.142000000000000455e+02 7.579032703516598579e-03
7.144000000000000909e+02 7.521195075650705802e-03
7.146000000000000227e+02 7.491987805320527577e-03
7.147999999999999545e+02 7.513239712176725260e-03
7.150000000000000000e+02 7.599260118606104147e-03
7.152000000000000455e+02 7.748388001254716967e-03
7.154000000000000909e+02 7.946301132880709273e-03
7.156000000000000227e+02 8.170474964535483220e-03
7.157999999999999545e+02 8.395530543813499447e-03
7.160000000000000000e+02 8.596483925398065717e-03
7.162000000000000455e+02 8.752153250716501742e-03
7.164000000000000909e+02 8.850478012634561964e-03
7.166000000000000227e+02 8.890577108281276508e-03
7.167999999999999545e+02 8.881342989588911219e-03
7.170000000000000000e+02 8.839813504918948850e-03
7.172000000000000455e+02 8.784207863755125190e-03
7.174000000000000909e+02 8.726986804803889275e-03
7.176000000000000227e+02 8.665640052587429698e-03
7.177999999999999545e+02 8.583841130921449070e-03
7.180000000000000000e+02 8.459867075349243593e-03
7.182000000000000455e+02 8.277712103470766247e-03
7.184000000000000909e+02 8.033744389014923354e-03
7.186000000000000227e+02 7.735692874717120526e-03
7.187999999999999545e+02 7.401499306908334436e-03
7.190000000000000000e+02 7.055574681699688239e-03
7.192000000000000455e+02 6.724955391255109383e-03
7.194000000000000909e+02 6.434796804340333493e-03
7.196000000000000227e+02 6.200567090981722734e-03
7.197999999999999545e+02 6.027944105729758639e-03
7.200000000000000000e+02 5.912597632320593793e-03
7.202000000000000455e+02 5.841913530897292067e-03
7.204000000000000909e+02 5.798982814549446391e-03
7.206000000000000227e+02 5.766914746786772766e-03
7.207999999999999545e+02 5.735920431985352258e-03
7.210000000000000000e+02 5.703202931795128133e-03
7.212000000000000455e+02 5.672278719463290375e-03
7.214000000000000909e+02 5.647531263169934534e-03
7.216000000000000227e+02 5.632488030180311106e-03
7.217999999999999545e+02 5.628417984580250805e-03
7.220000000000000000e+02 5.632446726952053395e-03
7.222000000000000455e+02 5.638375396529712869e-03
7.224000000000000909e+02 5.637781341009392294e-03
7.226000000000000227e+02 5.624458639840474589e-03
7.227999999999999545e+02 5.595794159489072411e-03
7.230000000000000000e+02 5.553684282490319035e-03
7.232000000000000455e+02 5.501451724657206721e-03
7.234000000000000909e+02 5.443069608067955395e-03
7.236000000000000227e+02 5.383045562902838421e-03
7.237999999999999545e+02 5.327377734107359430e-03
7.240000000000000000e+02 5.280914647225350839e-03
7.242000000000000455e+02 5.244445275191016165e-03
7.244000000000000909e+02 5.212085210907723559e-03
7.246000000000000227e+02 5.173774884000295615e-03
7.247999999999999545e+02 5.117709678892932990e-03
7.250000000000000000e+02 5.035314348522938743e-03
7.252000000000000455e+02 4.922841845031465657e-03
7.254000000000000909e+02 4.782632683776332633e-03
7.256000000000000227e+02 4.621705514941096965e-03
7.257999999999999545e+02 4.449155870829550607e-03
7.260000000000000000e+02 4.274556252004384910e-03
7.262000000000000455e+02 4.107534564306961761e-03
7.264000000000000909e+02 3.956275951867871399e-03
7.266000000000000227e+02 3.825769730385113199e-03
7.267999999999999545e+02 3.714736659474176389e-03
7.270000000000000000e+02 3.618471168268900390e-03
7.272000000000000455e+02 3.531588380426175372e-03
7.274000000000000909e+02 3.453740959266347194e-03
7.276000000000000227e+02 3.387473292656678625e-03
7.277999999999999545e+02 3.336292376606282001e-03
7.280000000000000000e+02 3.301811129642510251e-03
7.282000000000000455e+02 3.284278657265583823e-03
7.284000000000000909e+02 3.282666719959307505e-03
7.286000000000000227e+02 3.293454930734369263e-03
7.287999999999999545e+02 3.311449478905201249e-03
7.290000000000000000e+02 3.330267208402137163e-03
7.292000000000000455e+02 3.342941901133003602e-03
7.294000000000000909e+02 3.343563752884779611e-03
7.296000000000000227e+02 3.328835224999444897e-03
7.297999999999999545e+02 3.300775967532518229e-03
7.300000000000000000e+02 3.263985733815782941e-03
7.302000000000000455e+02 3.223208971190015537e-03
7.304000000000000909e+02 3.178388293486253402e-03
7.306000000000000227e+02 3.125899456731237591e-03
7.307999999999999545e+02 3.060211935570850139e-03
7.310000000000000000e+02 2.978773076431032174e-03
7.312000000000000455e+02 2.882076398610301793e-03
7.314000000000000909e+02 2.773706732881443815e-03
7.316000000000000227e+02 2.660250088597739676e-03
7.317999999999999545e+02 2.551382503215498393e-03
7.320000000000000000e+02 2.459720067376946345e-03
7.322000000000000455e+02 2.399170720393938028e-03
7.324000000000000909e+02 2.380440406213362586e-03
7.326000000000000227e+02 2.408444575989845265e-03
7.327999999999999545e+02 2.480195235484383004e-03
7.330000000000000000e+02 2.586652625851941500e-03
7.332000000000000455e+02 2.715040669798829409e-03
7.334000000000000909e+02 2.855389522863401724e-03
7.336000000000000227e+02 3.003088968099133088e-03
7.337999999999999545e+02 3.158002963996181522e-03
7.340000000000000000e+02 3.317641735038005801e-03
7.342000000000000455e+02 3.475461440653353218e-03
7.344000000000000909e+02 3.621769873681904978e-03
7.346000000000000227e+02 3.748835536775432103e-03
7.347999999999999545e+02 3.850416270843842748e-03
7.350000000000000000e+02 3.921264964361948629e-03
7.352000000000000455e+02 3.956418374642535485e-03
7.354000000000000909e+02 3.954278544404252888e-03
7.356000000000000227e+02 3.917965512163980313e-03
7.357999999999999545e+02 3.856018902139424914e-03
7.360000000000000000e+02 3.778860285469368835e-03
7.362000000000000455e+02 3.696370894183009792e-03
7.364000000000000909e+02 3.613946969831499656e-03
7.366000000000000227e+02 3.531455312760049814e-03
7.367999999999999545e+02 3.444209939173561996e-03
7.370000000000000000e+02 3.346930453541507866e-03
7.372000000000000455e+02 3.241028615037291893e-03
7.374000000000000909e+02 3.135036494326774725e-03
7.376000000000000227e+02 3.040065773297923740e-03
7.377999999999999545e+02 2.964366586044504120e-03
7.380000000000000000e+02 2.912665885611585848e-03
7.382000000000000455e+02 2.888087434871067227e-03
7.384000000000000909e+02 2.891404353668976246e-03
7.386000000000000227e+02 2.920334939992275114e-03
7.387999999999999545e+02 2.968258686717406558e-03
7.390000000000000000e+02 3.027352661814343426e-03
7.392000000000000455e+02 3.089823885857424096e-03
7.394000000000000909e+02 3.148912520575794516e-03
7.396000000000000227e+02 3.199995084607311358e-03
7.397999999999999545e+02 3.240822286662409929e-03
7.400000000000000000e+02 3.271479277317114465e-03
7.402000000000000455e+02 3.290828074123043623e-03
7.404000000000000909e+02 3.295997538362786805e-03
7.406000000000000227e+02 3.283317069135850697e-03
7.407999999999999545e+02 3.253331333440728085e-03
7.410000000000000000e+02 3.211130239990925977e-03
7.412000000000000455e+02 3.165018245282074510e-03
7.414000000000000909e+02 3.123076553150236356e-03
7.416000000000000227e+02 3.092436526169833888e-03
7.417999999999999545e+02 3.078988273224218808e-03
7.420000000000000000e+02 3.084285269493333009e-03
7.422000000000000455e+02 3.104573121226257559e-03
7.424000000000000909e+02 3.129714530842164083e-03
7.426000000000000227e+02 3.147223795661117929e-03
7.427999999999999545e+02 3.144969414744604175e-03
7.430000000000000000e+02 3.114655353122500886e-03
7.432000000000000455e+02 3.053265423888819330e-03
7.434000000000000909e+02 2.963128683985395001e-03
7.436000000000000227e+02 2.852414994885362626e-03
7.437999999999999545e+02 2.734673849972404924e-03
7.440000000000000000e+02 2.626227139800988569e-03
7.442000000000000455e+02 2.542048228094527518e-03
7.444000000000000909e+02 2.490191084352524203e-03
7.446000000000000227e+02 2.471166312657591124e-03
7.447999999999999545e+02 2.477655306356678355e-03
7.450000000000000000e+02 2.498733527188604781e-03
7.452000000000000455e+02 2.522571660773190866e-03
7.454000000000000909e+02 2.539323100976962483e-03
7.456000000000000227e+02 2.543118837690119122e-03
7.457999999999999545e+02 2.532738348075515983e-03
7.460000000000000000e+02 2.512790100211409472e-03
7.462000000000000455e+02 2.492574696005021850e-03
7.464000000000000909e+02 2.484693425028817321e-03
7.466000000000000227e+02 2.503205891298970059e-03
7.467999999999999545e+02 2.555641313494127348e-03
7.470000000000000000e+02 2.640279124740931710e-03
7.472000000000000455e+02 2.743612281234295708e-03
7.474000000000000909e+02 2.848959153331328403e-03
7.476000000000000227e+02 2.940980269936194214e-03
7.477999999999999545e+02 3.009518705087227408e-03
7.480000000000000000e+02 3.047384191795010633e-03
7.482000000000000455e+02 3.050464555134725642e-03
7.484000000000000909e+02 3.019309469789770856e-03
7.486000000000000227e+02 2.963564978555197071e-03
7.487999999999999545e+02 2.899861660510854450e-03
7.490000000000000000e+02 2.849017329939779186e-03
7.492000000000000455e+02 2.828261807939741468e-03
7.494000000000000909e+02 2.848755335940634376e-03
7.496000000000000227e+02 2.912957686669038343e-03
7.497999999999999545e+02 3.013509728986483310e-03
7.500000000000000000e+02 3.137247563244592585e-03
7.502000000000000455e+02 3.268464460052057652e-03
7.504000000000000909e+02 3.389694198803014369e-03
7.506000000000000227e+02 3.482279252361001470e-03
7.507999999999999545e+02 3.527794240186336860e-03
7.510000000000000000e+02 3.516463668999287445e-03
7.512000000000000455e+02 3.448910451440165975e-03
7.514000000000000909e+02 3.337238989217394813e-03
7.516000000000000227e+02 3.196759131223046724e-03
7.517999999999999545e+02 3.041553764733986864e-03
7.520000000000000000e+02 2.881464866271402081e-03
7.522000000000000455e+02 2.723114400004205543e-03
7.524000000000000909e+02 2.570008800655009668e-03
7.526000000000000227e+02 2.422189208335610855e-03
7.527999999999999545e+02 2.276992005070657688e-03
7.530000000000000000e+02 2.130638845555230670e-03
7.532000000000000455e+02 1.980181038943689548e-03
7.534000000000000909e+02 1.829185439744238084e-03
7.536000000000000227e+02 1.687645935516131346e-03
7.537999999999999545e+02 1.571487871682861193e-03
7.540000000000000000e+02 1.497927251555827843e-03
7.542000000000000455e+02 1.479951100897471117e-03
7.544000000000000909e+02 1.521989471071613642e-03
7.546000000000000227e+02 1.618587321082717162e-03
7.547999999999999545e+02 1.758315537710275489e-03
7.550000000000000000e+02 1.926065748928552229e-03
7.552000000000000455e+02 2.104692710458603427e-03
7.554000000000000909e+02 2.276406404250256449e-03
7.556000000000000227e+02 2.424503543665360722e-03
7.557999999999999545e+02 2.538704255810670524e-03
7.560000000000000000e+02 2.615516792869986701e-03
7.562000000000000455e+02 2.658102449634346109e-03
7.564000000000000909e+02 2.672200509226192039e-03
7.566000000000000227e+02 2.662788138557595219e-03
7.567999999999999545e+02 2.631993831690229713e-03
7.570000000000000000e+02 2.577893826534650989e-03
7.572000000000000455e+02 2.497625902426817146e-03
7.574000000000000909e+02 2.389463171808100389e-03
7.576000000000000227e+02 2.254524619280242476e-03
7.577999999999999545e+02 2.097597816856408559e-03
7.580000000000000000e+02 1.927600353579087683e-03
7.582000000000000455e+02 1.756627391812974615e-03
7.584000000000000909e+02 1.597017876505187062e-03
7.586000000000000227e+02 1.459561898774053290e-03
7.587999999999999545e+02 1.351808234871524489e-03
7.590000000000000000e+02 1.276954020977671272e-03
7.592000000000000455e+02 1.233220806248519485e-03
7.594000000000000909e+02 1.214521332712745899e-03
7.596000000000000227e+02 1.214252952453923756e-03
7.597999999999999545e+02 1.227358233585860298e-03
7.600000000000000000e+02 1.251819621851106568e-03
7.602000000000000455e+02 1.286884467396939152e-03
7.604000000000000909e+02 1.332438386688925697e-03
7.606000000000000227e+02 1.389549295121767641e-03
7.607999999999999545e+02 1.462163268656155313e-03
7.610000000000000000e+02 1.556605424825968642e-03
7.612000000000000455e+02 1.676537091083563080e-03
7.614000000000000909e+02 1.820114202131000586e-03
7.616000000000000227e+02 1.979370942350518192e-03
7.617999999999999545e+02 2.142608730160314862e-03
7.620000000000000000e+02 2.301296859495989555e-03
7.622000000000000455e+02 2.452442159766792668e-03
7.624000000000000909e+02 2.597607101071718744e-03
7.626000000000000227e+02 2.738623977464684639e-03
7.627999999999999545e+02 2.876053088170349437e-03
7.630000000000000000e+02 3.009192436149787236e-03
7.632000000000000455e+02 3.139623450158814111e-03
7.634000000000000909e+02 3.271432282320574370e-03
7.636000000000000227e+02 3.407922290059716558e-03
7.637999999999999545e+02 3.549567634075965344e-03
7.640000000000000000e+02 3.692082482350870359e-03
7.642000000000000455e+02 3.822109034128075983e-03
7.644000000000000909e+02 3.926580393976353972e-03
7.646000000000000227e+02 3.997245578897027501e-03
7.647999999999999545e+02 4.034785591712074238e-03
7.650000000000000000e+02 4.043623862045153672e-03
7.652000000000000455e+02 4.028839571310720291e-03
7.654000000000000909e+02 3.991640739582521386e-03
7.656000000000000227e+02 3.932479738236599465e-03
7.657999999999999545e+02 3.853522481403186262e-03
7.660000000000000000e+02 3.762618684572987399e-03
7.662000000000000455e+02 3.669788827906989709e-03
7.664000000000000909e+02 3.584346435698389233e-03
7.666000000000000227e+02 3.510188196260987520e-03
7.667999999999999545e+02 3.447061623539946634e-03
7.670000000000000000e+02 3.391758103176045758e-03
7.672000000000000455e+02 3.342417279878877323e-03
7.674000000000000909e+02 3.299141407644468754e-03
7.676000000000000227e+02 3.264109039176642246e-03
7.677999999999999545e+02 3.238256452897395055e-03
7.680000000000000000e+02 3.221339531925552363e-03
7.682000000000000455e+02 3.212643672883888635e-03
7.684000000000000909e+02 3.215119823430822449e-03
7.686000000000000227e+02 3.233877353184512471e-03
7.687999999999999545e+02 3.273439866091507056e-03
7.690000000000000000e+02 3.332848350367231122e-03
7.692000000000000455e+02 3.406659999165440739e-03
7.694000000000000909e+02 3.487033388652350380e-03
7.696000000000000227e+02 3.566327678316473515e-03
7.697999999999999545e+02 3.637596656743655871e-03
7.700000000000000000e+02 3.694874373597781952e-03
7.702000000000000455e+02 3.735340924460872625e-03
7.704000000000000909e+02 3.759687469763191292e-03
7.706000000000000227e+02 3.772233479008894885e-03
7.707999999999999545e+02 3.777258492294596065e-03
7.710000000000000000e+02 3.777724953278230324e-03
7.712000000000000455e+02 3.774216639149494124e-03
7.714000000000000909e+02 3.765017475383408696e-03
7.716000000000000227e+02 3.746528527467318792e-03
7.717999999999999545e+02 3.714640254941069947e-03
7.720000000000000000e+02 3.667107538901207692e-03
7.722000000000000455e+02 3.604439146382348164e-03
7.724000000000000909e+02 3.529845826094862860e-03
7.726000000000000227e+02 3.448050772272597680e-03
7.727999999999999545e+02 3.364924406281007141e-03
7.730000000000000000e+02 3.287622229717478139e-03
7.732000000000000455e+02 3.223386852041990741e-03
7.734000000000000909e+02 3.178423642242834968e-03
7.736000000000000227e+02 3.155281555125760695e-03
7.737999999999999545e+02 3.153336171807814142e-03
7.740000000000000000e+02 3.169253863537110222e-03
7.742000000000000455e+02 3.199876105879559396e-03
7.744000000000000909e+02 3.242646694371669608e-03
7.746000000000000227e+02 3.295697180903597867e-03
7.747999999999999545e+02 3.356871021728283222e-03
7.750000000000000000e+02 3.423726741919104477e-03
7.752000000000000455e+02 3.493586090769353752e-03
7.754000000000000909e+02 3.563588672722446671e-03
7.756000000000000227e+02 3.631402780339718778e-03
7.757999999999999545e+02 3.696079917446994795e-03
7.760000000000000000e+02 3.757728250415644927e-03
7.762000000000000455e+02 3.816893538962008725e-03
7.764000000000000909e+02 3.874046773039391961e-03
7.766000000000000227e+02 3.930911016877158132e-03
7.767999999999999545e+02 3.989502728044203722e-03
7.770000000000000000e+02 4.050255126829195584e-03
7.772000000000000455e+02 4.110677764782678240e-03
7.774000000000000909e+02 4.165708153711374095e-03
7.776000000000000227e+02 4.208499212612352297e-03
7.777999999999999545e+02 4.233397375203094143e-03
7.780000000000000000e+02 4.236808072832706773e-03
7.782000000000000455e+02 4.217955180931775433e-03
7.784000000000000909e+02 4.177229100258458838e-03
7.786000000000000227e+02 4.116090343660044198e-03
7.787999999999999545e+02 4.038106568660292106e-03
7.790000000000000000e+02 3.949536575393736149e-03
7.792000000000000455e+02 3.858282200912960952e-03
7.794000000000000909e+02 3.769857717711447287e-03
7.796000000000000227e+02 3.685158829906901023e-03
7.797999999999999545e+02 3.600157552449478188e-03
7.800000000000000000e+02 3.508177483347571513e-03
7.802000000000000455e+02 3.404719658074897154e-03
7.804000000000000909e+02 3.290903612994743044e-03
7.806000000000000227e+02 3.179147387907910877e-03
7.807999999999999545e+02 3.088068128173183241e-03
7.810000000000000000e+02 3.039345711433869002e-03
7.812000000000000455e+02 3.052605273026101629e-03
7.814000000000000909e+02 3.144796671154907741e-03
7.816000000000000227e+02 3.328626906401496721e-03
7.817999999999999545e+02 3.606323320045252273e-03
7.820000000000000000e+02 3.969548634134647397e-03
7.822000000000000455e+02 4.398658118396285566e-03
7.824000000000000909e+02 4.867368352070949172e-03
7.826000000000000227e+02 5.348352535484057063e-03
7.827999999999999545e+02 5.818264692655276960e-03
7.830000000000000000e+02 6.263133020623201652e-03
7.832000000000000455e+02 6.677408975718578110e-03
7.834000000000000909e+02 7.063618363290995184e-03
7.836000000000000227e+02 7.428385401396415261e-03
7.837999999999999545e+02 7.779141295722109828e-03
7.840000000000000000e+02 8.120544704800489177e-03
7.842000000000000455e+02 8.451978045951706597e-03
7.844000000000000909e+02 8.767650708143351346e-03
7.846000000000000227e+02 9.056498337106574925e-03
7.847999999999999545e+02 9.305680966969903656e-03
7.850000000000000000e+02 9.503213214042988133e-03
7.852000000000000455e+02 9.641963572795619886e-03
7.854000000000000909e+02 9.721436275000681915e-03
7.856000000000000227e+02 9.747390852834048047e-03
7.857999999999999545e+02 9.731099795322821489e-03
7.860000000000000000e+02 9.687107280927122199e-03
7.862000000000000455e+02 9.631805930772008306e-03
7.864000000000000909e+02 9.580936841120588077e-03
7.866000000000000227e+02 9.542162517057625748e-03
7.867999999999999545e+02 9.512289837707681162e-03
7.870000000000000000e+02 9.475376283085472362e-03
7.872000000000000455e+02 9.412001335986651396e-03
7.874000000000000909e+02 9.304231473156433785e-03
7.876000000000000227e+02 9.142512925968973581e-03
7.877999999999999545e+02 8.925332930707255419e-03
7.880000000000000000e+02 8.658870224292174178e-03
7.882000000000000455e+02 8.354335533467698027e-03
7.884000000000000909e+02 8.026445386070772681e-03
7.886000000000000227e+02 7.692854201733299174e-03
7.887999999999999545e+02 7.372825359325530653e-03
7.890000000000000000e+02 7.081861358971354437e-03
7.892000000000000455e+02 6.827218411859268393e-03
7.894000000000000909e+02 6.603581481352135962e-03
7.896000000000000227e+02 6.398130764424695555e-03
7.897999999999999545e+02 6.195248281469216411e-03
7.900000000000000000e+02 5.989702909998225605e-03
7.902000000000000455e+02 5.785758731074321093e-03
7.904000000000000909e+02 5.595343875455550953e-03
7.906000000000000227e+02 5.425035156443838713e-03
7.907999999999999545e+02 5.275865947857460297e-03
7.910000000000000000e+02 5.144141997806665062e-03
7.912000000000000455e+02 5.026071621512938348e-03
7.914000000000000909e+02 4.917568234472320665e-03
7.916000000000000227e+02 4.812969549999188829e-03
7.917999999999999545e+02 4.703859329665258104e-03
7.920000000000000000e+02 4.582258674645720009e-03
7.922000000000000455e+02 4.446378784149856989e-03
7.924000000000000909e+02 4.305391810137920716e-03
7.926000000000000227e+02 4.177769396562853316e-03
7.927999999999999545e+02 4.087706236304052693e-03
7.930000000000000000e+02 4.054110988387871206e-03
7.932000000000000455e+02 4.085924116161578079e-03
7.934000000000000909e+02 4.175807045954129521e-03
7.936000000000000227e+02 4.311164169135940638e-03
7.937999999999999545e+02 4.478108928596291616e-03
7.940000000000000000e+02 4.664296584541829938e-03
7.942000000000000455e+02 4.856044201482067474e-03
7.944000000000000909e+02 5.039234745380653108e-03
7.946000000000000227e+02 5.205237603143609421e-03
7.947999999999999545e+02 5.353354584855505444e-03
7.950000000000000000e+02 5.490171938449379258e-03
7.952000000000000455e+02 5.622952137075330759e-03
7.954000000000000909e+02 5.750941396824107293e-03
7.956000000000000227e+02 5.862229425991412335e-03
7.957999999999999545e+02 5.937978444581378662e-03
7.960000000000000000e+02 5.961467669111580187e-03
7.962000000000000455e+02 5.923120545554504818e-03
7.964000000000000909e+02 5.822211736746355643e-03
7.966000000000000227e+02 5.660343647952884027e-03
7.967999999999999545e+02 5.437690804812073120e-03
7.970000000000000000e+02 5.153052079830841570e-03
7.972000000000000455e+02 4.809061790903561284e-03
7.974000000000000909e+02 4.416205483518009789e-03
7.976000000000000227e+02 3.989587459125802649e-03
7.977999999999999545e+02 3.544099961337573990e-03
7.980000000000000000e+02 3.090482939716192312e-03
7.982000000000000455e+02 2.636106825188326563e-03
7.984000000000000909e+02 2.189739128249677813e-03
7.986000000000000227e+02 1.766405232886340826e-03
7.987999999999999545e+02 1.383274139801327074e-03
7.990000000000000000e+02 1.053004256192209553e-03
7.992000000000000455e+02 7.751047309174606548e-04
7.994000000000000909e+02 5.383609790797216910e-04
7.996000000000000227e+02 3.296694384160685221e-04
7.997999999999999545e+02 1.468610453064025934e-04
8.000000000000000000e+02 0.000000000000000000e+00
