4.000000000000000000e+02 7.488010197553515712e-02
4.001999999999999886e+02 7.405536117319408418e-02
4.003999999999999773e+02 7.335523672170923826e-02
4.006000000000000227e+02 7.279213496915989956e-02
4.008000000000000114e+02 7.233444291284030214e-02
4.010000000000000000e+02 7.194311758257709855e-02
4.011999999999999886e+02 7.158371577643449224e-02
4.013999999999999773e+02 7.122634575790126599e-02
4.016000000000000227e+02 7.084083519041692312e-02
4.018000000000000114e+02 7.040743374485911033e-02
4.020000000000000000e+02 6.992486878707301901e-02
4.021999999999999886e+02 6.941436281190338509e-02
4.023999999999999773e+02 6.891684321990154682e-02
4.026000000000000227e+02 6.846874685639775526e-02
4.028000000000000114e+02 6.807950689904279651e-02
4.030000000000000000e+02 6.773136648453359498e-02
4.031999999999999886e+02 6.740902501356185739e-02
4.033999999999999773e+02 6.711314353762895535e-02
4.036000000000000227e+02 6.683969823489921414e-02
4.038000000000000114e+02 6.656968924459066850e-02
4.040000000000000000e+02 6.628979894661296557e-02
4.041999999999999886e+02 6.601264793806810305e-02
4.043999999999999773e+02 6.575883873210608410e-02
4.046000000000000227e+02 6.554062301944293956e-02
4.048000000000000114e+02 6.536687548091840716e-02
4.050000000000000000e+02 6.523455960422050448e-02
4.051999999999999886e+02 6.513436138145589638e-02
4.053999999999999773e+02 6.505926738884884597e-02
4.056000000000000227e+02 6.500897216111989341e-02
4.058000000000000114e+02 6.498089203317615470e-02
4.060000000000000000e+02 6.495944089562577517e-02
4.061999999999999886e+02 6.491272962650686262e-02
4.063999999999999773e+02 6.483033335199910041e-02
4.066000000000000227e+02 6.471879204793881679e-02
4.068000000000000114e+02 6.458894237024973006e-02
4.070000000000000000e+02 6.444351246514339049e-02
4.071999999999999886e+02 6.430224643563249576e-02
4.073999999999999773e+02 6.419056654715123156e-02
4.076000000000000227e+02 6.412320765913435971e-02
4.078000000000000114e+02 6.409360701070244970e-02
4.080000000000000000e+02 6.409172145250353891e-02
4.081999999999999886e+02 6.410712290896924959e-02
4.083999999999999773e+02 6.413019147842208278e-02
4.086000000000000227e+02 6.416706192048511614e-02
4.088000000000000114e+02 6.423192289830902124e-02
4.090000000000000000e+02 6.432901826018708191e-02
4.091999999999999886e+02 6.443306881606886138e-02
4.093999999999999773e+02 6.451330623633562411e-02
4.096000000000000227e+02 6.454953143842999397e-02
4.098000000000000114e+02 6.453329662741155714e-02
4.100000000000000000e+02 6.445522629928239489e-02
4.101999999999999886e+02 6.432334427646135833e-02
4.103999999999999773e+02 6.416502014485832295e-02
4.106000000000000227e+02 6.401799626365343998e-02
4.108000000000000114e+02 6.390611203848607647e-02
4.110000000000000000e+02 6.384105485373189892e-02
4.111999999999999886e+02 6.381983295422130609e-02
4.113999999999999773e+02 6.382210551822496691e-02
4.116000000000000227e+02 6.382441819042496134e-02
4.118000000000000114e+02 6.381939836691410961e-02
4.120000000000000000e+02 6.382022735563130933e-02
4.121999999999999886e+02 6.385055107414942810e-02
4.123999999999999773e+02 6.392536338064885859e-02
4.126000000000000227e+02 6.404042834023261632e-02
4.128000000000000114e+02 6.417107809559509379e-02
4.130000000000000000e+02 6.428398972694841784e-02
4.131999999999999886e+02 6.434678696622782301e-02
4.133999999999999773e+02 6.433865876165593967e-02
4.136000000000000227e+02 6.425833046521076120e-02
4.138000000000000114e+02 6.412033725068312651e-02
4.140000000000000000e+02 6.395447317854260905e-02
4.141999999999999886e+02 6.380356978241129295e-02
4.143999999999999773e+02 6.371663174171091071e-02
4.146000000000000227e+02 6.372732191970698068e-02
4.148000000000000114e+02 6.383045235766597603e-02
4.150000000000000000e+02 6.398121046498134179e-02
4.151999999999999886e+02 6.412397235839718823e-02
4.153999999999999773e+02 6.423413814538606048e-02
4.156000000000000227e+02 6.430641004975247432e-02
4.158000000000000114e+02 6.433801031443353580e-02
4.160000000000000000e+02 6.432873583654911964e-02
4.161999999999999886e+02 6.429324793366117397e-02
4.163999999999999773e+02 6.426133087062264881e-02
4.166000000000000227e+02 6.426837013334728288e-02
4.168000000000000114e+02 6.432977351537681743e-02
4.170000000000000000e+02 6.443092452403874348e-02
4.171999999999999886e+02 6.453769629267894214e-02
4.173999999999999773e+02 6.462298175985736748e-02
4.176000000000000227e+02 6.468166879924448776e-02
4.178000000000000114e+02 6.472392039344126990e-02
4.180000000000000000e+02 6.476537110801763863e-02
4.181999999999999886e+02 6.481647176510950403e-02
4.183999999999999773e+02 6.488101843207885744e-02
4.186000000000000227e+02 6.496302759551997319e-02
4.188000000000000114e+02 6.506842718132715975e-02
4.190000000000000000e+02 6.518588978830507086e-02
4.191999999999999886e+02 6.529480985009449012e-02
4.193999999999999773e+02 6.537979857203889134e-02
4.196000000000000227e+02 6.544600465474866013e-02
4.198000000000000114e+02 6.551542206553673253e-02
4.200000000000000000e+02 6.560541275682221785e-02
4.201999999999999886e+02 6.572412894640934644e-02
4.203999999999999773e+02 6.588264937432047885e-02
4.206000000000000227e+02 6.608425599300235542e-02
4.208000000000000114e+02 6.631314524624590256e-02
4.210000000000000000e+02 6.653703750790962435e-02
4.211999999999999886e+02 6.673731506573893357e-02
4.213999999999999773e+02 6.690179118346387122e-02
4.216000000000000227e+02 6.702668536530873022e-02
4.218000000000000114e+02 6.712010758368608387e-02
4.220000000000000000e+02 6.719249320403625214e-02
4.221999999999999886e+02 6.725284073462112211e-02
4.223999999999999773e+02 6.730937660670938127e-02
4.226000000000000227e+02 6.737269674494283933e-02
4.228000000000000114e+02 6.745598315003586976e-02
4.230000000000000000e+02 6.756356160115631337e-02
4.231999999999999886e+02 6.768697670000184408e-02
4.233999999999999773e+02 6.781391408625975226e-02
4.236000000000000227e+02 6.793461903459924178e-02
4.238000000000000114e+02 6.804131111062700077e-02
4.240000000000000000e+02 6.812660868159539640e-02
4.241999999999999886e+02 6.818396256086287077e-02
4.243999999999999773e+02 6.820266570857588806e-02
4.246000000000000227e+02 6.817409203350555114e-02
4.248000000000000114e+02 6.810329448269231145e-02
4.250000000000000000e+02 6.801217173059623256e-02
4.251999999999999886e+02 6.792698877616570874e-02
4.253999999999999773e+02 6.787173605819754596e-02
4.256000000000000227e+02 6.786673964886075217e-02
4.258000000000000114e+02 6.792265180083018050e-02
4.260000000000000000e+02 6.803662180236710877e-02
4.261999999999999886e+02 6.819451215767935448e-02
4.263999999999999773e+02 6.838348048125858503e-02
4.266000000000000227e+02 6.859423924942176232e-02
4.268000000000000114e+02 6.881606216262986520e-02
4.270000000000000000e+02 6.903537782910770804e-02
4.271999999999999886e+02 6.925301390222543541e-02
4.273999999999999773e+02 6.946566567375289658e-02
4.276000000000000227e+02 6.965863592670976101e-02
4.278000000000000114e+02 6.981010821611405293e-02
4.280000000000000000e+02 6.990898796915354096e-02
4.281999999999999886e+02 6.995596521241506660e-02
4.283999999999999773e+02 6.996301545216090934e-02
4.286000000000000227e+02 6.995458078853877826e-02
4.288000000000000114e+02 6.996711708021319254e-02
4.290000000000000000e+02 7.003167602934928793e-02
4.291999999999999886e+02 7.015745919561350297e-02
4.293999999999999773e+02 7.032835318706393002e-02
4.296000000000000227e+02 7.052196742879307534e-02
4.298000000000000114e+02 7.071652603410927274e-02
4.300000000000000000e+02 7.089152234620774151e-02
4.301999999999999886e+02 7.102750066584162525e-02
4.303999999999999773e+02 7.112816472801924972e-02
4.306000000000000227e+02 7.122036050901786597e-02
4.308000000000000114e+02 7.133393436571713875e-02
4.310000000000000000e+02 7.149346391275987478e-02
4.311999999999999886e+02 7.170662030097316175e-02
4.313999999999999773e+02 7.195923383847610544e-02
4.316000000000000227e+02 7.222295937493544704e-02
4.318000000000000114e+02 7.246777786629635121e-02
4.320000000000000000e+02 7.267298702187749426e-02
4.321999999999999886e+02 7.283087698387086251e-02
4.323999999999999773e+02 7.293023553705099693e-02
4.326000000000000227e+02 7.296812701207361362e-02
4.328000000000000114e+02 7.295957812516951080e-02
4.330000000000000000e+02 7.293978580139459655e-02
4.331999999999999886e+02 7.293509149988311457e-02
4.333999999999999773e+02 7.295526779645675197e-02
4.336000000000000227e+02 7.299664491442303671e-02
4.338000000000000114e+02 7.305425532765025265e-02
4.340000000000000000e+02 7.312929299201428868e-02
4.341999999999999886e+02 7.322788116510600687e-02
4.343999999999999773e+02 7.335709397447054414e-02
4.346000000000000227e+02 7.351907783615879710e-02
4.348000000000000114e+02 7.371214222463998156e-02
4.350000000000000000e+02 7.392942814912317750e-02
4.351999999999999886e+02 7.415934843435600943e-02
4.353999999999999773e+02 7.439744105602136282e-02
4.356000000000000227e+02 7.463800617895419154e-02
4.358000000000000114e+02 7.486883919137551913e-02
4.360000000000000000e+02 7.507301152849571446e-02
4.361999999999999886e+02 7.525172466772195312e-02
4.363999999999999773e+02 7.541120287360525420e-02
4.366000000000000227e+02 7.555307993366228159e-02
4.368000000000000114e+02 7.567949146472183197e-02
4.370000000000000000e+02 7.580001661434951354e-02
4.371999999999999886e+02 7.592887498824549275e-02
4.373999999999999773e+02 7.607778065393522304e-02
4.376000000000000227e+02 7.625415271695562547e-02
4.378000000000000114e+02 7.645938395280657551e-02
4.380000000000000000e+02 7.668651938686690817e-02
4.381999999999999886e+02 7.691714716085126802e-02
4.383999999999999773e+02 7.712830673513726421e-02
4.386000000000000227e+02 7.730197267958896501e-02
4.388000000000000114e+02 7.743495956760584886e-02
4.390000000000000000e+02 7.753360338103565397e-02
4.391999999999999886e+02 7.761713294662325735e-02
4.393999999999999773e+02 7.771434673068558507e-02
4.396000000000000227e+02 7.784481368847706584e-02
4.398000000000000114e+02 7.801959139680750277e-02
4.400000000000000000e+02 7.824173361845665475e-02
4.401999999999999886e+02 7.850504163592905704e-02
4.403999999999999773e+02 7.878953710058606008e-02
4.406000000000000227e+02 7.907678843312096473e-02
4.408000000000000114e+02 7.935860980587852720e-02
4.410000000000000000e+02 7.963262427590403481e-02
4.411999999999999886e+02 7.989490421914141605e-02
4.413999999999999773e+02 8.013578663733361696e-02
4.416000000000000227e+02 8.033895123715958930e-02
4.418000000000000114e+02 8.049511506821974138e-02
4.420000000000000000e+02 8.060368677293489048e-02
4.421999999999999886e+02 8.067326204097710618e-02
4.423999999999999773e+02 8.072244245491611014e-02
4.426000000000000227e+02 8.077165540430381041e-02
4.428000000000000114e+02 8.084367063924449703e-02
4.430000000000000000e+02 8.096573339085741394e-02
4.431999999999999886e+02 8.115814428489687149e-02
4.433999999999999773e+02 8.141541420941783569e-02
4.436000000000000227e+02 8.170107366729931209e-02
4.438000000000000114e+02 8.196531394783648783e-02
4.440000000000000000e+02 8.216688421036461021e-02
4.441999999999999886e+02 8.228821707923802964e-02
4.443999999999999773e+02 8.234575158094736835e-02
4.446000000000000227e+02 8.237421915258652527e-02
4.448000000000000114e+02 8.241429611149475587e-02
4.450000000000000000e+02 8.250320524054521876e-02
4.451999999999999886e+02 8.266429678487791088e-02
4.453999999999999773e+02 8.290413459261256057e-02
4.456000000000000227e+02 8.320697805298879479e-02
4.458000000000000114e+02 8.353093034779371373e-02
4.460000000000000000e+02 8.382820134960294878e-02
4.461999999999999886e+02 8.406812635263000155e-02
4.463999999999999773e+02 8.424641312840316920e-02
4.466000000000000227e+02 8.437665749379588687e-02
4.468000000000000114e+02 8.447494531236676707e-02
4.470000000000000000e+02 8.455640282751722414e-02
4.471999999999999886e+02 8.463751871337232835e-02
4.473999999999999773e+02 8.474480766559799871e-02
4.476000000000000227e+02 8.489875049065132018e-02
4.478000000000000114e+02 8.510378123634082526e-02
4.480000000000000000e+02 8.534814261431220017e-02
4.481999999999999886e+02 8.561033870112705335e-02
4.483999999999999773e+02 8.586668300193808778e-02
4.486000000000000227e+02 8.609890333323305667e-02
4.488000000000000114e+02 8.629691837273226196e-02
4.490000000000000000e+02 8.645697060548329649e-02
4.491999999999999886e+02 8.657878587196993214e-02
4.493999999999999773e+02 8.666267711007380470e-02
4.496000000000000227e+02 8.672658341921288261e-02
4.498000000000000114e+02 8.680464866496570564e-02
4.500000000000000000e+02 8.693430694383719182e-02
4.501999999999999886e+02 8.712091848199376987e-02
4.503999999999999773e+02 8.734615840711801305e-02
4.506000000000000227e+02 8.758380383750150044e-02
4.508000000000000114e+02 8.782283019450543016e-02
4.510000000000000000e+02 8.806337514610165784e-02
4.511999999999999886e+02 8.830702125185702078e-02
4.513999999999999773e+02 8.854802566964525834e-02
4.516000000000000227e+02 8.877883156036148193e-02
4.518000000000000114e+02 8.899384613100824737e-02
4.520000000000000000e+02 8.919406735380822071e-02
4.521999999999999886e+02 8.939293584635896184e-02
4.523999999999999773e+02 8.959665601010452507e-02
4.526000000000000227e+02 8.979566213852968604e-02
4.528000000000000114e+02 8.996622485389860202e-02
4.530000000000000000e+02 9.010360013960769243e-02
4.531999999999999886e+02 9.022373823680668314e-02
4.533999999999999773e+02 9.035376910923315075e-02
4.536000000000000227e+02 9.051034851063166631e-02
4.538000000000000114e+02 9.069566697133271682e-02
4.540000000000000000e+02 9.091433365834031277e-02
4.541999999999999886e+02 9.118788262256677379e-02
4.543999999999999773e+02 9.152819042885290690e-02
4.546000000000000227e+02 9.192327812040992918e-02
4.548000000000000114e+02 9.233717459343940281e-02
4.550000000000000000e+02 9.272512995976672778e-02
4.551999999999999886e+02 9.305175820226629924e-02
4.553999999999999773e+02 9.330020788873732984e-02
4.556000000000000227e+02 9.347537055659699279e-02
4.558000000000000114e+02 9.358847304478143392e-02
4.560000000000000000e+02 9.365508622350016132e-02
4.561999999999999886e+02 9.369720402161213491e-02
4.563999999999999773e+02 9.374679296684565455e-02
4.566000000000000227e+02 9.382920811232908775e-02
4.568000000000000114e+02 9.395009848403235164e-02
4.570000000000000000e+02 9.409125176252450262e-02
4.571999999999999886e+02 9.424225813915421135e-02
4.573999999999999773e+02 9.440844315279786625e-02
4.576000000000000227e+02 9.460653952120262611e-02
4.578000000000000114e+02 9.484928012497215177e-02
4.580000000000000000e+02 9.514308229060375321e-02
4.581999999999999886e+02 9.547893684398339742e-02
4.583999999999999773e+02 9.582753065461699360e-02
4.586000000000000227e+02 9.616274406372565808e-02
4.588000000000000114e+02 9.646517243329102986e-02
4.590000000000000000e+02 9.672465505223540316e-02
4.591999999999999886e+02 9.694408982887595116e-02
4.593999999999999773e+02 9.713142791868970005e-02
4.596000000000000227e+02 9.730011555903947396e-02
4.598000000000000114e+02 9.747010100356831575e-02
4.600000000000000000e+02 9.766031906710645472e-02
4.601999999999999886e+02 9.788154181330965820e-02
4.603999999999999773e+02 9.813443562759877059e-02
4.606000000000000227e+02 9.841262385691285086e-02
4.608000000000000114e+02 9.871313941355946975e-02
4.610000000000000000e+02 9.905778187792319001e-02
4.611999999999999886e+02 9.949794170363737700e-02
4.613999999999999773e+02 1.000444165131046670e-01
4.616000000000000227e+02 1.006553935038519976e-01
4.618000000000000114e+02 1.012577611278846768e-01
4.620000000000000000e+02 1.017975715137544035e-01
4.621999999999999886e+02 1.022355299683599672e-01
4.623999999999999773e+02 1.025480577599418019e-01
4.626000000000000227e+02 1.027320105027609842e-01
4.628000000000000114e+02 1.028110861945748244e-01
4.630000000000000000e+02 1.028298690449054031e-01
4.631999999999999886e+02 1.028426425899368057e-01
4.633999999999999773e+02 1.028928746223286006e-01
4.636000000000000227e+02 1.029889813273748567e-01
4.638000000000000114e+02 1.030998685649298086e-01
4.640000000000000000e+02 1.031707118404008583e-01
4.641999999999999886e+02 1.031948648631626497e-01
4.643999999999999773e+02 1.032088060609981373e-01
4.646000000000000227e+02 1.032662095287499304e-01
4.648000000000000114e+02 1.033968631517694636e-01
4.650000000000000000e+02 1.036272691497359677e-01
4.651999999999999886e+02 1.039719791366725543e-01
4.653999999999999773e+02 1.044210746874868478e-01
4.656000000000000227e+02 1.049420414649006317e-01
4.658000000000000114e+02 1.054963875840197185e-01
4.660000000000000000e+02 1.060452697816308687e-01
4.661999999999999886e+02 1.065506117619960946e-01
4.663999999999999773e+02 1.070058194325438361e-01
4.666000000000000227e+02 1.074239816518127166e-01
4.668000000000000114e+02 1.078202526452897714e-01
4.670000000000000000e+02 1.082025239458504207e-01
4.671999999999999886e+02 1.085690433894966889e-01
4.673999999999999773e+02 1.089134750400083951e-01
4.676000000000000227e+02 1.092365692026285584e-01
4.678000000000000114e+02 1.095490206471481098e-01
4.680000000000000000e+02 1.098607784054148606e-01
4.681999999999999886e+02 1.101739127621571557e-01
4.683999999999999773e+02 1.104941046496943080e-01
4.686000000000000227e+02 1.108310793723705778e-01
4.688000000000000114e+02 1.111968295615171909e-01
4.690000000000000000e+02 1.116014983254251525e-01
4.691999999999999886e+02 1.120429366468337073e-01
4.693999999999999773e+02 1.125031929970957967e-01
4.696000000000000227e+02 1.129517981744580235e-01
4.698000000000000114e+02 1.133672427623897971e-01
4.700000000000000000e+02 1.137427078104001066e-01
4.701999999999999886e+02 1.140807939972762197e-01
4.703999999999999773e+02 1.143818936246090712e-01
4.706000000000000227e+02 1.146513253224831774e-01
4.708000000000000114e+02 1.149098650733246241e-01
4.710000000000000000e+02 1.151949257503693258e-01
4.711999999999999886e+02 1.155315656001535407e-01
4.713999999999999773e+02 1.159193034612207296e-01
4.716000000000000227e+02 1.163372152647487445e-01
4.718000000000000114e+02 1.167620945977558000e-01
4.720000000000000000e+02 1.171812991898643630e-01
4.721999999999999886e+02 1.175878668415519523e-01
4.723999999999999773e+02 1.179750693455968724e-01
4.726000000000000227e+02 1.183382588088418286e-01
4.728000000000000114e+02 1.186862413024779850e-01
4.730000000000000000e+02 1.190367310969157599e-01
4.731999999999999886e+02 1.193997637609766627e-01
4.733999999999999773e+02 1.197712769278428124e-01
4.736000000000000227e+02 1.201423710597267769e-01
4.738000000000000114e+02 1.205054949102822848e-01
4.740000000000000000e+02 1.208477277052055487e-01
4.741999999999999886e+02 1.211677276269585435e-01
4.743999999999999773e+02 1.214783241170986627e-01
4.746000000000000227e+02 1.217983547421703228e-01
4.748000000000000114e+02 1.221400286974767269e-01
4.750000000000000000e+02 1.225109276509583900e-01
4.751999999999999886e+02 1.229156668139594066e-01
4.753999999999999773e+02 1.233505344244209545e-01
4.756000000000000227e+02 1.238055698760914536e-01
4.758000000000000114e+02 1.242676948201967557e-01
4.760000000000000000e+02 1.247240833194306342e-01
4.761999999999999886e+02 1.251588981905813192e-01
4.763999999999999773e+02 1.255544523592474482e-01
4.766000000000000227e+02 1.258963162480215836e-01
4.768000000000000114e+02 1.261869850294512485e-01
4.770000000000000000e+02 1.264417837410575784e-01
4.771999999999999886e+02 1.266828620729980037e-01
4.773999999999999773e+02 1.269328961592718352e-01
4.776000000000000227e+02 1.272197517706888936e-01
4.778000000000000114e+02 1.275707668634829817e-01
4.780000000000000000e+02 1.280017434206575100e-01
4.781999999999999886e+02 1.284957925710233095e-01
4.783999999999999773e+02 1.290112789870846988e-01
4.786000000000000227e+02 1.295007437353388469e-01
4.788000000000000114e+02 1.299368039515312601e-01
4.790000000000000000e+02 1.303123394176476657e-01
4.791999999999999886e+02 1.306399099792524832e-01
4.793999999999999773e+02 1.309475119536201715e-01
4.796000000000000227e+02 1.312624513447968044e-01
4.798000000000000114e+02 1.316074560531896309e-01
4.800000000000000000e+02 1.319994860125605074e-01
4.801999999999999886e+02 1.324459142673508616e-01
4.803999999999999773e+02 1.329232072078131710e-01
4.806000000000000227e+02 1.333890642457025433e-01
4.808000000000000114e+02 1.338031391074640808e-01
4.810000000000000000e+02 1.341597439116167800e-01
4.811999999999999886e+02 1.344696419146338973e-01
4.813999999999999773e+02 1.347507673416121488e-01
4.816000000000000227e+02 1.350253058897237513e-01
4.818000000000000114e+02 1.353247071232012433e-01
4.820000000000000000e+02 1.356775095724432056e-01
4.821999999999999886e+02 1.360986772845710624e-01
4.823999999999999773e+02 1.365852922157990146e-01
4.826000000000000227e+02 1.371171416052041347e-01
4.828000000000000114e+02 1.376583837322407633e-01
4.830000000000000000e+02 1.381642984620035652e-01
4.831999999999999886e+02 1.386161744742869517e-01
4.833999999999999773e+02 1.390215719007055761e-01
4.836000000000000227e+02 1.394043787358505981e-01
4.838000000000000114e+02 1.397825049188957114e-01
4.840000000000000000e+02 1.401684000961412324e-01
4.841999999999999886e+02 1.405715246271401486e-01
4.843999999999999773e+02 1.410014299497484580e-01
4.846000000000000227e+02 1.414702958465133553e-01
4.848000000000000114e+02 1.419764484234885549e-01
4.850000000000000000e+02 1.424990974879001004e-01
4.851999999999999886e+02 1.430196969089577441e-01
4.853999999999999773e+02 1.435347043841948000e-01
4.856000000000000227e+02 1.440518740664055997e-01
4.858000000000000114e+02 1.445782613799452831e-01
4.860000000000000000e+02 1.451095897530157164e-01
4.861999999999999886e+02 1.456284207483728999e-01
4.863999999999999773e+02 1.461099184015950125e-01
4.866000000000000227e+02 1.465424014393377494e-01
4.868000000000000114e+02 1.469377731010070021e-01
4.870000000000000000e+02 1.473228807759815739e-01
4.871999999999999886e+02 1.477216202378161536e-01
4.873999999999999773e+02 1.481441473970587230e-01
4.876000000000000227e+02 1.486055313945355560e-01
4.878000000000000114e+02 1.491314669014323913e-01
4.880000000000000000e+02 1.497336358170670290e-01
4.881999999999999886e+02 1.503853800994503775e-01
4.883999999999999773e+02 1.510413860141926745e-01
4.886000000000000227e+02 1.516737674891519838e-01
4.888000000000000114e+02 1.522659019015990545e-01
4.890000000000000000e+02 1.528149919955122948e-01
4.891999999999999886e+02 1.533321690643034418e-01
4.893999999999999773e+02 1.538346709411955449e-01
4.896000000000000227e+02 1.543416591947776306e-01
4.898000000000000114e+02 1.548719560123724137e-01
4.900000000000000000e+02 1.554409375541309923e-01
4.901999999999999886e+02 1.560516355106489894e-01
4.903999999999999773e+02 1.566927626724843869e-01
4.906000000000000227e+02 1.573441583807995703e-01
4.908000000000000114e+02 1.579957227205613379e-01
4.910000000000000000e+02 1.586545735436642457e-01
4.911999999999999886e+02 1.593312650244396167e-01
4.913999999999999773e+02 1.600205708564390594e-01
4.916000000000000227e+02 1.607109882531007616e-01
4.918000000000000114e+02 1.613893196234381100e-01
4.920000000000000000e+02 1.620446647405553720e-01
4.921999999999999886e+02 1.626740247057643640e-01
4.923999999999999773e+02 1.632766879012383932e-01
4.926000000000000227e+02 1.638574612419547438e-01
4.928000000000000114e+02 1.644328593583598008e-01
4.930000000000000000e+02 1.650276246581705020e-01
4.931999999999999886e+02 1.656666845309562319e-01
4.933999999999999773e+02 1.663654175122549761e-01
4.936000000000000227e+02 1.671149037718180630e-01
4.938000000000000114e+02 1.678852767913889821e-01
4.940000000000000000e+02 1.686360754538562268e-01
4.941999999999999886e+02 1.693315574867078066e-01
4.943999999999999773e+02 1.699621762089104371e-01
4.946000000000000227e+02 1.705391074350372238e-01
4.948000000000000114e+02 1.710861744568135667e-01
4.950000000000000000e+02 1.716298092158068112e-01
4.951999999999999886e+02 1.722016278640776388e-01
4.953999999999999773e+02 1.728326585071760513e-01
4.956000000000000227e+02 1.735428704860529914e-01
4.958000000000000114e+02 1.743300400687558260e-01
4.960000000000000000e+02 1.751641341240111061e-01
4.961999999999999886e+02 1.759948161956339241e-01
4.963999999999999773e+02 1.767807115877824686e-01
4.966000000000000227e+02 1.775038995438025513e-01
4.968000000000000114e+02 1.781696312900181156e-01
4.970000000000000000e+02 1.787990113382490753e-01
4.971999999999999886e+02 1.794094147449978860e-01
4.973999999999999773e+02 1.800110329204474280e-01
4.976000000000000227e+02 1.806112565116811952e-01
4.978000000000000114e+02 1.812269068156199536e-01
4.980000000000000000e+02 1.818707188901018679e-01
4.981999999999999886e+02 1.825463561495538067e-01
4.983999999999999773e+02 1.832473926154878363e-01
4.986000000000000227e+02 1.839623128171578581e-01
4.988000000000000114e+02 1.846879753738031316e-01
4.990000000000000000e+02 1.854308640590155988e-01
4.991999999999999886e+02 1.861915151986065498e-01
4.993999999999999773e+02 1.869591930699547877e-01
4.996000000000000227e+02 1.877127507697227415e-01
4.998000000000000114e+02 1.884262787450627918e-01
5.000000000000000000e+02 1.890888481052601655e-01
5.001999999999999886e+02 1.896953263028229308e-01
5.003999999999999773e+02 1.902435833986327318e-01
5.006000000000000227e+02 1.907421803565572394e-01
5.008000000000000114e+02 1.912044069335458174e-01
5.010000000000000000e+02 1.916507630868998224e-01
5.011999999999999886e+02 1.921113772740913328e-01
5.013999999999999773e+02 1.926120899599510494e-01
5.016000000000000227e+02 1.931596496851542000e-01
5.018000000000000114e+02 1.937410670667659152e-01
5.020000000000000000e+02 1.943400273749413265e-01
5.021999999999999886e+02 1.949414541528663447e-01
5.023999999999999773e+02 1.955363689608182742e-01
5.026000000000000227e+02 1.961235084142278207e-01
5.028000000000000114e+02 1.966939458504681215e-01
5.030000000000000000e+02 1.972450049943393346e-01
5.031999999999999886e+02 1.977852011665124921e-01
5.033999999999999773e+02 1.983267498052668776e-01
5.036000000000000227e+02 1.988828022769660864e-01
5.038000000000000114e+02 1.994526668456781948e-01
5.040000000000000000e+02 2.000100265462298466e-01
5.041999999999999886e+02 2.005265257728685024e-01
5.043999999999999773e+02 2.009910101455246734e-01
5.046000000000000227e+02 2.014110431916438237e-01
5.048000000000000114e+02 2.017964557437518791e-01
5.050000000000000000e+02 2.021524073306981695e-01
5.051999999999999886e+02 2.024856589871394386e-01
5.053999999999999773e+02 2.028134558550957478e-01
5.056000000000000227e+02 2.031651296934498530e-01
5.058000000000000114e+02 2.035713262258147527e-01
5.060000000000000000e+02 2.040536269902789579e-01
5.061999999999999886e+02 2.046120422002068451e-01
5.063999999999999773e+02 2.052225930259077846e-01
5.066000000000000227e+02 2.058611805410610618e-01
5.068000000000000114e+02 2.065240150595900048e-01
5.070000000000000000e+02 2.072025986406524356e-01
5.071999999999999886e+02 2.078641941850534192e-01
5.073999999999999773e+02 2.084633405519917271e-01
5.076000000000000227e+02 2.089852717442237107e-01
5.078000000000000114e+02 2.094316736131632828e-01
5.080000000000000000e+02 2.098109059595272829e-01
5.081999999999999886e+02 2.101329338073852915e-01
5.083999999999999773e+02 2.104135585349444781e-01
5.086000000000000227e+02 2.106679971763122383e-01
5.088000000000000114e+02 2.109146444375929463e-01
5.090000000000000000e+02 2.111896736680465292e-01
5.091999999999999886e+02 2.115359853674989576e-01
5.093999999999999773e+02 2.119733049877963182e-01
5.096000000000000227e+02 2.124762107779308851e-01
5.098000000000000114e+02 2.130044349772217682e-01
5.100000000000000000e+02 2.135330442649716609e-01
5.101999999999999886e+02 2.140530651895493630e-01
5.103999999999999773e+02 2.145469043609046778e-01
5.106000000000000227e+02 2.149959845282761739e-01
5.108000000000000114e+02 2.153943758177661594e-01
5.110000000000000000e+02 2.157589360818117363e-01
5.111999999999999886e+02 2.161200476073583121e-01
5.113999999999999773e+02 2.165085728229846906e-01
5.116000000000000227e+02 2.169461164887385163e-01
5.118000000000000114e+02 2.174360281217412316e-01
5.120000000000000000e+02 2.179680717005284540e-01
5.122000000000000455e+02 2.185383904108658126e-01
5.123999999999999773e+02 2.191606508279654864e-01
5.126000000000000227e+02 2.198336621179579065e-01
5.127999999999999545e+02 2.205365565765498581e-01
5.130000000000000000e+02 2.212325856423494330e-01
5.132000000000000455e+02 2.218794191729597243e-01
5.133999999999999773e+02 2.224409669585706850e-01
5.136000000000000227e+02 2.228881987954922650e-01
5.137999999999999545e+02 2.232021110301081190e-01
5.140000000000000000e+02 2.233911844809446934e-01
5.142000000000000455e+02 2.234908006117589663e-01
5.143999999999999773e+02 2.235622727511323848e-01
5.146000000000000227e+02 2.236896492166224881e-01
5.147999999999999545e+02 2.239491091067527528e-01
5.150000000000000000e+02 2.243745343284891947e-01
5.152000000000000455e+02 2.249400020851282100e-01
5.153999999999999773e+02 2.256035647252110365e-01
5.156000000000000227e+02 2.263034096851576082e-01
5.157999999999999545e+02 2.269647578282535938e-01
5.160000000000000000e+02 2.275224299357263003e-01
5.162000000000000455e+02 2.279384315037576991e-01
5.163999999999999773e+02 2.282147935802222860e-01
5.166000000000000227e+02 2.283984542659946992e-01
5.167999999999999545e+02 2.285598945206482879e-01
5.170000000000000000e+02 2.287681229731365895e-01
5.172000000000000455e+02 2.290764705184634709e-01
5.173999999999999773e+02 2.295118042521953616e-01
5.176000000000000227e+02 2.300692703687035601e-01
5.177999999999999545e+02 2.307319133563601188e-01
5.180000000000000000e+02 2.314813407323381145e-01
5.182000000000000455e+02 2.322704085828339871e-01
5.183999999999999773e+02 2.330429276180347453e-01
5.186000000000000227e+02 2.337485156758597471e-01
5.187999999999999545e+02 2.343557282461549152e-01
5.190000000000000000e+02 2.348613751084809298e-01
5.192000000000000455e+02 2.352758865043379499e-01
5.193999999999999773e+02 2.356129760402887463e-01
5.196000000000000227e+02 2.359011056325565070e-01
5.197999999999999545e+02 2.361771096864509478e-01
5.200000000000000000e+02 2.364763750945858001e-01
5.202000000000000455e+02 2.368197877074597613e-01
5.203999999999999773e+02 2.372138924485114875e-01
5.206000000000000227e+02 2.376533805702582547e-01
5.207999999999999545e+02 2.381261332224110516e-01
5.210000000000000000e+02 2.386270321260499649e-01
5.212000000000000455e+02 2.391592066438079645e-01
5.213999999999999773e+02 2.397318684993979265e-01
5.216000000000000227e+02 2.403542323529292979e-01
5.217999999999999545e+02 2.410188276782145311e-01
5.220000000000000000e+02 2.417012404857575292e-01
5.222000000000000455e+02 2.423602965666960540e-01
5.223999999999999773e+02 2.429342121282614397e-01
5.226000000000000227e+02 2.433701695444456248e-01
5.227999999999999545e+02 2.436383320438126887e-01
5.230000000000000000e+02 2.437390874185209610e-01
5.232000000000000455e+02 2.437131482301816976e-01
5.233999999999999773e+02 2.436324161271713473e-01
5.236000000000000227e+02 2.435860480620266610e-01
5.237999999999999545e+02 2.436553749669131408e-01
5.240000000000000000e+02 2.438931086979650997e-01
5.242000000000000455e+02 2.443194952350908888e-01
5.243999999999999773e+02 2.449283187231604542e-01
5.246000000000000227e+02 2.457013845267583263e-01
5.247999999999999545e+02 2.465953470837072281e-01
5.250000000000000000e+02 2.475344752261404713e-01
5.252000000000000455e+02 2.484338177390186808e-01
5.253999999999999773e+02 2.492145525765738778e-01
5.256000000000000227e+02 2.498196636694268169e-01
5.257999999999999545e+02 2.502311473138962850e-01
5.260000000000000000e+02 2.504531948618856085e-01
5.262000000000000455e+02 2.505204189162819062e-01
5.263999999999999773e+02 2.505029451090168280e-01
5.266000000000000227e+02 2.504900267408348147e-01
5.267999999999999545e+02 2.505705014568637146e-01
5.270000000000000000e+02 2.508139779711023309e-01
5.272000000000000455e+02 2.512459318823284660e-01
5.273999999999999773e+02 2.518252976091559514e-01
5.276000000000000227e+02 2.524786933738987216e-01
5.277999999999999545e+02 2.531328026685512600e-01
5.280000000000000000e+02 2.537324597129474446e-01
5.282000000000000455e+02 2.542584523945994879e-01
5.283999999999999773e+02 2.547176079665635640e-01
5.286000000000000227e+02 2.551189976404730220e-01
5.287999999999999545e+02 2.554806614273800180e-01
5.290000000000000000e+02 2.558229689282019437e-01
5.292000000000000455e+02 2.561632835049780232e-01
5.293999999999999773e+02 2.565164760272984346e-01
5.296000000000000227e+02 2.568875014629776743e-01
5.297999999999999545e+02 2.572706848742256081e-01
5.300000000000000000e+02 2.576547121562757781e-01
5.302000000000000455e+02 2.580388613932276809e-01
5.303999999999999773e+02 2.584311742585670424e-01
5.306000000000000227e+02 2.588432721075206722e-01
5.307999999999999545e+02 2.592818230524771006e-01
5.310000000000000000e+02 2.597373565930194972e-01
5.312000000000000455e+02 2.601957277978440564e-01
5.313999999999999773e+02 2.606607191494166864e-01
5.316000000000000227e+02 2.611485906230591181e-01
5.317999999999999545e+02 2.616686607123741015e-01
5.320000000000000000e+02 2.622079383832360833e-01
5.322000000000000455e+02 2.627265312236824468e-01
5.323999999999999773e+02 2.632039267352355716e-01
5.326000000000000227e+02 2.636347705533376162e-01
5.327999999999999545e+02 2.640020064343854278e-01
5.330000000000000000e+02 2.642888047715853950e-01
5.332000000000000455e+02 2.644894556051626822e-01
5.333999999999999773e+02 2.646162246854653621e-01
5.336000000000000227e+02 2.647005978852060015e-01
5.337999999999999545e+02 2.647883294981378532e-01
5.340000000000000000e+02 2.649213303349699511e-01
5.342000000000000455e+02 2.651133723370040496e-01
5.343999999999999773e+02 2.653537427534410909e-01
5.346000000000000227e+02 2.656220095156894279e-01
5.347999999999999545e+02 2.659037098712132008e-01
5.350000000000000000e+02 2.662078556525291351e-01
5.352000000000000455e+02 2.665246932504528043e-01
5.353999999999999773e+02 2.668293918017894395e-01
5.356000000000000227e+02 2.671084654167187322e-01
5.357999999999999545e+02 2.673730029418933674e-01
5.360000000000000000e+02 2.676458163349047514e-01
5.362000000000000455e+02 2.679461370682815202e-01
5.363999999999999773e+02 2.682715340309054231e-01
5.366000000000000227e+02 2.686016925457310189e-01
5.367999999999999545e+02 2.689199082462900847e-01
5.370000000000000000e+02 2.692369189576184207e-01
5.372000000000000455e+02 2.695590456723334083e-01
5.373999999999999773e+02 2.698838156056380666e-01
5.376000000000000227e+02 2.702027055132558142e-01
5.377999999999999545e+02 2.705096957391779910e-01
5.380000000000000000e+02 2.708097683717484161e-01
5.382000000000000455e+02 2.711187895903344192e-01
5.383999999999999773e+02 2.714550858457472349e-01
5.386000000000000227e+02 2.718068219218319204e-01
5.387999999999999545e+02 2.721414215123530433e-01
5.390000000000000000e+02 2.724234809859737427e-01
5.392000000000000455e+02 2.726433209151221115e-01
5.393999999999999773e+02 2.728121130213779222e-01
5.396000000000000227e+02 2.729511595339940144e-01
5.397999999999999545e+02 2.730820284551961352e-01
5.400000000000000000e+02 2.732368751459536282e-01
5.402000000000000455e+02 2.734471588750659321e-01
5.403999999999999773e+02 2.737298954290997011e-01
5.406000000000000227e+02 2.740703629972242594e-01
5.407999999999999545e+02 2.744270343911572874e-01
5.410000000000000000e+02 2.747500060232935803e-01
5.412000000000000455e+02 2.750081153642887632e-01
5.413999999999999773e+02 2.752174341624105680e-01
5.416000000000000227e+02 2.754156085722401226e-01
5.417999999999999545e+02 2.756357001038306498e-01
5.420000000000000000e+02 2.758812431874435034e-01
5.422000000000000455e+02 2.761417554392308071e-01
5.423999999999999773e+02 2.763937420901440012e-01
5.426000000000000227e+02 2.765995789467955990e-01
5.427999999999999545e+02 2.767328944253231171e-01
5.430000000000000000e+02 2.767820618365722796e-01
5.432000000000000455e+02 2.767501342296460609e-01
5.433999999999999773e+02 2.766556048075595742e-01
5.436000000000000227e+02 2.765526516527254119e-01
5.437999999999999545e+02 2.765043702983605023e-01
5.440000000000000000e+02 2.765403726418700359e-01
5.442000000000000455e+02 2.766478903636389597e-01
5.443999999999999773e+02 2.768100327863705634e-01
5.446000000000000227e+02 2.770265773918257346e-01
5.447999999999999545e+02 2.773074193371623530e-01
5.450000000000000000e+02 2.776475054748916982e-01
5.452000000000000455e+02 2.780308466258816225e-01
5.453999999999999773e+02 2.784408388616105845e-01
5.456000000000000227e+02 2.788473297413264773e-01
5.457999999999999545e+02 2.792116465539037917e-01
5.460000000000000000e+02 2.794935528422553550e-01
5.462000000000000455e+02 2.796617676639571726e-01
5.463999999999999773e+02 2.797135470551062042e-01
5.466000000000000227e+02 2.796753171009938033e-01
5.467999999999999545e+02 2.795963037938379303e-01
5.470000000000000000e+02 2.795149164107866846e-01
5.472000000000000455e+02 2.794538819464715829e-01
5.473999999999999773e+02 2.794224766268705307e-01
5.476000000000000227e+02 2.794329117230933135e-01
5.477999999999999545e+02 2.794919243948615906e-01
5.480000000000000000e+02 2.795953509925471203e-01
5.482000000000000455e+02 2.797282746242269469e-01
5.483999999999999773e+02 2.798748723265140348e-01
5.486000000000000227e+02 2.800199975834641863e-01
5.487999999999999545e+02 2.801466347669590573e-01
5.490000000000000000e+02 2.802459095847888992e-01
5.492000000000000455e+02 2.803116964510125597e-01
5.493999999999999773e+02 2.803329402808469317e-01
5.496000000000000227e+02 2.803080595460351043e-01
5.497999999999999545e+02 2.802506827393267952e-01
5.500000000000000000e+02 2.801876586361571886e-01
5.502000000000000455e+02 2.801307449596930343e-01
5.503999999999999773e+02 2.800823483263044644e-01
5.506000000000000227e+02 2.800406004656516012e-01
5.507999999999999545e+02 2.800033121887935961e-01
5.510000000000000000e+02 2.799714558138189924e-01
5.512000000000000455e+02 2.799464726384545132e-01
5.513999999999999773e+02 2.799246400948310898e-01
5.516000000000000227e+02 2.799178637879716769e-01
5.517999999999999545e+02 2.799540728066390316e-01
5.520000000000000000e+02 2.800691082195231885e-01
5.522000000000000455e+02 2.802742530280436517e-01
5.523999999999999773e+02 2.805516989183488574e-01
5.526000000000000227e+02 2.808584829471242883e-01
5.527999999999999545e+02 2.811554272045044267e-01
5.530000000000000000e+02 2.814119168670050075e-01
5.532000000000000455e+02 2.816069715695775910e-01
5.533999999999999773e+02 2.817296206393674618e-01
5.536000000000000227e+02 2.817917319516579644e-01
5.537999999999999545e+02 2.818231605216663382e-01
5.540000000000000000e+02 2.818553299240357246e-01
5.542000000000000455e+02 2.819167952595451609e-01
5.543999999999999773e+02 2.820297202654676871e-01
5.546000000000000227e+02 2.822048628571794948e-01
5.547999999999999545e+02 2.824338894935971567e-01
5.550000000000000000e+02 2.826959669055755242e-01
5.552000000000000455e+02 2.829652811216866737e-01
5.553999999999999773e+02 2.832233460032040906e-01
5.556000000000000227e+02 2.834606409278631056e-01
5.557999999999999545e+02 2.836781083259298231e-01
5.560000000000000000e+02 2.838891527582733665e-01
5.562000000000000455e+02 2.841002526823848129e-01
5.563999999999999773e+02 2.843066593175955781e-01
5.566000000000000227e+02 2.844957634004461888e-01
5.567999999999999545e+02 2.846579242023449252e-01
5.570000000000000000e+02 2.847895473662404031e-01
5.572000000000000455e+02 2.848952810686032899e-01
5.573999999999999773e+02 2.849907812535385498e-01
5.576000000000000227e+02 2.850898027273343627e-01
5.577999999999999545e+02 2.851949698954404089e-01
5.580000000000000000e+02 2.852996620560200869e-01
5.582000000000000455e+02 2.853919944807472020e-01
5.583999999999999773e+02 2.854589226903915256e-01
5.586000000000000227e+02 2.854938223332215697e-01
5.587999999999999545e+02 2.855033252787540499e-01
5.590000000000000000e+02 2.855013607950578902e-01
5.592000000000000455e+02 2.854953896466326801e-01
5.593999999999999773e+02 2.854867660500203796e-01
5.596000000000000227e+02 2.854791405082197087e-01
5.597999999999999545e+02 2.854841640249988766e-01
5.600000000000000000e+02 2.854973108765407330e-01
5.602000000000000455e+02 2.855007994112385705e-01
5.603999999999999773e+02 2.854725273603168634e-01
5.606000000000000227e+02 2.854088345183093400e-01
5.607999999999999545e+02 2.853134949191462599e-01
5.610000000000000000e+02 2.851948835192636977e-01
5.612000000000000455e+02 2.850721840322281708e-01
5.613999999999999773e+02 2.849604125885623618e-01
5.616000000000000227e+02 2.848677800607977706e-01
5.617999999999999545e+02 2.847998567415262472e-01
5.620000000000000000e+02 2.847766162935902456e-01
5.622000000000000455e+02 2.848203457069140021e-01
5.623999999999999773e+02 2.849356700798633124e-01
5.626000000000000227e+02 2.850869494543106231e-01
5.627999999999999545e+02 2.852243633130724376e-01
5.630000000000000000e+02 2.853067861907984670e-01
5.632000000000000455e+02 2.853193887019730979e-01
5.633999999999999773e+02 2.852633342919121406e-01
5.636000000000000227e+02 2.851512535249108860e-01
5.637999999999999545e+02 2.850075644318295631e-01
5.640000000000000000e+02 2.848689223242295010e-01
5.642000000000000455e+02 2.847792884171092553e-01
5.643999999999999773e+02 2.847793256138225759e-01
5.646000000000000227e+02 2.848823865421157286e-01
5.647999999999999545e+02 2.850677204930600062e-01
5.650000000000000000e+02 2.852797025006161280e-01
5.652000000000000455e+02 2.854561290861108991e-01
5.653999999999999773e+02 2.855533399068727052e-01
5.656000000000000227e+02 2.855594639462968320e-01
5.657999999999999545e+02 2.854860164791254706e-01
5.660000000000000000e+02 2.853497509971658075e-01
5.662000000000000455e+02 2.851704262808670842e-01
5.663999999999999773e+02 2.849823066764189394e-01
5.666000000000000227e+02 2.848240014927260755e-01
5.667999999999999545e+02 2.847229893944828727e-01
5.670000000000000000e+02 2.846755412766013849e-01
5.672000000000000455e+02 2.846592103616273350e-01
5.673999999999999773e+02 2.846446378157231893e-01
5.676000000000000227e+02 2.846069119938798853e-01
5.677999999999999545e+02 2.845390196166307506e-01
5.680000000000000000e+02 2.844424583575606569e-01
5.682000000000000455e+02 2.843186088972595171e-01
5.683999999999999773e+02 2.841605016765255121e-01
5.686000000000000227e+02 2.839715570486954777e-01
5.687999999999999545e+02 2.837717338212568663e-01
5.690000000000000000e+02 2.835934510144592080e-01
5.692000000000000455e+02 2.834675283280125857e-01
5.693999999999999773e+02 2.834099035485544982e-01
5.696000000000000227e+02 2.834064595549179999e-01
5.697999999999999545e+02 2.834237895716589795e-01
5.700000000000000000e+02 2.834251299733183682e-01
5.702000000000000455e+02 2.833830753250507484e-01
5.703999999999999773e+02 2.832762352933007044e-01
5.706000000000000227e+02 2.830898468618238129e-01
5.707999999999999545e+02 2.828205649053674442e-01
5.710000000000000000e+02 2.824906540670067412e-01
5.712000000000000455e+02 2.821423690097178971e-01
5.713999999999999773e+02 2.818230222055919665e-01
5.716000000000000227e+02 2.815548519571712816e-01
5.717999999999999545e+02 2.813340519484967550e-01
5.720000000000000000e+02 2.811406414815879606e-01
5.722000000000000455e+02 2.809526937366317867e-01
5.723999999999999773e+02 2.807530002483858977e-01
5.726000000000000227e+02 2.805371918393557706e-01
5.727999999999999545e+02 2.803194067887549989e-01
5.730000000000000000e+02 2.801208096481193066e-01
5.732000000000000455e+02 2.799547999817528776e-01
5.733999999999999773e+02 2.798193389716220891e-01
5.736000000000000227e+02 2.796987630497867472e-01
5.737999999999999545e+02 2.795734380315025303e-01
5.740000000000000000e+02 2.794213552703631587e-01
5.742000000000000455e+02 2.792158759895574383e-01
5.743999999999999773e+02 2.789503595062429175e-01
5.746000000000000227e+02 2.786404115544608984e-01
5.747999999999999545e+02 2.783174906182097064e-01
5.750000000000000000e+02 2.780034957091626624e-01
5.752000000000000455e+02 2.777154080521371804e-01
5.753999999999999773e+02 2.774701164905312711e-01
5.756000000000000227e+02 2.772717282917565584e-01
5.757999999999999545e+02 2.771143866632181374e-01
5.760000000000000000e+02 2.769851126663817054e-01
5.762000000000000455e+02 2.768673988674659192e-01
5.763999999999999773e+02 2.767441080701444345e-01
5.766000000000000227e+02 2.765968472780480081e-01
5.767999999999999545e+02 2.764035226588127947e-01
5.770000000000000000e+02 2.761514286744569113e-01
5.772000000000000455e+02 2.758430882358189895e-01
5.773999999999999773e+02 2.754981832808801601e-01
5.776000000000000227e+02 2.751269871838495917e-01
5.777999999999999545e+02 2.747303309542087346e-01
5.780000000000000000e+02 2.743081616447242688e-01
5.782000000000000455e+02 2.738892766955497993e-01
5.783999999999999773e+02 2.735085343465474828e-01
5.786000000000000227e+02 2.731887788375550463e-01
5.787999999999999545e+02 2.729278853859309351e-01
5.790000000000000000e+02 2.727110489841101937e-01
5.792000000000000455e+02 2.725200358252282684e-01
5.793999999999999773e+02 2.723445131282614118e-01
5.796000000000000227e+02 2.721883289878503365e-01
5.797999999999999545e+02 2.720597730942851955e-01
5.800000000000000000e+02 2.719522620543680658e-01
5.802000000000000455e+02 2.718261965857775020e-01
5.803999999999999773e+02 2.716461962789372686e-01
5.806000000000000227e+02 2.714169738706628809e-01
5.807999999999999545e+02 2.711547861926540959e-01
5.810000000000000000e+02 2.708707572750060355e-01
5.812000000000000455e+02 2.705689647601753345e-01
5.813999999999999773e+02 2.702731819049165596e-01
5.816000000000000227e+02 2.700010596699676246e-01
5.817999999999999545e+02 2.697534507459753428e-01
5.820000000000000000e+02 2.695170955281991909e-01
5.822000000000000455e+02 2.692728905750140789e-01
5.823999999999999773e+02 2.690001637317237515e-01
5.826000000000000227e+02 2.686811432553036227e-01
5.827999999999999545e+02 2.683106532503026220e-01
5.830000000000000000e+02 2.679076585766037022e-01
5.832000000000000455e+02 2.675215458754323095e-01
5.833999999999999773e+02 2.671840939987917274e-01
5.836000000000000227e+02 2.669079395574620039e-01
5.837999999999999545e+02 2.666885764830428940e-01
5.840000000000000000e+02 2.665047396761568432e-01
5.842000000000000455e+02 2.663217699641446945e-01
5.843999999999999773e+02 2.660976349294843502e-01
5.846000000000000227e+02 2.657984412430028920e-01
5.847999999999999545e+02 2.654089296522231800e-01
5.850000000000000000e+02 2.649405886662107301e-01
5.852000000000000455e+02 2.644394553037833218e-01
5.853999999999999773e+02 2.639374423822764548e-01
5.856000000000000227e+02 2.634526479960007106e-01
5.857999999999999545e+02 2.630000983362432154e-01
5.860000000000000000e+02 2.625800816693402151e-01
5.862000000000000455e+02 2.621798779501213206e-01
5.863999999999999773e+02 2.617775500159980617e-01
5.866000000000000227e+02 2.613529724819114164e-01
5.867999999999999545e+02 2.609044311499078561e-01
5.870000000000000000e+02 2.604520681620151046e-01
5.872000000000000455e+02 2.600195238549946608e-01
5.873999999999999773e+02 2.596405950508602345e-01
5.876000000000000227e+02 2.593546012125602651e-01
5.877999999999999545e+02 2.591866981452980445e-01
5.880000000000000000e+02 2.591104018157905919e-01
5.882000000000000455e+02 2.590629157440763608e-01
5.883999999999999773e+02 2.589784994384645156e-01
5.886000000000000227e+02 2.588029228925166625e-01
5.887999999999999545e+02 2.584916871936712712e-01
5.890000000000000000e+02 2.580128168369908437e-01
5.892000000000000455e+02 2.573777440313608222e-01
5.893999999999999773e+02 2.566466367388956504e-01
5.896000000000000227e+02 2.559150232263762703e-01
5.897999999999999545e+02 2.552485772924119600e-01
5.900000000000000000e+02 2.546997538926065174e-01
5.902000000000000455e+02 2.543064582490133230e-01
5.903999999999999773e+02 2.540673764587901284e-01
5.906000000000000227e+02 2.539376213471415400e-01
5.907999999999999545e+02 2.538524685320896479e-01
5.910000000000000000e+02 2.537656320928245446e-01
5.912000000000000455e+02 2.536402657882814160e-01
5.913999999999999773e+02 2.534432390840508642e-01
5.916000000000000227e+02 2.531451610318671275e-01
5.917999999999999545e+02 2.527438443847873639e-01
5.920000000000000000e+02 2.522572962917955519e-01
5.922000000000000455e+02 2.517125440354484600e-01
5.923999999999999773e+02 2.511217340786739416e-01
5.926000000000000227e+02 2.505099852202628541e-01
5.927999999999999545e+02 2.499199056719988987e-01
5.930000000000000000e+02 2.493864198453873970e-01
5.932000000000000455e+02 2.489342367513398546e-01
5.933999999999999773e+02 2.485742588575126089e-01
5.936000000000000227e+02 2.482958125855704856e-01
5.937999999999999545e+02 2.480586543373751174e-01
5.940000000000000000e+02 2.478092744719571638e-01
5.942000000000000455e+02 2.475041627475733641e-01
5.943999999999999773e+02 2.471306420660047132e-01
5.946000000000000227e+02 2.467031400260416563e-01
5.947999999999999545e+02 2.462562974569557639e-01
5.950000000000000000e+02 2.458264095177772890e-01
5.952000000000000455e+02 2.454335560228260160e-01
5.953999999999999773e+02 2.450790821125228836e-01
5.956000000000000227e+02 2.447628447111088734e-01
5.957999999999999545e+02 2.444621988999897688e-01
5.960000000000000000e+02 2.441324098639464646e-01
5.962000000000000455e+02 2.437251465214052004e-01
5.963999999999999773e+02 2.432254011722390641e-01
5.966000000000000227e+02 2.426477334207333136e-01
5.967999999999999545e+02 2.420229761389561252e-01
5.970000000000000000e+02 2.413986495729715798e-01
5.972000000000000455e+02 2.408209430924707073e-01
5.973999999999999773e+02 2.403177784912105541e-01
5.976000000000000227e+02 2.398934994706424240e-01
5.977999999999999545e+02 2.395409911575804296e-01
5.980000000000000000e+02 2.392507295871993400e-01
5.982000000000000455e+02 2.390184653416212446e-01
5.983999999999999773e+02 2.388198426232857607e-01
5.986000000000000227e+02 2.386133794260484331e-01
5.987999999999999545e+02 2.383695819406557170e-01
5.990000000000000000e+02 2.380729924637459693e-01
5.992000000000000455e+02 2.377174000779945229e-01
5.993999999999999773e+02 2.373000835164345568e-01
5.996000000000000227e+02 2.368323664156642416e-01
5.997999999999999545e+02 2.363326869905429950e-01
6.000000000000000000e+02 2.358181648438704703e-01
6.002000000000000455e+02 2.353019467789270736e-01
6.003999999999999773e+02 2.347832024355909764e-01
6.006000000000000227e+02 2.342464926048338780e-01
6.007999999999999545e+02 2.336865445495305837e-01
6.010000000000000000e+02 2.331072831770285014e-01
6.012000000000000455e+02 2.325205827676877779e-01
6.013999999999999773e+02 2.319442541326625085e-01
6.016000000000000227e+02 2.313772406024027228e-01
6.017999999999999545e+02 2.308110644294232294e-01
6.020000000000000000e+02 2.302586119258732689e-01
6.022000000000000455e+02 2.297318622118523779e-01
6.023999999999999773e+02 2.292389329095108064e-01
6.026000000000000227e+02 2.287846448810210709e-01
6.027999999999999545e+02 2.283668611262847925e-01
6.030000000000000000e+02 2.279745062530750266e-01
6.032000000000000455e+02 2.275895891264922977e-01
6.033999999999999773e+02 2.272033709259078660e-01
6.036000000000000227e+02 2.268103437146650192e-01
6.037999999999999545e+02 2.264039509586588395e-01
6.040000000000000000e+02 2.259733965382776932e-01
6.042000000000000455e+02 2.254991073371575006e-01
6.043999999999999773e+02 2.249664392993304673e-01
6.046000000000000227e+02 2.243930255742150881e-01
6.047999999999999545e+02 2.237974329989392830e-01
6.050000000000000000e+02 2.232023508635291864e-01
6.052000000000000455e+02 2.226434255100600001e-01
6.053999999999999773e+02 2.221394404611879425e-01
6.056000000000000227e+02 2.216921769577748225e-01
6.057999999999999545e+02 2.212905317772355662e-01
6.060000000000000000e+02 2.209217273201846687e-01
6.062000000000000455e+02 2.205755143993734513e-01
6.063999999999999773e+02 2.202400817506316999e-01
6.066000000000000227e+02 2.198831334012570915e-01
6.067999999999999545e+02 2.194667957947159520e-01
6.070000000000000000e+02 2.189642483777268778e-01
6.072000000000000455e+02 2.183845906251047908e-01
6.073999999999999773e+02 2.177607423788054386e-01
6.076000000000000227e+02 2.171406821034605472e-01
6.077999999999999545e+02 2.165759392423691199e-01
6.080000000000000000e+02 2.160833498104715589e-01
6.082000000000000455e+02 2.156656328278924728e-01
6.083999999999999773e+02 2.153292951807037614e-01
6.086000000000000227e+02 2.150567618554340976e-01
6.087999999999999545e+02 2.148072771529002667e-01
6.090000000000000000e+02 2.145239595160081114e-01
6.092000000000000455e+02 2.141572246982672567e-01
6.093999999999999773e+02 2.136828710879137838e-01
6.096000000000000227e+02 2.131053469396855249e-01
6.097999999999999545e+02 2.124503300932291672e-01
6.100000000000000000e+02 2.117647124446412343e-01
6.102000000000000455e+02 2.111037380226706284e-01
6.103999999999999773e+02 2.105074889715963238e-01
6.106000000000000227e+02 2.099748396158507835e-01
6.107999999999999545e+02 2.094881635425444033e-01
6.110000000000000000e+02 2.090369589383647142e-01
6.112000000000000455e+02 2.085871756950083422e-01
6.113999999999999773e+02 2.080974620521059415e-01
6.116000000000000227e+02 2.075375475336525000e-01
6.117999999999999545e+02 2.069114491594392091e-01
6.120000000000000000e+02 2.062553997403949735e-01
6.122000000000000455e+02 2.056251341470958782e-01
6.123999999999999773e+02 2.050629211337620106e-01
6.126000000000000227e+02 2.045985921722660028e-01
6.127999999999999545e+02 2.042408818584781072e-01
6.130000000000000000e+02 2.039597956003378343e-01
6.132000000000000455e+02 2.036982330070444269e-01
6.133999999999999773e+02 2.033954094050979267e-01
6.136000000000000227e+02 2.030103697954364073e-01
6.137999999999999545e+02 2.025161420968410453e-01
6.140000000000000000e+02 2.019116613207787014e-01
6.142000000000000455e+02 2.012311886385569903e-01
6.143999999999999773e+02 2.005325536710454992e-01
6.146000000000000227e+02 1.998715987423630436e-01
6.147999999999999545e+02 1.992844584356115445e-01
6.150000000000000000e+02 1.987700983339109606e-01
6.152000000000000455e+02 1.983113770069215298e-01
6.153999999999999773e+02 1.978810670549806527e-01
6.156000000000000227e+02 1.974406632351453639e-01
6.157999999999999545e+02 1.969536823463189368e-01
6.160000000000000000e+02 1.963941603900413169e-01
6.162000000000000455e+02 1.957577614484457551e-01
6.163999999999999773e+02 1.950812418881423538e-01
6.166000000000000227e+02 1.944222755056831398e-01
6.167999999999999545e+02 1.938349013033227042e-01
6.170000000000000000e+02 1.933357507212207227e-01
6.172000000000000455e+02 1.929074354303301764e-01
6.173999999999999773e+02 1.925124894252758234e-01
6.176000000000000227e+02 1.921344823764811749e-01
6.177999999999999545e+02 1.917614494456597041e-01
6.180000000000000000e+02 1.913730334861252214e-01
6.182000000000000455e+02 1.909290714510046283e-01
6.183999999999999773e+02 1.904096814974223784e-01
6.186000000000000227e+02 1.898231398317735963e-01
6.187999999999999545e+02 1.892031978753231092e-01
6.190000000000000000e+02 1.885903494189443974e-01
6.192000000000000455e+02 1.880041490056412745e-01
6.193999999999999773e+02 1.874244494720405385e-01
6.196000000000000227e+02 1.868310432036215385e-01
6.197999999999999545e+02 1.862239497517533260e-01
6.200000000000000000e+02 1.856326953393615253e-01
6.202000000000000455e+02 1.851082727839670483e-01
6.203999999999999773e+02 1.846681887030193481e-01
6.206000000000000227e+02 1.842859567175426094e-01
6.207999999999999545e+02 1.839218432558040461e-01
6.210000000000000000e+02 1.835495343902781851e-01
6.212000000000000455e+02 1.831560323414798686e-01
6.213999999999999773e+02 1.827302211787569242e-01
6.216000000000000227e+02 1.822582052939656361e-01
6.217999999999999545e+02 1.817296153712443241e-01
6.220000000000000000e+02 1.811491702381835545e-01
6.222000000000000455e+02 1.805576309340900243e-01
6.223999999999999773e+02 1.799984630807289487e-01
6.226000000000000227e+02 1.794892003101194455e-01
6.227999999999999545e+02 1.790065346731893881e-01
6.230000000000000000e+02 1.785107322704518884e-01
6.232000000000000455e+02 1.779694750781996015e-01
6.233999999999999773e+02 1.773935012107725195e-01
6.236000000000000227e+02 1.768008379699793076e-01
6.237999999999999545e+02 1.762090555505327061e-01
6.240000000000000000e+02 1.756407691946568206e-01
6.242000000000000455e+02 1.751103485358536105e-01
6.243999999999999773e+02 1.746249973810712341e-01
6.246000000000000227e+02 1.741875083563589610e-01
6.247999999999999545e+02 1.737876063199825238e-01
6.250000000000000000e+02 1.734052512535826374e-01
6.252000000000000455e+02 1.730164997030663177e-01
6.253999999999999773e+02 1.726078857117801513e-01
6.256000000000000227e+02 1.721738479083664008e-01
6.257999999999999545e+02 1.717160683029776980e-01
6.260000000000000000e+02 1.712464948196306680e-01
6.262000000000000455e+02 1.707740039303946855e-01
6.263999999999999773e+02 1.703067994558642162e-01
6.266000000000000227e+02 1.698653283997383356e-01
6.267999999999999545e+02 1.694549959760433544e-01
6.270000000000000000e+02 1.690657266698107064e-01
6.272000000000000455e+02 1.686794461071671747e-01
6.273999999999999773e+02 1.682767200848313549e-01
6.276000000000000227e+02 1.678505643243109191e-01
6.277999999999999545e+02 1.674130761165233405e-01
6.280000000000000000e+02 1.669631151240597577e-01
6.282000000000000455e+02 1.664839990970011785e-01
6.283999999999999773e+02 1.659541366170823873e-01
6.286000000000000227e+02 1.653860915196837811e-01
6.287999999999999545e+02 1.648039009164321278e-01
6.290000000000000000e+02 1.642318401363743741e-01
6.292000000000000455e+02 1.636891220143719128e-01
6.293999999999999773e+02 1.631790300153972140e-01
6.296000000000000227e+02 1.626944682065134540e-01
6.297999999999999545e+02 1.622293184202271421e-01
6.300000000000000000e+02 1.617712007237128713e-01
6.302000000000000455e+02 1.613129133829253603e-01
6.303999999999999773e+02 1.608617275528129720e-01
6.306000000000000227e+02 1.604140127566944796e-01
6.307999999999999545e+02 1.599543796839533460e-01
6.310000000000000000e+02 1.594623646382814508e-01
6.312000000000000455e+02 1.589367000005856845e-01
6.313999999999999773e+02 1.583842509033068224e-01
6.316000000000000227e+02 1.578233741093394427e-01
6.317999999999999545e+02 1.573052185540022574e-01
6.320000000000000000e+02 1.568653494247406466e-01
6.322000000000000455e+02 1.565088354871402299e-01
6.323999999999999773e+02 1.562091025877939687e-01
6.326000000000000227e+02 1.559397947568953169e-01
6.327999999999999545e+02 1.556786697989180346e-01
6.330000000000000000e+02 1.554021817781010839e-01
6.332000000000000455e+02 1.550649153733802132e-01
6.333999999999999773e+02 1.546175490709303935e-01
6.336000000000000227e+02 1.540277750131766044e-01
6.337999999999999545e+02 1.533070621082673612e-01
6.340000000000000000e+02 1.525066156728458189e-01
6.342000000000000455e+02 1.517044580623539973e-01
6.343999999999999773e+02 1.509691310756227922e-01
6.346000000000000227e+02 1.503315689637045316e-01
6.347999999999999545e+02 1.497872831006587246e-01
6.350000000000000000e+02 1.493176555118618798e-01
6.352000000000000455e+02 1.489100046938807431e-01
6.353999999999999773e+02 1.485484732074046077e-01
6.356000000000000227e+02 1.481974109009357166e-01
6.357999999999999545e+02 1.478110739061382906e-01
6.360000000000000000e+02 1.473526526815153170e-01
6.362000000000000455e+02 1.468132664576597690e-01
6.363999999999999773e+02 1.462285865121003836e-01
6.366000000000000227e+02 1.456601823852013422e-01
6.367999999999999545e+02 1.451700701632098744e-01
6.370000000000000000e+02 1.447675932931561937e-01
6.372000000000000455e+02 1.444419803007108982e-01
6.373999999999999773e+02 1.441780821177254535e-01
6.376000000000000227e+02 1.439618288615248654e-01
6.377999999999999545e+02 1.437531556277094613e-01
6.380000000000000000e+02 1.434944701172913006e-01
6.382000000000000455e+02 1.431363552461478728e-01
6.383999999999999773e+02 1.426781270285376046e-01
6.386000000000000227e+02 1.421499562669409633e-01
6.387999999999999545e+02 1.415899040324833658e-01
6.390000000000000000e+02 1.410296180974461577e-01
6.392000000000000455e+02 1.404806164232602073e-01
6.393999999999999773e+02 1.399293727263441200e-01
6.396000000000000227e+02 1.393530746793164021e-01
6.397999999999999545e+02 1.387516698582309527e-01
6.400000000000000000e+02 1.381459833374975299e-01
6.402000000000000455e+02 1.375410674614843953e-01
6.403999999999999773e+02 1.369324093105988016e-01
6.406000000000000227e+02 1.363227826793919628e-01
6.407999999999999545e+02 1.357458496976860773e-01
6.410000000000000000e+02 1.352473680630381647e-01
6.412000000000000455e+02 1.348475323350634136e-01
6.413999999999999773e+02 1.345092579941524480e-01
6.416000000000000227e+02 1.341850360328013247e-01
6.417999999999999545e+02 1.338397099515167832e-01
6.420000000000000000e+02 1.334633863250065666e-01
6.422000000000000455e+02 1.330727439139962331e-01
6.423999999999999773e+02 1.326807296161877925e-01
6.426000000000000227e+02 1.322870346766513439e-01
6.427999999999999545e+02 1.318896165882748051e-01
6.430000000000000000e+02 1.314903147596555022e-01
6.432000000000000455e+02 1.310981333235767265e-01
6.433999999999999773e+02 1.307316433049075521e-01
6.436000000000000227e+02 1.304032600178049450e-01
6.437999999999999545e+02 1.301009099209805842e-01
6.440000000000000000e+02 1.297738561949609848e-01
6.442000000000000455e+02 1.293794697463971910e-01
6.443999999999999773e+02 1.288970983145850124e-01
6.446000000000000227e+02 1.283335849681711549e-01
6.447999999999999545e+02 1.277137469079134835e-01
6.450000000000000000e+02 1.270530805863350765e-01
6.452000000000000455e+02 1.263534690260332272e-01
6.453999999999999773e+02 1.256325483747365301e-01
6.456000000000000227e+02 1.249164883576353857e-01
6.457999999999999545e+02 1.242365780341153636e-01
6.460000000000000000e+02 1.236274991934412648e-01
6.462000000000000455e+02 1.231156177526243622e-01
6.463999999999999773e+02 1.227031949845171777e-01
6.466000000000000227e+02 1.223533194779298783e-01
6.467999999999999545e+02 1.220327716247343597e-01
6.470000000000000000e+02 1.217194637456678052e-01
6.472000000000000455e+02 1.214015593564676254e-01
6.473999999999999773e+02 1.210642763754776752e-01
6.476000000000000227e+02 1.206887723752391728e-01
6.477999999999999545e+02 1.202592638203116571e-01
6.480000000000000000e+02 1.197878773911236483e-01
6.482000000000000455e+02 1.192880099238144420e-01
6.483999999999999773e+02 1.187683694839680171e-01
6.486000000000000227e+02 1.182432443471931605e-01
6.487999999999999545e+02 1.177271423175225151e-01
6.490000000000000000e+02 1.172257805111320272e-01
6.492000000000000455e+02 1.167256475400954563e-01
6.493999999999999773e+02 1.162142546789600717e-01
6.496000000000000227e+02 1.156859469166200971e-01
6.497999999999999545e+02 1.151454984677015014e-01
6.500000000000000000e+02 1.146116218473522408e-01
6.502000000000000455e+02 1.141098575981773500e-01
6.503999999999999773e+02 1.136622496622849421e-01
6.506000000000000227e+02 1.132636786957934016e-01
6.507999999999999545e+02 1.128879218475263291e-01
6.510000000000000000e+02 1.125022615448743046e-01
6.512000000000000455e+02 1.120979528407853310e-01
6.513999999999999773e+02 1.116693429946191696e-01
6.516000000000000227e+02 1.112130099303728636e-01
6.517999999999999545e+02 1.107372938906197313e-01
6.520000000000000000e+02 1.102599031340451008e-01
6.522000000000000455e+02 1.098096267063126963e-01
6.523999999999999773e+02 1.094256396489638461e-01
6.526000000000000227e+02 1.091285149766362261e-01
6.527999999999999545e+02 1.089058284668115162e-01
6.530000000000000000e+02 1.087074076404081213e-01
6.532000000000000455e+02 1.084710332230270913e-01
6.533999999999999773e+02 1.081518517202981478e-01
6.536000000000000227e+02 1.077350281917377195e-01
6.537999999999999545e+02 1.072346698273454746e-01
6.540000000000000000e+02 1.066867722967642929e-01
6.542000000000000455e+02 1.061421115111778612e-01
6.543999999999999773e+02 1.056530116044530898e-01
6.546000000000000227e+02 1.052278565105671249e-01
6.547999999999999545e+02 1.048456482124099365e-01
6.550000000000000000e+02 1.044836892601054279e-01
6.552000000000000455e+02 1.041152019887830737e-01
6.553999999999999773e+02 1.037168001459970457e-01
6.556000000000000227e+02 1.032765724174739830e-01
6.557999999999999545e+02 1.028001118804318659e-01
6.560000000000000000e+02 1.023008134157595839e-01
6.562000000000000455e+02 1.017911813546636957e-01
6.564000000000000909e+02 1.012713767620126715e-01
6.566000000000000227e+02 1.007476413858331421e-01
6.567999999999999545e+02 1.002336358439314679e-01
6.570000000000000000e+02 9.973846934723243352e-02
6.572000000000000455e+02 9.926275740829690331e-02
6.574000000000000909e+02 9.881006645655779352e-02
6.576000000000000227e+02 9.840221701862159054e-02
6.577999999999999545e+02 9.805410074096199136e-02
6.580000000000000000e+02 9.777132295224322256e-02
6.582000000000000455e+02 9.755009556718172159e-02
6.584000000000000909e+02 9.737252593277753721e-02
6.586000000000000227e+02 9.720802016620333497e-02
6.587999999999999545e+02 9.701817966462383813e-02
6.590000000000000000e+02 9.677430700476297165e-02
6.592000000000000455e+02 9.646702843079346668e-02
6.594000000000000909e+02 9.610559033377105709e-02
6.596000000000000227e+02 9.570656203605490409e-02
6.597999999999999545e+02 9.528037010482595659e-02
6.600000000000000000e+02 9.482856013816240437e-02
6.602000000000000455e+02 9.434592402282399037e-02
6.604000000000000909e+02 9.383675506300390157e-02
6.606000000000000227e+02 9.331412347873757618e-02
6.607999999999999545e+02 9.279347300518295261e-02
6.610000000000000000e+02 9.227188669511021679e-02
6.612000000000000455e+02 9.175047228594548909e-02
6.614000000000000909e+02 9.125016623038942343e-02
6.616000000000000227e+02 9.080471627074121477e-02
6.617999999999999545e+02 9.043359583793980638e-02
6.620000000000000000e+02 9.013454378698934621e-02
6.622000000000000455e+02 8.989599545104262623e-02
6.624000000000000909e+02 8.969744058931175545e-02
6.626000000000000227e+02 8.950767233083278818e-02
6.627999999999999545e+02 8.928424993460809533e-02
6.630000000000000000e+02 8.900642257869839646e-02
6.632000000000000455e+02 8.866775227129383707e-02
6.634000000000000909e+02 8.826388862488462883e-02
6.636000000000000227e+02 8.781400713227649479e-02
6.637999999999999545e+02 8.735430338787966709e-02
6.640000000000000000e+02 8.692506025006707659e-02
6.642000000000000455e+02 8.653851778928139948e-02
6.644000000000000909e+02 8.618935218967765932e-02
6.646000000000000227e+02 8.586493923826210573e-02
6.647999999999999545e+02 8.555841710856451621e-02
6.650000000000000000e+02 8.525465410510685293e-02
6.652000000000000455e+02 8.492777131449219530e-02
6.654000000000000909e+02 8.454922067607134606e-02
6.656000000000000227e+02 8.412854595185212392e-02
6.657999999999999545e+02 8.369766721318011582e-02
6.660000000000000000e+02 8.328000856080125525e-02
6.662000000000000455e+02 8.289650639117812636e-02
6.664000000000000909e+02 8.256580460582585435e-02
6.666000000000000227e+02 8.229994275211163779e-02
6.667999999999999545e+02 8.208686399545717105e-02
6.670000000000000000e+02 8.190498871323290131e-02
6.672000000000000455e+02 8.173213409438959132e-02
6.674000000000000909e+02 8.154649721041271060e-02
6.676000000000000227e+02 8.132976565044136574e-02
6.677999999999999545e+02 8.107165823611883759e-02
6.680000000000000000e+02 8.077761432289548571e-02
6.682000000000000455e+02 8.045697034523505153e-02
6.684000000000000909e+02 8.011893905699579710e-02
6.686000000000000227e+02 7.977224156872211869e-02
6.687999999999999545e+02 7.943570969824662042e-02
6.690000000000000000e+02 7.912109453112220470e-02
6.692000000000000455e+02 7.881535441994519386e-02
6.694000000000000909e+02 7.849111100827441123e-02
6.696000000000000227e+02 7.813276273634089941e-02
6.697999999999999545e+02 7.774911351460400688e-02
6.700000000000000000e+02 7.735757998959491566e-02
6.702000000000000455e+02 7.695483042301859422e-02
6.704000000000000909e+02 7.651257024909929871e-02
6.706000000000000227e+02 7.599839525518919947e-02
6.707999999999999545e+02 7.539709619025475318e-02
6.710000000000000000e+02 7.472895573183466200e-02
6.712000000000000455e+02 7.406868384841666653e-02
6.714000000000000909e+02 7.348212067105641676e-02
6.716000000000000227e+02 7.301215575445163530e-02
6.717999999999999545e+02 7.267667550733586390e-02
6.720000000000000000e+02 7.248575804563131553e-02
6.722000000000000455e+02 7.242654836342479752e-02
6.724000000000000909e+02 7.244992796505853039e-02
6.726000000000000227e+02 7.247388974990967569e-02
6.727999999999999545e+02 7.240785802180346731e-02
6.730000000000000000e+02 7.217976270284798268e-02
6.732000000000000455e+02 7.178489636566226517e-02
6.734000000000000909e+02 7.127067006540202532e-02
6.736000000000000227e+02 7.071143434095317204e-02
6.737999999999999545e+02 7.017019702302770834e-02
6.740000000000000000e+02 6.968772995373243018e-02
6.742000000000000455e+02 6.928827889595365330e-02
6.744000000000000909e+02 6.898488985641959559e-02
6.746000000000000227e+02 6.876083716802985912e-02
6.747999999999999545e+02 6.857740830723321745e-02
6.750000000000000000e+02 6.838266597674100278e-02
6.752000000000000455e+02 6.812334936882655234e-02
6.754000000000000909e+02 6.776889297163701809e-02
6.756000000000000227e+02 6.732570814659566416e-02
6.757999999999999545e+02 6.684077869608473499e-02
6.760000000000000000e+02 6.635611784712727723e-02
6.762000000000000455e+02 6.589744928425451953e-02
6.764000000000000909e+02 6.548431060718487573e-02
6.766000000000000227e+02 6.514699329091357127e-02
6.767999999999999545e+02 6.491148360232054659e-02
6.770000000000000000e+02 6.477076978531602636e-02
6.772000000000000455e+02 6.467781997761090640e-02
6.774000000000000909e+02 6.457823581432349525e-02
6.776000000000000227e+02 6.443946402184524969e-02
6.777999999999999545e+02 6.424559574812814533e-02
6.780000000000000000e+02 6.399625299944534940e-02
6.782000000000000455e+02 6.369967379931279483e-02
6.784000000000000909e+02 6.334562198808867117e-02
6.786000000000000227e+02 6.292336661028435918e-02
6.787999999999999545e+02 6.243930303757475042e-02
6.790000000000000000e+02 6.194158594395125783e-02
6.792000000000000455e+02 6.149432531833239068e-02
6.794000000000000909e+02 6.115261405979495468e-02
6.796000000000000227e+02 6.093138659224621445e-02
6.797999999999999545e+02 6.079996093211524621e-02
6.800000000000000000e+02 6.071177191090675052e-02
6.802000000000000455e+02 6.063027756107711164e-02
6.804000000000000909e+02 6.050335526357650262e-02
6.806000000000000227e+02 6.028109630230094051e-02
6.807999999999999545e+02 5.994230012809689812e-02
6.810000000000000000e+02 5.954426183835995201e-02
6.812000000000000455e+02 5.917746476780928744e-02
6.814000000000000909e+02 5.892274406622750871e-02
6.816000000000000227e+02 5.878923225290545729e-02
6.817999999999999545e+02 5.874575235452379751e-02
6.820000000000000000e+02 5.873102554056222613e-02
6.822000000000000455e+02 5.865647791238677577e-02
6.824000000000000909e+02 5.844529426063085897e-02
6.826000000000000227e+02 5.805896136994743995e-02
6.827999999999999545e+02 5.751794915428633248e-02
6.830000000000000000e+02 5.686153526013454362e-02
6.832000000000000455e+02 5.615585781738376137e-02
6.834000000000000909e+02 5.549590695716613564e-02
6.836000000000000227e+02 5.495612405359376340e-02
6.837999999999999545e+02 5.456289786998266833e-02
6.840000000000000000e+02 5.429187813414967922e-02
6.842000000000000455e+02 5.410112724551485730e-02
6.844000000000000909e+02 5.395742092346129948e-02
6.846000000000000227e+02 5.383967992585793338e-02
6.847999999999999545e+02 5.373108159255771121e-02
6.850000000000000000e+02 5.362479092499077005e-02
6.852000000000000455e+02 5.352126673858825789e-02
6.854000000000000909e+02 5.342177360741613701e-02
6.856000000000000227e+02 5.331485027590746051e-02
6.857999999999999545e+02 5.317576088698983128e-02
6.860000000000000000e+02 5.296976015666858550e-02
6.862000000000000455e+02 5.266833480939653311e-02
6.864000000000000909e+02 5.226453800215237477e-02
6.866000000000000227e+02 5.177516247782375236e-02
6.867999999999999545e+02 5.121879734964086828e-02
6.870000000000000000e+02 5.062690997308753882e-02
6.872000000000000455e+02 5.004773237838468225e-02
6.874000000000000909e+02 4.954206579846090475e-02
6.876000000000000227e+02 4.914391635885032028e-02
6.877999999999999545e+02 4.884861748281252303e-02
6.880000000000000000e+02 4.861179665784089166e-02
6.882000000000000455e+02 4.839951441340610561e-02
6.884000000000000909e+02 4.820509896653125959e-02
6.886000000000000227e+02 4.805415173406023255e-02
6.887999999999999545e+02 4.797210310878335937e-02
6.890000000000000000e+02 4.796492587668441110e-02
6.892000000000000455e+02 4.801257530277013019e-02
6.894000000000000909e+02 4.808473561638616778e-02
6.896000000000000227e+02 4.814047976557313258e-02
6.897999999999999545e+02 4.813298127976578522e-02
6.900000000000000000e+02 4.802425484674721634e-02
6.902000000000000455e+02 4.778761998399995437e-02
6.904000000000000909e+02 4.741529504310193488e-02
6.906000000000000227e+02 4.693270142304430126e-02
6.907999999999999545e+02 4.640363892725737904e-02
6.910000000000000000e+02 4.589916725124769392e-02
6.912000000000000455e+02 4.546135738340713328e-02
6.914000000000000909e+02 4.509340000254177805e-02
6.916000000000000227e+02 4.478737347873336383e-02
6.917999999999999545e+02 4.454622034081030801e-02
6.920000000000000000e+02 4.439244756578333839e-02
6.922000000000000455e+02 4.432194003939228522e-02
6.924000000000000909e+02 4.428983854975235279e-02
6.926000000000000227e+02 4.423363555447495932e-02
6.927999999999999545e+02 4.410015999878159898e-02
6.930000000000000000e+02 4.385902338571132097e-02
6.932000000000000455e+02 4.351573031981040285e-02
6.934000000000000909e+02 4.311256872902213821e-02
6.936000000000000227e+02 4.270726386699613686e-02
6.937999999999999545e+02 4.234560533240507019e-02
6.940000000000000000e+02 4.204797923411576765e-02
6.942000000000000455e+02 4.181131547227096013e-02
6.944000000000000909e+02 4.161477379862160708e-02
6.946000000000000227e+02 4.144091831849988639e-02
6.947999999999999545e+02 4.126794539016778729e-02
6.950000000000000000e+02 4.107732373643011026e-02
6.952000000000000455e+02 4.089494200065578455e-02
6.954000000000000909e+02 4.076363604582300404e-02
6.956000000000000227e+02 4.071791886844929043e-02
6.957999999999999545e+02 4.075030738841024791e-02
6.960000000000000000e+02 4.081927465097726082e-02
6.962000000000000455e+02 4.085564280758061106e-02
6.964000000000000909e+02 4.077330373123543017e-02
6.966000000000000227e+02 4.052880408414974434e-02
6.967999999999999545e+02 4.012378279807889137e-02
6.970000000000000000e+02 3.960009054327159883e-02
6.972000000000000455e+02 3.902615177831079973e-02
6.974000000000000909e+02 3.847051227394814032e-02
6.976000000000000227e+02 3.798396384116341229e-02
6.977999999999999545e+02 3.760750237673460283e-02
6.980000000000000000e+02 3.735564251951610515e-02
6.982000000000000455e+02 3.720184532509503150e-02
6.984000000000000909e+02 3.708962985780750454e-02
6.986000000000000227e+02 3.697256083218766753e-02
6.987999999999999545e+02 3.683920361679852984e-02
6.990000000000000000e+02 3.669226269851737221e-02
6.992000000000000455e+02 3.652813386732439715e-02
6.994000000000000909e+02 3.632758824278511933e-02
6.996000000000000227e+02 3.607537094219130658e-02
6.997999999999999545e+02 3.576691468099961468e-02
7.000000000000000000e+02 3.541285788837621185e-02
7.002000000000000455e+02 3.504011176125823579e-02
7.004000000000000909e+02 3.467934212018342066e-02
7.006000000000000227e+02 3.435427382931932616e-02
7.007999999999999545e+02 3.406441398255337372e-02
7.010000000000000000e+02 3.380367698479451455e-02
7.012000000000000455e+02 3.357259622804879828e-02
7.014000000000000909e+02 3.338387899907475920e-02
7.016000000000000227e+02 3.323763311948635391e-02
7.017999999999999545e+02 3.311016262681232281e-02
7.020000000000000000e+02 3.297156329331096813e-02
7.022000000000000455e+02 3.280339493254093297e-02
7.024000000000000909e+02 3.260402676495190166e-02
7.026000000000000227e+02 3.237014520691285091e-02
7.027999999999999545e+02 3.209530029345572522e-02
7.030000000000000000e+02 3.177331152879149523e-02
7.032000000000000455e+02 3.141431831898007510e-02
7.034000000000000909e+02 3.104559941254310396e-02
7.036000000000000227e+02 3.070720958164957493e-02
7.037999999999999545e+02 3.043030669494782570e-02
7.040000000000000000e+02 3.022460773724020000e-02
7.042000000000000455e+02 3.007481594424347981e-02
7.044000000000000909e+02 2.995094659670365089e-02
7.046000000000000227e+02 2.981698541159001625e-02
7.047999999999999545e+02 2.963491542376089916e-02
7.050000000000000000e+02 2.936883376578811045e-02
7.052000000000000455e+02 2.900410837956604593e-02
7.054000000000000909e+02 2.855635206198911535e-02
7.056000000000000227e+02 2.807239458266991283e-02
7.057999999999999545e+02 2.760898201608762148e-02
7.060000000000000000e+02 2.722393396980771207e-02
7.062000000000000455e+02 2.697194039356418105e-02
7.064000000000000909e+02 2.687470028659691423e-02
7.066000000000000227e+02 2.691314213917180009e-02
7.067999999999999545e+02 2.704228885902625057e-02
7.070000000000000000e+02 2.722013525042339677e-02
7.072000000000000455e+02 2.741275993225898711e-02
7.074000000000000909e+02 2.757819827075913555e-02
7.076000000000000227e+02 2.766983095937261550e-02
7.077999999999999545e+02 2.764731039864598561e-02
7.080000000000000000e+02 2.750645145587785056e-02
7.082000000000000455e+02 2.727983546299848905e-02
7.084000000000000909e+02 2.702319491323243450e-02
7.086000000000000227e+02 2.677513699901971911e-02
7.087999999999999545e+02 2.655184228307948258e-02
7.090000000000000000e+02 2.634803432422906655e-02
7.092000000000000455e+02 2.614365519646137670e-02
7.094000000000000909e+02 2.593264874597568659e-02
7.096000000000000227e+02 2.572713287077015021e-02
7.097999999999999545e+02 2.554492937111370321e-02
7.100000000000000000e+02 2.537830359016873816e-02
7.102000000000000455e+02 2.519840700207343076e-02
7.104000000000000909e+02 2.498907691201540660e-02
7.106000000000000227e+02 2.475515722152715758e-02
7.107999999999999545e+02 2.451688144094921196e-02
7.110000000000000000e+02 2.429145641622984519e-02
7.112000000000000455e+02 2.408052429993534638e-02
7.114000000000000909e+02 2.387483594126597886e-02
7.116000000000000227e+02 2.367259488649869903e-02
7.117999999999999545e+02 2.348926196666765998e-02
7.120000000000000000e+02 2.334502155406822932e-02
7.122000000000000455e+02 2.323251842411171164e-02
7.124000000000000909e+02 2.312384515691055797e-02
7.126000000000000227e+02 2.298716001829337330e-02
7.127999999999999545e+02 2.281873924241671625e-02
7.130000000000000000e+02 2.265842356916605849e-02
7.132000000000000455e+02 2.256770542664392198e-02
7.134000000000000909e+02 2.257947034281945764e-02
7.136000000000000227e+02 2.267844114872932804e-02
7.137999999999999545e+02 2.281193574440602834e-02
7.140000000000000000e+02 2.291543972377758920e-02
7.142000000000000455e+02 2.293993019841346348e-02
7.144000000000000909e+02 2.286060252728526476e-02
7.146000000000000227e+02 2.268362247068034243e-02
7.147999999999999545e+02 2.241403099385180786e-02
7.150000000000000000e+02 2.207360805196922904e-02
7.152000000000000455e+02 2.174332231925597825e-02
7.154000000000000909e+02 2.150941894251105768e-02
7.156000000000000227e+02 2.142414130664034577e-02
7.157999999999999545e+02 2.145722611933385815e-02
7.160000000000000000e+02 2.154424990620108782e-02
7.162000000000000455e+02 2.160812492107028193e-02
7.164000000000000909e+02 2.157919684045664366e-02
7.166000000000000227e+02 2.143025212534699353e-02
7.167999999999999545e+02 2.117411748965250529e-02
7.170000000000000000e+02 2.085346016141806369e-02
7.172000000000000455e+02 2.050038076073225357e-02
7.174000000000000909e+02 2.013918659366598085e-02
7.176000000000000227e+02 1.980026244088881060e-02
7.177999999999999545e+02 1.952734839619890694e-02
7.180000000000000000e+02 1.934907143165971732e-02
7.182000000000000455e+02 1.923703729055915856e-02
7.184000000000000909e+02 1.912671920429645511e-02
7.186000000000000227e+02 1.893356062151088648e-02
7.187999999999999545e+02 1.857103708088171656e-02
7.190000000000000000e+02 1.799840327392536465e-02
7.192000000000000455e+02 1.724030666431498882e-02
7.194000000000000909e+02 1.640522294864328601e-02
7.196000000000000227e+02 1.560821352975905185e-02
7.197999999999999545e+02 1.494960333781275574e-02
7.200000000000000000e+02 1.450132386590936850e-02
7.202000000000000455e+02 1.430935613690678676e-02
7.204000000000000909e+02 1.439013493808502520e-02
7.206000000000000227e+02 1.471952302405969693e-02
7.207999999999999545e+02 1.522198682557950045e-02
7.210000000000000000e+02 1.578702679835028433e-02
7.212000000000000455e+02 1.628880678017456674e-02
7.214000000000000909e+02 1.663594364844911411e-02
7.216000000000000227e+02 1.679541609246622269e-02
7.217999999999999545e+02 1.681053044552312248e-02
7.220000000000000000e+02 1.672675485698991993e-02
7.222000000000000455e+02 1.657809149866106002e-02
7.224000000000000909e+02 1.638809011691451378e-02
7.226000000000000227e+02 1.621953563035373469e-02
7.227999999999999545e+02 1.614490731656949285e-02
7.230000000000000000e+02 1.620854383270627086e-02
7.232000000000000455e+02 1.638699381122103726e-02
7.234000000000000909e+02 1.660129461917336791e-02
7.236000000000000227e+02 1.673207687465741444e-02
7.237999999999999545e+02 1.667771453000990722e-02
7.240000000000000000e+02 1.639186960536995197e-02
7.242000000000000455e+02 1.591207965564295224e-02
7.244000000000000909e+02 1.532483491284772348e-02
7.246000000000000227e+02 1.473301217601247215e-02
7.247999999999999545e+02 1.423282366582147296e-02
7.250000000000000000e+02 1.389885048198777340e-02
7.252000000000000455e+02 1.375893740763775575e-02
7.254000000000000909e+02 1.377235723947159429e-02
7.256000000000000227e+02 1.384678762840445276e-02
7.257999999999999545e+02 1.388389350049724913e-02
7.260000000000000000e+02 1.381429782824253327e-02
7.262000000000000455e+02 1.361821219260883620e-02
7.264000000000000909e+02 1.330981947654091835e-02
7.266000000000000227e+02 1.292713335741964287e-02
7.267999999999999545e+02 1.252048930585361597e-02
7.270000000000000000e+02 1.214190677202249546e-02
7.272000000000000455e+02 1.183778905333013332e-02
7.274000000000000909e+02 1.164271486595618021e-02
7.276000000000000227e+02 1.156889556763469884e-02
7.277999999999999545e+02 1.159835179595203325e-02
7.280000000000000000e+02 1.168923674441064986e-02
7.282000000000000455e+02 1.180739425269478060e-02
7.284000000000000909e+02 1.194257637355232438e-02
7.286000000000000227e+02 1.208993717077044838e-02
7.287999999999999545e+02 1.224119873560869376e-02
7.290000000000000000e+02 1.237863900663110917e-02
7.292000000000000455e+02 1.246810610987125756e-02
7.294000000000000909e+02 1.247737014120617327e-02
7.296000000000000227e+02 1.239056849211779554e-02
7.297999999999999545e+02 1.222545849189002332e-02
7.300000000000000000e+02 1.198724081888963289e-02
7.302000000000000455e+02 1.165022778870866693e-02
7.304000000000000909e+02 1.119225931793414730e-02
7.306000000000000227e+02 1.062361533225711363e-02
7.307999999999999545e+02 9.999686221394077368e-03
7.310000000000000000e+02 9.407895502360680284e-03
7.312000000000000455e+02 8.943094081932487227e-03
7.314000000000000909e+02 8.687391214261735994e-03
7.316000000000000227e+02 8.670647913042728305e-03
7.317999999999999545e+02 8.863281328963482086e-03
7.320000000000000000e+02 9.180478914865883300e-03
7.322000000000000455e+02 9.522316779694048328e-03
7.324000000000000909e+02 9.800545247303629748e-03
7.326000000000000227e+02 9.949335290827782119e-03
7.327999999999999545e+02 9.925293290824171999e-03
7.330000000000000000e+02 9.725313386363190760e-03
7.332000000000000455e+02 9.388004294357002455e-03
7.334000000000000909e+02 8.966049014107996262e-03
7.336000000000000227e+02 8.516044099745490037e-03
7.337999999999999545e+02 8.093376610176172825e-03
7.340000000000000000e+02 7.745058842773044905e-03
7.342000000000000455e+02 7.501135766590324994e-03
7.344000000000000909e+02 7.370337875124324811e-03
7.346000000000000227e+02 7.338061777035290167e-03
7.347999999999999545e+02 7.393869347288653526e-03
7.350000000000000000e+02 7.535225439436882278e-03
7.352000000000000455e+02 7.746109846772361585e-03
7.354000000000000909e+02 7.972118475910880409e-03
7.356000000000000227e+02 8.124314436437282683e-03
7.357999999999999545e+02 8.120037433910584634e-03
7.360000000000000000e+02 7.920453578740105360e-03
7.362000000000000455e+02 7.540354170145827095e-03
7.364000000000000909e+02 7.041918465502228219e-03
7.366000000000000227e+02 6.517183829966785580e-03
7.367999999999999545e+02 6.069560048645894490e-03
7.370000000000000000e+02 5.774371327475061322e-03
7.372000000000000455e+02 5.649467797636795185e-03
7.374000000000000909e+02 5.659597771348237605e-03
7.376000000000000227e+02 5.748975499891437191e-03
7.377999999999999545e+02 5.854611361892511634e-03
7.380000000000000000e+02 5.912378042285129642e-03
7.382000000000000455e+02 5.866128546182916570e-03
7.384000000000000909e+02 5.707863520460085272e-03
7.386000000000000227e+02 5.484192971385498661e-03
7.387999999999999545e+02 5.285761592401752584e-03
7.390000000000000000e+02 5.179543641621264793e-03
7.392000000000000455e+02 5.193236260058284315e-03
7.394000000000000909e+02 5.317619212114960137e-03
7.396000000000000227e+02 5.521032990601262846e-03
7.397999999999999545e+02 5.753285551050105195e-03
7.400000000000000000e+02 5.946480380509724939e-03
7.402000000000000455e+02 6.052971178690094711e-03
7.404000000000000909e+02 6.050497859337852780e-03
7.406000000000000227e+02 5.935635284218601648e-03
7.407999999999999545e+02 5.716888591173363565e-03
7.410000000000000000e+02 5.420914931530060321e-03
7.412000000000000455e+02 5.108575908623513850e-03
7.414000000000000909e+02 4.838410023257827541e-03
7.416000000000000227e+02 4.643504936019324236e-03
7.417999999999999545e+02 4.502235141951346775e-03
7.420000000000000000e+02 4.385051571452719399e-03
7.422000000000000455e+02 4.268484312029766081e-03
7.424000000000000909e+02 4.141343581670148266e-03
7.426000000000000227e+02 3.984745595358094028e-03
7.427999999999999545e+02 3.784783038811738443e-03
7.430000000000000000e+02 3.561885314151316817e-03
7.432000000000000455e+02 3.349962840308917666e-03
7.434000000000000909e+02 3.175899674564115760e-03
7.436000000000000227e+02 3.033452134228335761e-03
7.437999999999999545e+02 2.914647827256075518e-03
7.440000000000000000e+02 2.815755109786356736e-03
7.442000000000000455e+02 2.737712819395422825e-03
7.444000000000000909e+02 2.688172728988774685e-03
7.446000000000000227e+02 2.678946927509764930e-03
7.447999999999999545e+02 2.721646349579796842e-03
7.450000000000000000e+02 2.822185011981545588e-03
7.452000000000000455e+02 2.989377760788190785e-03
7.454000000000000909e+02 3.244259790032746893e-03
7.456000000000000227e+02 3.565919414187837533e-03
7.457999999999999545e+02 3.886728242235765185e-03
7.460000000000000000e+02 4.098382432459191094e-03
7.462000000000000455e+02 4.130597413337364077e-03
7.464000000000000909e+02 3.971355038644541757e-03
7.466000000000000227e+02 3.680033931697621052e-03
7.467999999999999545e+02 3.322893890163658437e-03
7.470000000000000000e+02 2.954317686258520204e-03
7.472000000000000455e+02 2.606704107617457966e-03
7.474000000000000909e+02 2.314443030122632916e-03
7.476000000000000227e+02 2.114506901520527005e-03
7.477999999999999545e+02 2.039355143328619446e-03
7.480000000000000000e+02 2.083957284689602618e-03
7.482000000000000455e+02 2.195300556646975765e-03
7.484000000000000909e+02 2.268265645488647120e-03
7.486000000000000227e+02 2.236863895261717583e-03
7.487999999999999545e+02 2.084498213851850024e-03
7.490000000000000000e+02 1.842792283046360002e-03
7.492000000000000455e+02 1.538752777762344981e-03
7.494000000000000909e+02 1.184695413555404697e-03
7.496000000000000227e+02 7.795535753980092908e-04
7.497999999999999545e+02 3.601277589502724363e-04
7.500000000000000000e+02 0.000000000000000000e+00
