4.000000000000000000e+02 1.532156560313809868e-01
4.001999999999999886e+02 1.560589231544743660e-01
4.003999999999999773e+02 1.592317564161249699e-01
4.006000000000000227e+02 1.627445647924072591e-01
4.008000000000000114e+02 1.665851072745754280e-01
4.010000000000000000e+02 1.707152302322239579e-01
4.011999999999999886e+02 1.750850666400220190e-01
4.013999999999999773e+02 1.796541139704591061e-01
4.016000000000000227e+02 1.844095652010568909e-01
4.018000000000000114e+02 1.893262254622988250e-01
4.020000000000000000e+02 1.943871504674795914e-01
4.021999999999999886e+02 1.996243784281046818e-01
4.023999999999999773e+02 2.051465978310275662e-01
4.026000000000000227e+02 2.109881935902599703e-01
4.028000000000000114e+02 2.171702116440601682e-01
4.030000000000000000e+02 2.237246613519070781e-01
4.031999999999999886e+02 2.306113809718624008e-01
4.033999999999999773e+02 2.377814806483875554e-01
4.036000000000000227e+02 2.452210935122031699e-01
4.038000000000000114e+02 2.529468923584798912e-01
4.040000000000000000e+02 2.609438631251706497e-01
4.041999999999999886e+02 2.692025889113021653e-01
4.043999999999999773e+02 2.777968519422888694e-01
4.046000000000000227e+02 2.868120657284142228e-01
4.048000000000000114e+02 2.960471388165496487e-01
4.050000000000000000e+02 3.055839634898941948e-01
4.051999999999999886e+02 3.155381982357388093e-01
4.053999999999999773e+02 3.257966265456033184e-01
4.056000000000000227e+02 3.364200458397182958e-01
4.058000000000000114e+02 3.473955821096408880e-01
4.060000000000000000e+02 3.586780790271190122e-01
4.061999999999999886e+02 3.703349436960370333e-01
4.063999999999999773e+02 3.822794143498177144e-01
4.066000000000000227e+02 3.944981369518994474e-01
4.068000000000000114e+02 4.070466112152751892e-01
4.070000000000000000e+02 4.198096143504403410e-01
4.071999999999999886e+02 4.328555444948596342e-01
4.073999999999999773e+02 4.462440521114606762e-01
4.076000000000000227e+02 4.599270284535357245e-01
4.078000000000000114e+02 4.740188369346719499e-01
4.080000000000000000e+02 4.884903986547434185e-01
4.081999999999999886e+02 5.032873951205080187e-01
4.083999999999999773e+02 5.184828224673195818e-01
4.086000000000000227e+02 5.339490862718606623e-01
4.088000000000000114e+02 5.496762500788809902e-01
4.090000000000000000e+02 5.657067494406218255e-01
4.091999999999999886e+02 5.818610893217750490e-01
4.093999999999999773e+02 5.981606803980222820e-01
4.096000000000000227e+02 6.145905966400958542e-01
4.098000000000000114e+02 6.310587719987995614e-01
4.100000000000000000e+02 6.476927695060172852e-01
4.101999999999999886e+02 6.644382161504054363e-01
4.103999999999999773e+02 6.812579147143578151e-01
4.106000000000000227e+02 6.982648759719808362e-01
4.108000000000000114e+02 7.153094860180756465e-01
4.110000000000000000e+02 7.323919509792918836e-01
4.111999999999999886e+02 7.495460483343410196e-01
4.113999999999999773e+02 7.665863948158795349e-01
4.116000000000000227e+02 7.835494646732076296e-01
4.118000000000000114e+02 8.003926393707534448e-01
4.120000000000000000e+02 8.170118901050011928e-01
4.121999999999999886e+02 8.335438864985659224e-01
4.123999999999999773e+02 8.499328644322949877e-01
4.126000000000000227e+02 8.661402916359771664e-01
4.128000000000000114e+02 8.822267530859759788e-01
4.130000000000000000e+02 8.980412722030096662e-01
4.131999999999999886e+02 9.136050581769443735e-01
4.133999999999999773e+02 9.289498604817785221e-01
4.136000000000000227e+02 9.439353557015828233e-01
4.138000000000000114e+02 9.586226545316534065e-01
4.140000000000000000e+02 9.729894234664659969e-01
4.141999999999999886e+02 9.869859278241880363e-01
4.143999999999999773e+02 1.000747759708678908e+00
4.146000000000000227e+02 1.014237418448201922e+00
4.148000000000000114e+02 1.027451626584753752e+00
4.150000000000000000e+02 1.040433256014160257e+00
4.151999999999999886e+02 1.053012080572508058e+00
4.153999999999999773e+02 1.065179480228504394e+00
4.156000000000000227e+02 1.076936767817261886e+00
4.158000000000000114e+02 1.088190695993260348e+00
4.160000000000000000e+02 1.099026612542668646e+00
4.161999999999999886e+02 1.109464613167237212e+00
4.163999999999999773e+02 1.119525277816930453e+00
4.166000000000000227e+02 1.129345659283216063e+00
4.168000000000000114e+02 1.138886231933589288e+00
4.170000000000000000e+02 1.148122834060002484e+00
4.171999999999999886e+02 1.157066097836821239e+00
4.173999999999999773e+02 1.165641561796499248e+00
4.176000000000000227e+02 1.173880554225503747e+00
4.178000000000000114e+02 1.181784690189796816e+00
4.180000000000000000e+02 1.189291351122568452e+00
4.181999999999999886e+02 1.196454843462532391e+00
4.183999999999999773e+02 1.203231331672134141e+00
4.186000000000000227e+02 1.209548734839728912e+00
4.188000000000000114e+02 1.215390972076457299e+00
4.190000000000000000e+02 1.220663423585324203e+00
4.191999999999999886e+02 1.225359642523035086e+00
4.193999999999999773e+02 1.229554241763982425e+00
4.196000000000000227e+02 1.233311200208956349e+00
4.198000000000000114e+02 1.236734008371702664e+00
4.200000000000000000e+02 1.239873473892840305e+00
4.201999999999999886e+02 1.242719948939052799e+00
4.203999999999999773e+02 1.245291289940110513e+00
4.206000000000000227e+02 1.247581147102443611e+00
4.208000000000000114e+02 1.249531119362052189e+00
4.210000000000000000e+02 1.251051765886864731e+00
4.211999999999999886e+02 1.252126688105197561e+00
4.213999999999999773e+02 1.252775515355639691e+00
4.216000000000000227e+02 1.253052319346747323e+00
4.218000000000000114e+02 1.253042692556520787e+00
4.220000000000000000e+02 1.252789982074993924e+00
4.221999999999999886e+02 1.252297738285158779e+00
4.223999999999999773e+02 1.251566842214200781e+00
4.226000000000000227e+02 1.250640398989291802e+00
4.228000000000000114e+02 1.249538138196667258e+00
4.230000000000000000e+02 1.248247445684524948e+00
4.231999999999999886e+02 1.246730855563108031e+00
4.233999999999999773e+02 1.244946854563425687e+00
4.236000000000000227e+02 1.242891865327034218e+00
4.238000000000000114e+02 1.240560830527457581e+00
4.240000000000000000e+02 1.237929831218695709e+00
4.241999999999999886e+02 1.235048366282704979e+00
4.243999999999999773e+02 1.231936960120279201e+00
4.246000000000000227e+02 1.228594016143725209e+00
4.248000000000000114e+02 1.225047943463850153e+00
4.250000000000000000e+02 1.221316327849510275e+00
4.251999999999999886e+02 1.217430347140287417e+00
4.253999999999999773e+02 1.213414539692116989e+00
4.256000000000000227e+02 1.209234421604786336e+00
4.258000000000000114e+02 1.204925721535188954e+00
4.260000000000000000e+02 1.200515823702336338e+00
4.261999999999999886e+02 1.195986583801733616e+00
4.263999999999999773e+02 1.191375866808535244e+00
4.266000000000000227e+02 1.186657856417195012e+00
4.268000000000000114e+02 1.181778095611879964e+00
4.270000000000000000e+02 1.176713372426325899e+00
4.271999999999999886e+02 1.171415897632671621e+00
4.273999999999999773e+02 1.165931719465562955e+00
4.276000000000000227e+02 1.160345632447760122e+00
4.278000000000000114e+02 1.154643661222558348e+00
4.280000000000000000e+02 1.148883264063902621e+00
4.281999999999999886e+02 1.143093951029875210e+00
4.283999999999999773e+02 1.137255581318240560e+00
4.286000000000000227e+02 1.131405059558047377e+00
4.288000000000000114e+02 1.125509331543258273e+00
4.290000000000000000e+02 1.119536708317262930e+00
4.291999999999999886e+02 1.113503667852081769e+00
4.293999999999999773e+02 1.107351123322288799e+00
4.296000000000000227e+02 1.101086084488806405e+00
4.298000000000000114e+02 1.094738061427712239e+00
4.300000000000000000e+02 1.088272233453683180e+00
4.301999999999999886e+02 1.081730105579292056e+00
4.303999999999999773e+02 1.075123020897639003e+00
4.306000000000000227e+02 1.068443388040717590e+00
4.308000000000000114e+02 1.061770569831530731e+00
4.310000000000000000e+02 1.055110205269212953e+00
4.311999999999999886e+02 1.048456654590725234e+00
4.313999999999999773e+02 1.041806645924574726e+00
4.316000000000000227e+02 1.035046252492044516e+00
4.318000000000000114e+02 1.028161888860705586e+00
4.320000000000000000e+02 1.021167387197098542e+00
4.321999999999999886e+02 1.014019835813085857e+00
4.323999999999999773e+02 1.006791382293883208e+00
4.326000000000000227e+02 9.995137794453031743e-01
4.328000000000000114e+02 9.921933794905727355e-01
4.330000000000000000e+02 9.848968025904142332e-01
4.331999999999999886e+02 9.775734030882726744e-01
4.333999999999999773e+02 9.702033617695939860e-01
4.336000000000000227e+02 9.628141301189785395e-01
4.338000000000000114e+02 9.553358140667528309e-01
4.340000000000000000e+02 9.478216831236870865e-01
4.341999999999999886e+02 9.403297654759777968e-01
4.343999999999999773e+02 9.328433600711751872e-01
4.346000000000000227e+02 9.254295989939899103e-01
4.348000000000000114e+02 9.180820968064165033e-01
4.350000000000000000e+02 9.107631901211278302e-01
4.351999999999999886e+02 9.034816357353033789e-01
4.353999999999999773e+02 8.961518371171406372e-01
4.356000000000000227e+02 8.887309373637685139e-01
4.358000000000000114e+02 8.812884661904759609e-01
4.360000000000000000e+02 8.739701961919409401e-01
4.361999999999999886e+02 8.667364925802268916e-01
4.363999999999999773e+02 8.595023012235515347e-01
4.366000000000000227e+02 8.522476412248974897e-01
4.368000000000000114e+02 8.449838040758779201e-01
4.370000000000000000e+02 8.377123825584871231e-01
4.371999999999999886e+02 8.304422377618286832e-01
4.373999999999999773e+02 8.232190568939766750e-01
4.376000000000000227e+02 8.160433547339310811e-01
4.378000000000000114e+02 8.089263652440383812e-01
4.380000000000000000e+02 8.019015972484663246e-01
4.381999999999999886e+02 7.949263835743159978e-01
4.383999999999999773e+02 7.879638367479326888e-01
4.386000000000000227e+02 7.809779283502702452e-01
4.388000000000000114e+02 7.739059901717757484e-01
4.390000000000000000e+02 7.667693588246865533e-01
4.391999999999999886e+02 7.596249020782692707e-01
4.393999999999999773e+02 7.525279564240781038e-01
4.396000000000000227e+02 7.455417433318443088e-01
4.398000000000000114e+02 7.387103409247552932e-01
4.400000000000000000e+02 7.320356331743775868e-01
4.401999999999999886e+02 7.254670525455084729e-01
4.403999999999999773e+02 7.189775154007176372e-01
4.406000000000000227e+02 7.125288255830151130e-01
4.408000000000000114e+02 7.060656970594967330e-01
4.410000000000000000e+02 6.995792714297706105e-01
4.411999999999999886e+02 6.930513230025190374e-01
4.413999999999999773e+02 6.864765407796696861e-01
4.416000000000000227e+02 6.798999519451935925e-01
4.418000000000000114e+02 6.733111016499649937e-01
4.420000000000000000e+02 6.666935606015929050e-01
4.421999999999999886e+02 6.600617034492514135e-01
4.423999999999999773e+02 6.534510514810212278e-01
4.426000000000000227e+02 6.468771348470754301e-01
4.428000000000000114e+02 6.403650722376358351e-01
4.430000000000000000e+02 6.339885273375575059e-01
4.431999999999999886e+02 6.277695838135245454e-01
4.433999999999999773e+02 6.217006242083474854e-01
4.436000000000000227e+02 6.157539891411171196e-01
4.438000000000000114e+02 6.098571452485632705e-01
4.440000000000000000e+02 6.039808703728474226e-01
4.441999999999999886e+02 5.981207943538932037e-01
4.443999999999999773e+02 5.922507471615110486e-01
4.446000000000000227e+02 5.863772251201345709e-01
4.448000000000000114e+02 5.805046073674049456e-01
4.450000000000000000e+02 5.746342292456657619e-01
4.451999999999999886e+02 5.688236191065153546e-01
4.453999999999999773e+02 5.630929525460157681e-01
4.456000000000000227e+02 5.574274927790304757e-01
4.458000000000000114e+02 5.518120618959749812e-01
4.460000000000000000e+02 5.462266055895340644e-01
4.461999999999999886e+02 5.406511384385900287e-01
4.463999999999999773e+02 5.350840110171262154e-01
4.466000000000000227e+02 5.295751598106166469e-01
4.468000000000000114e+02 5.241250526304754853e-01
4.470000000000000000e+02 5.187109265538722980e-01
4.471999999999999886e+02 5.133476356102655291e-01
4.473999999999999773e+02 5.080584784743766846e-01
4.476000000000000227e+02 5.028773003213711235e-01
4.478000000000000114e+02 4.978269883108964455e-01
4.480000000000000000e+02 4.928594640394297066e-01
4.481999999999999886e+02 4.879392364296945006e-01
4.483999999999999773e+02 4.830419078784331521e-01
4.486000000000000227e+02 4.781374385624658219e-01
4.488000000000000114e+02 4.732550577363233701e-01
4.490000000000000000e+02 4.684191050931388878e-01
4.491999999999999886e+02 4.636225005372187069e-01
4.493999999999999773e+02 4.588621209404380452e-01
4.496000000000000227e+02 4.541556194014435555e-01
4.498000000000000114e+02 4.495247659010808694e-01
4.500000000000000000e+02 4.449725817600743150e-01
4.501999999999999886e+02 4.404905802694070172e-01
4.503999999999999773e+02 4.360403463118260325e-01
4.506000000000000227e+02 4.315726054128372069e-01
4.508000000000000114e+02 4.270979162592207223e-01
4.510000000000000000e+02 4.226253205739920471e-01
4.511999999999999886e+02 4.181689412792877203e-01
4.513999999999999773e+02 4.137631102492414503e-01
4.516000000000000227e+02 4.094008887403328134e-01
4.518000000000000114e+02 4.050790996529679555e-01
4.520000000000000000e+02 4.008229436688127700e-01
4.521999999999999886e+02 3.966743170862225831e-01
4.523999999999999773e+02 3.926348783951154608e-01
4.526000000000000227e+02 3.886793305151976519e-01
4.528000000000000114e+02 3.847844093147017586e-01
4.530000000000000000e+02 3.809242826489190881e-01
4.531999999999999886e+02 3.770988032667594303e-01
4.533999999999999773e+02 3.733229164931033961e-01
4.536000000000000227e+02 3.695695310810515610e-01
4.538000000000000114e+02 3.658338190062846440e-01
4.540000000000000000e+02 3.621381476991432091e-01
4.541999999999999886e+02 3.585198859218084455e-01
4.543999999999999773e+02 3.550270849010269680e-01
4.546000000000000227e+02 3.516595390484287820e-01
4.548000000000000114e+02 3.483626901876347715e-01
4.550000000000000000e+02 3.450834726252788309e-01
4.551999999999999886e+02 3.417622833958944284e-01
4.553999999999999773e+02 3.383621007157930349e-01
4.556000000000000227e+02 3.348953859972559344e-01
4.558000000000000114e+02 3.313819818396260830e-01
4.560000000000000000e+02 3.278363364840412575e-01
4.561999999999999886e+02 3.242821500537199642e-01
4.563999999999999773e+02 3.207895368110414980e-01
4.566000000000000227e+02 3.174018434771045394e-01
4.568000000000000114e+02 3.141263181827008144e-01
4.570000000000000000e+02 3.109418551864406854e-01
4.571999999999999886e+02 3.078046602098500895e-01
4.573999999999999773e+02 3.046994976589912918e-01
4.576000000000000227e+02 3.016412166437691944e-01
4.578000000000000114e+02 2.986242330127801270e-01
4.580000000000000000e+02 2.956478397036525485e-01
4.581999999999999886e+02 2.927072721361426155e-01
4.583999999999999773e+02 2.897822474717832164e-01
4.586000000000000227e+02 2.868595428568181949e-01
4.588000000000000114e+02 2.839545527757783572e-01
4.590000000000000000e+02 2.810997862661822055e-01
4.591999999999999886e+02 2.783004419117117711e-01
4.593999999999999773e+02 2.755585656688032126e-01
4.596000000000000227e+02 2.728688568051209629e-01
4.598000000000000114e+02 2.702160398566665345e-01
4.600000000000000000e+02 2.676099753466397169e-01
4.601999999999999886e+02 2.650448462715818687e-01
4.603999999999999773e+02 2.624945306509525733e-01
4.606000000000000227e+02 2.599471123398797157e-01
4.608000000000000114e+02 2.574036624947524943e-01
4.610000000000000000e+02 2.549175909702627862e-01
4.611999999999999886e+02 2.526048372372147188e-01
4.613999999999999773e+02 2.504986524001028836e-01
4.616000000000000227e+02 2.485519301947797244e-01
4.618000000000000114e+02 2.466723137985120662e-01
4.620000000000000000e+02 2.447804704664698350e-01
4.621999999999999886e+02 2.427977533294480850e-01
4.623999999999999773e+02 2.406662556439195799e-01
4.626000000000000227e+02 2.383690177080771688e-01
4.628000000000000114e+02 2.359148883503368044e-01
4.630000000000000000e+02 2.333564228857012424e-01
4.631999999999999886e+02 2.307782654979816106e-01
4.633999999999999773e+02 2.282533390073082369e-01
4.636000000000000227e+02 2.258334276446643252e-01
4.638000000000000114e+02 2.235095447885598330e-01
4.640000000000000000e+02 2.212020372835688808e-01
4.641999999999999886e+02 2.188830981403806497e-01
4.643999999999999773e+02 2.165729661255590688e-01
4.646000000000000227e+02 2.143186935266980508e-01
4.648000000000000114e+02 2.121623751227420807e-01
4.650000000000000000e+02 2.101259546754538354e-01
4.651999999999999886e+02 2.082129828709151365e-01
4.653999999999999773e+02 2.064123656062678003e-01
4.656000000000000227e+02 2.046996405052050050e-01
4.658000000000000114e+02 2.030368819810627334e-01
4.660000000000000000e+02 2.013814375877357177e-01
4.661999999999999886e+02 1.997046017192653511e-01
4.663999999999999773e+02 1.979959832097403227e-01
4.666000000000000227e+02 1.962628614633109281e-01
4.668000000000000114e+02 1.945233978132746011e-01
4.670000000000000000e+02 1.927809490564211248e-01
4.671999999999999886e+02 1.910390907170452512e-01
4.673999999999999773e+02 1.892998218799004928e-01
4.676000000000000227e+02 1.875498943116374329e-01
4.678000000000000114e+02 1.857956470098729163e-01
4.680000000000000000e+02 1.840476040240939248e-01
4.681999999999999886e+02 1.823070964253624693e-01
4.683999999999999773e+02 1.805913455055341843e-01
4.686000000000000227e+02 1.789197847726192170e-01
4.688000000000000114e+02 1.773154289456311816e-01
4.690000000000000000e+02 1.758157648410662022e-01
4.691999999999999886e+02 1.744369829965318475e-01
4.693999999999999773e+02 1.731580589269893500e-01
4.696000000000000227e+02 1.719227102127166007e-01
4.698000000000000114e+02 1.706844415035321527e-01
4.700000000000000000e+02 1.694038548296089297e-01
4.701999999999999886e+02 1.680507608201127212e-01
4.703999999999999773e+02 1.666136084271317985e-01
4.706000000000000227e+02 1.650998768378613424e-01
4.708000000000000114e+02 1.635487635650499927e-01
4.710000000000000000e+02 1.620280077966998189e-01
4.711999999999999886e+02 1.605742668075806345e-01
4.713999999999999773e+02 1.591981125940775954e-01
4.716000000000000227e+02 1.578873440582841681e-01
4.718000000000000114e+02 1.566079139732571845e-01
4.720000000000000000e+02 1.553250973095419707e-01
4.721999999999999886e+02 1.540234299375594085e-01
4.723999999999999773e+02 1.527124848362100273e-01
4.726000000000000227e+02 1.513956910056669658e-01
4.728000000000000114e+02 1.500883642104187121e-01
4.730000000000000000e+02 1.488101881497026213e-01
4.731999999999999886e+02 1.475589498493538321e-01
4.733999999999999773e+02 1.463228928132485618e-01
4.736000000000000227e+02 1.450848313311079996e-01
4.738000000000000114e+02 1.438269766897798396e-01
4.740000000000000000e+02 1.425443654157801388e-01
4.741999999999999886e+02 1.412411801957249302e-01
4.743999999999999773e+02 1.399371247144088060e-01
4.746000000000000227e+02 1.386761177535273948e-01
4.748000000000000114e+02 1.374785520871318056e-01
4.750000000000000000e+02 1.363444670793261537e-01
4.751999999999999886e+02 1.352627123741214632e-01
4.753999999999999773e+02 1.342135679801910175e-01
4.756000000000000227e+02 1.331726406771304716e-01
4.758000000000000114e+02 1.321213119810574210e-01
4.760000000000000000e+02 1.310592230435558558e-01
4.761999999999999886e+02 1.299768172521448828e-01
4.763999999999999773e+02 1.288643937811713158e-01
4.766000000000000227e+02 1.277230104099222885e-01
4.768000000000000114e+02 1.265652691237451055e-01
4.770000000000000000e+02 1.254180170457314114e-01
4.771999999999999886e+02 1.243082929493372069e-01
4.773999999999999773e+02 1.232414960661259162e-01
4.776000000000000227e+02 1.222278548828945599e-01
4.778000000000000114e+02 1.212780726754142946e-01
4.780000000000000000e+02 1.203905380114353996e-01
4.781999999999999886e+02 1.195316409394301671e-01
4.783999999999999773e+02 1.186651157650749633e-01
4.786000000000000227e+02 1.177644532742709027e-01
4.788000000000000114e+02 1.168169868429647651e-01
4.790000000000000000e+02 1.158313346160021184e-01
4.791999999999999886e+02 1.148274873117066941e-01
4.793999999999999773e+02 1.138278431635423860e-01
4.796000000000000227e+02 1.128527681771700208e-01
4.798000000000000114e+02 1.119116683153422165e-01
4.800000000000000000e+02 1.110092435767884855e-01
4.801999999999999886e+02 1.101547758892553741e-01
4.803999999999999773e+02 1.093253878275516344e-01
4.806000000000000227e+02 1.084882783491984415e-01
4.808000000000000114e+02 1.076244353552849864e-01
4.810000000000000000e+02 1.067391886365646470e-01
4.811999999999999886e+02 1.058449143202528919e-01
4.813999999999999773e+02 1.049528936452022165e-01
4.816000000000000227e+02 1.040703492567692512e-01
4.818000000000000114e+02 1.032045004604710547e-01
4.820000000000000000e+02 1.023653560264459195e-01
4.821999999999999886e+02 1.015643362725388299e-01
4.823999999999999773e+02 1.008043775710156797e-01
4.826000000000000227e+02 1.000804695289572444e-01
4.828000000000000114e+02 9.937428758121025218e-02
4.830000000000000000e+02 9.865263206153671027e-02
4.831999999999999886e+02 9.792038381410450576e-02
4.833999999999999773e+02 9.720050473657054768e-02
4.836000000000000227e+02 9.651051188458212304e-02
4.838000000000000114e+02 9.584857545215194619e-02
4.840000000000000000e+02 9.519448228375648746e-02
4.841999999999999886e+02 9.452533565107235081e-02
4.843999999999999773e+02 9.383840180295321964e-02
4.846000000000000227e+02 9.314984076395707580e-02
4.848000000000000114e+02 9.247606087926940610e-02
4.850000000000000000e+02 9.182275012911475520e-02
4.851999999999999886e+02 9.118961152322549446e-02
4.853999999999999773e+02 9.058012149421265646e-02
4.856000000000000227e+02 9.000281348437177975e-02
4.858000000000000114e+02 8.946533323065536392e-02
4.860000000000000000e+02 8.895125247819127279e-02
4.861999999999999886e+02 8.843225169139037889e-02
4.863999999999999773e+02 8.788243054807520771e-02
4.866000000000000227e+02 8.729332289588759286e-02
4.868000000000000114e+02 8.669147314432562590e-02
4.870000000000000000e+02 8.611747573656422516e-02
4.871999999999999886e+02 8.558794826122465005e-02
4.873999999999999773e+02 8.509188619884472393e-02
4.876000000000000227e+02 8.461674999690135812e-02
4.878000000000000114e+02 8.415935185167769395e-02
4.880000000000000000e+02 8.370672164408080040e-02
4.881999999999999886e+02 8.323212324525194883e-02
4.883999999999999773e+02 8.271083842938781183e-02
4.886000000000000227e+02 8.214275149884103788e-02
4.888000000000000114e+02 8.154553821929230728e-02
4.890000000000000000e+02 8.094375389739219551e-02
4.891999999999999886e+02 8.036286837547995665e-02
4.893999999999999773e+02 7.982773279404792310e-02
4.896000000000000227e+02 7.934019660482344305e-02
4.898000000000000114e+02 7.888828832318858786e-02
4.900000000000000000e+02 7.846659375233933087e-02
4.901999999999999886e+02 7.807218329942847146e-02
4.903999999999999773e+02 7.769763575861005078e-02
4.906000000000000227e+02 7.732887263578608339e-02
4.908000000000000114e+02 7.695221016100017852e-02
4.910000000000000000e+02 7.657409684040253350e-02
4.911999999999999886e+02 7.620570625185152380e-02
4.913999999999999773e+02 7.583654871876824299e-02
4.916000000000000227e+02 7.544502031266575592e-02
4.918000000000000114e+02 7.501447839799799122e-02
4.920000000000000000e+02 7.453838446821861585e-02
4.921999999999999886e+02 7.401053531820123155e-02
4.923999999999999773e+02 7.343914787068181460e-02
4.926000000000000227e+02 7.284499673625072225e-02
4.928000000000000114e+02 7.225324002314625904e-02
4.930000000000000000e+02 7.168871485408948030e-02
4.931999999999999886e+02 7.117391964871855325e-02
4.933999999999999773e+02 7.072850247265524692e-02
4.936000000000000227e+02 7.036812776534467906e-02
4.938000000000000114e+02 7.007950597847401042e-02
4.940000000000000000e+02 6.983273316084306903e-02
4.941999999999999886e+02 6.960488902765185615e-02
4.943999999999999773e+02 6.937656364673017162e-02
4.946000000000000227e+02 6.913316502369404315e-02
4.948000000000000114e+02 6.886762357092451881e-02
4.950000000000000000e+02 6.858406161732136241e-02
4.951999999999999886e+02 6.828940616351669712e-02
4.953999999999999773e+02 6.799182737193143478e-02
4.956000000000000227e+02 6.770090172436718512e-02
4.958000000000000114e+02 6.742256621678330286e-02
4.960000000000000000e+02 6.715227478650293014e-02
4.961999999999999886e+02 6.687546623011966784e-02
4.963999999999999773e+02 6.658042697013735745e-02
4.966000000000000227e+02 6.627852989734447919e-02
4.968000000000000114e+02 6.598907215144608762e-02
4.970000000000000000e+02 6.571507957984479287e-02
4.971999999999999886e+02 6.544712506697503152e-02
4.973999999999999773e+02 6.517163416623777961e-02
4.976000000000000227e+02 6.487812905549295017e-02
4.978000000000000114e+02 6.456756282144565651e-02
4.980000000000000000e+02 6.425373794444330655e-02
4.981999999999999886e+02 6.395483096254589439e-02
4.983999999999999773e+02 6.368308095285432624e-02
4.986000000000000227e+02 6.344562274679368952e-02
4.988000000000000114e+02 6.325328915865882640e-02
4.990000000000000000e+02 6.311924478719882492e-02
4.991999999999999886e+02 6.304082888323833678e-02
4.993999999999999773e+02 6.297579965526745038e-02
4.996000000000000227e+02 6.286232623421672550e-02
4.998000000000000114e+02 6.265275424794922166e-02
5.000000000000000000e+02 6.233675199106240156e-02
5.001999999999999886e+02 6.192872659320097090e-02
5.003999999999999773e+02 6.145473832336170034e-02
5.006000000000000227e+02 6.093962958615301712e-02
5.008000000000000114e+02 6.041479103660989808e-02
5.010000000000000000e+02 5.991900900853109474e-02
5.011999999999999886e+02 5.949319150714219712e-02
5.013999999999999773e+02 5.915842859305466689e-02
5.016000000000000227e+02 5.890634753427240883e-02
5.018000000000000114e+02 5.870182042532264693e-02
5.020000000000000000e+02 5.850263191225334863e-02
5.021999999999999886e+02 5.828939488027910093e-02
5.023999999999999773e+02 5.806129064615558194e-02
5.026000000000000227e+02 5.782172084928895867e-02
5.028000000000000114e+02 5.756623875254288786e-02
5.030000000000000000e+02 5.729477644747692916e-02
5.031999999999999886e+02 5.701833434044097787e-02
5.033999999999999773e+02 5.675714603471434389e-02
5.036000000000000227e+02 5.652541593598541664e-02
5.038000000000000114e+02 5.632134743884003453e-02
5.040000000000000000e+02 5.612134765842319989e-02
5.041999999999999886e+02 5.589110643579680432e-02
5.043999999999999773e+02 5.561391979888511555e-02
5.046000000000000227e+02 5.529962280510423295e-02
5.048000000000000114e+02 5.497202192037920626e-02
5.050000000000000000e+02 5.464534351375441995e-02
5.051999999999999886e+02 5.432767656862868416e-02
5.053999999999999773e+02 5.403143501698760148e-02
5.056000000000000227e+02 5.377853790535274542e-02
5.058000000000000114e+02 5.358954976347370808e-02
5.060000000000000000e+02 5.346965347420435527e-02
5.061999999999999886e+02 5.338988622621684138e-02
5.063999999999999773e+02 5.330225737987518558e-02
5.066000000000000227e+02 5.316557326252984578e-02
5.068000000000000114e+02 5.296777985394838378e-02
5.070000000000000000e+02 5.271940268755694742e-02
5.071999999999999886e+02 5.242930611205395136e-02
5.073999999999999773e+02 5.209945029925282939e-02
5.076000000000000227e+02 5.173889766328374634e-02
5.078000000000000114e+02 5.137138500843854011e-02
5.080000000000000000e+02 5.102703732668071451e-02
5.081999999999999886e+02 5.072826175563344836e-02
5.083999999999999773e+02 5.047055256462120582e-02
5.086000000000000227e+02 5.022754565568438717e-02
5.088000000000000114e+02 4.997181207489064664e-02
5.090000000000000000e+02 4.971258985974397887e-02
5.091999999999999886e+02 4.947428699464278407e-02
5.093999999999999773e+02 4.927091855637349277e-02
5.096000000000000227e+02 4.908982770423008651e-02
5.098000000000000114e+02 4.891328405677728558e-02
5.100000000000000000e+02 4.873730378997299245e-02
5.101999999999999886e+02 4.856824281606799548e-02
5.103999999999999773e+02 4.839969119486017129e-02
5.106000000000000227e+02 4.821995966091156133e-02
5.108000000000000114e+02 4.801687604244660873e-02
5.110000000000000000e+02 4.778341239739921503e-02
5.111999999999999886e+02 4.752971067568403235e-02
5.113999999999999773e+02 4.727659349442565190e-02
5.116000000000000227e+02 4.704133917768282130e-02
5.118000000000000114e+02 4.681673743135451177e-02
5.120000000000000000e+02 4.659287451004057862e-02
5.122000000000000455e+02 4.637253928133736741e-02
5.123999999999999773e+02 4.617675085679625452e-02
5.126000000000000227e+02 4.602118186769622171e-02
5.127999999999999545e+02 4.590451763308852490e-02
5.130000000000000000e+02 4.581073305034744775e-02
5.132000000000000455e+02 4.572169958996850220e-02
5.133999999999999773e+02 4.561556241923601235e-02
5.136000000000000227e+02 4.547079948719365966e-02
5.137999999999999545e+02 4.527066920076141393e-02
5.140000000000000000e+02 4.500439200752697627e-02
5.142000000000000455e+02 4.467555980470361982e-02
5.143999999999999773e+02 4.430847334146011118e-02
5.146000000000000227e+02 4.395075675262460901e-02
5.147999999999999545e+02 4.364223984613184448e-02
5.150000000000000000e+02 4.339982425161141577e-02
5.152000000000000455e+02 4.321201149045202083e-02
5.153999999999999773e+02 4.305449765178225724e-02
5.156000000000000227e+02 4.289456541761774155e-02
5.157999999999999545e+02 4.269890784571134940e-02
5.160000000000000000e+02 4.244726988122411032e-02
5.162000000000000455e+02 4.213401615152152779e-02
5.163999999999999773e+02 4.177004468388829939e-02
5.166000000000000227e+02 4.138459979763101787e-02
5.167999999999999545e+02 4.102313040476212452e-02
5.170000000000000000e+02 4.072478670680580726e-02
5.172000000000000455e+02 4.051242190468196808e-02
5.173999999999999773e+02 4.039003343653475853e-02
5.176000000000000227e+02 4.034100094903514400e-02
5.177999999999999545e+02 4.033259961561915657e-02
5.180000000000000000e+02 4.032361655940042144e-02
5.182000000000000455e+02 4.028028431683761817e-02
5.183999999999999773e+02 4.018205203311312618e-02
5.186000000000000227e+02 4.001877285455612832e-02
5.187999999999999545e+02 3.978380723795690854e-02
5.190000000000000000e+02 3.948733294072611505e-02
5.192000000000000455e+02 3.915274566607467033e-02
5.193999999999999773e+02 3.880858361578991278e-02
5.196000000000000227e+02 3.847579434081378758e-02
5.197999999999999545e+02 3.817707456494984913e-02
5.200000000000000000e+02 3.793349198558317731e-02
5.202000000000000455e+02 3.775066609344097934e-02
5.203999999999999773e+02 3.762029856998422989e-02
5.206000000000000227e+02 3.752680586643162425e-02
5.207999999999999545e+02 3.745231194939441233e-02
5.210000000000000000e+02 3.737713178405328157e-02
5.212000000000000455e+02 3.728451813683263810e-02
5.213999999999999773e+02 3.716863189086017788e-02
5.216000000000000227e+02 3.704396647357294931e-02
5.217999999999999545e+02 3.692877936288191387e-02
5.220000000000000000e+02 3.682680854319161229e-02
5.222000000000000455e+02 3.671751635719380097e-02
5.223999999999999773e+02 3.656927081069477614e-02
5.226000000000000227e+02 3.635588094724681585e-02
5.227999999999999545e+02 3.606182757589421889e-02
5.230000000000000000e+02 3.568357471985066781e-02
5.232000000000000455e+02 3.524349817034453519e-02
5.233999999999999773e+02 3.478451845459719360e-02
5.236000000000000227e+02 3.436303101806686272e-02
5.237999999999999545e+02 3.403946229814368285e-02
5.240000000000000000e+02 3.381544526765566105e-02
5.242000000000000455e+02 3.358859740401099608e-02
5.243999999999999773e+02 3.314058937538297278e-02
5.246000000000000227e+02 3.237255334736516971e-02
5.247999999999999545e+02 3.136199405233311421e-02
5.250000000000000000e+02 3.033174187730439120e-02
5.252000000000000455e+02 2.946836585562298549e-02
5.253999999999999773e+02 2.891489449774173326e-02
5.256000000000000227e+02 2.876035528074208369e-02
5.257999999999999545e+02 2.901391004289915337e-02
5.260000000000000000e+02 2.959504563454906645e-02
5.262000000000000455e+02 3.035872391684921179e-02
5.263999999999999773e+02 3.111871416989538813e-02
5.266000000000000227e+02 3.166998902988567982e-02
5.267999999999999545e+02 3.188501091901381479e-02
5.270000000000000000e+02 3.178346119308805146e-02
5.272000000000000455e+02 3.156607282513430868e-02
5.273999999999999773e+02 3.137311277142065119e-02
5.276000000000000227e+02 3.123187377874087067e-02
5.277999999999999545e+02 3.108598557148557068e-02
5.280000000000000000e+02 3.093440247075979199e-02
5.282000000000000455e+02 3.079546036578131862e-02
5.283999999999999773e+02 3.068464108600165580e-02
5.286000000000000227e+02 3.060453002014451585e-02
5.287999999999999545e+02 3.054793692768734831e-02
5.290000000000000000e+02 3.050714770737381759e-02
5.292000000000000455e+02 3.048129973271065246e-02
5.293999999999999773e+02 3.047899372887071662e-02
5.296000000000000227e+02 3.049887604316500050e-02
5.297999999999999545e+02 3.052385536121871024e-02
5.300000000000000000e+02 3.052546269059384226e-02
5.302000000000000455e+02 3.048763185277741927e-02
5.303999999999999773e+02 3.040583912245690273e-02
5.306000000000000227e+02 3.028175516113081056e-02
5.307999999999999545e+02 3.011543704819039796e-02
5.310000000000000000e+02 2.990807312582845906e-02
5.312000000000000455e+02 2.966985724756292936e-02
5.313999999999999773e+02 2.942963019427811272e-02
5.316000000000000227e+02 2.922602767792594619e-02
5.317999999999999545e+02 2.908332751854012660e-02
5.320000000000000000e+02 2.899850036580885193e-02
5.322000000000000455e+02 2.895340672568028073e-02
5.323999999999999773e+02 2.893489949980621728e-02
5.326000000000000227e+02 2.893076318553319815e-02
5.327999999999999545e+02 2.891599257631116693e-02
5.330000000000000000e+02 2.886502952339146250e-02
5.332000000000000455e+02 2.875753814085554860e-02
5.333999999999999773e+02 2.858345785017449986e-02
5.336000000000000227e+02 2.835061533046558113e-02
5.337999999999999545e+02 2.808465358069525686e-02
5.340000000000000000e+02 2.781910095292378093e-02
5.342000000000000455e+02 2.757983421669271684e-02
5.343999999999999773e+02 2.737633803959613893e-02
5.346000000000000227e+02 2.721038711518680708e-02
5.347999999999999545e+02 2.708233390629713466e-02
5.350000000000000000e+02 2.699019188578286738e-02
5.352000000000000455e+02 2.692412361970409479e-02
5.353999999999999773e+02 2.687279730044109943e-02
5.356000000000000227e+02 2.683436594101091394e-02
5.357999999999999545e+02 2.681187490186153627e-02
5.360000000000000000e+02 2.681552954677610817e-02
5.362000000000000455e+02 2.686206048076703046e-02
5.363999999999999773e+02 2.696528561046534350e-02
5.366000000000000227e+02 2.712194717992060661e-02
5.367999999999999545e+02 2.731530717300548194e-02
5.370000000000000000e+02 2.752529956974387321e-02
5.372000000000000455e+02 2.772683293485479761e-02
5.373999999999999773e+02 2.789645465871738728e-02
5.376000000000000227e+02 2.801610604056609805e-02
5.377999999999999545e+02 2.807143805632708600e-02
5.380000000000000000e+02 2.805751203030271840e-02
5.382000000000000455e+02 2.798155162495534476e-02
5.383999999999999773e+02 2.786252062520522960e-02
5.386000000000000227e+02 2.771629304354514961e-02
5.387999999999999545e+02 2.755008286689174246e-02
5.390000000000000000e+02 2.736214305459797047e-02
5.392000000000000455e+02 2.714833592407670665e-02
5.393999999999999773e+02 2.691009143703283063e-02
5.396000000000000227e+02 2.665365322293281047e-02
5.397999999999999545e+02 2.638821201875635875e-02
5.400000000000000000e+02 2.613741837363579151e-02
5.402000000000000455e+02 2.592865904558682572e-02
5.403999999999999773e+02 2.578154457603669403e-02
5.406000000000000227e+02 2.569570609944871881e-02
5.407999999999999545e+02 2.564971640433924560e-02
5.410000000000000000e+02 2.561030294162788129e-02
5.412000000000000455e+02 2.554831535192891162e-02
5.413999999999999773e+02 2.546106373819812668e-02
5.416000000000000227e+02 2.535835358961519015e-02
5.417999999999999545e+02 2.525117257105845975e-02
5.420000000000000000e+02 2.514723202931661711e-02
5.422000000000000455e+02 2.504852223106399794e-02
5.423999999999999773e+02 2.494753329056004221e-02
5.426000000000000227e+02 2.482565531070558135e-02
5.427999999999999545e+02 2.467018850074116643e-02
5.430000000000000000e+02 2.447216504715239022e-02
5.432000000000000455e+02 2.422594238155305335e-02
5.433999999999999773e+02 2.393638436087412030e-02
5.436000000000000227e+02 2.363204008410862977e-02
5.437999999999999545e+02 2.335107451941514228e-02
5.440000000000000000e+02 2.311780103529346292e-02
5.442000000000000455e+02 2.293416904377536258e-02
5.443999999999999773e+02 2.280035627987317404e-02
5.446000000000000227e+02 2.272045752824842363e-02
5.447999999999999545e+02 2.268501492407157261e-02
5.450000000000000000e+02 2.267939702068976632e-02
5.452000000000000455e+02 2.269228921532965432e-02
5.453999999999999773e+02 2.271922293535506149e-02
5.456000000000000227e+02 2.273990140874512095e-02
5.457999999999999545e+02 2.272048939698462916e-02
5.460000000000000000e+02 2.262774561288911218e-02
5.462000000000000455e+02 2.245844924853265118e-02
5.463999999999999773e+02 2.222902390195788391e-02
5.466000000000000227e+02 2.196962825826343640e-02
5.467999999999999545e+02 2.171918251438748060e-02
5.470000000000000000e+02 2.150229739965747733e-02
5.472000000000000455e+02 2.133119701037027721e-02
5.473999999999999773e+02 2.121029135175245273e-02
5.476000000000000227e+02 2.114164150606905046e-02
5.477999999999999545e+02 2.112371561618953120e-02
5.480000000000000000e+02 2.115159260328352414e-02
5.482000000000000455e+02 2.122090584302490507e-02
5.483999999999999773e+02 2.132691380426090383e-02
5.486000000000000227e+02 2.146366049430242784e-02
5.487999999999999545e+02 2.162275366043858726e-02
5.490000000000000000e+02 2.179136140628297469e-02
5.492000000000000455e+02 2.194984538584351941e-02
5.493999999999999773e+02 2.207164475923981128e-02
5.496000000000000227e+02 2.214561465462165646e-02
5.497999999999999545e+02 2.217439986968531423e-02
5.500000000000000000e+02 2.216755218221874019e-02
5.502000000000000455e+02 2.212346342551525097e-02
5.503999999999999773e+02 2.204551436553030958e-02
5.506000000000000227e+02 2.194744192532869370e-02
5.507999999999999545e+02 2.184057467550094139e-02
5.510000000000000000e+02 2.171797458448343487e-02
5.512000000000000455e+02 2.155948072782315483e-02
5.513999999999999773e+02 2.135280117459042309e-02
5.516000000000000227e+02 2.111138218420891693e-02
5.517999999999999545e+02 2.086616887504764289e-02
5.520000000000000000e+02 2.064931501307380735e-02
5.522000000000000455e+02 2.047186241062618622e-02
5.523999999999999773e+02 2.032538865035778824e-02
5.526000000000000227e+02 2.018777094252662690e-02
5.527999999999999545e+02 2.004000679814021968e-02
5.530000000000000000e+02 1.987348269513099230e-02
5.532000000000000455e+02 1.968947131028803837e-02
5.533999999999999773e+02 1.948846679056304154e-02
5.536000000000000227e+02 1.927330410722698228e-02
5.537999999999999545e+02 1.905288237534224355e-02
5.540000000000000000e+02 1.884657358206898864e-02
5.542000000000000455e+02 1.867327489506597632e-02
5.543999999999999773e+02 1.854322013922985596e-02
5.546000000000000227e+02 1.845134504741157561e-02
5.547999999999999545e+02 1.838597426776270027e-02
5.550000000000000000e+02 1.833377281019010763e-02
5.552000000000000455e+02 1.828321416936514593e-02
5.553999999999999773e+02 1.822804420169898965e-02
5.556000000000000227e+02 1.816721908215456621e-02
5.557999999999999545e+02 1.810370280954273076e-02
5.560000000000000000e+02 1.804094277478634351e-02
5.562000000000000455e+02 1.798129046334652481e-02
5.563999999999999773e+02 1.792577932698541376e-02
5.566000000000000227e+02 1.787469232846673750e-02
5.567999999999999545e+02 1.783028210857608153e-02
5.570000000000000000e+02 1.779637075699690846e-02
5.572000000000000455e+02 1.777688551032632902e-02
5.573999999999999773e+02 1.777240767937383892e-02
5.576000000000000227e+02 1.777575694171266291e-02
5.577999999999999545e+02 1.777077922525192172e-02
5.580000000000000000e+02 1.774180844559894443e-02
5.582000000000000455e+02 1.767340135956482067e-02
5.583999999999999773e+02 1.754855716396335613e-02
5.586000000000000227e+02 1.734684794455989415e-02
5.587999999999999545e+02 1.707344513962167493e-02
5.590000000000000000e+02 1.675951828214990863e-02
5.592000000000000455e+02 1.644688808745661118e-02
5.593999999999999773e+02 1.616554191358985509e-02
5.596000000000000227e+02 1.593745024622510859e-02
5.597999999999999545e+02 1.578252783196434916e-02
5.600000000000000000e+02 1.570403559871526300e-02
5.602000000000000455e+02 1.568919334064419052e-02
5.603999999999999773e+02 1.571393460985083534e-02
5.606000000000000227e+02 1.575915284042763570e-02
5.607999999999999545e+02 1.580199895746722816e-02
5.610000000000000000e+02 1.581689024000328819e-02
5.612000000000000455e+02 1.579103651712684964e-02
5.613999999999999773e+02 1.573096243403410838e-02
5.616000000000000227e+02 1.565452053403435656e-02
5.617999999999999545e+02 1.557548178598334998e-02
5.620000000000000000e+02 1.550948188080345652e-02
5.622000000000000455e+02 1.547380144643190764e-02
5.623999999999999773e+02 1.548135228783271977e-02
5.626000000000000227e+02 1.551251182429082276e-02
5.627999999999999545e+02 1.553142535530423890e-02
5.630000000000000000e+02 1.550357479939745708e-02
5.632000000000000455e+02 1.541687923609177946e-02
5.633999999999999773e+02 1.527348782663171672e-02
5.636000000000000227e+02 1.508491057788433065e-02
5.637999999999999545e+02 1.486992275909122807e-02
5.640000000000000000e+02 1.466157712871946767e-02
5.642000000000000455e+02 1.450438938257145316e-02
5.643999999999999773e+02 1.444425489852381450e-02
5.646000000000000227e+02 1.450098360777583861e-02
5.647999999999999545e+02 1.465926915197013347e-02
5.650000000000000000e+02 1.486573131400457937e-02
5.652000000000000455e+02 1.505477129121430419e-02
5.653999999999999773e+02 1.517625311722563958e-02
5.656000000000000227e+02 1.521328322248889642e-02
5.657999999999999545e+02 1.518463797235182489e-02
5.660000000000000000e+02 1.511462541101692147e-02
5.662000000000000455e+02 1.502451371440755024e-02
5.663999999999999773e+02 1.494106139874448042e-02
5.666000000000000227e+02 1.489245272163002010e-02
5.667999999999999545e+02 1.489651426181989868e-02
5.670000000000000000e+02 1.494373957274531400e-02
5.672000000000000455e+02 1.500728483928468610e-02
5.673999999999999773e+02 1.505528424227876860e-02
5.676000000000000227e+02 1.506318214376105996e-02
5.677999999999999545e+02 1.502644775975795627e-02
5.680000000000000000e+02 1.495428988391053760e-02
5.682000000000000455e+02 1.486333326899579033e-02
5.683999999999999773e+02 1.476867604021341041e-02
5.686000000000000227e+02 1.468234700052613306e-02
5.687999999999999545e+02 1.461358848838618940e-02
5.690000000000000000e+02 1.457034552087562579e-02
5.692000000000000455e+02 1.455889427803264136e-02
5.693999999999999773e+02 1.457988591962275371e-02
5.696000000000000227e+02 1.462232217663964051e-02
5.697999999999999545e+02 1.466726250567003398e-02
5.700000000000000000e+02 1.469463215169516251e-02
5.702000000000000455e+02 1.468968487707403986e-02
5.703999999999999773e+02 1.464613767337918232e-02
5.706000000000000227e+02 1.456116771067042515e-02
5.707999999999999545e+02 1.443589176438133531e-02
5.710000000000000000e+02 1.428817550812226667e-02
5.712000000000000455e+02 1.414997148726800796e-02
5.713999999999999773e+02 1.405636934238731900e-02
5.716000000000000227e+02 1.402234632486971250e-02
5.717999999999999545e+02 1.404230158058751565e-02
5.720000000000000000e+02 1.409234062924550474e-02
5.722000000000000455e+02 1.413441203084243175e-02
5.723999999999999773e+02 1.413710288790960556e-02
5.726000000000000227e+02 1.408910693164135836e-02
5.727999999999999545e+02 1.400682526659010468e-02
5.730000000000000000e+02 1.391491717708292358e-02
5.732000000000000455e+02 1.383183150943775169e-02
5.733999999999999773e+02 1.376523407361958384e-02
5.736000000000000227e+02 1.372161350653541834e-02
5.737999999999999545e+02 1.370169595115768718e-02
5.740000000000000000e+02 1.369481916862759496e-02
5.742000000000000455e+02 1.367247692561389394e-02
5.743999999999999773e+02 1.361828376114052747e-02
5.746000000000000227e+02 1.353621248471367083e-02
5.747999999999999545e+02 1.345153999576534365e-02
5.750000000000000000e+02 1.339054157534917688e-02
5.752000000000000455e+02 1.337445036184463365e-02
5.753999999999999773e+02 1.341499963926102990e-02
5.756000000000000227e+02 1.350642196890870089e-02
5.757999999999999545e+02 1.362771799355888547e-02
5.760000000000000000e+02 1.374743492718619869e-02
5.762000000000000455e+02 1.383676333419792126e-02
5.763999999999999773e+02 1.387067715302644361e-02
5.766000000000000227e+02 1.382797562089919940e-02
5.767999999999999545e+02 1.369246593652219401e-02
5.770000000000000000e+02 1.346645228639079678e-02
5.772000000000000455e+02 1.317111370921997607e-02
5.773999999999999773e+02 1.284269754393096291e-02
5.776000000000000227e+02 1.251813898139927939e-02
5.777999999999999545e+02 1.223240364121257195e-02
5.780000000000000000e+02 1.201794382259796165e-02
5.782000000000000455e+02 1.190427781478261768e-02
5.783999999999999773e+02 1.190031505553196950e-02
5.786000000000000227e+02 1.198621364040903386e-02
5.787999999999999545e+02 1.212403358688320110e-02
5.790000000000000000e+02 1.227871799109226877e-02
5.792000000000000455e+02 1.242590433232008615e-02
5.793999999999999773e+02 1.255371069897897110e-02
5.796000000000000227e+02 1.266807737346488036e-02
5.797999999999999545e+02 1.278314096751190926e-02
5.800000000000000000e+02 1.290418126804325494e-02
5.802000000000000455e+02 1.302183372830828523e-02
5.803999999999999773e+02 1.312296906842481264e-02
5.806000000000000227e+02 1.320031176619633484e-02
5.807999999999999545e+02 1.324212769521477401e-02
5.810000000000000000e+02 1.323728025895461874e-02
5.812000000000000455e+02 1.318241568570630712e-02
5.813999999999999773e+02 1.309419121922916068e-02
5.816000000000000227e+02 1.299241363849286401e-02
5.817999999999999545e+02 1.289273498515134536e-02
5.820000000000000000e+02 1.280621417917827964e-02
5.822000000000000455e+02 1.273371018822173906e-02
5.823999999999999773e+02 1.266665752684831628e-02
5.826000000000000227e+02 1.259181499891413522e-02
5.827999999999999545e+02 1.250509849250123692e-02
5.830000000000000000e+02 1.241366987547769946e-02
5.832000000000000455e+02 1.233490412271366632e-02
5.833999999999999773e+02 1.228562799978593148e-02
5.836000000000000227e+02 1.228021301340237112e-02
5.837999999999999545e+02 1.232744786951133278e-02
5.840000000000000000e+02 1.241918034669975066e-02
5.842000000000000455e+02 1.253333494238484044e-02
5.843999999999999773e+02 1.263892678915801149e-02
5.846000000000000227e+02 1.270695342645508999e-02
5.847999999999999545e+02 1.271050484654338494e-02
5.850000000000000000e+02 1.263047362158946363e-02
5.852000000000000455e+02 1.246714047218693000e-02
5.853999999999999773e+02 1.223049302987346681e-02
5.856000000000000227e+02 1.194267030623665307e-02
5.857999999999999545e+02 1.164311439719946384e-02
5.860000000000000000e+02 1.137299135499620500e-02
5.862000000000000455e+02 1.116435743563716498e-02
5.863999999999999773e+02 1.103253117805431255e-02
5.866000000000000227e+02 1.097734603495994360e-02
5.867999999999999545e+02 1.098609423690173614e-02
5.870000000000000000e+02 1.103530932625065852e-02
5.872000000000000455e+02 1.109486764213650500e-02
5.873999999999999773e+02 1.115051987815684001e-02
5.876000000000000227e+02 1.120910243788285354e-02
5.877999999999999545e+02 1.129147663957972073e-02
5.880000000000000000e+02 1.140611787847027603e-02
5.882000000000000455e+02 1.154887883680629640e-02
5.883999999999999773e+02 1.170997853713436065e-02
5.886000000000000227e+02 1.187113098211157666e-02
5.887999999999999545e+02 1.200107362490688417e-02
5.890000000000000000e+02 1.205570502279283002e-02
5.892000000000000455e+02 1.200688736396460579e-02
5.893999999999999773e+02 1.185396569437856956e-02
5.896000000000000227e+02 1.162617595452960367e-02
5.897999999999999545e+02 1.136674958731413373e-02
5.900000000000000000e+02 1.113117374896301429e-02
5.902000000000000455e+02 1.097236445593273088e-02
5.903999999999999773e+02 1.090276690012941668e-02
5.906000000000000227e+02 1.089569713484997079e-02
5.907999999999999545e+02 1.091140011025851231e-02
5.910000000000000000e+02 1.093595558865450429e-02
5.912000000000000455e+02 1.096276614860983156e-02
5.913999999999999773e+02 1.097944271222439649e-02
5.916000000000000227e+02 1.096089772580927449e-02
5.917999999999999545e+02 1.089263810774853194e-02
5.920000000000000000e+02 1.077375581196637205e-02
5.922000000000000455e+02 1.061501781603410924e-02
5.923999999999999773e+02 1.042676094641277473e-02
5.926000000000000227e+02 1.023114189826581505e-02
5.927999999999999545e+02 1.006411116785154575e-02
5.930000000000000000e+02 9.963033979139369889e-03
5.932000000000000455e+02 9.954074874288419694e-03
5.933999999999999773e+02 1.004745380772789978e-02
5.936000000000000227e+02 1.023219764995523390e-02
5.937999999999999545e+02 1.045789981078541070e-02
5.940000000000000000e+02 1.065446320302066915e-02
5.942000000000000455e+02 1.076313079544077150e-02
5.943999999999999773e+02 1.076934800765525294e-02
5.946000000000000227e+02 1.069536992189615635e-02
5.947999999999999545e+02 1.058729638678078053e-02
5.950000000000000000e+02 1.048408565257144889e-02
5.952000000000000455e+02 1.041003371866168134e-02
5.953999999999999773e+02 1.037466561460592337e-02
5.956000000000000227e+02 1.038005701576558831e-02
5.957999999999999545e+02 1.040732253065779558e-02
5.960000000000000000e+02 1.041925960525955444e-02
5.962000000000000455e+02 1.037686446852230729e-02
5.963999999999999773e+02 1.026107704973855048e-02
5.966000000000000227e+02 1.007887536508943888e-02
5.967999999999999545e+02 9.865752297094590451e-03
5.970000000000000000e+02 9.671296859410299235e-03
5.972000000000000455e+02 9.533542680410723308e-03
5.973999999999999773e+02 9.458889207129051596e-03
5.976000000000000227e+02 9.429223730212023258e-03
5.977999999999999545e+02 9.425317425282839223e-03
5.980000000000000000e+02 9.439279812412368353e-03
5.982000000000000455e+02 9.473734217734175456e-03
5.983999999999999773e+02 9.526509588727475469e-03
5.986000000000000227e+02 9.586776760596063540e-03
5.987999999999999545e+02 9.639482060191304630e-03
5.990000000000000000e+02 9.676665585403129710e-03
5.992000000000000455e+02 9.702098046087150734e-03
5.993999999999999773e+02 9.732405975658151021e-03
5.996000000000000227e+02 9.773036975464419879e-03
5.997999999999999545e+02 9.818284304723100958e-03
6.000000000000000000e+02 9.854479403327235515e-03
6.002000000000000455e+02 9.860469499342092159e-03
6.003999999999999773e+02 9.797140104010657047e-03
6.006000000000000227e+02 9.613934361934743655e-03
6.007999999999999545e+02 9.305336322685667239e-03
6.010000000000000000e+02 8.913268359638071292e-03
6.012000000000000455e+02 8.511527645745319698e-03
6.013999999999999773e+02 8.164412160165068072e-03
6.016000000000000227e+02 7.914692999768390552e-03
6.017999999999999545e+02 7.781921045980282753e-03
6.020000000000000000e+02 7.761766937105139819e-03
6.022000000000000455e+02 7.823236157380043798e-03
6.023999999999999773e+02 7.925810810803374240e-03
6.026000000000000227e+02 8.036625699128212286e-03
6.027999999999999545e+02 8.121368470256899730e-03
6.030000000000000000e+02 8.155337244436511313e-03
6.032000000000000455e+02 8.139042118826170236e-03
6.033999999999999773e+02 8.124161362899059297e-03
6.036000000000000227e+02 8.166604593513055593e-03
6.037999999999999545e+02 8.293011373499262207e-03
6.040000000000000000e+02 8.469209099192423484e-03
6.042000000000000455e+02 8.643632009603094413e-03
6.043999999999999773e+02 8.772088349647436806e-03
6.046000000000000227e+02 8.839617244335486873e-03
6.047999999999999545e+02 8.852911359674225933e-03
6.050000000000000000e+02 8.830090181795813287e-03
6.052000000000000455e+02 8.789542968363560360e-03
6.053999999999999773e+02 8.738300206146947663e-03
6.056000000000000227e+02 8.677449736193897784e-03
6.057999999999999545e+02 8.607662646416578550e-03
6.060000000000000000e+02 8.530913187434034650e-03
6.062000000000000455e+02 8.448597328290400471e-03
6.063999999999999773e+02 8.358321685022838954e-03
6.066000000000000227e+02 8.247121019648084861e-03
6.067999999999999545e+02 8.101607705376840524e-03
6.070000000000000000e+02 7.917220957142503263e-03
6.072000000000000455e+02 7.710098844444419203e-03
6.073999999999999773e+02 7.500266112391452272e-03
6.076000000000000227e+02 7.307512138904952159e-03
6.077999999999999545e+02 7.151298326999098315e-03
6.080000000000000000e+02 7.051453064992427300e-03
6.082000000000000455e+02 7.027875943757408428e-03
6.083999999999999773e+02 7.095634121403782829e-03
6.086000000000000227e+02 7.240573583818073894e-03
6.087999999999999545e+02 7.425542323965507452e-03
6.090000000000000000e+02 7.599931528380472062e-03
6.092000000000000455e+02 7.721033326244783335e-03
6.093999999999999773e+02 7.759363601141665984e-03
6.096000000000000227e+02 7.703755716864026104e-03
6.097999999999999545e+02 7.569928092932751845e-03
6.100000000000000000e+02 7.391262040212270151e-03
6.102000000000000455e+02 7.205929538743136714e-03
6.103999999999999773e+02 7.040475400372531167e-03
6.106000000000000227e+02 6.912788781698261248e-03
6.107999999999999545e+02 6.839474486884267179e-03
6.110000000000000000e+02 6.836711422932465615e-03
6.112000000000000455e+02 6.884078768788142594e-03
6.113999999999999773e+02 6.942191820156911469e-03
6.116000000000000227e+02 6.975647580976209600e-03
6.117999999999999545e+02 6.992083376293162927e-03
6.120000000000000000e+02 7.017303880233721758e-03
6.122000000000000455e+02 7.074579045678819345e-03
6.123999999999999773e+02 7.159619845838908342e-03
6.126000000000000227e+02 7.256346337912882027e-03
6.127999999999999545e+02 7.346854485500518145e-03
6.130000000000000000e+02 7.419699598397676982e-03
6.132000000000000455e+02 7.458759934266836339e-03
6.133999999999999773e+02 7.445136327575107432e-03
6.136000000000000227e+02 7.361373875740033490e-03
6.137999999999999545e+02 7.189439439691681227e-03
6.140000000000000000e+02 6.933140945678765293e-03
6.142000000000000455e+02 6.633477390585569566e-03
6.143999999999999773e+02 6.350682706702148045e-03
6.146000000000000227e+02 6.127925125058691913e-03
6.147999999999999545e+02 5.975717147779110311e-03
6.150000000000000000e+02 5.878555151881730001e-03
6.152000000000000455e+02 5.819809386887531133e-03
6.153999999999999773e+02 5.785106343469573892e-03
6.156000000000000227e+02 5.752899160693530217e-03
6.157999999999999545e+02 5.689945995129258582e-03
6.160000000000000000e+02 5.568920041822505301e-03
6.162000000000000455e+02 5.394523421120876044e-03
6.163999999999999773e+02 5.209004289137692673e-03
6.166000000000000227e+02 5.065445557861890380e-03
6.167999999999999545e+02 5.000327164236376826e-03
6.170000000000000000e+02 5.008746528570438838e-03
6.172000000000000455e+02 5.063146084774629296e-03
6.173999999999999773e+02 5.131860513201802476e-03
6.176000000000000227e+02 5.206021350693292027e-03
6.177999999999999545e+02 5.270567859457713639e-03
6.180000000000000000e+02 5.299844028531890128e-03
6.182000000000000455e+02 5.274248547646458174e-03
6.183999999999999773e+02 5.198078604634302768e-03
6.186000000000000227e+02 5.097070416652898367e-03
6.187999999999999545e+02 5.007538677071210476e-03
6.190000000000000000e+02 4.954131574405166299e-03
6.192000000000000455e+02 4.936385493916756184e-03
6.193999999999999773e+02 4.923135787027188570e-03
6.196000000000000227e+02 4.887757898476702279e-03
6.197999999999999545e+02 4.831107090761878331e-03
6.200000000000000000e+02 4.785325673770990385e-03
6.202000000000000455e+02 4.776754275914778247e-03
6.203999999999999773e+02 4.806610186954878017e-03
6.206000000000000227e+02 4.858696998660257810e-03
6.207999999999999545e+02 4.936249155278356338e-03
6.210000000000000000e+02 5.045210067668101650e-03
6.212000000000000455e+02 5.185391734995738883e-03
6.213999999999999773e+02 5.343072130761947203e-03
6.216000000000000227e+02 5.489249906996698097e-03
6.217999999999999545e+02 5.590727940826732689e-03
6.220000000000000000e+02 5.625769374934100342e-03
6.222000000000000455e+02 5.606044722437232564e-03
6.223999999999999773e+02 5.558380269351233943e-03
6.226000000000000227e+02 5.505525810879461496e-03
6.227999999999999545e+02 5.443000649183901002e-03
6.230000000000000000e+02 5.360033440070820221e-03
6.232000000000000455e+02 5.252357642696114243e-03
6.233999999999999773e+02 5.129268132852683043e-03
6.236000000000000227e+02 4.998247826136257427e-03
6.237999999999999545e+02 4.865060488106552616e-03
6.240000000000000000e+02 4.741524573583340979e-03
6.242000000000000455e+02 4.630683762291410571e-03
6.243999999999999773e+02 4.528571250799043324e-03
6.246000000000000227e+02 4.431445650171252776e-03
6.247999999999999545e+02 4.349677948139587386e-03
6.250000000000000000e+02 4.300677525665645706e-03
6.252000000000000455e+02 4.298000354963901759e-03
6.253999999999999773e+02 4.331083635520514147e-03
6.256000000000000227e+02 4.374438677472697323e-03
6.257999999999999545e+02 4.399391714763199041e-03
6.260000000000000000e+02 4.395978267459941385e-03
6.262000000000000455e+02 4.373872363801607765e-03
6.263999999999999773e+02 4.353593543183265080e-03
6.266000000000000227e+02 4.346957521330206686e-03
6.267999999999999545e+02 4.345765020148245616e-03
6.270000000000000000e+02 4.333859766718527878e-03
6.272000000000000455e+02 4.307689497437372506e-03
6.273999999999999773e+02 4.283737577114588024e-03
6.276000000000000227e+02 4.283124674413205102e-03
6.277999999999999545e+02 4.315313982924270930e-03
6.280000000000000000e+02 4.368246815969128310e-03
6.282000000000000455e+02 4.423442687030394033e-03
6.283999999999999773e+02 4.468249994119745383e-03
6.286000000000000227e+02 4.507849610128795981e-03
6.287999999999999545e+02 4.551338281254736773e-03
6.290000000000000000e+02 4.602129583044768657e-03
6.292000000000000455e+02 4.648657465601255950e-03
6.293999999999999773e+02 4.680173908376047270e-03
6.296000000000000227e+02 4.691244331292511449e-03
6.297999999999999545e+02 4.682612612534348823e-03
6.300000000000000000e+02 4.658777963915547438e-03
6.302000000000000455e+02 4.634789333489069962e-03
6.303999999999999773e+02 4.640253862073884933e-03
6.306000000000000227e+02 4.692483329774402995e-03
6.307999999999999545e+02 4.782348459122166134e-03
6.310000000000000000e+02 4.874209709749534325e-03
6.312000000000000455e+02 4.942249108339989011e-03
6.313999999999999773e+02 4.978083354296971436e-03
6.316000000000000227e+02 4.992837527869723596e-03
6.317999999999999545e+02 5.015288003549760870e-03
6.320000000000000000e+02 5.066595120985437073e-03
6.322000000000000455e+02 5.152060244471269590e-03
6.323999999999999773e+02 5.260036803056176297e-03
6.326000000000000227e+02 5.384992173862273440e-03
6.327999999999999545e+02 5.517191924360974331e-03
6.330000000000000000e+02 5.623855490178596150e-03
6.332000000000000455e+02 5.642221320827388309e-03
6.333999999999999773e+02 5.514235922713762311e-03
6.336000000000000227e+02 5.219335279550589568e-03
6.337999999999999545e+02 4.801099571661606585e-03
6.340000000000000000e+02 4.339356634009063074e-03
6.342000000000000455e+02 3.924813279135484778e-03
6.343999999999999773e+02 3.620257599393519182e-03
6.346000000000000227e+02 3.449290421600501727e-03
6.347999999999999545e+02 3.404629502090295717e-03
6.350000000000000000e+02 3.469932781414816758e-03
6.352000000000000455e+02 3.623956114269216711e-03
6.353999999999999773e+02 3.833260341394653659e-03
6.356000000000000227e+02 4.044791515111605118e-03
6.357999999999999545e+02 4.219192168103100965e-03
6.360000000000000000e+02 4.335568494082821245e-03
6.362000000000000455e+02 4.395289244131871109e-03
6.363999999999999773e+02 4.432685528256610774e-03
6.366000000000000227e+02 4.490372430043951257e-03
6.367999999999999545e+02 4.597081488376467129e-03
6.370000000000000000e+02 4.739007998955324652e-03
6.372000000000000455e+02 4.894794494159030590e-03
6.373999999999999773e+02 5.052806274239717704e-03
6.376000000000000227e+02 5.218276295042317825e-03
6.377999999999999545e+02 5.367888742142324504e-03
6.380000000000000000e+02 5.458638535928216767e-03
6.382000000000000455e+02 5.458333951147208846e-03
6.383999999999999773e+02 5.369050037054109992e-03
6.386000000000000227e+02 5.211544345169277087e-03
6.387999999999999545e+02 5.007911670293893613e-03
6.390000000000000000e+02 4.777828428388256748e-03
6.392000000000000455e+02 4.536310664052141395e-03
6.393999999999999773e+02 4.293533764145308212e-03
6.396000000000000227e+02 4.060152386832202587e-03
6.397999999999999545e+02 3.860516966484369566e-03
6.400000000000000000e+02 3.726202178276311755e-03
6.402000000000000455e+02 3.665450580476327380e-03
6.403999999999999773e+02 3.662463760397097201e-03
6.406000000000000227e+02 3.698049290063121219e-03
6.407999999999999545e+02 3.780936266724471001e-03
6.410000000000000000e+02 3.918687303960364382e-03
6.412000000000000455e+02 4.095394984090894308e-03
6.413999999999999773e+02 4.257486363561460013e-03
6.416000000000000227e+02 4.352616236998067129e-03
6.417999999999999545e+02 4.355389439389262263e-03
6.420000000000000000e+02 4.278368555225949693e-03
6.422000000000000455e+02 4.150197454608487574e-03
6.423999999999999773e+02 3.997203634710899678e-03
6.426000000000000227e+02 3.840910908909374311e-03
6.427999999999999545e+02 3.711472424928599634e-03
6.430000000000000000e+02 3.637375772982003042e-03
6.432000000000000455e+02 3.638337201451347092e-03
6.433999999999999773e+02 3.716204190880888214e-03
6.436000000000000227e+02 3.843637250013649115e-03
6.437999999999999545e+02 3.965738424986611776e-03
6.440000000000000000e+02 4.009612656989194890e-03
6.442000000000000455e+02 3.935831986287888912e-03
6.443999999999999773e+02 3.744429034368470383e-03
6.446000000000000227e+02 3.470837023308054325e-03
6.447999999999999545e+02 3.156707824192767770e-03
6.450000000000000000e+02 2.839517633828454735e-03
6.452000000000000455e+02 2.551192682938456524e-03
6.453999999999999773e+02 2.325629908669132190e-03
6.456000000000000227e+02 2.183836671406296642e-03
6.457999999999999545e+02 2.130713392334119410e-03
6.460000000000000000e+02 2.158198443735732247e-03
6.462000000000000455e+02 2.247994681924742055e-03
6.463999999999999773e+02 2.372145766741794171e-03
6.466000000000000227e+02 2.494683975643452456e-03
6.467999999999999545e+02 2.591305621272691623e-03
6.470000000000000000e+02 2.651538968090637327e-03
6.472000000000000455e+02 2.677459720307556745e-03
6.473999999999999773e+02 2.674918715284312770e-03
6.476000000000000227e+02 2.652777404601808914e-03
6.477999999999999545e+02 2.621085442083406769e-03
6.480000000000000000e+02 2.583477584475867700e-03
6.482000000000000455e+02 2.533855112156757627e-03
6.483999999999999773e+02 2.461817804242542179e-03
6.486000000000000227e+02 2.368443471817409385e-03
6.487999999999999545e+02 2.266272365139661293e-03
6.490000000000000000e+02 2.168229431078583236e-03
6.492000000000000455e+02 2.072131469243062435e-03
6.493999999999999773e+02 1.974627491900315251e-03
6.496000000000000227e+02 1.880980002690425118e-03
6.497999999999999545e+02 1.810900033949774252e-03
6.500000000000000000e+02 1.784427861525009207e-03
6.502000000000000455e+02 1.811470283469712034e-03
6.503999999999999773e+02 1.884951320750831438e-03
6.506000000000000227e+02 1.978744636463775075e-03
6.507999999999999545e+02 2.062087757657534576e-03
6.510000000000000000e+02 2.110600414682927556e-03
6.512000000000000455e+02 2.120087759621948342e-03
6.513999999999999773e+02 2.101622604816392320e-03
6.516000000000000227e+02 2.075287504690621204e-03
6.517999999999999545e+02 2.062499223889218553e-03
6.520000000000000000e+02 2.085203800619286896e-03
6.522000000000000455e+02 2.162642927137720106e-03
6.523999999999999773e+02 2.305773081630803356e-03
6.526000000000000227e+02 2.505955121545045544e-03
6.527999999999999545e+02 2.729457454189680027e-03
6.530000000000000000e+02 2.919555492045627226e-03
6.532000000000000455e+02 3.028270986448637625e-03
6.533999999999999773e+02 3.031552298921515870e-03
6.536000000000000227e+02 2.935138419629553658e-03
6.537999999999999545e+02 2.772537382937510092e-03
6.540000000000000000e+02 2.591326613905875487e-03
6.542000000000000455e+02 2.438307960118926004e-03
6.543999999999999773e+02 2.337160584047301426e-03
6.546000000000000227e+02 2.281789034441487202e-03
6.547999999999999545e+02 2.253768455449060154e-03
6.550000000000000000e+02 2.243510233757281536e-03
6.552000000000000455e+02 2.238001760419577879e-03
6.553999999999999773e+02 2.220109230099610864e-03
6.556000000000000227e+02 2.173161554244018578e-03
6.557999999999999545e+02 2.100567672559519594e-03
6.560000000000000000e+02 2.017515356549128003e-03
6.562000000000000455e+02 1.940728214401086366e-03
6.564000000000000909e+02 1.870737997978134948e-03
6.566000000000000227e+02 1.804688706522179775e-03
6.567999999999999545e+02 1.744192187344534295e-03
6.570000000000000000e+02 1.701450362840063735e-03
6.572000000000000455e+02 1.685297416040874158e-03
6.574000000000000909e+02 1.702932795677961769e-03
6.576000000000000227e+02 1.765762232393944947e-03
6.577999999999999545e+02 1.877851661851420717e-03
6.580000000000000000e+02 2.036427723624913838e-03
6.582000000000000455e+02 2.233313335543895412e-03
6.584000000000000909e+02 2.453999969786145596e-03
6.586000000000000227e+02 2.669094911256861963e-03
6.587999999999999545e+02 2.835136784922299286e-03
6.590000000000000000e+02 2.920679988209783778e-03
6.592000000000000455e+02 2.918319189969559996e-03
6.594000000000000909e+02 2.844751753333617239e-03
6.596000000000000227e+02 2.728875579918004640e-03
6.597999999999999545e+02 2.587749714003263063e-03
6.600000000000000000e+02 2.428939285525035657e-03
6.602000000000000455e+02 2.263328569810606899e-03
6.604000000000000909e+02 2.101243113295490211e-03
6.606000000000000227e+02 1.950753249981878462e-03
6.607999999999999545e+02 1.816356598444628795e-03
6.610000000000000000e+02 1.698733408765775582e-03
6.612000000000000455e+02 1.603019976544117070e-03
6.614000000000000909e+02 1.545519406798791240e-03
6.616000000000000227e+02 1.555846139643258380e-03
6.617999999999999545e+02 1.650030847860483457e-03
6.620000000000000000e+02 1.820509843705148817e-03
6.622000000000000455e+02 2.042058843844275079e-03
6.624000000000000909e+02 2.275469308563871085e-03
6.626000000000000227e+02 2.479175365826594840e-03
6.627999999999999545e+02 2.629277244252992141e-03
6.630000000000000000e+02 2.719742573999102409e-03
6.632000000000000455e+02 2.755271932367096832e-03
6.634000000000000909e+02 2.745865003120847442e-03
6.636000000000000227e+02 2.720527608988693169e-03
6.637999999999999545e+02 2.712583923467307145e-03
6.640000000000000000e+02 2.743063999869007480e-03
6.642000000000000455e+02 2.801340201374288158e-03
6.644000000000000909e+02 2.865711291648653097e-03
6.646000000000000227e+02 2.916609892221783129e-03
6.647999999999999545e+02 2.944155440384083749e-03
6.650000000000000000e+02 2.932714621764295759e-03
6.652000000000000455e+02 2.864363987964808900e-03
6.654000000000000909e+02 2.737838173398662867e-03
6.656000000000000227e+02 2.575731966961661290e-03
6.657999999999999545e+02 2.408831782937742583e-03
6.660000000000000000e+02 2.255169787077314358e-03
6.662000000000000455e+02 2.132969608177277820e-03
6.664000000000000909e+02 2.057643467334537013e-03
6.666000000000000227e+02 2.036828252763588781e-03
6.667999999999999545e+02 2.068822155542143076e-03
6.670000000000000000e+02 2.155100363012522890e-03
6.672000000000000455e+02 2.301134274096911653e-03
6.674000000000000909e+02 2.494168071904237505e-03
6.676000000000000227e+02 2.712798518698749523e-03
6.677999999999999545e+02 2.931819075669812869e-03
6.680000000000000000e+02 3.123939628011305342e-03
6.682000000000000455e+02 3.256598974229290427e-03
6.684000000000000909e+02 3.305028196476489377e-03
6.686000000000000227e+02 3.273797334511940882e-03
6.687999999999999545e+02 3.190814917925569039e-03
6.690000000000000000e+02 3.088058509484237213e-03
6.692000000000000455e+02 2.983090746028399520e-03
6.694000000000000909e+02 2.874543102653445009e-03
6.696000000000000227e+02 2.763615150758305661e-03
6.697999999999999545e+02 2.663602227603232425e-03
6.700000000000000000e+02 2.581016608316267363e-03
6.702000000000000455e+02 2.490169042650987319e-03
6.704000000000000909e+02 2.332087387256522037e-03
6.706000000000000227e+02 2.041926174576109976e-03
6.707999999999999545e+02 1.606910351748255111e-03
6.710000000000000000e+02 1.081577966398350465e-03
6.712000000000000455e+02 5.839756552775687837e-04
6.714000000000000909e+02 2.041551247874313912e-04
6.716000000000000227e+02 0.000000000000000000e+00
6.717999999999999545e+02 7.591537018045851903e-06
6.720000000000000000e+02 2.367398004716296522e-04
6.722000000000000455e+02 6.659694420566956985e-04
6.724000000000000909e+02 1.233540994068645091e-03
6.726000000000000227e+02 1.821911680806777983e-03
6.727999999999999545e+02 2.296156968045675456e-03
6.730000000000000000e+02 2.543183410061263666e-03
6.732000000000000455e+02 2.536618742895485612e-03
6.734000000000000909e+02 2.328159949219150981e-03
6.736000000000000227e+02 2.017855926953679435e-03
6.737999999999999545e+02 1.703900470606610484e-03
6.740000000000000000e+02 1.460491587874975655e-03
6.742000000000000455e+02 1.340973750739139769e-03
6.744000000000000909e+02 1.381247918936578251e-03
6.746000000000000227e+02 1.573589816050338652e-03
6.747999999999999545e+02 1.868264110483498774e-03
6.750000000000000000e+02 2.179765345391517645e-03
6.752000000000000455e+02 2.415574091588330863e-03
6.754000000000000909e+02 2.515712287364378630e-03
6.756000000000000227e+02 2.474071125691548745e-03
6.757999999999999545e+02 2.340375859064405123e-03
6.760000000000000000e+02 2.170552849922735561e-03
6.762000000000000455e+02 2.012602820899878076e-03
6.764000000000000909e+02 1.912124598979249301e-03
6.766000000000000227e+02 1.908848504698707621e-03
6.767999999999999545e+02 2.019963359506719153e-03
6.770000000000000000e+02 2.216087831067484193e-03
6.772000000000000455e+02 2.431456430817768855e-03
6.774000000000000909e+02 2.595797812151964118e-03
6.776000000000000227e+02 2.667080307721766963e-03
6.777999999999999545e+02 2.660792673409857756e-03
6.780000000000000000e+02 2.627350609372781920e-03
6.782000000000000455e+02 2.624453815890468583e-03
6.784000000000000909e+02 2.663603505150831385e-03
6.786000000000000227e+02 2.730329410947140989e-03
6.787999999999999545e+02 2.805926061233070951e-03
6.790000000000000000e+02 2.899457091989399854e-03
6.792000000000000455e+02 3.033243666343013456e-03
6.794000000000000909e+02 3.216201963107626766e-03
6.796000000000000227e+02 3.409174742723519030e-03
6.797999999999999545e+02 3.557940937959150340e-03
6.800000000000000000e+02 3.627527182613315276e-03
6.802000000000000455e+02 3.626201971691250803e-03
6.804000000000000909e+02 3.559723694601737987e-03
6.806000000000000227e+02 3.425195789805501184e-03
6.807999999999999545e+02 3.223175314629414534e-03
6.810000000000000000e+02 3.010838678701180382e-03
6.812000000000000455e+02 2.874538109388175000e-03
6.814000000000000909e+02 2.895642835180213537e-03
6.816000000000000227e+02 3.090156924256671350e-03
6.817999999999999545e+02 3.408902009654608822e-03
6.820000000000000000e+02 3.751381143303398474e-03
6.822000000000000455e+02 3.993209811914571333e-03
6.824000000000000909e+02 4.053518324976631421e-03
6.826000000000000227e+02 3.906063132733870319e-03
6.827999999999999545e+02 3.578505643778647632e-03
6.830000000000000000e+02 3.123339887477472737e-03
6.832000000000000455e+02 2.628959923424951245e-03
6.834000000000000909e+02 2.221462538714226442e-03
6.836000000000000227e+02 2.005384458275891874e-03
6.837999999999999545e+02 2.024015974245299554e-03
6.840000000000000000e+02 2.247924577137041385e-03
6.842000000000000455e+02 2.599199851147013934e-03
6.844000000000000909e+02 2.984228643044074814e-03
6.846000000000000227e+02 3.317301287043213781e-03
6.847999999999999545e+02 3.549204545195187854e-03
6.850000000000000000e+02 3.660136226661572789e-03
6.852000000000000455e+02 3.655701742261666110e-03
6.854000000000000909e+02 3.565513259164130450e-03
6.856000000000000227e+02 3.437591890530250494e-03
6.857999999999999545e+02 3.317331063180186529e-03
6.860000000000000000e+02 3.229067121988473538e-03
6.862000000000000455e+02 3.171062180144127579e-03
6.864000000000000909e+02 3.125756793499391561e-03
6.866000000000000227e+02 3.067336807027483403e-03
6.867999999999999545e+02 2.971227269495689549e-03
6.870000000000000000e+02 2.831367435433718160e-03
6.872000000000000455e+02 2.668405744634186338e-03
6.874000000000000909e+02 2.532041087269343294e-03
6.876000000000000227e+02 2.456052568096514510e-03
6.877999999999999545e+02 2.444601120597071631e-03
6.880000000000000000e+02 2.470531477732001296e-03
6.882000000000000455e+02 2.518664645139966074e-03
6.884000000000000909e+02 2.599038966521510091e-03
6.886000000000000227e+02 2.747056201088844685e-03
6.887999999999999545e+02 2.978211473404244330e-03
6.890000000000000000e+02 3.281330765534377913e-03
6.892000000000000455e+02 3.621736370644425274e-03
6.894000000000000909e+02 3.962806769378397070e-03
6.896000000000000227e+02 4.265065426818228506e-03
6.897999999999999545e+02 4.491611606680476210e-03
6.900000000000000000e+02 4.624344695649835330e-03
6.902000000000000455e+02 4.647708714173030137e-03
6.904000000000000909e+02 4.552210747656999790e-03
6.906000000000000227e+02 4.351147379464421344e-03
6.907999999999999545e+02 4.101677683697676352e-03
6.910000000000000000e+02 3.873688690261143514e-03
6.912000000000000455e+02 3.708003096268053939e-03
6.914000000000000909e+02 3.588961970854852995e-03
6.916000000000000227e+02 3.486987420555372197e-03
6.917999999999999545e+02 3.393718386938995163e-03
6.920000000000000000e+02 3.337158696828334409e-03
6.922000000000000455e+02 3.340640160330012043e-03
6.924000000000000909e+02 3.401006684914623102e-03
6.926000000000000227e+02 3.480830659903087765e-03
6.927999999999999545e+02 3.523322677371897027e-03
6.930000000000000000e+02 3.478352981540724226e-03
6.932000000000000455e+02 3.344988737677256213e-03
6.934000000000000909e+02 3.173844759176761704e-03
6.936000000000000227e+02 3.030910963270412595e-03
6.937999999999999545e+02 2.951749870288490618e-03
6.940000000000000000e+02 2.930666330319780383e-03
6.942000000000000455e+02 2.948792577064884152e-03
6.944000000000000909e+02 2.995750903670615917e-03
6.946000000000000227e+02 3.064913749474131033e-03
6.947999999999999545e+02 3.140426262069697522e-03
6.950000000000000000e+02 3.203808118957804374e-03
6.952000000000000455e+02 3.277009564249672158e-03
6.954000000000000909e+02 3.400490255817959634e-03
6.956000000000000227e+02 3.613721553035458001e-03
6.957999999999999545e+02 3.928694489891547403e-03
6.960000000000000000e+02 4.314319359902618611e-03
6.962000000000000455e+02 4.692903006723925241e-03
6.964000000000000909e+02 4.946341478295170763e-03
6.966000000000000227e+02 5.005766023391040875e-03
6.967999999999999545e+02 4.863810605383916269e-03
6.970000000000000000e+02 4.570366030099023286e-03
6.972000000000000455e+02 4.187494168575601333e-03
6.974000000000000909e+02 3.784508303675226254e-03
6.976000000000000227e+02 3.439539634338534962e-03
6.977999999999999545e+02 3.242814729765761822e-03
6.980000000000000000e+02 3.249716120734959940e-03
6.982000000000000455e+02 3.444109304146791839e-03
6.984000000000000909e+02 3.754803900216079765e-03
6.986000000000000227e+02 4.107756529505991738e-03
6.987999999999999545e+02 4.458659160067355437e-03
6.990000000000000000e+02 4.778124645061783415e-03
6.992000000000000455e+02 5.037228459808317654e-03
6.994000000000000909e+02 5.201030423891535304e-03
6.996000000000000227e+02 5.240363615985097617e-03
6.997999999999999545e+02 5.147899639608523314e-03
7.000000000000000000e+02 4.950274930390442807e-03
7.002000000000000455e+02 4.709268544854164351e-03
7.004000000000000909e+02 4.489929107749861259e-03
7.006000000000000227e+02 4.335981713038401797e-03
7.007999999999999545e+02 4.241714776211168852e-03
7.010000000000000000e+02 4.192109710774750975e-03
7.012000000000000455e+02 4.187052047710037445e-03
7.014000000000000909e+02 4.244328302161676225e-03
7.016000000000000227e+02 4.361087107363492699e-03
7.017999999999999545e+02 4.498079057994524427e-03
7.020000000000000000e+02 4.614015187132097101e-03
7.022000000000000455e+02 4.689587615382063285e-03
7.024000000000000909e+02 4.733476120581274482e-03
7.026000000000000227e+02 4.751154424158163941e-03
7.027999999999999545e+02 4.744575161785412332e-03
7.030000000000000000e+02 4.713988407974267769e-03
7.032000000000000455e+02 4.662763243960834497e-03
7.034000000000000909e+02 4.599673438546919568e-03
7.036000000000000227e+02 4.538924205202247292e-03
7.037999999999999545e+02 4.494849505857687749e-03
7.040000000000000000e+02 4.469309100241177640e-03
7.042000000000000455e+02 4.448867177902982722e-03
7.044000000000000909e+02 4.418159559869242609e-03
7.046000000000000227e+02 4.367193541792550177e-03
7.047999999999999545e+02 4.290681611269504814e-03
7.050000000000000000e+02 4.174618488896251339e-03
7.052000000000000455e+02 4.013790100931904914e-03
7.054000000000000909e+02 3.821467916869249193e-03
7.056000000000000227e+02 3.635770662491460969e-03
7.057999999999999545e+02 3.500206600465349815e-03
7.060000000000000000e+02 3.456425489798901907e-03
7.062000000000000455e+02 3.543988948302306125e-03
7.064000000000000909e+02 3.768302563721643433e-03
7.066000000000000227e+02 4.093187965386848454e-03
7.067999999999999545e+02 4.460604432491493965e-03
7.070000000000000000e+02 4.830639951544306310e-03
7.072000000000000455e+02 5.186131763028001967e-03
7.074000000000000909e+02 5.500857492097114415e-03
7.076000000000000227e+02 5.731610680691917592e-03
7.077999999999999545e+02 5.830228138846756808e-03
7.080000000000000000e+02 5.788145557168590527e-03
7.082000000000000455e+02 5.639421984182425157e-03
7.084000000000000909e+02 5.447661325590474196e-03
7.086000000000000227e+02 5.265349245668855815e-03
7.087999999999999545e+02 5.120171730576855706e-03
7.090000000000000000e+02 5.012704081425813779e-03
7.092000000000000455e+02 4.921740530508207645e-03
7.094000000000000909e+02 4.850549430054109518e-03
7.096000000000000227e+02 4.832515362887073590e-03
7.097999999999999545e+02 4.907964147313467751e-03
7.100000000000000000e+02 5.072641008491120262e-03
7.102000000000000455e+02 5.277690756455927223e-03
7.104000000000000909e+02 5.466603463327751600e-03
7.106000000000000227e+02 5.612802739623213438e-03
7.107999999999999545e+02 5.719637510487374232e-03
7.110000000000000000e+02 5.796439990266029352e-03
7.112000000000000455e+02 5.833895202781259198e-03
7.114000000000000909e+02 5.808064682349251689e-03
7.116000000000000227e+02 5.705215926070365817e-03
7.117999999999999545e+02 5.544833080226328065e-03
7.120000000000000000e+02 5.372893940390106177e-03
7.122000000000000455e+02 5.236194243875745558e-03
7.124000000000000909e+02 5.162438309340676434e-03
7.126000000000000227e+02 5.163673894009762622e-03
7.127999999999999545e+02 5.252706388002216509e-03
7.130000000000000000e+02 5.459781262048414574e-03
7.132000000000000455e+02 5.814991260558389358e-03
7.134000000000000909e+02 6.303987778532374464e-03
7.136000000000000227e+02 6.862370852025113238e-03
7.137999999999999545e+02 7.390797818847483908e-03
7.140000000000000000e+02 7.784510736098409350e-03
7.142000000000000455e+02 7.976199213294669910e-03
7.144000000000000909e+02 7.948180451260659918e-03
7.146000000000000227e+02 7.741522751388507650e-03
7.147999999999999545e+02 7.401189547201803692e-03
7.150000000000000000e+02 6.982895362699668290e-03
7.152000000000000455e+02 6.584945051875835259e-03
7.154000000000000909e+02 6.312411539876765232e-03
7.156000000000000227e+02 6.236937787226937840e-03
7.157999999999999545e+02 6.339552835458818481e-03
7.160000000000000000e+02 6.548210691933373934e-03
7.162000000000000455e+02 6.770967623611762187e-03
7.164000000000000909e+02 6.935789924262872330e-03
7.166000000000000227e+02 7.015028663396340874e-03
7.167999999999999545e+02 7.016262233686437061e-03
7.170000000000000000e+02 6.965086277276152232e-03
7.172000000000000455e+02 6.875922429082779314e-03
7.174000000000000909e+02 6.759110009882399184e-03
7.176000000000000227e+02 6.639159980317870663e-03
7.177999999999999545e+02 6.566090901818047443e-03
7.180000000000000000e+02 6.585657124179057631e-03
7.182000000000000455e+02 6.694612921377993825e-03
7.184000000000000909e+02 6.841889794145621095e-03
7.186000000000000227e+02 6.942097783914771142e-03
7.187999999999999545e+02 6.894866428503416272e-03
7.190000000000000000e+02 6.660446759890296942e-03
7.192000000000000455e+02 6.271406590803451503e-03
7.194000000000000909e+02 5.834947482700435228e-03
7.196000000000000227e+02 5.441044189281093318e-03
7.197999999999999545e+02 5.154175005007793214e-03
7.200000000000000000e+02 5.016856242731418392e-03
7.202000000000000455e+02 5.056663350483724811e-03
7.204000000000000909e+02 5.283940594895529530e-03
7.206000000000000227e+02 5.683245673386728286e-03
7.207999999999999545e+02 6.198837258116242366e-03
7.210000000000000000e+02 6.745152264612568754e-03
7.212000000000000455e+02 7.222212723867374451e-03
7.214000000000000909e+02 7.571595990593048969e-03
7.216000000000000227e+02 7.794504761071730653e-03
7.217999999999999545e+02 7.959367567359876272e-03
7.220000000000000000e+02 8.099446572628565821e-03
7.222000000000000455e+02 8.207901333859367321e-03
7.224000000000000909e+02 8.252043005058714437e-03
7.226000000000000227e+02 8.265368582554798171e-03
7.227999999999999545e+02 8.307191965352341695e-03
7.230000000000000000e+02 8.413848739038991276e-03
7.232000000000000455e+02 8.571599039887481397e-03
7.234000000000000909e+02 8.729020250644255879e-03
7.236000000000000227e+02 8.810140705413031098e-03
7.237999999999999545e+02 8.748562156262965767e-03
7.240000000000000000e+02 8.519043831522694898e-03
7.242000000000000455e+02 8.160924849252931823e-03
7.244000000000000909e+02 7.739851038480131257e-03
7.246000000000000227e+02 7.328469388368910598e-03
7.247999999999999545e+02 6.995381430698430214e-03
7.250000000000000000e+02 6.805167006481930431e-03
7.252000000000000455e+02 6.792685972918124232e-03
7.254000000000000909e+02 6.938743137223299384e-03
7.256000000000000227e+02 7.167861148436732721e-03
7.257999999999999545e+02 7.394857246664578859e-03
7.260000000000000000e+02 7.560215614835094633e-03
7.262000000000000455e+02 7.643074648382194858e-03
7.264000000000000909e+02 7.645641625633803340e-03
7.266000000000000227e+02 7.583917513178283637e-03
7.267999999999999545e+02 7.485761019330752775e-03
7.270000000000000000e+02 7.383822292736062776e-03
7.272000000000000455e+02 7.312655088806865877e-03
7.274000000000000909e+02 7.314813586879409524e-03
7.276000000000000227e+02 7.425939073659185846e-03
7.277999999999999545e+02 7.662523571795441801e-03
7.280000000000000000e+02 8.014096983757681286e-03
7.282000000000000455e+02 8.460969527595188500e-03
7.284000000000000909e+02 8.983226436699756623e-03
7.286000000000000227e+02 9.554075515048273542e-03
7.287999999999999545e+02 1.013960371340428754e-02
7.290000000000000000e+02 1.069854875166398323e-02
7.292000000000000455e+02 1.118380200220535012e-02
7.294000000000000909e+02 1.155125637413818851e-02
7.296000000000000227e+02 1.177255887436545398e-02
7.297999999999999545e+02 1.187040339830266328e-02
7.300000000000000000e+02 1.188855750395064609e-02
7.302000000000000455e+02 1.186779950378689247e-02
7.304000000000000909e+02 1.180745306529962235e-02
7.306000000000000227e+02 1.169186503903736629e-02
7.307999999999999545e+02 1.151203912274292862e-02
7.310000000000000000e+02 1.130009631073982182e-02
7.312000000000000455e+02 1.110122824726692686e-02
7.314000000000000909e+02 1.095404056860681610e-02
7.316000000000000227e+02 1.086550063726230905e-02
7.317999999999999545e+02 1.081358094824691474e-02
7.320000000000000000e+02 1.075449061499409928e-02
7.322000000000000455e+02 1.065148290081677565e-02
7.324000000000000909e+02 1.049794131660604021e-02
7.326000000000000227e+02 1.032106373596241439e-02
7.327999999999999545e+02 1.015500853949113588e-02
7.330000000000000000e+02 1.000632223433502166e-02
7.332000000000000455e+02 9.850031881251154059e-03
7.334000000000000909e+02 9.669277131996466268e-03
7.336000000000000227e+02 9.472231323237191580e-03
7.337999999999999545e+02 9.289073028858656905e-03
7.340000000000000000e+02 9.138528293621956539e-03
7.342000000000000455e+02 9.037374738735417384e-03
7.344000000000000909e+02 9.000334159455170013e-03
7.346000000000000227e+02 9.026531415425378957e-03
7.347999999999999545e+02 9.127833085165352328e-03
7.350000000000000000e+02 9.331465931938266734e-03
7.352000000000000455e+02 9.651524327580523338e-03
7.354000000000000909e+02 1.003498707978944804e-02
7.356000000000000227e+02 1.036275218353342742e-02
7.357999999999999545e+02 1.051508064171501750e-02
7.360000000000000000e+02 1.044812830009605661e-02
7.362000000000000455e+02 1.020461085265396417e-02
7.364000000000000909e+02 9.871544481888729766e-03
7.366000000000000227e+02 9.544159410250423886e-03
7.367999999999999545e+02 9.304162876484636108e-03
7.370000000000000000e+02 9.187036986314713050e-03
7.372000000000000455e+02 9.173072337220873618e-03
7.374000000000000909e+02 9.204242171623921304e-03
7.376000000000000227e+02 9.233987627091364003e-03
7.377999999999999545e+02 9.210746888500657287e-03
7.380000000000000000e+02 9.080656004712778229e-03
7.382000000000000455e+02 8.811250541865385533e-03
7.384000000000000909e+02 8.442549005198800305e-03
7.386000000000000227e+02 8.086413449374770662e-03
7.387999999999999545e+02 7.891314755492130628e-03
7.390000000000000000e+02 7.955911181414049987e-03
7.392000000000000455e+02 8.312939678312130515e-03
7.394000000000000909e+02 8.939202955272770867e-03
7.396000000000000227e+02 9.772481502953272309e-03
7.397999999999999545e+02 1.071963055286588584e-02
7.400000000000000000e+02 1.166491445753165337e-02
7.402000000000000455e+02 1.251683211295036291e-02
7.404000000000000909e+02 1.321089027178838290e-02
7.406000000000000227e+02 1.369535100486395790e-02
7.407999999999999545e+02 1.395308943131091939e-02
7.410000000000000000e+02 1.400743062986860299e-02
7.412000000000000455e+02 1.392532817435423315e-02
7.414000000000000909e+02 1.376344325662125917e-02
7.416000000000000227e+02 1.354772951210949511e-02
7.417999999999999545e+02 1.325872510664603821e-02
7.420000000000000000e+02 1.291156587674471140e-02
7.422000000000000455e+02 1.255550085812439862e-02
7.424000000000000909e+02 1.224164888816883096e-02
7.426000000000000227e+02 1.197349111729154383e-02
7.427999999999999545e+02 1.173373484864024749e-02
7.430000000000000000e+02 1.154438127825210825e-02
7.432000000000000455e+02 1.143041892722154729e-02
7.434000000000000909e+02 1.139371395543542498e-02
7.436000000000000227e+02 1.138246313454563396e-02
7.437999999999999545e+02 1.134884249809774148e-02
7.440000000000000000e+02 1.126363645260603993e-02
7.442000000000000455e+02 1.112530933956545551e-02
7.444000000000000909e+02 1.096731279621345964e-02
7.446000000000000227e+02 1.084684353157046310e-02
7.447999999999999545e+02 1.082307713171772739e-02
7.450000000000000000e+02 1.088871746344994076e-02
7.452000000000000455e+02 1.098635579750145697e-02
7.454000000000000909e+02 1.104850018211039897e-02
7.456000000000000227e+02 1.105741612703874110e-02
7.457999999999999545e+02 1.102628946988583325e-02
7.460000000000000000e+02 1.096443560442176765e-02
7.462000000000000455e+02 1.087874985220595517e-02
7.464000000000000909e+02 1.079328421432639018e-02
7.466000000000000227e+02 1.077127814008301335e-02
7.467999999999999545e+02 1.085207217308925901e-02
7.470000000000000000e+02 1.104310711979349102e-02
7.472000000000000455e+02 1.131957850367385984e-02
7.474000000000000909e+02 1.164778035241452459e-02
7.476000000000000227e+02 1.200248435205734931e-02
7.477999999999999545e+02 1.238393327115371034e-02
7.480000000000000000e+02 1.280708589045621154e-02
7.482000000000000455e+02 1.327896082708696773e-02
7.484000000000000909e+02 1.377352842819665191e-02
7.486000000000000227e+02 1.423734636398474307e-02
7.487999999999999545e+02 1.460353289789435849e-02
7.490000000000000000e+02 1.480733304004605566e-02
7.492000000000000455e+02 1.481297810206901738e-02
7.494000000000000909e+02 1.460641213662704913e-02
7.496000000000000227e+02 1.419359002240361961e-02
7.497999999999999545e+02 1.364643643049644889e-02
7.500000000000000000e+02 1.308845380161864982e-02
