4.000000000000000000e+02 3.689285563490933284e-01
4.001999999999999886e+02 3.644509184627760523e-01
4.003999999999999773e+02 3.602603386322609236e-01
4.006000000000000227e+02 3.563698649852408695e-01
4.008000000000000114e+02 3.527135954904708215e-01
4.010000000000000000e+02 3.492582465935271108e-01
4.011999999999999886e+02 3.459839146348435146e-01
4.013999999999999773e+02 3.428393660332483828e-01
4.016000000000000227e+02 3.397124375871158342e-01
4.018000000000000114e+02 3.365265696314967969e-01
4.020000000000000000e+02 3.332630442401367521e-01
4.021999999999999886e+02 3.299511844707894159e-01
4.023999999999999773e+02 3.266442536694907917e-01
4.026000000000000227e+02 3.234331774814597216e-01
4.028000000000000114e+02 3.203666736271648663e-01
4.030000000000000000e+02 3.174255993425454947e-01
4.031999999999999886e+02 3.145957459916940424e-01
4.033999999999999773e+02 3.118662009590821294e-01
4.036000000000000227e+02 3.091941728895744590e-01
4.038000000000000114e+02 3.065092987438134409e-01
4.040000000000000000e+02 3.037919632145507642e-01
4.041999999999999886e+02 3.010882288083354119e-01
4.043999999999999773e+02 2.984456076175573402e-01
4.046000000000000227e+02 2.958892307974049785e-01
4.048000000000000114e+02 2.934919231096934644e-01
4.050000000000000000e+02 2.912209342139298052e-01
4.051999999999999886e+02 2.890076879002769772e-01
4.053999999999999773e+02 2.868323682344594006e-01
4.056000000000000227e+02 2.846611780005176007e-01
4.058000000000000114e+02 2.825031300038582938e-01
4.060000000000000000e+02 2.803781633952691643e-01
4.061999999999999886e+02 2.782565481212772029e-01
4.063999999999999773e+02 2.761342237474576633e-01
4.066000000000000227e+02 2.739985808475435825e-01
4.068000000000000114e+02 2.718246707148962438e-01
4.070000000000000000e+02 2.696131679926513924e-01
4.071999999999999886e+02 2.673810195299761161e-01
4.073999999999999773e+02 2.651689838937215105e-01
4.076000000000000227e+02 2.630268309380754954e-01
4.078000000000000114e+02 2.609522447306124593e-01
4.080000000000000000e+02 2.589570156478215868e-01
4.081999999999999886e+02 2.570424427325844752e-01
4.083999999999999773e+02 2.551659832706825171e-01
4.086000000000000227e+02 2.533093046413605887e-01
4.088000000000000114e+02 2.514489245945750739e-01
4.090000000000000000e+02 2.495567887523044148e-01
4.091999999999999886e+02 2.476197403123079344e-01
4.093999999999999773e+02 2.456028988650368894e-01
4.096000000000000227e+02 2.434969600827186498e-01
4.098000000000000114e+02 2.413195551662549732e-01
4.100000000000000000e+02 2.390499112915571156e-01
4.101999999999999886e+02 2.367029698674369409e-01
4.103999999999999773e+02 2.343091944428303819e-01
4.106000000000000227e+02 2.318914242637489798e-01
4.108000000000000114e+02 2.294973423694436354e-01
4.110000000000000000e+02 2.271551706125075620e-01
4.111999999999999886e+02 2.248752226754834327e-01
4.113999999999999773e+02 2.226632373645031637e-01
4.116000000000000227e+02 2.204808961174601900e-01
4.118000000000000114e+02 2.183090188298493772e-01
4.120000000000000000e+02 2.161607064820278978e-01
4.121999999999999886e+02 2.140478158655979568e-01
4.123999999999999773e+02 2.120082521952885157e-01
4.126000000000000227e+02 2.100464785332782358e-01
4.128000000000000114e+02 2.081153576831774044e-01
4.130000000000000000e+02 2.061907197937195568e-01
4.131999999999999886e+02 2.042425301393328008e-01
4.133999999999999773e+02 2.022511664519268948e-01
4.136000000000000227e+02 2.002197738208224831e-01
4.138000000000000114e+02 1.981214140372723198e-01
4.140000000000000000e+02 1.959677847006637830e-01
4.141999999999999886e+02 1.938099237856156232e-01
4.143999999999999773e+02 1.916991306187319777e-01
4.146000000000000227e+02 1.897031695973837861e-01
4.148000000000000114e+02 1.878327794238591475e-01
4.150000000000000000e+02 1.860307248273155856e-01
4.151999999999999886e+02 1.842450293069350653e-01
4.153999999999999773e+02 1.824455818787096839e-01
4.156000000000000227e+02 1.806352036850459863e-01
4.158000000000000114e+02 1.788377780347047696e-01
4.160000000000000000e+02 1.770399440533251822e-01
4.161999999999999886e+02 1.752503811016504487e-01
4.163999999999999773e+02 1.734998061488448318e-01
4.166000000000000227e+02 1.718189191974029140e-01
4.168000000000000114e+02 1.702444561972981385e-01
4.170000000000000000e+02 1.687661482991817952e-01
4.171999999999999886e+02 1.673422931858367380e-01
4.173999999999999773e+02 1.659668873193555216e-01
4.176000000000000227e+02 1.646427878768022268e-01
4.178000000000000114e+02 1.633841894264176642e-01
4.180000000000000000e+02 1.622063612276269662e-01
4.181999999999999886e+02 1.610883425295455695e-01
4.183999999999999773e+02 1.600042497921123352e-01
4.186000000000000227e+02 1.589258240666267530e-01
4.188000000000000114e+02 1.578253827855758129e-01
4.190000000000000000e+02 1.567070552038685727e-01
4.191999999999999886e+02 1.555813396971607310e-01
4.193999999999999773e+02 1.544694917253059130e-01
4.196000000000000227e+02 1.534169108921958624e-01
4.198000000000000114e+02 1.524500224178803320e-01
4.200000000000000000e+02 1.515747001793247561e-01
4.201999999999999886e+02 1.507788115406480112e-01
4.203999999999999773e+02 1.500345452827305248e-01
4.206000000000000227e+02 1.493117881917607748e-01
4.208000000000000114e+02 1.485791773298574536e-01
4.210000000000000000e+02 1.478073208888848744e-01
4.211999999999999886e+02 1.469838327720670024e-01
4.213999999999999773e+02 1.461262591648287423e-01
4.216000000000000227e+02 1.452669511406932124e-01
4.218000000000000114e+02 1.444316999537260393e-01
4.220000000000000000e+02 1.436386982385427225e-01
4.221999999999999886e+02 1.428860448090738811e-01
4.223999999999999773e+02 1.421680816927123336e-01
4.226000000000000227e+02 1.415056639174639419e-01
4.228000000000000114e+02 1.409051118731554364e-01
4.230000000000000000e+02 1.403556423233180139e-01
4.231999999999999886e+02 1.398333934742845008e-01
4.233999999999999773e+02 1.393068985198980536e-01
4.236000000000000227e+02 1.387536428184543702e-01
4.238000000000000114e+02 1.381548140372151345e-01
4.240000000000000000e+02 1.374951270483274202e-01
4.241999999999999886e+02 1.367894075331957671e-01
4.243999999999999773e+02 1.360446412244729897e-01
4.246000000000000227e+02 1.352629989346289807e-01
4.248000000000000114e+02 1.344633210769952680e-01
4.250000000000000000e+02 1.336738722481577990e-01
4.251999999999999886e+02 1.329192934575332274e-01
4.253999999999999773e+02 1.322101977424944008e-01
4.256000000000000227e+02 1.315379918747471011e-01
4.258000000000000114e+02 1.309016598750008253e-01
4.260000000000000000e+02 1.302980096979666491e-01
4.261999999999999886e+02 1.297222328580562301e-01
4.263999999999999773e+02 1.291979442121212462e-01
4.266000000000000227e+02 1.287399711861504648e-01
4.268000000000000114e+02 1.283414478778113210e-01
4.270000000000000000e+02 1.279760568660255060e-01
4.271999999999999886e+02 1.276190686288341813e-01
4.273999999999999773e+02 1.272546391710226155e-01
4.276000000000000227e+02 1.268652919348573493e-01
4.278000000000000114e+02 1.264189576081242994e-01
4.280000000000000000e+02 1.259106422095035982e-01
4.281999999999999886e+02 1.253580565102302424e-01
4.283999999999999773e+02 1.247952017025669991e-01
4.286000000000000227e+02 1.242697691510676050e-01
4.288000000000000114e+02 1.238209453981305441e-01
4.290000000000000000e+02 1.234587870959536759e-01
4.291999999999999886e+02 1.231544443627713981e-01
4.293999999999999773e+02 1.228583252828589489e-01
4.296000000000000227e+02 1.225458940284622489e-01
4.298000000000000114e+02 1.222131461803771524e-01
4.300000000000000000e+02 1.218540709611464490e-01
4.301999999999999886e+02 1.214656337631130067e-01
4.303999999999999773e+02 1.210534245541303178e-01
4.306000000000000227e+02 1.206342020120773073e-01
4.308000000000000114e+02 1.202358679064646219e-01
4.310000000000000000e+02 1.198923837198333231e-01
4.311999999999999886e+02 1.196226438802932557e-01
4.313999999999999773e+02 1.194136382612923930e-01
4.316000000000000227e+02 1.192180606350272676e-01
4.318000000000000114e+02 1.190064963062792969e-01
4.320000000000000000e+02 1.187692445059147506e-01
4.321999999999999886e+02 1.185008795990367958e-01
4.323999999999999773e+02 1.181863474677150860e-01
4.326000000000000227e+02 1.178180179449889731e-01
4.328000000000000114e+02 1.174046390403171158e-01
4.330000000000000000e+02 1.169698946459555855e-01
4.331999999999999886e+02 1.165256890529897116e-01
4.333999999999999773e+02 1.160838461943626276e-01
4.336000000000000227e+02 1.156557775837099289e-01
4.338000000000000114e+02 1.152371063051879918e-01
4.340000000000000000e+02 1.148393496031576977e-01
4.341999999999999886e+02 1.144895592071255297e-01
4.343999999999999773e+02 1.142199554604426959e-01
4.346000000000000227e+02 1.140514610043303623e-01
4.348000000000000114e+02 1.139767933582323811e-01
4.350000000000000000e+02 1.139626925732664942e-01
4.351999999999999886e+02 1.139617759895921179e-01
4.353999999999999773e+02 1.139326824483332667e-01
4.356000000000000227e+02 1.138530724995887866e-01
4.358000000000000114e+02 1.137238730214602533e-01
4.360000000000000000e+02 1.135650275868763104e-01
4.361999999999999886e+02 1.133922964662494592e-01
4.363999999999999773e+02 1.132078890342598509e-01
4.366000000000000227e+02 1.130028359382866388e-01
4.368000000000000114e+02 1.127779798154892876e-01
4.370000000000000000e+02 1.125483736200831308e-01
4.371999999999999886e+02 1.123387924011522987e-01
4.373999999999999773e+02 1.121748751382256604e-01
4.376000000000000227e+02 1.120738766454671964e-01
4.378000000000000114e+02 1.120395181714095856e-01
4.380000000000000000e+02 1.120579579614306431e-01
4.381999999999999886e+02 1.120951099415699870e-01
4.383999999999999773e+02 1.121084471718251097e-01
4.386000000000000227e+02 1.120578365634154194e-01
4.388000000000000114e+02 1.119190105048588346e-01
4.390000000000000000e+02 1.117021237242543374e-01
4.391999999999999886e+02 1.114510710914317360e-01
4.393999999999999773e+02 1.112286295064812691e-01
4.396000000000000227e+02 1.110760060764047208e-01
4.398000000000000114e+02 1.110101567315932847e-01
4.400000000000000000e+02 1.110249665387592066e-01
4.401999999999999886e+02 1.110934963105472406e-01
4.403999999999999773e+02 1.111782090138602463e-01
4.406000000000000227e+02 1.112523000245027871e-01
4.408000000000000114e+02 1.113095679853003672e-01
4.410000000000000000e+02 1.113553675863484249e-01
4.411999999999999886e+02 1.113925730726367802e-01
4.413999999999999773e+02 1.114157810344093003e-01
4.416000000000000227e+02 1.114084314523796637e-01
4.418000000000000114e+02 1.113438856371394559e-01
4.420000000000000000e+02 1.111958790766973126e-01
4.421999999999999886e+02 1.109503173814285759e-01
4.423999999999999773e+02 1.106204278941057551e-01
4.426000000000000227e+02 1.102310589405890162e-01
4.428000000000000114e+02 1.098173996671162334e-01
4.430000000000000000e+02 1.094258258384600557e-01
4.431999999999999886e+02 1.090881599604739127e-01
4.433999999999999773e+02 1.088067480827345224e-01
4.436000000000000227e+02 1.085533784923618517e-01
4.438000000000000114e+02 1.082891887763238470e-01
4.440000000000000000e+02 1.079904338739600678e-01
4.441999999999999886e+02 1.076536423798847564e-01
4.443999999999999773e+02 1.072932073077113302e-01
4.446000000000000227e+02 1.069363022093657578e-01
4.448000000000000114e+02 1.066148547098534072e-01
4.450000000000000000e+02 1.063568895769333444e-01
4.451999999999999886e+02 1.061735137518304006e-01
4.453999999999999773e+02 1.060551156337565804e-01
4.456000000000000227e+02 1.059709578933997476e-01
4.458000000000000114e+02 1.058735209941272515e-01
4.460000000000000000e+02 1.057263653044328566e-01
4.461999999999999886e+02 1.055192713101255897e-01
4.463999999999999773e+02 1.052687806372840651e-01
4.466000000000000227e+02 1.049986569238113010e-01
4.468000000000000114e+02 1.047192328454799037e-01
4.470000000000000000e+02 1.044370270126050992e-01
4.471999999999999886e+02 1.041717432272902810e-01
4.473999999999999773e+02 1.039481419548651253e-01
4.476000000000000227e+02 1.037729086793600652e-01
4.478000000000000114e+02 1.036289386479592456e-01
4.480000000000000000e+02 1.034943460098504409e-01
4.481999999999999886e+02 1.033458161668019126e-01
4.483999999999999773e+02 1.031586262571605461e-01
4.486000000000000227e+02 1.029098841833652467e-01
4.488000000000000114e+02 1.025998540731852260e-01
4.490000000000000000e+02 1.022406223983557960e-01
4.491999999999999886e+02 1.018451086380044446e-01
4.493999999999999773e+02 1.014203665730110393e-01
4.496000000000000227e+02 1.009933950898216082e-01
4.498000000000000114e+02 1.006035649655393771e-01
4.500000000000000000e+02 1.002804859376753843e-01
4.501999999999999886e+02 1.000149044720302360e-01
4.503999999999999773e+02 9.977831260507497024e-02
4.506000000000000227e+02 9.954335921301474266e-02
4.508000000000000114e+02 9.930341455637720083e-02
4.510000000000000000e+02 9.905632298609226560e-02
4.511999999999999886e+02 9.880076651207123084e-02
4.513999999999999773e+02 9.853611350897950594e-02
4.516000000000000227e+02 9.825734656966894631e-02
4.518000000000000114e+02 9.796312252720806857e-02
4.520000000000000000e+02 9.766509668141759581e-02
4.521999999999999886e+02 9.739590855808683001e-02
4.523999999999999773e+02 9.716350555972605441e-02
4.526000000000000227e+02 9.694197861138562078e-02
4.528000000000000114e+02 9.668243662131259519e-02
4.530000000000000000e+02 9.636335767706086242e-02
4.531999999999999886e+02 9.598882952228063314e-02
4.533999999999999773e+02 9.557292342314963052e-02
4.536000000000000227e+02 9.511305393864033508e-02
4.538000000000000114e+02 9.462168297110715165e-02
4.540000000000000000e+02 9.413984407817774236e-02
4.541999999999999886e+02 9.373589113951791285e-02
4.543999999999999773e+02 9.346250194581504078e-02
4.546000000000000227e+02 9.332637392647197272e-02
4.548000000000000114e+02 9.327990036045458178e-02
4.550000000000000000e+02 9.323703611906475341e-02
4.551999999999999886e+02 9.312355577672384865e-02
4.553999999999999773e+02 9.290336637671511855e-02
4.556000000000000227e+02 9.258786209162545022e-02
4.558000000000000114e+02 9.219554165039234306e-02
4.560000000000000000e+02 9.174576815665411167e-02
4.561999999999999886e+02 9.126574817680938034e-02
4.563999999999999773e+02 9.080548149505768274e-02
4.566000000000000227e+02 9.040098874178606470e-02
4.568000000000000114e+02 9.005790717771144926e-02
4.570000000000000000e+02 8.974717837489640249e-02
4.571999999999999886e+02 8.943133943895967275e-02
4.573999999999999773e+02 8.909279754287763309e-02
4.576000000000000227e+02 8.874147557040668044e-02
4.578000000000000114e+02 8.840198205016175370e-02
4.580000000000000000e+02 8.809310851417587185e-02
4.581999999999999886e+02 8.781703069685489749e-02
4.583999999999999773e+02 8.755777210322604476e-02
4.586000000000000227e+02 8.730858113309100665e-02
4.588000000000000114e+02 8.707361652486361736e-02
4.590000000000000000e+02 8.686071899571526367e-02
4.591999999999999886e+02 8.666647439642946593e-02
4.593999999999999773e+02 8.647880746995467716e-02
4.596000000000000227e+02 8.628874364114977324e-02
4.598000000000000114e+02 8.610089064603915210e-02
4.600000000000000000e+02 8.592835897511308385e-02
4.601999999999999886e+02 8.577391722937971474e-02
4.603999999999999773e+02 8.562362756526550878e-02
4.606000000000000227e+02 8.545835661513720427e-02
4.608000000000000114e+02 8.532329928953766296e-02
4.610000000000000000e+02 8.539143817336780629e-02
4.611999999999999886e+02 8.594664836219695347e-02
4.613999999999999773e+02 8.706054864159351592e-02
4.616000000000000227e+02 8.854286910596653737e-02
4.618000000000000114e+02 9.003320437110184926e-02
4.620000000000000000e+02 9.121825688477527838e-02
4.621999999999999886e+02 9.185109596079032990e-02
4.623999999999999773e+02 9.178129464958181827e-02
4.626000000000000227e+02 9.099104076629524473e-02
4.628000000000000114e+02 8.961145929150587941e-02
4.630000000000000000e+02 8.789210278475959037e-02
4.631999999999999886e+02 8.615778923947858825e-02
4.633999999999999773e+02 8.473150419475894424e-02
4.636000000000000227e+02 8.380140841615943414e-02
4.638000000000000114e+02 8.332296404822969738e-02
4.640000000000000000e+02 8.301971234136767963e-02
4.641999999999999886e+02 8.271368647701668464e-02
4.643999999999999773e+02 8.238673475014646197e-02
4.646000000000000227e+02 8.211716517674227944e-02
4.648000000000000114e+02 8.192763603929614780e-02
4.650000000000000000e+02 8.183198859783352708e-02
4.651999999999999886e+02 8.183657649385034372e-02
4.653999999999999773e+02 8.193305287293706218e-02
4.656000000000000227e+02 8.210698637106678133e-02
4.658000000000000114e+02 8.233429357762811485e-02
4.660000000000000000e+02 8.257968028822307294e-02
4.661999999999999886e+02 8.280169954652821795e-02
4.663999999999999773e+02 8.299187078595049449e-02
4.666000000000000227e+02 8.315736596465758690e-02
4.668000000000000114e+02 8.329649982294856647e-02
4.670000000000000000e+02 8.338938847149551803e-02
4.671999999999999886e+02 8.341411137783649732e-02
4.673999999999999773e+02 8.336187562285246599e-02
4.676000000000000227e+02 8.325297105759119076e-02
4.678000000000000114e+02 8.313279860504327323e-02
4.680000000000000000e+02 8.304568238223988819e-02
4.681999999999999886e+02 8.301435096163434224e-02
4.683999999999999773e+02 8.304864650598003939e-02
4.686000000000000227e+02 8.316065997896565642e-02
4.688000000000000114e+02 8.336870952546701630e-02
4.690000000000000000e+02 8.369056656570234010e-02
4.691999999999999886e+02 8.411421119029616200e-02
4.693999999999999773e+02 8.459846988143465696e-02
4.696000000000000227e+02 8.508620621900178649e-02
4.698000000000000114e+02 8.554062582085941724e-02
4.700000000000000000e+02 8.594890512603314825e-02
4.701999999999999886e+02 8.630946450788659630e-02
4.703999999999999773e+02 8.661080115035599269e-02
4.706000000000000227e+02 8.685425872310123530e-02
4.708000000000000114e+02 8.706474179358042464e-02
4.710000000000000000e+02 8.728757333976128185e-02
4.711999999999999886e+02 8.755114704131494729e-02
4.713999999999999773e+02 8.785967432085700635e-02
4.716000000000000227e+02 8.819792612257967845e-02
4.718000000000000114e+02 8.854454416071061429e-02
4.720000000000000000e+02 8.888918494559211458e-02
4.721999999999999886e+02 8.923419636343460359e-02
4.723999999999999773e+02 8.959097609062224854e-02
4.726000000000000227e+02 8.996893356932272878e-02
4.728000000000000114e+02 9.038133011304755327e-02
4.730000000000000000e+02 9.084038882067377307e-02
4.731999999999999886e+02 9.134265479983647018e-02
4.733999999999999773e+02 9.186144113081448626e-02
4.736000000000000227e+02 9.236609159665939983e-02
4.738000000000000114e+02 9.283962131035372600e-02
4.740000000000000000e+02 9.328322839891031726e-02
4.741999999999999886e+02 9.372181439040039308e-02
4.743999999999999773e+02 9.419740089554387574e-02
4.746000000000000227e+02 9.475171023927064784e-02
4.748000000000000114e+02 9.540584075931640706e-02
4.750000000000000000e+02 9.615569047201494302e-02
4.751999999999999886e+02 9.697300161807764773e-02
4.753999999999999773e+02 9.781675612460330460e-02
4.756000000000000227e+02 9.865203572292582934e-02
4.758000000000000114e+02 9.945949053484662294e-02
4.760000000000000000e+02 1.002393105319949740e-01
4.761999999999999886e+02 1.009976768916622802e-01
4.763999999999999773e+02 1.017453558601357777e-01
4.766000000000000227e+02 1.024993873819923518e-01
4.768000000000000114e+02 1.032845750355377568e-01
4.770000000000000000e+02 1.041137734273956672e-01
4.771999999999999886e+02 1.049874664417967118e-01
4.773999999999999773e+02 1.059066417757262846e-01
4.776000000000000227e+02 1.068864542890273772e-01
4.778000000000000114e+02 1.079534807986688716e-01
4.780000000000000000e+02 1.091326595955844636e-01
4.781999999999999886e+02 1.104126781355366516e-01
4.783999999999999773e+02 1.117449699101418781e-01
4.786000000000000227e+02 1.130661605302722139e-01
4.788000000000000114e+02 1.143358741807248558e-01
4.790000000000000000e+02 1.155486925125618070e-01
4.791999999999999886e+02 1.167325163422446022e-01
4.793999999999999773e+02 1.179369889814775307e-01
4.796000000000000227e+02 1.191992771665820738e-01
4.798000000000000114e+02 1.205629836220134254e-01
4.800000000000000000e+02 1.220731914039117350e-01
4.801999999999999886e+02 1.237533459026778915e-01
4.803999999999999773e+02 1.255825125417347476e-01
4.806000000000000227e+02 1.275034453997054285e-01
4.808000000000000114e+02 1.294491409954348915e-01
4.810000000000000000e+02 1.314061965877842963e-01
4.811999999999999886e+02 1.333835990883428524e-01
4.813999999999999773e+02 1.354005626394969297e-01
4.816000000000000227e+02 1.374867861438102967e-01
4.818000000000000114e+02 1.396847343266971742e-01
4.820000000000000000e+02 1.420290032581428274e-01
4.821999999999999886e+02 1.445389871051264985e-01
4.823999999999999773e+02 1.472425726382073086e-01
4.826000000000000227e+02 1.501383457080563977e-01
4.828000000000000114e+02 1.531956078200832350e-01
4.830000000000000000e+02 1.563745828178027542e-01
4.831999999999999886e+02 1.596361859148460738e-01
4.833999999999999773e+02 1.629653020977781253e-01
4.836000000000000227e+02 1.663720762824170141e-01
4.838000000000000114e+02 1.698475437364652951e-01
4.840000000000000000e+02 1.733944493767839712e-01
4.841999999999999886e+02 1.770279113188524822e-01
4.843999999999999773e+02 1.807674067460263156e-01
4.846000000000000227e+02 1.846804657589273813e-01
4.848000000000000114e+02 1.888180162418229557e-01
4.850000000000000000e+02 1.931734415109555292e-01
4.851999999999999886e+02 1.977093010472344703e-01
4.853999999999999773e+02 2.024073387842381389e-01
4.856000000000000227e+02 2.072538453726248675e-01
4.858000000000000114e+02 2.122054040578416623e-01
4.860000000000000000e+02 2.172516265849045447e-01
4.861999999999999886e+02 2.223845798188628375e-01
4.863999999999999773e+02 2.275902781442381562e-01
4.866000000000000227e+02 2.329018950605718508e-01
4.868000000000000114e+02 2.383587677377976832e-01
4.870000000000000000e+02 2.439996892734077605e-01
4.871999999999999886e+02 2.498636980510757777e-01
4.873999999999999773e+02 2.559334489262851675e-01
4.876000000000000227e+02 2.621934128487097282e-01
4.878000000000000114e+02 2.686689590409029882e-01
4.880000000000000000e+02 2.754065233742848395e-01
4.881999999999999886e+02 2.823621011849957729e-01
4.883999999999999773e+02 2.894563191758819931e-01
4.886000000000000227e+02 2.966850487628500121e-01
4.888000000000000114e+02 3.040363882577051258e-01
4.890000000000000000e+02 3.115267484803023734e-01
4.891999999999999886e+02 3.192018800656607480e-01
4.893999999999999773e+02 3.270516909319207688e-01
4.896000000000000227e+02 3.350970971692145972e-01
4.898000000000000114e+02 3.433819533537866842e-01
4.900000000000000000e+02 3.519338064327252602e-01
4.901999999999999886e+02 3.608115466019440332e-01
4.903999999999999773e+02 3.700125932972284093e-01
4.906000000000000227e+02 3.794580632488421257e-01
4.908000000000000114e+02 3.891319076051480419e-01
4.910000000000000000e+02 3.990385925185753746e-01
4.911999999999999886e+02 4.091725534931471842e-01
4.913999999999999773e+02 4.195048951472656329e-01
4.916000000000000227e+02 4.300332298804586673e-01
4.918000000000000114e+02 4.407226619450570482e-01
4.920000000000000000e+02 4.515129034518384210e-01
4.921999999999999886e+02 4.624471668024860427e-01
4.923999999999999773e+02 4.735541405057544506e-01
4.926000000000000227e+02 4.848625914284186433e-01
4.928000000000000114e+02 4.964450993170102522e-01
4.930000000000000000e+02 5.082904178775442539e-01
4.931999999999999886e+02 5.204147578410196484e-01
4.933999999999999773e+02 5.328829329781188395e-01
4.936000000000000227e+02 5.456599134483044455e-01
4.938000000000000114e+02 5.586983812669337190e-01
4.940000000000000000e+02 5.719179632983368844e-01
4.941999999999999886e+02 5.851791528449050706e-01
4.943999999999999773e+02 5.984893356718419266e-01
4.946000000000000227e+02 6.118982290426349113e-01
4.948000000000000114e+02 6.254316943794182571e-01
4.950000000000000000e+02 6.391204503094023437e-01
4.951999999999999886e+02 6.530627061666751665e-01
4.953999999999999773e+02 6.673428567467416528e-01
4.956000000000000227e+02 6.819359637817727915e-01
4.958000000000000114e+02 6.968705621836093211e-01
4.960000000000000000e+02 7.121313967466409434e-01
4.961999999999999886e+02 7.276528527679915204e-01
4.963999999999999773e+02 7.434706553059375889e-01
4.966000000000000227e+02 7.595653233534140902e-01
4.968000000000000114e+02 7.759223729509450163e-01
4.970000000000000000e+02 7.926233445188772819e-01
4.971999999999999886e+02 8.096422004414052243e-01
4.973999999999999773e+02 8.268963678505074633e-01
4.976000000000000227e+02 8.443253423160079763e-01
4.978000000000000114e+02 8.619728899224539109e-01
4.980000000000000000e+02 8.797934981210775440e-01
4.981999999999999886e+02 8.977615557073295172e-01
4.983999999999999773e+02 9.160249453580078249e-01
4.986000000000000227e+02 9.346840601088763911e-01
4.988000000000000114e+02 9.538696653060174668e-01
4.990000000000000000e+02 9.737059399035425944e-01
4.991999999999999886e+02 9.940845320789251094e-01
4.993999999999999773e+02 1.014909095108129433e+00
4.996000000000000227e+02 1.036042437225899837e+00
4.998000000000000114e+02 1.057221542691169303e+00
5.000000000000000000e+02 1.078346255127767161e+00
5.001999999999999886e+02 1.099307161191960924e+00
5.003999999999999773e+02 1.119969306384851260e+00
5.006000000000000227e+02 1.140390969256990017e+00
5.008000000000000114e+02 1.160618665720337006e+00
5.010000000000000000e+02 1.180664822552291993e+00
5.011999999999999886e+02 1.200551094399464613e+00
5.013999999999999773e+02 1.220346820273074728e+00
5.016000000000000227e+02 1.239979407292789881e+00
5.018000000000000114e+02 1.259241183179569568e+00
5.020000000000000000e+02 1.278046934472766738e+00
5.021999999999999886e+02 1.296274918458543812e+00
5.023999999999999773e+02 1.313807352634328796e+00
5.026000000000000227e+02 1.330580986141042033e+00
5.028000000000000114e+02 1.346379053164702411e+00
5.030000000000000000e+02 1.361049065305619754e+00
5.031999999999999886e+02 1.374565928722052188e+00
5.033999999999999773e+02 1.386897703508441326e+00
5.036000000000000227e+02 1.398098609942559634e+00
5.038000000000000114e+02 1.408220569178018744e+00
5.040000000000000000e+02 1.417220515823948146e+00
5.041999999999999886e+02 1.425115363857113682e+00
5.043999999999999773e+02 1.431935767074225652e+00
5.046000000000000227e+02 1.437688509862847352e+00
5.048000000000000114e+02 1.442339427623019477e+00
5.050000000000000000e+02 1.445797030296260166e+00
5.051999999999999886e+02 1.447955539804554048e+00
5.053999999999999773e+02 1.448758981496909293e+00
5.056000000000000227e+02 1.448267376020431652e+00
5.058000000000000114e+02 1.446623055804919344e+00
5.060000000000000000e+02 1.444004194738183866e+00
5.061999999999999886e+02 1.440563484098648761e+00
5.063999999999999773e+02 1.436458596497316220e+00
5.066000000000000227e+02 1.431846359960613935e+00
5.068000000000000114e+02 1.426858395720737249e+00
5.070000000000000000e+02 1.421551389765612683e+00
5.071999999999999886e+02 1.415862459619185776e+00
5.073999999999999773e+02 1.409633819543463895e+00
5.076000000000000227e+02 1.402725283115403121e+00
5.078000000000000114e+02 1.395134114510970580e+00
5.080000000000000000e+02 1.386936246548206464e+00
5.081999999999999886e+02 1.378212195392135353e+00
5.083999999999999773e+02 1.369092567759040202e+00
5.086000000000000227e+02 1.359680771931011556e+00
5.088000000000000114e+02 1.350082892901360854e+00
5.090000000000000000e+02 1.340539482499099710e+00
5.091999999999999886e+02 1.331218994084894858e+00
5.093999999999999773e+02 1.322192465892389590e+00
5.096000000000000227e+02 1.313445838905693108e+00
5.098000000000000114e+02 1.304864458344455969e+00
5.100000000000000000e+02 1.296402764241156413e+00
5.101999999999999886e+02 1.288088995800332537e+00
5.103999999999999773e+02 1.279873714238147997e+00
5.106000000000000227e+02 1.271705780734221580e+00
5.108000000000000114e+02 1.263559695399476102e+00
5.110000000000000000e+02 1.255445995036286622e+00
5.111999999999999886e+02 1.247413214653458446e+00
5.113999999999999773e+02 1.239596599420520473e+00
5.116000000000000227e+02 1.232172567460601664e+00
5.118000000000000114e+02 1.225222134715706623e+00
5.120000000000000000e+02 1.218805292718166289e+00
5.122000000000000455e+02 1.212956951878756406e+00
5.123999999999999773e+02 1.207673236367024838e+00
5.126000000000000227e+02 1.202941028447476413e+00
5.127999999999999545e+02 1.198658560038033949e+00
5.130000000000000000e+02 1.194644054174683889e+00
5.132000000000000455e+02 1.190729377005554701e+00
5.133999999999999773e+02 1.186784287118196390e+00
5.136000000000000227e+02 1.182760027166430694e+00
5.137999999999999545e+02 1.178716032216128973e+00
5.140000000000000000e+02 1.174759853401113219e+00
5.142000000000000455e+02 1.171054706025567826e+00
5.143999999999999773e+02 1.167810136765924822e+00
5.146000000000000227e+02 1.165244846919999633e+00
5.147999999999999545e+02 1.163527528307843673e+00
5.150000000000000000e+02 1.162725135996339754e+00
5.152000000000000455e+02 1.162775900732884615e+00
5.153999999999999773e+02 1.163550960687952163e+00
5.156000000000000227e+02 1.164865847093974338e+00
5.157999999999999545e+02 1.166503352467064270e+00
5.160000000000000000e+02 1.168258415033535780e+00
5.162000000000000455e+02 1.169968517444882838e+00
5.163999999999999773e+02 1.171549973936121036e+00
5.166000000000000227e+02 1.173028022883109589e+00
5.167999999999999545e+02 1.174536642947961118e+00
5.170000000000000000e+02 1.176293209639068582e+00
5.172000000000000455e+02 1.178563841929199274e+00
5.173999999999999773e+02 1.181603323337863998e+00
5.176000000000000227e+02 1.185552224445170166e+00
5.177999999999999545e+02 1.190464224648521752e+00
5.180000000000000000e+02 1.196327781293620385e+00
5.182000000000000455e+02 1.203002557034956288e+00
5.183999999999999773e+02 1.210317422986298741e+00
5.186000000000000227e+02 1.218084142728309116e+00
5.187999999999999545e+02 1.226060836581641000e+00
5.190000000000000000e+02 1.234087957011526626e+00
5.192000000000000455e+02 1.242085772996085025e+00
5.193999999999999773e+02 1.250047031125963715e+00
5.196000000000000227e+02 1.258086107263131970e+00
5.197999999999999545e+02 1.266314012662629995e+00
5.200000000000000000e+02 1.274828896826866398e+00
5.202000000000000455e+02 1.283781950495970436e+00
5.203999999999999773e+02 1.293295711773867707e+00
5.206000000000000227e+02 1.303461816048623323e+00
5.207999999999999545e+02 1.314350380049498224e+00
5.210000000000000000e+02 1.325999984879318028e+00
5.212000000000000455e+02 1.338286474206682009e+00
5.213999999999999773e+02 1.350981452791093274e+00
5.216000000000000227e+02 1.363934975773461789e+00
5.217999999999999545e+02 1.376957714574406078e+00
5.220000000000000000e+02 1.389854231369459070e+00
5.222000000000000455e+02 1.402437747421081626e+00
5.223999999999999773e+02 1.414423951635755294e+00
5.226000000000000227e+02 1.425640656652858329e+00
5.227999999999999545e+02 1.436056047148989379e+00
5.230000000000000000e+02 1.445695719527628542e+00
5.232000000000000455e+02 1.454699522194896399e+00
5.233999999999999773e+02 1.463301829403373056e+00
5.236000000000000227e+02 1.471776806366889678e+00
5.237999999999999545e+02 1.480313332031092166e+00
5.240000000000000000e+02 1.489050788120426905e+00
5.242000000000000455e+02 1.498023264842416546e+00
5.243999999999999773e+02 1.507046459911555836e+00
5.246000000000000227e+02 1.515853226681123544e+00
5.247999999999999545e+02 1.524080126255777268e+00
5.250000000000000000e+02 1.531284182770595415e+00
5.252000000000000455e+02 1.537126205182536509e+00
5.253999999999999773e+02 1.541361356403016636e+00
5.256000000000000227e+02 1.543870212969220557e+00
5.257999999999999545e+02 1.544721684916724236e+00
5.260000000000000000e+02 1.544103398911871095e+00
5.262000000000000455e+02 1.542290191350643713e+00
5.263999999999999773e+02 1.539603129080197697e+00
5.266000000000000227e+02 1.536306745908778026e+00
5.267999999999999545e+02 1.532603868869456321e+00
5.270000000000000000e+02 1.528623371044446566e+00
5.272000000000000455e+02 1.524394986232487259e+00
5.273999999999999773e+02 1.519846986006679446e+00
5.276000000000000227e+02 1.514819611545322742e+00
5.277999999999999545e+02 1.509101877680530945e+00
5.280000000000000000e+02 1.502532956802353326e+00
5.282000000000000455e+02 1.495012167596709629e+00
5.283999999999999773e+02 1.486531411037806949e+00
5.286000000000000227e+02 1.477207708348935000e+00
5.287999999999999545e+02 1.467120907916590333e+00
5.290000000000000000e+02 1.456348708655725632e+00
5.292000000000000455e+02 1.444996377278346289e+00
5.293999999999999773e+02 1.433148762942288768e+00
5.296000000000000227e+02 1.420946122879441109e+00
5.297999999999999545e+02 1.408516213488490543e+00
5.300000000000000000e+02 1.395847859138413805e+00
5.302000000000000455e+02 1.382964474998337856e+00
5.303999999999999773e+02 1.369908840829843433e+00
5.306000000000000227e+02 1.356707744490711187e+00
5.307999999999999545e+02 1.343362507308426324e+00
5.310000000000000000e+02 1.329945880688662596e+00
5.312000000000000455e+02 1.316536470477226883e+00
5.313999999999999773e+02 1.303093558212993663e+00
5.316000000000000227e+02 1.289644081089696304e+00
5.317999999999999545e+02 1.276195609593693936e+00
5.320000000000000000e+02 1.262695369995250561e+00
5.322000000000000455e+02 1.249160737111277175e+00
5.323999999999999773e+02 1.235580852737455215e+00
5.326000000000000227e+02 1.221930853363032865e+00
5.327999999999999545e+02 1.208242445977235846e+00
5.330000000000000000e+02 1.194579802120334877e+00
5.332000000000000455e+02 1.181000815832833784e+00
5.333999999999999773e+02 1.167563916193464335e+00
5.336000000000000227e+02 1.154416424687792597e+00
5.337999999999999545e+02 1.141628046090565007e+00
5.340000000000000000e+02 1.129199670573690195e+00
5.342000000000000455e+02 1.117139204830777555e+00
5.343999999999999773e+02 1.105361562261946817e+00
5.346000000000000227e+02 1.093808768652108299e+00
5.347999999999999545e+02 1.082494320219667960e+00
5.350000000000000000e+02 1.071359541168150464e+00
5.352000000000000455e+02 1.060361987759972147e+00
5.353999999999999773e+02 1.049483497318786096e+00
5.356000000000000227e+02 1.038715338917930886e+00
5.357999999999999545e+02 1.028160763676063905e+00
5.360000000000000000e+02 1.017915187421095213e+00
5.362000000000000455e+02 1.008010018099192662e+00
5.363999999999999773e+02 9.985061107193931029e-01
5.366000000000000227e+02 9.894227143445073480e-01
5.367999999999999545e+02 9.807344458908293650e-01
5.370000000000000000e+02 9.724092958293875100e-01
5.372000000000000455e+02 9.644733788573527367e-01
5.373999999999999773e+02 9.569201044334085804e-01
5.376000000000000227e+02 9.496807440671122258e-01
5.377999999999999545e+02 9.427263670876502299e-01
5.380000000000000000e+02 9.360110349516108652e-01
5.382000000000000455e+02 9.295083994639885550e-01
5.383999999999999773e+02 9.232681861551392810e-01
5.386000000000000227e+02 9.172808716513225491e-01
5.387999999999999545e+02 9.115239478530914319e-01
5.390000000000000000e+02 9.059916765323841048e-01
5.392000000000000455e+02 9.006678832714907212e-01
5.393999999999999773e+02 8.955868966875721870e-01
5.396000000000000227e+02 8.908031214761273908e-01
5.397999999999999545e+02 8.863361913436849093e-01
5.400000000000000000e+02 8.822349777322799902e-01
5.402000000000000455e+02 8.785499225850585958e-01
5.403999999999999773e+02 8.753061567333533244e-01
5.406000000000000227e+02 8.724919590519080170e-01
5.407999999999999545e+02 8.700851254582768757e-01
5.410000000000000000e+02 8.680348238509940639e-01
5.412000000000000455e+02 8.662448382954195392e-01
5.413999999999999773e+02 8.646825703448726141e-01
5.416000000000000227e+02 8.633571738495482428e-01
5.417999999999999545e+02 8.622840597673309126e-01
5.420000000000000000e+02 8.614456903826399614e-01
5.422000000000000455e+02 8.608192492686115305e-01
5.423999999999999773e+02 8.603821681672179089e-01
5.426000000000000227e+02 8.601111015856601760e-01
5.427999999999999545e+02 8.599976122723433924e-01
5.430000000000000000e+02 8.600511572138536120e-01
5.432000000000000455e+02 8.602890033461287889e-01
5.433999999999999773e+02 8.607105834696171520e-01
5.436000000000000227e+02 8.613592571156354349e-01
5.437999999999999545e+02 8.622946815527630093e-01
5.440000000000000000e+02 8.635300151478741970e-01
5.442000000000000455e+02 8.649975298182179806e-01
5.443999999999999773e+02 8.666032597748030142e-01
5.446000000000000227e+02 8.682788510864896114e-01
5.447999999999999545e+02 8.700262013965316399e-01
5.450000000000000000e+02 8.718449454247236829e-01
5.452000000000000455e+02 8.737191318370702842e-01
5.453999999999999773e+02 8.756191120885388202e-01
5.456000000000000227e+02 8.774722555827132453e-01
5.457999999999999545e+02 8.792215418042279573e-01
5.460000000000000000e+02 8.808358863846601494e-01
5.462000000000000455e+02 8.822511350141359898e-01
5.463999999999999773e+02 8.834412270499658604e-01
5.466000000000000227e+02 8.844041550888732672e-01
5.467999999999999545e+02 8.851240070343595612e-01
5.470000000000000000e+02 8.855958016372238450e-01
5.472000000000000455e+02 8.858230283832655427e-01
5.473999999999999773e+02 8.858140642686227473e-01
5.476000000000000227e+02 8.855865627819667907e-01
5.477999999999999545e+02 8.851531050903491682e-01
5.480000000000000000e+02 8.845170005346694175e-01
5.482000000000000455e+02 8.836836751846484095e-01
5.483999999999999773e+02 8.826556823296427545e-01
5.486000000000000227e+02 8.814238638600604414e-01
5.487999999999999545e+02 8.799532869801094392e-01
5.490000000000000000e+02 8.781995515472469371e-01
5.492000000000000455e+02 8.761141773779104192e-01
5.493999999999999773e+02 8.736513450173719608e-01
5.496000000000000227e+02 8.708035660165154290e-01
5.497999999999999545e+02 8.675944528657641985e-01
5.500000000000000000e+02 8.640632905957124077e-01
5.502000000000000455e+02 8.602298876995777555e-01
5.503999999999999773e+02 8.561243180456779012e-01
5.506000000000000227e+02 8.517894820384759313e-01
5.507999999999999545e+02 8.472367031866170350e-01
5.510000000000000000e+02 8.424635222204162055e-01
5.512000000000000455e+02 8.374702660445814129e-01
5.513999999999999773e+02 8.322767742281726999e-01
5.516000000000000227e+02 8.268776111250357719e-01
5.517999999999999545e+02 8.212675876615720405e-01
5.520000000000000000e+02 8.154765732571924719e-01
5.522000000000000455e+02 8.095062772764631820e-01
5.523999999999999773e+02 8.033648172349743266e-01
5.526000000000000227e+02 7.970898358453426535e-01
5.527999999999999545e+02 7.906956527077004804e-01
5.530000000000000000e+02 7.841828659416720804e-01
5.532000000000000455e+02 7.775519445586402956e-01
5.533999999999999773e+02 7.708226299408516002e-01
5.536000000000000227e+02 7.639932763603756172e-01
5.537999999999999545e+02 7.570456209575107120e-01
5.540000000000000000e+02 7.499813629732414721e-01
5.542000000000000455e+02 7.428537876697760556e-01
5.543999999999999773e+02 7.357176808598242523e-01
5.546000000000000227e+02 7.285684188777110659e-01
5.547999999999999545e+02 7.213915901264775776e-01
5.550000000000000000e+02 7.142009367576269696e-01
5.552000000000000455e+02 7.070396399518037445e-01
5.553999999999999773e+02 6.998751663963636016e-01
5.556000000000000227e+02 6.926675522006064956e-01
5.557999999999999545e+02 6.853944003663268170e-01
5.560000000000000000e+02 6.780248898439975580e-01
5.562000000000000455e+02 6.705992042034163436e-01
5.563999999999999773e+02 6.632023876343449142e-01
5.566000000000000227e+02 6.558727952180030130e-01
5.567999999999999545e+02 6.486182943871303674e-01
5.570000000000000000e+02 6.414445355365181456e-01
5.572000000000000455e+02 6.343748819090011537e-01
5.573999999999999773e+02 6.273943982085703475e-01
5.576000000000000227e+02 6.204619360619114676e-01
5.577999999999999545e+02 6.135325712877404136e-01
5.580000000000000000e+02 6.066007073379071635e-01
5.582000000000000455e+02 5.996530914363360498e-01
5.583999999999999773e+02 5.926556696787157463e-01
5.586000000000000227e+02 5.855850465916101477e-01
5.587999999999999545e+02 5.784919606630032352e-01
5.590000000000000000e+02 5.714657150954796094e-01
5.592000000000000455e+02 5.645445627860399274e-01
5.593999999999999773e+02 5.577661942611780166e-01
5.596000000000000227e+02 5.511641049941014003e-01
5.597999999999999545e+02 5.447560537451494600e-01
5.600000000000000000e+02 5.385710635294800319e-01
5.602000000000000455e+02 5.326045286314844418e-01
5.603999999999999773e+02 5.267999807074852381e-01
5.606000000000000227e+02 5.211221917363793033e-01
5.607999999999999545e+02 5.155580229566965045e-01
5.610000000000000000e+02 5.101026559193575505e-01
5.612000000000000455e+02 5.047286471541458930e-01
5.613999999999999773e+02 4.994195114644301436e-01
5.616000000000000227e+02 4.941812691782683786e-01
5.617999999999999545e+02 4.890430717160612617e-01
5.620000000000000000e+02 4.840173543490479680e-01
5.622000000000000455e+02 4.791072166813871713e-01
5.623999999999999773e+02 4.743199998800155526e-01
5.626000000000000227e+02 4.696578846755194436e-01
5.627999999999999545e+02 4.651080152526130829e-01
5.630000000000000000e+02 4.606459674894247125e-01
5.632000000000000455e+02 4.562762793563651109e-01
5.633999999999999773e+02 4.520218658275402812e-01
5.636000000000000227e+02 4.479035265374792241e-01
5.637999999999999545e+02 4.439039858137494021e-01
5.640000000000000000e+02 4.400302648441786202e-01
5.642000000000000455e+02 4.363147466607666392e-01
5.643999999999999773e+02 4.327903026207944315e-01
5.646000000000000227e+02 4.294924758003031418e-01
5.647999999999999545e+02 4.264186980339325084e-01
5.650000000000000000e+02 4.234922073074381399e-01
5.652000000000000455e+02 4.206236974919081995e-01
5.653999999999999773e+02 4.177618362558684906e-01
5.656000000000000227e+02 4.149146868283441481e-01
5.657999999999999545e+02 4.121143367580880068e-01
5.660000000000000000e+02 4.093954712794365958e-01
5.662000000000000455e+02 4.067935937532883850e-01
5.663999999999999773e+02 4.043577460623216657e-01
5.666000000000000227e+02 4.021239576306939734e-01
5.667999999999999545e+02 4.000955802312139431e-01
5.670000000000000000e+02 3.982245040077074805e-01
5.672000000000000455e+02 3.964502398995926047e-01
5.673999999999999773e+02 3.947111590125229608e-01
5.676000000000000227e+02 3.929552426658868836e-01
5.677999999999999545e+02 3.911768880040808471e-01
5.680000000000000000e+02 3.893974203857656913e-01
5.682000000000000455e+02 3.876506912940593796e-01
5.683999999999999773e+02 3.859774286638277263e-01
5.686000000000000227e+02 3.844057312490669620e-01
5.687999999999999545e+02 3.829486745544047333e-01
5.690000000000000000e+02 3.816170476846688642e-01
5.692000000000000455e+02 3.804254893569764540e-01
5.693999999999999773e+02 3.793787563473470237e-01
5.696000000000000227e+02 3.784506981856948782e-01
5.697999999999999545e+02 3.776133889915602726e-01
5.700000000000000000e+02 3.768384073641115606e-01
5.702000000000000455e+02 3.760902557757237474e-01
5.703999999999999773e+02 3.753109742477678257e-01
5.706000000000000227e+02 3.744463554765682378e-01
5.707999999999999545e+02 3.734663602255667847e-01
5.710000000000000000e+02 3.723784158580440984e-01
5.712000000000000455e+02 3.712120890799230910e-01
5.713999999999999773e+02 3.700120409678722688e-01
5.716000000000000227e+02 3.688334575699714901e-01
5.717999999999999545e+02 3.677093399328269507e-01
5.720000000000000000e+02 3.666466303021124196e-01
5.722000000000000455e+02 3.656314780194176994e-01
5.723999999999999773e+02 3.646412149561960581e-01
5.726000000000000227e+02 3.636552345309871925e-01
5.727999999999999545e+02 3.626641398241099989e-01
5.730000000000000000e+02 3.616731131920936093e-01
5.732000000000000455e+02 3.606838868317674973e-01
5.733999999999999773e+02 3.596835734798804474e-01
5.736000000000000227e+02 3.586438033569618877e-01
5.737999999999999545e+02 3.575400969630201375e-01
5.740000000000000000e+02 3.563513398385538267e-01
5.742000000000000455e+02 3.550439950928612198e-01
5.743999999999999773e+02 3.535935534595908702e-01
5.746000000000000227e+02 3.520024179038571677e-01
5.747999999999999545e+02 3.503154507153413699e-01
5.750000000000000000e+02 3.485770142680865158e-01
5.752000000000000455e+02 3.468241413941517415e-01
5.753999999999999773e+02 3.450829107220678704e-01
5.756000000000000227e+02 3.433529021805405423e-01
5.757999999999999545e+02 3.416243491731799087e-01
5.760000000000000000e+02 3.398836247244363951e-01
5.762000000000000455e+02 3.380986570482730214e-01
5.763999999999999773e+02 3.362406820216326531e-01
5.766000000000000227e+02 3.342908429380321289e-01
5.767999999999999545e+02 3.322371177338090398e-01
5.770000000000000000e+02 3.300674639260205434e-01
5.772000000000000455e+02 3.277745510518818017e-01
5.773999999999999773e+02 3.253656651132901811e-01
5.776000000000000227e+02 3.228678710592697843e-01
5.777999999999999545e+02 3.203111833489858395e-01
5.780000000000000000e+02 3.177227437373202346e-01
5.782000000000000455e+02 3.151755536874637498e-01
5.783999999999999773e+02 3.127120527264172778e-01
5.786000000000000227e+02 3.103118814139615433e-01
5.787999999999999545e+02 3.079466379485506500e-01
5.790000000000000000e+02 3.055745908408033507e-01
5.792000000000000455e+02 3.031550796548926896e-01
5.793999999999999773e+02 3.006894803309075881e-01
5.796000000000000227e+02 2.981860839786961148e-01
5.797999999999999545e+02 2.956651627783660197e-01
5.800000000000000000e+02 2.931726421761737256e-01
5.802000000000000455e+02 2.906953921468904967e-01
5.803999999999999773e+02 2.882068886407626596e-01
5.806000000000000227e+02 2.857142603738830333e-01
5.807999999999999545e+02 2.831899520183817631e-01
5.810000000000000000e+02 2.805933691272218256e-01
5.812000000000000455e+02 2.779021682323811748e-01
5.813999999999999773e+02 2.751629960882095438e-01
5.816000000000000227e+02 2.724106223006621530e-01
5.817999999999999545e+02 2.696511724031320778e-01
5.820000000000000000e+02 2.669091610383854118e-01
5.822000000000000455e+02 2.641810865521196927e-01
5.823999999999999773e+02 2.614471092800129126e-01
5.826000000000000227e+02 2.587106035222678790e-01
5.827999999999999545e+02 2.559596072251230092e-01
5.830000000000000000e+02 2.531969807809702488e-01
5.832000000000000455e+02 2.504709659026470026e-01
5.833999999999999773e+02 2.477851079334477680e-01
5.836000000000000227e+02 2.451355607202010400e-01
5.837999999999999545e+02 2.425342209801031879e-01
5.840000000000000000e+02 2.399573243676858536e-01
5.842000000000000455e+02 2.373858395399114363e-01
5.843999999999999773e+02 2.348174193069950677e-01
5.846000000000000227e+02 2.322394379417807020e-01
5.847999999999999545e+02 2.296322211125275681e-01
5.850000000000000000e+02 2.269857086933215196e-01
5.852000000000000455e+02 2.243252377945734732e-01
5.853999999999999773e+02 2.216478014104450445e-01
5.856000000000000227e+02 2.189466394340930377e-01
5.857999999999999545e+02 2.162535134071114085e-01
5.860000000000000000e+02 2.135887361596531253e-01
5.862000000000000455e+02 2.109858831503879650e-01
5.863999999999999773e+02 2.085068827528548385e-01
5.866000000000000227e+02 2.061800100001528468e-01
5.867999999999999545e+02 2.040104341523317488e-01
5.870000000000000000e+02 2.019757786618381623e-01
5.872000000000000455e+02 1.999895762843957037e-01
5.873999999999999773e+02 1.979962588546300140e-01
5.876000000000000227e+02 1.959916661858250031e-01
5.877999999999999545e+02 1.939921497520185889e-01
5.880000000000000000e+02 1.919926026764172677e-01
5.882000000000000455e+02 1.899828948205491419e-01
5.883999999999999773e+02 1.879800430779298981e-01
5.886000000000000227e+02 1.859828225166879900e-01
5.887999999999999545e+02 1.839728029300958800e-01
5.890000000000000000e+02 1.819222031978845744e-01
5.892000000000000455e+02 1.798035724220033993e-01
5.893999999999999773e+02 1.776296062774586348e-01
5.896000000000000227e+02 1.754608841433867306e-01
5.897999999999999545e+02 1.733405158688398062e-01
5.900000000000000000e+02 1.713363595290860741e-01
5.902000000000000455e+02 1.695209749261849530e-01
5.903999999999999773e+02 1.678763872820847880e-01
5.906000000000000227e+02 1.663396172896058900e-01
5.907999999999999545e+02 1.648418840793025031e-01
5.910000000000000000e+02 1.633502803756579635e-01
5.912000000000000455e+02 1.618532981203223697e-01
5.913999999999999773e+02 1.603403792110936477e-01
5.916000000000000227e+02 1.587904798579878318e-01
5.917999999999999545e+02 1.572154677107759635e-01
5.920000000000000000e+02 1.556428434033546859e-01
5.922000000000000455e+02 1.540952662041788213e-01
5.923999999999999773e+02 1.525655648023807320e-01
5.926000000000000227e+02 1.510529309445010071e-01
5.927999999999999545e+02 1.495635645696035687e-01
5.930000000000000000e+02 1.480692183961485053e-01
5.932000000000000455e+02 1.465835509601808306e-01
5.933999999999999773e+02 1.451602156333370586e-01
5.936000000000000227e+02 1.438449241459713313e-01
5.937999999999999545e+02 1.426343222960732571e-01
5.940000000000000000e+02 1.414911974706800080e-01
5.942000000000000455e+02 1.403766797041742509e-01
5.943999999999999773e+02 1.393017967319180594e-01
5.946000000000000227e+02 1.382977915459266127e-01
5.947999999999999545e+02 1.373851017439060296e-01
5.950000000000000000e+02 1.365523911856888206e-01
5.952000000000000455e+02 1.357579344025605372e-01
5.953999999999999773e+02 1.349476657671513369e-01
5.956000000000000227e+02 1.341091595203226239e-01
5.957999999999999545e+02 1.332469690853122779e-01
5.960000000000000000e+02 1.323583472310617681e-01
5.962000000000000455e+02 1.314049206112977985e-01
5.963999999999999773e+02 1.303686857163836310e-01
5.966000000000000227e+02 1.292634982389103404e-01
5.967999999999999545e+02 1.281364782687368364e-01
5.970000000000000000e+02 1.270672504825324511e-01
5.972000000000000455e+02 1.261211402775038459e-01
5.973999999999999773e+02 1.253094023325453110e-01
5.976000000000000227e+02 1.246005186983558111e-01
5.977999999999999545e+02 1.239589019249363877e-01
5.980000000000000000e+02 1.233655157930853563e-01
5.982000000000000455e+02 1.228162658965497034e-01
5.983999999999999773e+02 1.222863237852879481e-01
5.986000000000000227e+02 1.217314474388533629e-01
5.987999999999999545e+02 1.211216887502672979e-01
5.990000000000000000e+02 1.204475408007046611e-01
5.992000000000000455e+02 1.197172908271344483e-01
5.993999999999999773e+02 1.189521328347115658e-01
5.996000000000000227e+02 1.181822405799314302e-01
5.997999999999999545e+02 1.174291123028861905e-01
6.000000000000000000e+02 1.166904793370458771e-01
6.002000000000000455e+02 1.159543455738861195e-01
6.003999999999999773e+02 1.151787675617029216e-01
6.006000000000000227e+02 1.142958947170094886e-01
6.007999999999999545e+02 1.132893633518945453e-01
6.010000000000000000e+02 1.121927720913719062e-01
6.012000000000000455e+02 1.110763446495522944e-01
6.013999999999999773e+02 1.100164048036698372e-01
6.016000000000000227e+02 1.090645153228976261e-01
6.017999999999999545e+02 1.082523031675284853e-01
6.020000000000000000e+02 1.076079071766825601e-01
6.022000000000000455e+02 1.071169572954819849e-01
6.023999999999999773e+02 1.067371163182544436e-01
6.026000000000000227e+02 1.064183370433401388e-01
6.027999999999999545e+02 1.060954966766326779e-01
6.030000000000000000e+02 1.057008025546457008e-01
6.032000000000000455e+02 1.051886465536823467e-01
6.033999999999999773e+02 1.046020636744154908e-01
6.036000000000000227e+02 1.040077049172652146e-01
6.037999999999999545e+02 1.034505218644286850e-01
6.040000000000000000e+02 1.029149561200167484e-01
6.042000000000000455e+02 1.023633206963293629e-01
6.043999999999999773e+02 1.017658391231578141e-01
6.046000000000000227e+02 1.011320669717248322e-01
6.047999999999999545e+02 1.004635491343109366e-01
6.050000000000000000e+02 9.975695945156082267e-02
6.052000000000000455e+02 9.901657769727881253e-02
6.053999999999999773e+02 9.822779400470141309e-02
6.056000000000000227e+02 9.737686098233666598e-02
6.057999999999999545e+02 9.647030865583072767e-02
6.060000000000000000e+02 9.553585321540322695e-02
6.062000000000000455e+02 9.460108287841231811e-02
6.063999999999999773e+02 9.368018972361430441e-02
6.066000000000000227e+02 9.276664529156700145e-02
6.067999999999999545e+02 9.184572652544970017e-02
6.070000000000000000e+02 9.090681018823473791e-02
6.072000000000000455e+02 8.995965145503811988e-02
6.073999999999999773e+02 8.901297474430619472e-02
6.076000000000000227e+02 8.807932403821741585e-02
6.077999999999999545e+02 8.718627017766997223e-02
6.080000000000000000e+02 8.634820082491492799e-02
6.082000000000000455e+02 8.558387780809206813e-02
6.083999999999999773e+02 8.492616473588765480e-02
6.086000000000000227e+02 8.436280228597242692e-02
6.087999999999999545e+02 8.384647924613775061e-02
6.090000000000000000e+02 8.330994970730384863e-02
6.092000000000000455e+02 8.269472741430169971e-02
6.093999999999999773e+02 8.197066690485235729e-02
6.096000000000000227e+02 8.113968178777539175e-02
6.097999999999999545e+02 8.022793959675564301e-02
6.100000000000000000e+02 7.927982160146494761e-02
6.102000000000000455e+02 7.834148918115467486e-02
6.103999999999999773e+02 7.743682192571621492e-02
6.106000000000000227e+02 7.657183103042537742e-02
6.107999999999999545e+02 7.575873445271945339e-02
6.110000000000000000e+02 7.502674663171940428e-02
6.112000000000000455e+02 7.433814512918440753e-02
6.113999999999999773e+02 7.362583719935666959e-02
6.116000000000000227e+02 7.283653839602580171e-02
6.117999999999999545e+02 7.198560599932389559e-02
6.120000000000000000e+02 7.112552103284376648e-02
6.122000000000000455e+02 7.031161754597342606e-02
6.123999999999999773e+02 6.954832191618923187e-02
6.126000000000000227e+02 6.882431520030324323e-02
6.127999999999999545e+02 6.811931689010848612e-02
6.130000000000000000e+02 6.739796488012977926e-02
6.132000000000000455e+02 6.662686448372170944e-02
6.133999999999999773e+02 6.577632825550409901e-02
6.136000000000000227e+02 6.481823296822634972e-02
6.137999999999999545e+02 6.372284146704790264e-02
6.140000000000000000e+02 6.250133104084315550e-02
6.142000000000000455e+02 6.123196635298461254e-02
6.143999999999999773e+02 6.001363171033999300e-02
6.146000000000000227e+02 5.891497319793501108e-02
6.147999999999999545e+02 5.795124263334588965e-02
6.150000000000000000e+02 5.708808053448240216e-02
6.152000000000000455e+02 5.629298926252870872e-02
6.153999999999999773e+02 5.554357327930166399e-02
6.156000000000000227e+02 5.481196745577288088e-02
6.157999999999999545e+02 5.407173243418707254e-02
6.160000000000000000e+02 5.330328797525167583e-02
6.162000000000000455e+02 5.250387261606577483e-02
6.163999999999999773e+02 5.171858592682698763e-02
6.166000000000000227e+02 5.100565766803064061e-02
6.167999999999999545e+02 5.039490007466017329e-02
6.170000000000000000e+02 4.984242362083675382e-02
6.172000000000000455e+02 4.928493766011821098e-02
6.173999999999999773e+02 4.868293007873629452e-02
6.176000000000000227e+02 4.805986410608420467e-02
6.177999999999999545e+02 4.744551745154471090e-02
6.180000000000000000e+02 4.685132623622351167e-02
6.182000000000000455e+02 4.626383060179291296e-02
6.183999999999999773e+02 4.567974034192698318e-02
6.186000000000000227e+02 4.511217447917012513e-02
6.187999999999999545e+02 4.458684208192094378e-02
6.190000000000000000e+02 4.412696344937874771e-02
6.192000000000000455e+02 4.372266007093014717e-02
6.193999999999999773e+02 4.331245137719605398e-02
6.196000000000000227e+02 4.285032717049595818e-02
6.197999999999999545e+02 4.234040598655303134e-02
6.200000000000000000e+02 4.183999044471643780e-02
6.202000000000000455e+02 4.139458069058173095e-02
6.203999999999999773e+02 4.099775633114204065e-02
6.206000000000000227e+02 4.060315376568611467e-02
6.207999999999999545e+02 4.019338651227831460e-02
6.210000000000000000e+02 3.977818114972714314e-02
6.212000000000000455e+02 3.938140512542509519e-02
6.213999999999999773e+02 3.901996060904942831e-02
6.216000000000000227e+02 3.868499000959134404e-02
6.217999999999999545e+02 3.834439201705411304e-02
6.220000000000000000e+02 3.795515299585086599e-02
6.222000000000000455e+02 3.751357811393679631e-02
6.223999999999999773e+02 3.703134404090324683e-02
6.226000000000000227e+02 3.651391059509362380e-02
6.227999999999999545e+02 3.595536297246089419e-02
6.230000000000000000e+02 3.535697499702947222e-02
6.232000000000000455e+02 3.473774398441556444e-02
6.233999999999999773e+02 3.413806673634126043e-02
6.236000000000000227e+02 3.358347218261108214e-02
6.237999999999999545e+02 3.308348239752004205e-02
6.240000000000000000e+02 3.264744449189620201e-02
6.242000000000000455e+02 3.226507906658708513e-02
6.243999999999999773e+02 3.191355784379955318e-02
6.246000000000000227e+02 3.157286452678301214e-02
6.247999999999999545e+02 3.124604662106228448e-02
6.250000000000000000e+02 3.094881383570942390e-02
6.252000000000000455e+02 3.069613795389117272e-02
6.253999999999999773e+02 3.048388442925559216e-02
6.256000000000000227e+02 3.029175936331407470e-02
6.257999999999999545e+02 3.009076036331231885e-02
6.260000000000000000e+02 2.986194381331369607e-02
6.262000000000000455e+02 2.960135164929049434e-02
6.263999999999999773e+02 2.932167529560354702e-02
6.266000000000000227e+02 2.905077278835721533e-02
6.267999999999999545e+02 2.879293534079477301e-02
6.270000000000000000e+02 2.853226013003865025e-02
6.272000000000000455e+02 2.825055195539208364e-02
6.273999999999999773e+02 2.794949428850250495e-02
6.276000000000000227e+02 2.764829883045852310e-02
6.277999999999999545e+02 2.737381578155724526e-02
6.280000000000000000e+02 2.712677663550787377e-02
6.282000000000000455e+02 2.689415865175304177e-02
6.283999999999999773e+02 2.666310422711144767e-02
6.286000000000000227e+02 2.644059733244781552e-02
6.287999999999999545e+02 2.623330676926557969e-02
6.290000000000000000e+02 2.604043001734177021e-02
6.292000000000000455e+02 2.585564129325215732e-02
6.293999999999999773e+02 2.566695396454658773e-02
6.296000000000000227e+02 2.546135627932273604e-02
6.297999999999999545e+02 2.523248078173467857e-02
6.300000000000000000e+02 2.498271028101363422e-02
6.302000000000000455e+02 2.473186395156969086e-02
6.303999999999999773e+02 2.452060882015213994e-02
6.306000000000000227e+02 2.436904547170751223e-02
6.307999999999999545e+02 2.426627077985787917e-02
6.310000000000000000e+02 2.417311288506993061e-02
6.312000000000000455e+02 2.405689330196822406e-02
6.313999999999999773e+02 2.390299825003570910e-02
6.316000000000000227e+02 2.372622448468204859e-02
6.317999999999999545e+02 2.358725074593362447e-02
6.320000000000000000e+02 2.351898577363922826e-02
6.322000000000000455e+02 2.351011294204392865e-02
6.323999999999999773e+02 2.351637813424953261e-02
6.326000000000000227e+02 2.352667048699258467e-02
6.327999999999999545e+02 2.354923302305247934e-02
6.330000000000000000e+02 2.357649367890844727e-02
6.332000000000000455e+02 2.354384245197471692e-02
6.333999999999999773e+02 2.336552182071346961e-02
6.336000000000000227e+02 2.297609120687293949e-02
6.337999999999999545e+02 2.238726400245336090e-02
6.340000000000000000e+02 2.167561516861205018e-02
6.342000000000000455e+02 2.095611945710527946e-02
6.343999999999999773e+02 2.031751085844310523e-02
6.346000000000000227e+02 1.979797117142595431e-02
6.347999999999999545e+02 1.940277621852862233e-02
6.350000000000000000e+02 1.914999650369325623e-02
6.352000000000000455e+02 1.904589002352323479e-02
6.353999999999999773e+02 1.906011778849803218e-02
6.356000000000000227e+02 1.910576584194340066e-02
6.357999999999999545e+02 1.910896316939557360e-02
6.360000000000000000e+02 1.902939681872660438e-02
6.362000000000000455e+02 1.887284747862887080e-02
6.363999999999999773e+02 1.869485926851847946e-02
6.366000000000000227e+02 1.856578861804836222e-02
6.367999999999999545e+02 1.853927047664066796e-02
6.370000000000000000e+02 1.860806467410001941e-02
6.372000000000000455e+02 1.874511492575199612e-02
6.373999999999999773e+02 1.892468052199755557e-02
6.376000000000000227e+02 1.913215470096345239e-02
6.377999999999999545e+02 1.931271671335522966e-02
6.380000000000000000e+02 1.939048357660175248e-02
6.382000000000000455e+02 1.931771857009155491e-02
6.383999999999999773e+02 1.910917975364216648e-02
6.386000000000000227e+02 1.881112426499884083e-02
6.387999999999999545e+02 1.846670016271061143e-02
6.390000000000000000e+02 1.810027805797845279e-02
6.392000000000000455e+02 1.771843918190252332e-02
6.393999999999999773e+02 1.731512673949425762e-02
6.396000000000000227e+02 1.689012745488042977e-02
6.397999999999999545e+02 1.646653183970336193e-02
6.400000000000000000e+02 1.607929276937217905e-02
6.402000000000000455e+02 1.572889796423422581e-02
6.403999999999999773e+02 1.539305550216021889e-02
6.406000000000000227e+02 1.505800031136433903e-02
6.407999999999999545e+02 1.476183262263251750e-02
6.410000000000000000e+02 1.455509036603558348e-02
6.412000000000000455e+02 1.445346514770520091e-02
6.413999999999999773e+02 1.439881438884055287e-02
6.416000000000000227e+02 1.430550839278727643e-02
6.417999999999999545e+02 1.411393698292940507e-02
6.420000000000000000e+02 1.382338106360862101e-02
6.422000000000000455e+02 1.348383098913613631e-02
6.423999999999999773e+02 1.313829690115125848e-02
6.426000000000000227e+02 1.280469766276760152e-02
6.427999999999999545e+02 1.249719645860034034e-02
6.430000000000000000e+02 1.224464377736889098e-02
6.432000000000000455e+02 1.208654943592653297e-02
6.433999999999999773e+02 1.205311152067781860e-02
6.436000000000000227e+02 1.213415099734645175e-02
6.437999999999999545e+02 1.227463388178874626e-02
6.440000000000000000e+02 1.238035306392159390e-02
6.442000000000000455e+02 1.237258294287347377e-02
6.443999999999999773e+02 1.221206453891245797e-02
6.446000000000000227e+02 1.190831255161355767e-02
6.447999999999999545e+02 1.148840933306688461e-02
6.450000000000000000e+02 1.097140277428064470e-02
6.452000000000000455e+02 1.037041133134957577e-02
6.453999999999999773e+02 9.736045112125606138e-03
6.456000000000000227e+02 9.134276527525936329e-03
6.457999999999999545e+02 8.628984871658043621e-03
6.460000000000000000e+02 8.261234379364795766e-03
6.462000000000000455e+02 8.045843626627191547e-03
6.463999999999999773e+02 7.963675657777093131e-03
6.466000000000000227e+02 7.955101161744630722e-03
6.467999999999999545e+02 7.970245183737609262e-03
6.470000000000000000e+02 7.982468701169469216e-03
6.472000000000000455e+02 7.988936274198929488e-03
6.473999999999999773e+02 7.976726083330158701e-03
6.476000000000000227e+02 7.926723543372572733e-03
6.477999999999999545e+02 7.825010846307739465e-03
6.480000000000000000e+02 7.688873292445136398e-03
6.482000000000000455e+02 7.541088415978933202e-03
6.483999999999999773e+02 7.395578175801185983e-03
6.486000000000000227e+02 7.247803048684962890e-03
6.487999999999999545e+02 7.091442470591423353e-03
6.490000000000000000e+02 6.914851346184379410e-03
6.492000000000000455e+02 6.691250782249053008e-03
6.493999999999999773e+02 6.404583145038528214e-03
6.496000000000000227e+02 6.059333086666944534e-03
6.497999999999999545e+02 5.686455126669334725e-03
6.500000000000000000e+02 5.334316353173336467e-03
6.502000000000000455e+02 5.056959889896905924e-03
6.503999999999999773e+02 4.900104309777428280e-03
6.506000000000000227e+02 4.870570005170563044e-03
6.507999999999999545e+02 4.932685252019272659e-03
6.510000000000000000e+02 5.019100683997676504e-03
6.512000000000000455e+02 5.064782480452403868e-03
6.513999999999999773e+02 5.038198964152675041e-03
6.516000000000000227e+02 4.939453612074720668e-03
6.517999999999999545e+02 4.783473222120644686e-03
6.520000000000000000e+02 4.583974459295883652e-03
6.522000000000000455e+02 4.368409867844126604e-03
6.523999999999999773e+02 4.194275406016433061e-03
6.526000000000000227e+02 4.112218238191349406e-03
6.527999999999999545e+02 4.131464087074918079e-03
6.530000000000000000e+02 4.203588340823107006e-03
6.532000000000000455e+02 4.262025765335922256e-03
6.533999999999999773e+02 4.261697421736473923e-03
6.536000000000000227e+02 4.197345790951746702e-03
6.537999999999999545e+02 4.105612578867330609e-03
6.540000000000000000e+02 4.034729179661578069e-03
6.542000000000000455e+02 4.019776955081766356e-03
6.543999999999999773e+02 4.052389417722707110e-03
6.546000000000000227e+02 4.100833510109376523e-03
6.547999999999999545e+02 4.136441587998432312e-03
6.550000000000000000e+02 4.156485756194046310e-03
6.552000000000000455e+02 4.141730855904586506e-03
6.553999999999999773e+02 4.059520550599625410e-03
6.556000000000000227e+02 3.880210090474137119e-03
6.557999999999999545e+02 3.625868703132646698e-03
6.560000000000000000e+02 3.351315207214142222e-03
6.562000000000000455e+02 3.120958863199789490e-03
6.564000000000000909e+02 2.967276145930265729e-03
6.566000000000000227e+02 2.888490112198889570e-03
6.567999999999999545e+02 2.859707407585232453e-03
6.570000000000000000e+02 2.858132284778283627e-03
6.572000000000000455e+02 2.868794100626140264e-03
6.574000000000000909e+02 2.882538615941891702e-03
6.576000000000000227e+02 2.892779645476746542e-03
6.577999999999999545e+02 2.901715374936206238e-03
6.580000000000000000e+02 2.930236579124556595e-03
6.582000000000000455e+02 3.020295248966624324e-03
6.584000000000000909e+02 3.191280735234405808e-03
6.586000000000000227e+02 3.423279099007928150e-03
6.587999999999999545e+02 3.657249434276990674e-03
6.590000000000000000e+02 3.832138853781558163e-03
6.592000000000000455e+02 3.901578970338916152e-03
6.594000000000000909e+02 3.846106332024472330e-03
6.596000000000000227e+02 3.687712615514274206e-03
6.597999999999999545e+02 3.447320561200416245e-03
6.600000000000000000e+02 3.139492202787974584e-03
6.602000000000000455e+02 2.783694976819434119e-03
6.604000000000000909e+02 2.422307371101939388e-03
6.606000000000000227e+02 2.103230438614697717e-03
6.607999999999999545e+02 1.854877879061009316e-03
6.610000000000000000e+02 1.664802224297184940e-03
6.612000000000000455e+02 1.516066030241805529e-03
6.614000000000000909e+02 1.414268136672842957e-03
6.616000000000000227e+02 1.389809233633354513e-03
6.617999999999999545e+02 1.457295710805779632e-03
6.620000000000000000e+02 1.601907989668957533e-03
6.622000000000000455e+02 1.792132359881778991e-03
6.624000000000000909e+02 1.983515256611431687e-03
6.626000000000000227e+02 2.135575428642372264e-03
6.627999999999999545e+02 2.240238398407631837e-03
6.630000000000000000e+02 2.300644701688954463e-03
6.632000000000000455e+02 2.318848380900448425e-03
6.634000000000000909e+02 2.292490097057599263e-03
6.636000000000000227e+02 2.257342015873443908e-03
6.637999999999999545e+02 2.259863588100943788e-03
6.640000000000000000e+02 2.327618710240043909e-03
6.642000000000000455e+02 2.446682121877249982e-03
6.644000000000000909e+02 2.581643075855552527e-03
6.646000000000000227e+02 2.689988633061579648e-03
6.647999999999999545e+02 2.736185274108737797e-03
6.650000000000000000e+02 2.695400849816211031e-03
6.652000000000000455e+02 2.558050525318364410e-03
6.654000000000000909e+02 2.338554170046941438e-03
6.656000000000000227e+02 2.079850566804784806e-03
6.657999999999999545e+02 1.834203900606033721e-03
6.660000000000000000e+02 1.637781740139704345e-03
6.662000000000000455e+02 1.520099345611418407e-03
6.664000000000000909e+02 1.499764566287149770e-03
6.666000000000000227e+02 1.577504259577096335e-03
6.667999999999999545e+02 1.731012974108998848e-03
6.670000000000000000e+02 1.933882101391656838e-03
6.672000000000000455e+02 2.162960682666026369e-03
6.674000000000000909e+02 2.387778338223817132e-03
6.676000000000000227e+02 2.592094575702107162e-03
6.677999999999999545e+02 2.774343462019365769e-03
6.680000000000000000e+02 2.928602666933871612e-03
6.682000000000000455e+02 3.026793729969508295e-03
6.684000000000000909e+02 3.038584325670543040e-03
6.686000000000000227e+02 2.969438274428679025e-03
6.687999999999999545e+02 2.866755284512328972e-03
6.690000000000000000e+02 2.782873581262286511e-03
6.692000000000000455e+02 2.736997188472839460e-03
6.694000000000000909e+02 2.710228745829851293e-03
6.696000000000000227e+02 2.687559648486784192e-03
6.697999999999999545e+02 2.675402622879005654e-03
6.700000000000000000e+02 2.663892314290136620e-03
6.702000000000000455e+02 2.626478791105987809e-03
6.704000000000000909e+02 2.535372607904012865e-03
6.706000000000000227e+02 2.399263485258436301e-03
6.707999999999999545e+02 2.236213420698580923e-03
6.710000000000000000e+02 2.073146327761669905e-03
6.712000000000000455e+02 1.955158522395583631e-03
6.714000000000000909e+02 1.903923838491632103e-03
6.716000000000000227e+02 1.919570718756022365e-03
6.717999999999999545e+02 1.993088711938255375e-03
6.720000000000000000e+02 2.130998697880338855e-03
6.722000000000000455e+02 2.337207697814258633e-03
6.724000000000000909e+02 2.592142980567202493e-03
6.726000000000000227e+02 2.830039030350797735e-03
6.727999999999999545e+02 2.982226408555839481e-03
6.730000000000000000e+02 3.005930362280397061e-03
6.732000000000000455e+02 2.906972141226357720e-03
6.734000000000000909e+02 2.698666952359110582e-03
6.736000000000000227e+02 2.405708571352034586e-03
6.737999999999999545e+02 2.095911224868421407e-03
6.740000000000000000e+02 1.853506530690898768e-03
6.742000000000000455e+02 1.748202397395433316e-03
6.744000000000000909e+02 1.801224979660877301e-03
6.746000000000000227e+02 1.982134901154987416e-03
6.747999999999999545e+02 2.217933767681132262e-03
6.750000000000000000e+02 2.403660590201313341e-03
6.752000000000000455e+02 2.436961559976046077e-03
6.754000000000000909e+02 2.271706014678687158e-03
6.756000000000000227e+02 1.941684899229786931e-03
6.757999999999999545e+02 1.543069968380210433e-03
6.760000000000000000e+02 1.164559503873473234e-03
6.762000000000000455e+02 8.708341351169046618e-04
6.764000000000000909e+02 7.158194051861480056e-04
6.766000000000000227e+02 7.328921878658745115e-04
6.767999999999999545e+02 9.133012868478632140e-04
6.770000000000000000e+02 1.178058268744577863e-03
6.772000000000000455e+02 1.411298350293098414e-03
6.774000000000000909e+02 1.513489647273436045e-03
6.776000000000000227e+02 1.450020378096154861e-03
6.777999999999999545e+02 1.267275016483042360e-03
6.780000000000000000e+02 1.057163789758633343e-03
6.782000000000000455e+02 9.163788052117469163e-04
6.784000000000000909e+02 8.674880826537723078e-04
6.786000000000000227e+02 8.967627718359030831e-04
6.787999999999999545e+02 9.832742799029819958e-04
6.790000000000000000e+02 1.130320126911235623e-03
6.792000000000000455e+02 1.338361268499267676e-03
6.794000000000000909e+02 1.583779735244761344e-03
6.796000000000000227e+02 1.798779418776430550e-03
6.797999999999999545e+02 1.916985827903804063e-03
6.800000000000000000e+02 1.912448265767467681e-03
6.802000000000000455e+02 1.824575438677908390e-03
6.804000000000000909e+02 1.688393172142206577e-03
6.806000000000000227e+02 1.515390467266446162e-03
6.807999999999999545e+02 1.301495194415434875e-03
6.810000000000000000e+02 1.095529556108608416e-03
6.812000000000000455e+02 9.794817940882646901e-04
6.814000000000000909e+02 1.033657635398858854e-03
6.816000000000000227e+02 1.266459447583780096e-03
6.817999999999999545e+02 1.616237163143553757e-03
6.820000000000000000e+02 1.968363739794122547e-03
6.822000000000000455e+02 2.188071654794072896e-03
6.824000000000000909e+02 2.194910216123988067e-03
6.826000000000000227e+02 1.980166951570112854e-03
6.827999999999999545e+02 1.608642445195852810e-03
6.830000000000000000e+02 1.154239946942699213e-03
6.832000000000000455e+02 7.066024777988844097e-04
6.834000000000000909e+02 3.761387219725909059e-04
6.836000000000000227e+02 2.560649240323439879e-04
6.837999999999999545e+02 3.828791629485045478e-04
6.840000000000000000e+02 7.208819057685986187e-04
6.842000000000000455e+02 1.176036222106519036e-03
6.844000000000000909e+02 1.629981027959165329e-03
6.846000000000000227e+02 1.971006871870017996e-03
6.847999999999999545e+02 2.137827440604922469e-03
6.850000000000000000e+02 2.123091242907944320e-03
6.852000000000000455e+02 1.965874503568838805e-03
6.854000000000000909e+02 1.742744071998376942e-03
6.856000000000000227e+02 1.548047118823128732e-03
6.857999999999999545e+02 1.454569242115094641e-03
6.860000000000000000e+02 1.479333705070459692e-03
6.862000000000000455e+02 1.576993504258335232e-03
6.864000000000000909e+02 1.680220112813178568e-03
6.866000000000000227e+02 1.725226143580595173e-03
6.867999999999999545e+02 1.666936567400370550e-03
6.870000000000000000e+02 1.492045907776885783e-03
6.872000000000000455e+02 1.225876170130042742e-03
6.874000000000000909e+02 9.360946651651019801e-04
6.876000000000000227e+02 6.949899233443315727e-04
6.877999999999999545e+02 5.549431108288274683e-04
6.880000000000000000e+02 5.269093270722433053e-04
6.882000000000000455e+02 6.110761528895086725e-04
6.884000000000000909e+02 8.091386527962485253e-04
6.886000000000000227e+02 1.126130140002151725e-03
6.887999999999999545e+02 1.541013351566679346e-03
6.890000000000000000e+02 2.013334190089768883e-03
6.892000000000000455e+02 2.492981946135217064e-03
6.894000000000000909e+02 2.937922463363808190e-03
6.896000000000000227e+02 3.308134836852896776e-03
6.897999999999999545e+02 3.566034637528740781e-03
6.900000000000000000e+02 3.685240962338909299e-03
6.902000000000000455e+02 3.647662685431200813e-03
6.904000000000000909e+02 3.445082291017351195e-03
6.906000000000000227e+02 3.087967215463435777e-03
6.907999999999999545e+02 2.640751930206797216e-03
6.910000000000000000e+02 2.187644839008177911e-03
6.912000000000000455e+02 1.783351659342978512e-03
6.914000000000000909e+02 1.414351742739933249e-03
6.916000000000000227e+02 1.055340933636551848e-03
6.917999999999999545e+02 7.152203176670757223e-04
6.920000000000000000e+02 4.512627869384042145e-04
6.922000000000000455e+02 3.014982961208265144e-04
6.924000000000000909e+02 2.539731581094328838e-04
6.926000000000000227e+02 2.498785438786732538e-04
6.927999999999999545e+02 2.255428164555442483e-04
6.930000000000000000e+02 1.457093744632667609e-04
6.932000000000000455e+02 4.408145256325213257e-05
6.934000000000000909e+02 0.000000000000000000e+00
6.936000000000000227e+02 8.620609531382467106e-05
6.937999999999999545e+02 3.084845774318431544e-04
6.940000000000000000e+02 6.026251301499765956e-04
6.942000000000000455e+02 8.909886912659356617e-04
6.944000000000000909e+02 1.126726554477402997e-03
6.946000000000000227e+02 1.292750808605837298e-03
6.947999999999999545e+02 1.386695584791000635e-03
6.950000000000000000e+02 1.425761154225012317e-03
6.952000000000000455e+02 1.484346311095507964e-03
6.954000000000000909e+02 1.646203800813920981e-03
6.956000000000000227e+02 1.970684429444508057e-03
6.957999999999999545e+02 2.453071585245318598e-03
6.960000000000000000e+02 3.019369244757021120e-03
6.962000000000000455e+02 3.546661823841633365e-03
6.964000000000000909e+02 3.902097946923130389e-03
6.966000000000000227e+02 4.053898869976001185e-03
6.967999999999999545e+02 4.041795918945954857e-03
6.970000000000000000e+02 3.933343831095975629e-03
6.972000000000000455e+02 3.775170472248297326e-03
6.974000000000000909e+02 3.606527650271369734e-03
6.976000000000000227e+02 3.474533247058882168e-03
6.977999999999999545e+02 3.444721815304065127e-03
6.980000000000000000e+02 3.553575723631872962e-03
6.982000000000000455e+02 3.773293872565801343e-03
6.984000000000000909e+02 4.037859443251363978e-03
6.986000000000000227e+02 4.300128903165188754e-03
6.987999999999999545e+02 4.565848405296182855e-03
6.990000000000000000e+02 4.855369185579293256e-03
6.992000000000000455e+02 5.164585030454117709e-03
6.994000000000000909e+02 5.442231948986145373e-03
6.996000000000000227e+02 5.609427468722283372e-03
6.997999999999999545e+02 5.613175851228724422e-03
7.000000000000000000e+02 5.459724289101457184e-03
7.002000000000000455e+02 5.204135082764849152e-03
7.004000000000000909e+02 4.917444662029292479e-03
7.006000000000000227e+02 4.662375922928271854e-03
7.007999999999999545e+02 4.459862846326115293e-03
7.010000000000000000e+02 4.315213211218360545e-03
7.012000000000000455e+02 4.238352616536537887e-03
7.014000000000000909e+02 4.267687916870446796e-03
7.016000000000000227e+02 4.421180040736383265e-03
7.017999999999999545e+02 4.670013536714257008e-03
7.020000000000000000e+02 4.954688758716220554e-03
7.022000000000000455e+02 5.226034116610690783e-03
7.024000000000000909e+02 5.460392075038650317e-03
7.026000000000000227e+02 5.630739313533215940e-03
7.027999999999999545e+02 5.706313136927307350e-03
7.030000000000000000e+02 5.660897060094004229e-03
7.032000000000000455e+02 5.505880680660213411e-03
7.034000000000000909e+02 5.276925612325795989e-03
7.036000000000000227e+02 5.021417320661518413e-03
7.037999999999999545e+02 4.771835817465881757e-03
7.040000000000000000e+02 4.550288012198491772e-03
7.042000000000000455e+02 4.369619671004632000e-03
7.044000000000000909e+02 4.229198146902916899e-03
7.046000000000000227e+02 4.123004694735137032e-03
7.047999999999999545e+02 4.044069569678100662e-03
7.050000000000000000e+02 3.988980348048343227e-03
7.052000000000000455e+02 3.963039075373611664e-03
7.054000000000000909e+02 3.982924814414243175e-03
7.056000000000000227e+02 4.077458936043554250e-03
7.057999999999999545e+02 4.273942480700426705e-03
7.060000000000000000e+02 4.591347086321931337e-03
7.062000000000000455e+02 5.034124134167913822e-03
7.064000000000000909e+02 5.565185934019556413e-03
7.066000000000000227e+02 6.111172780677014138e-03
7.067999999999999545e+02 6.618840737374009908e-03
7.070000000000000000e+02 7.077248788280456060e-03
7.072000000000000455e+02 7.508343982915235970e-03
7.074000000000000909e+02 7.910609795583813109e-03
7.076000000000000227e+02 8.251759443378206549e-03
7.077999999999999545e+02 8.480942971912437678e-03
7.080000000000000000e+02 8.572625203317731091e-03
7.082000000000000455e+02 8.545485122835733138e-03
7.084000000000000909e+02 8.452370500939658526e-03
7.086000000000000227e+02 8.333431841866377476e-03
7.087999999999999545e+02 8.199826219112291148e-03
7.090000000000000000e+02 8.035340045039883472e-03
7.092000000000000455e+02 7.815716809020857581e-03
7.094000000000000909e+02 7.566609258708799357e-03
7.096000000000000227e+02 7.362457979179511114e-03
7.097999999999999545e+02 7.275791751619305192e-03
7.100000000000000000e+02 7.310569989173086591e-03
7.102000000000000455e+02 7.411314038496034928e-03
7.104000000000000909e+02 7.532850578053258694e-03
7.106000000000000227e+02 7.663595348094014159e-03
7.107999999999999545e+02 7.816820493289050598e-03
7.110000000000000000e+02 7.995264200746039773e-03
7.112000000000000455e+02 8.169509327283927536e-03
7.114000000000000909e+02 8.282504003074765697e-03
7.116000000000000227e+02 8.273494690568330978e-03
7.117999999999999545e+02 8.123712452685505347e-03
7.120000000000000000e+02 7.858985293896135482e-03
7.122000000000000455e+02 7.533041427716616334e-03
7.124000000000000909e+02 7.188967872185966779e-03
7.126000000000000227e+02 6.856874887219296943e-03
7.127999999999999545e+02 6.570599842394442280e-03
7.130000000000000000e+02 6.420426668957292249e-03
7.132000000000000455e+02 6.520568273744649368e-03
7.134000000000000909e+02 6.919127740917026259e-03
7.136000000000000227e+02 7.575345325317200951e-03
7.137999999999999545e+02 8.380812207877348652e-03
7.140000000000000000e+02 9.202577236812087280e-03
7.142000000000000455e+02 9.919000578036095417e-03
7.144000000000000909e+02 1.044114659310674958e-02
7.146000000000000227e+02 1.074009328727541790e-02
7.147999999999999545e+02 1.079949676183816765e-02
7.150000000000000000e+02 1.063547128426031024e-02
7.152000000000000455e+02 1.035213587721204448e-02
7.154000000000000909e+02 1.009963425358983286e-02
7.156000000000000227e+02 1.001591806520595040e-02
7.157999999999999545e+02 1.014179343644286413e-02
7.160000000000000000e+02 1.042469186408214593e-02
7.162000000000000455e+02 1.075640949435826416e-02
7.164000000000000909e+02 1.102708061112799703e-02
7.166000000000000227e+02 1.118181067070297963e-02
7.167999999999999545e+02 1.121532066443420989e-02
7.170000000000000000e+02 1.115405255927522099e-02
7.172000000000000455e+02 1.102712636043544359e-02
7.174000000000000909e+02 1.086637842777390256e-02
7.176000000000000227e+02 1.071608271051474603e-02
7.177999999999999545e+02 1.065021363305375390e-02
7.180000000000000000e+02 1.073363231626198872e-02
7.182000000000000455e+02 1.096100087748783092e-02
7.184000000000000909e+02 1.124378742071542592e-02
7.186000000000000227e+02 1.144338742885513821e-02
7.187999999999999545e+02 1.141833819665897393e-02
7.190000000000000000e+02 1.111430390261689688e-02
7.192000000000000455e+02 1.057673126383451567e-02
7.194000000000000909e+02 9.954802134114267009e-03
7.196000000000000227e+02 9.394668449287116307e-03
7.197999999999999545e+02 9.013002591302873845e-03
7.200000000000000000e+02 8.878974068272905973e-03
7.202000000000000455e+02 9.007918234643967625e-03
7.204000000000000909e+02 9.379035963061804759e-03
7.206000000000000227e+02 9.948743590821804150e-03
7.207999999999999545e+02 1.063949851170158806e-02
7.210000000000000000e+02 1.134024925394579858e-02
7.212000000000000455e+02 1.191520869616270739e-02
7.214000000000000909e+02 1.230262184666318370e-02
7.216000000000000227e+02 1.252790680466499967e-02
7.217999999999999545e+02 1.270028743505747376e-02
7.220000000000000000e+02 1.287611307473711386e-02
7.222000000000000455e+02 1.305941155116187302e-02
7.224000000000000909e+02 1.322531818190537944e-02
7.226000000000000227e+02 1.342173468753894011e-02
7.227999999999999545e+02 1.371638687083733682e-02
7.230000000000000000e+02 1.413431902071964757e-02
7.232000000000000455e+02 1.463281802063298720e-02
7.234000000000000909e+02 1.512138421696170715e-02
7.236000000000000227e+02 1.548091771980178444e-02
7.237999999999999545e+02 1.560511181727401719e-02
7.240000000000000000e+02 1.544852835947929659e-02
7.242000000000000455e+02 1.506146330446126586e-02
7.244000000000000909e+02 1.452133846144661872e-02
7.246000000000000227e+02 1.391409318546042717e-02
7.247999999999999545e+02 1.333006364969064467e-02
7.250000000000000000e+02 1.288527932481759591e-02
7.252000000000000455e+02 1.266630567456918793e-02
7.254000000000000909e+02 1.267801750744568939e-02
7.256000000000000227e+02 1.282043827212584614e-02
7.257999999999999545e+02 1.296931112251977630e-02
7.260000000000000000e+02 1.304151677448305013e-02
7.262000000000000455e+02 1.303927334576979180e-02
7.264000000000000909e+02 1.300041415291253166e-02
7.266000000000000227e+02 1.296478229457594805e-02
7.267999999999999545e+02 1.297380562782247948e-02
7.270000000000000000e+02 1.307214558818438344e-02
7.272000000000000455e+02 1.330694780199510180e-02
7.274000000000000909e+02 1.371515401965018449e-02
7.276000000000000227e+02 1.430765491802010042e-02
7.277999999999999545e+02 1.505570599742604709e-02
7.280000000000000000e+02 1.588511994121333953e-02
7.282000000000000455e+02 1.671742346267121593e-02
7.284000000000000909e+02 1.749687676950698045e-02
7.286000000000000227e+02 1.819977508704460900e-02
7.287999999999999545e+02 1.882522861209107168e-02
7.290000000000000000e+02 1.938334990949286407e-02
7.292000000000000455e+02 1.985562362010927229e-02
7.294000000000000909e+02 2.021164161986847840e-02
7.296000000000000227e+02 2.042828167152327401e-02
7.297999999999999545e+02 2.053224446533476188e-02
7.300000000000000000e+02 2.055568378218899928e-02
7.302000000000000455e+02 2.050703745635430730e-02
7.304000000000000909e+02 2.035063178444874998e-02
7.306000000000000227e+02 2.004386975222884060e-02
7.307999999999999545e+02 1.957146560400926938e-02
7.310000000000000000e+02 1.901099602881443917e-02
7.312000000000000455e+02 1.847698812447819139e-02
7.314000000000000909e+02 1.807979630998660103e-02
7.316000000000000227e+02 1.786384142757295457e-02
7.317999999999999545e+02 1.780361334428398612e-02
7.320000000000000000e+02 1.781513352376390413e-02
7.322000000000000455e+02 1.781987296039520829e-02
7.324000000000000909e+02 1.779128486580873469e-02
7.326000000000000227e+02 1.776147549753126498e-02
7.327999999999999545e+02 1.776717001896314929e-02
7.330000000000000000e+02 1.780890118910957720e-02
7.332000000000000455e+02 1.784971908332613766e-02
7.334000000000000909e+02 1.787236460697255724e-02
7.336000000000000227e+02 1.788867603276764195e-02
7.337999999999999545e+02 1.792854759094142381e-02
7.340000000000000000e+02 1.799010160564393224e-02
7.342000000000000455e+02 1.807104491637868959e-02
7.344000000000000909e+02 1.817780361757720398e-02
7.346000000000000227e+02 1.831467924468463404e-02
7.347999999999999545e+02 1.851410770473965739e-02
7.350000000000000000e+02 1.883521613121938443e-02
7.352000000000000455e+02 1.931792830948975137e-02
7.354000000000000909e+02 1.990458203833217476e-02
7.356000000000000227e+02 2.043612022972834952e-02
7.357999999999999545e+02 2.073014268186994247e-02
7.360000000000000000e+02 2.069769506320869035e-02
7.362000000000000455e+02 2.036787581434740257e-02
7.364000000000000909e+02 1.984845959754850953e-02
7.366000000000000227e+02 1.928073344446706860e-02
7.367999999999999545e+02 1.880475873475347115e-02
7.370000000000000000e+02 1.849666408374045501e-02
7.372000000000000455e+02 1.834608650219125836e-02
7.374000000000000909e+02 1.828172118437139393e-02
7.376000000000000227e+02 1.825323237941278709e-02
7.377999999999999545e+02 1.820309213442429519e-02
7.380000000000000000e+02 1.806290856586484361e-02
7.382000000000000455e+02 1.777135482828730295e-02
7.384000000000000909e+02 1.735830717584163629e-02
7.386000000000000227e+02 1.695670398202294565e-02
7.387999999999999545e+02 1.677489859913037368e-02
7.390000000000000000e+02 1.695032104930686845e-02
7.392000000000000455e+02 1.752031030213564711e-02
7.394000000000000909e+02 1.843728533846582252e-02
7.396000000000000227e+02 1.961205241623381612e-02
7.397999999999999545e+02 2.092563886657466954e-02
7.400000000000000000e+02 2.223125198446895823e-02
7.402000000000000455e+02 2.340630433847794289e-02
7.404000000000000909e+02 2.434661030147519667e-02
7.406000000000000227e+02 2.493335662267212594e-02
7.407999999999999545e+02 2.511491271172572315e-02
7.410000000000000000e+02 2.492897406002278493e-02
7.412000000000000455e+02 2.451387326201054373e-02
7.414000000000000909e+02 2.401381063365198854e-02
7.416000000000000227e+02 2.354435695079364066e-02
7.417999999999999545e+02 2.316632698016408975e-02
7.420000000000000000e+02 2.293477805794587321e-02
7.422000000000000455e+02 2.289428953771123487e-02
7.424000000000000909e+02 2.304581367030028582e-02
7.426000000000000227e+02 2.331604554894169123e-02
7.427999999999999545e+02 2.360398075409622654e-02
7.430000000000000000e+02 2.386960711217507580e-02
7.432000000000000455e+02 2.411769485842699123e-02
7.434000000000000909e+02 2.436829983231304786e-02
7.436000000000000227e+02 2.461573790850128673e-02
7.437999999999999545e+02 2.483437004946918714e-02
7.440000000000000000e+02 2.498959598230017509e-02
7.442000000000000455e+02 2.505566470678334545e-02
7.444000000000000909e+02 2.505577604187532448e-02
7.446000000000000227e+02 2.503955882480544959e-02
7.447999999999999545e+02 2.504062882949696645e-02
7.450000000000000000e+02 2.507445900879994027e-02
7.452000000000000455e+02 2.516392056278080047e-02
7.454000000000000909e+02 2.537263191319626132e-02
7.456000000000000227e+02 2.574511010123409216e-02
7.457999999999999545e+02 2.627227545650892560e-02
7.460000000000000000e+02 2.685524289796303865e-02
7.462000000000000455e+02 2.737306502511131778e-02
7.464000000000000909e+02 2.773009535996558139e-02
7.466000000000000227e+02 2.790401352318319650e-02
7.467999999999999545e+02 2.790461549540805553e-02
7.470000000000000000e+02 2.776832247609949123e-02
7.472000000000000455e+02 2.756264523357734864e-02
7.474000000000000909e+02 2.736912664412866070e-02
7.476000000000000227e+02 2.728401025697443916e-02
7.477999999999999545e+02 2.741880139054089782e-02
7.480000000000000000e+02 2.784638192267184509e-02
7.482000000000000455e+02 2.855044541331537566e-02
7.484000000000000909e+02 2.937463079909402586e-02
7.486000000000000227e+02 3.014199054829899693e-02
7.487999999999999545e+02 3.070360177370519417e-02
7.490000000000000000e+02 3.097647176353983400e-02
7.492000000000000455e+02 3.092953049286448208e-02
7.494000000000000909e+02 3.056331040304839652e-02
7.496000000000000227e+02 2.990520206616628651e-02
7.497999999999999545e+02 2.907743899952434929e-02
7.500000000000000000e+02 2.828127984895768832e-02
