4.000000000000000000e+02 4.456559661347386098e-02
4.001999999999999886e+02 4.461744108328628833e-02
4.003999999999999773e+02 4.485033649732804439e-02
4.006000000000000227e+02 4.528838413108057792e-02
4.008000000000000114e+02 4.590864595050214714e-02
4.010000000000000000e+02 4.666337559279330055e-02
4.011999999999999886e+02 4.748914963430980046e-02
4.013999999999999773e+02 4.831557585013188105e-02
4.016000000000000227e+02 4.907911811130178520e-02
4.018000000000000114e+02 4.974134060983054217e-02
4.020000000000000000e+02 5.030511870891739290e-02
4.021999999999999886e+02 5.082157899308401006e-02
4.023999999999999773e+02 5.137999590858682852e-02
4.026000000000000227e+02 5.205324139361816593e-02
4.028000000000000114e+02 5.288130112504770691e-02
4.030000000000000000e+02 5.386653661821731720e-02
4.031999999999999886e+02 5.497415413038089782e-02
4.033999999999999773e+02 5.615662281730211813e-02
4.036000000000000227e+02 5.736448043294727073e-02
4.038000000000000114e+02 5.855703164123154947e-02
4.040000000000000000e+02 5.972102383752615762e-02
4.041999999999999886e+02 6.088082718101042734e-02
4.043999999999999773e+02 6.208559349609435452e-02
4.046000000000000227e+02 6.337649753795604468e-02
4.048000000000000114e+02 6.473659346957019722e-02
4.050000000000000000e+02 6.616568755456964102e-02
4.051999999999999886e+02 6.765377553759306661e-02
4.053999999999999773e+02 6.916120538827522091e-02
4.056000000000000227e+02 7.070580551968845551e-02
4.058000000000000114e+02 7.231083342074538789e-02
4.060000000000000000e+02 7.398727699308775552e-02
4.061999999999999886e+02 7.573561096317238395e-02
4.063999999999999773e+02 7.753230417596961022e-02
4.066000000000000227e+02 7.936663585509171059e-02
4.068000000000000114e+02 8.123895505818237717e-02
4.070000000000000000e+02 8.312576027923110344e-02
4.071999999999999886e+02 8.504818319895071643e-02
4.073999999999999773e+02 8.703054570017285108e-02
4.076000000000000227e+02 8.907802653769608670e-02
4.078000000000000114e+02 9.122849802354793258e-02
4.080000000000000000e+02 9.349452048142478655e-02
4.081999999999999886e+02 9.586575243002845581e-02
4.083999999999999773e+02 9.832540028283537348e-02
4.086000000000000227e+02 1.008303294182584520e-01
4.088000000000000114e+02 1.033666916809396902e-01
4.090000000000000000e+02 1.059291683349490032e-01
4.091999999999999886e+02 1.084634986868778794e-01
4.093999999999999773e+02 1.109590137472461352e-01
4.096000000000000227e+02 1.134160655157804148e-01
4.098000000000000114e+02 1.158316111909000190e-01
4.100000000000000000e+02 1.182288477416513495e-01
4.101999999999999886e+02 1.206226299090857046e-01
4.103999999999999773e+02 1.230453836800059209e-01
4.106000000000000227e+02 1.255513955362652645e-01
4.108000000000000114e+02 1.281311871003315284e-01
4.110000000000000000e+02 1.307799734772163713e-01
4.111999999999999886e+02 1.334773503303799125e-01
4.113999999999999773e+02 1.361473490825545474e-01
4.116000000000000227e+02 1.387553027722563392e-01
4.118000000000000114e+02 1.412842290985704130e-01
4.120000000000000000e+02 1.437413961365459902e-01
4.121999999999999886e+02 1.461914385438547737e-01
4.123999999999999773e+02 1.486667915253491457e-01
4.126000000000000227e+02 1.511789695110521969e-01
4.128000000000000114e+02 1.537235625098630487e-01
4.130000000000000000e+02 1.562454864234263663e-01
4.131999999999999886e+02 1.587079900772248309e-01
4.133999999999999773e+02 1.610803405230469554e-01
4.136000000000000227e+02 1.633222329602852518e-01
4.138000000000000114e+02 1.654487781490187881e-01
4.140000000000000000e+02 1.674873885919690719e-01
4.141999999999999886e+02 1.694782495771179065e-01
4.143999999999999773e+02 1.714912104774867219e-01
4.146000000000000227e+02 1.735502605956319444e-01
4.148000000000000114e+02 1.756431905525440706e-01
4.150000000000000000e+02 1.777242763045121521e-01
4.151999999999999886e+02 1.797070140120266835e-01
4.153999999999999773e+02 1.815756889842267408e-01
4.156000000000000227e+02 1.833406773100232368e-01
4.158000000000000114e+02 1.849913380283177977e-01
4.160000000000000000e+02 1.865260403373299181e-01
4.161999999999999886e+02 1.879490393196678877e-01
4.163999999999999773e+02 1.892861557206497736e-01
4.166000000000000227e+02 1.905919525287322336e-01
4.168000000000000114e+02 1.918837392723118929e-01
4.170000000000000000e+02 1.931607656392382300e-01
4.171999999999999886e+02 1.944152186172058983e-01
4.173999999999999773e+02 1.956342086685819714e-01
4.176000000000000227e+02 1.968280859963762730e-01
4.178000000000000114e+02 1.980027830631640451e-01
4.180000000000000000e+02 1.991456669334260576e-01
4.181999999999999886e+02 2.002430720130001507e-01
4.183999999999999773e+02 2.012632980757124712e-01
4.186000000000000227e+02 2.021833239832624973e-01
4.188000000000000114e+02 2.030081505973250489e-01
4.190000000000000000e+02 2.037301859000472948e-01
4.191999999999999886e+02 2.043522615957818755e-01
4.193999999999999773e+02 2.048935610561885834e-01
4.196000000000000227e+02 2.053840098409826509e-01
4.198000000000000114e+02 2.058603311446648432e-01
4.200000000000000000e+02 2.063371279209776088e-01
4.201999999999999886e+02 2.068040340888848139e-01
4.203999999999999773e+02 2.072506301001044438e-01
4.206000000000000227e+02 2.076603298077240589e-01
4.208000000000000114e+02 2.080046289216765654e-01
4.210000000000000000e+02 2.082500835945916562e-01
4.211999999999999886e+02 2.083897405583999829e-01
4.213999999999999773e+02 2.084318447196593371e-01
4.216000000000000227e+02 2.083984896219466254e-01
4.218000000000000114e+02 2.083221875867451167e-01
4.220000000000000000e+02 2.082163512945303663e-01
4.221999999999999886e+02 2.080748087521386291e-01
4.223999999999999773e+02 2.078866616879946894e-01
4.226000000000000227e+02 2.076564575427446435e-01
4.228000000000000114e+02 2.073854712480782958e-01
4.230000000000000000e+02 2.070647350252135810e-01
4.231999999999999886e+02 2.066771744498836771e-01
4.233999999999999773e+02 2.062101525255480017e-01
4.236000000000000227e+02 2.056661781518121790e-01
4.238000000000000114e+02 2.050531505381509578e-01
4.240000000000000000e+02 2.043787652284374534e-01
4.241999999999999886e+02 2.036674173778910135e-01
4.243999999999999773e+02 2.029214290433221657e-01
4.246000000000000227e+02 2.021323278651283029e-01
4.248000000000000114e+02 2.013120460429386194e-01
4.250000000000000000e+02 2.004792750025133075e-01
4.251999999999999886e+02 1.996516109733277589e-01
4.253999999999999773e+02 1.988385550724772743e-01
4.256000000000000227e+02 1.980370650210472039e-01
4.258000000000000114e+02 1.972580608912798961e-01
4.260000000000000000e+02 1.965075556581047933e-01
4.261999999999999886e+02 1.957787247222692040e-01
4.263999999999999773e+02 1.950769615869534235e-01
4.266000000000000227e+02 1.943880081590250164e-01
4.268000000000000114e+02 1.936819228224117562e-01
4.270000000000000000e+02 1.929292309822844276e-01
4.271999999999999886e+02 1.921105162339558914e-01
4.273999999999999773e+02 1.912237449081365948e-01
4.276000000000000227e+02 1.902697618372127808e-01
4.278000000000000114e+02 1.892324618775397260e-01
4.280000000000000000e+02 1.881219058658512300e-01
4.281999999999999886e+02 1.869592268548366243e-01
4.283999999999999773e+02 1.857730223170423745e-01
4.286000000000000227e+02 1.846159766257204071e-01
4.288000000000000114e+02 1.835231088192495752e-01
4.290000000000000000e+02 1.825032125071368028e-01
4.291999999999999886e+02 1.815365530930106996e-01
4.293999999999999773e+02 1.805702734461294423e-01
4.296000000000000227e+02 1.795710051346590952e-01
4.298000000000000114e+02 1.785225027378768425e-01
4.300000000000000000e+02 1.774064867799199086e-01
4.301999999999999886e+02 1.762272381978598756e-01
4.303999999999999773e+02 1.750000730155056028e-01
4.306000000000000227e+02 1.737523373629002166e-01
4.308000000000000114e+02 1.725326979128557758e-01
4.310000000000000000e+02 1.713723653683727199e-01
4.311999999999999886e+02 1.702799637406323674e-01
4.313999999999999773e+02 1.692369841415511666e-01
4.316000000000000227e+02 1.681888176955788627e-01
4.318000000000000114e+02 1.671059913370536720e-01
4.320000000000000000e+02 1.659793413661375949e-01
4.321999999999999886e+02 1.648025916476335839e-01
4.323999999999999773e+02 1.635842671937111914e-01
4.326000000000000227e+02 1.623261280746334523e-01
4.328000000000000114e+02 1.610292489638268099e-01
4.330000000000000000e+02 1.597096780774302505e-01
4.331999999999999886e+02 1.583651940962006732e-01
4.333999999999999773e+02 1.570028199449210737e-01
4.336000000000000227e+02 1.556378066743667465e-01
4.338000000000000114e+02 1.542586156883768711e-01
4.340000000000000000e+02 1.528750071109270803e-01
4.341999999999999886e+02 1.515075793056816500e-01
4.343999999999999773e+02 1.501768369476224052e-01
4.346000000000000227e+02 1.489180031841839114e-01
4.348000000000000114e+02 1.477377000761932735e-01
4.350000000000000000e+02 1.466186345755881859e-01
4.351999999999999886e+02 1.455379912783902330e-01
4.353999999999999773e+02 1.444574898864008361e-01
4.356000000000000227e+02 1.433513238668940593e-01
4.358000000000000114e+02 1.422171997431754265e-01
4.360000000000000000e+02 1.410676408995946429e-01
4.361999999999999886e+02 1.398928240210470242e-01
4.363999999999999773e+02 1.386815853391004660e-01
4.366000000000000227e+02 1.374400189769889868e-01
4.368000000000000114e+02 1.361920007969686930e-01
4.370000000000000000e+02 1.349578654360450158e-01
4.371999999999999886e+02 1.337540229115358748e-01
4.373999999999999773e+02 1.326001944595239790e-01
4.376000000000000227e+02 1.315082518734488060e-01
4.378000000000000114e+02 1.304786731825699209e-01
4.380000000000000000e+02 1.294949235765756324e-01
4.381999999999999886e+02 1.285129829777400534e-01
4.383999999999999773e+02 1.274908263429962441e-01
4.386000000000000227e+02 1.263983759737951629e-01
4.388000000000000114e+02 1.252224100944442919e-01
4.390000000000000000e+02 1.239857030262322690e-01
4.391999999999999886e+02 1.227279522227633646e-01
4.393999999999999773e+02 1.214876856848415565e-01
4.396000000000000227e+02 1.202893612237020959e-01
4.398000000000000114e+02 1.191504871550317091e-01
4.400000000000000000e+02 1.180754885721587988e-01
4.401999999999999886e+02 1.170454696913282300e-01
4.403999999999999773e+02 1.160326115579349004e-01
4.406000000000000227e+02 1.150142104275330701e-01
4.408000000000000114e+02 1.139833256751553725e-01
4.410000000000000000e+02 1.129559435317125937e-01
4.411999999999999886e+02 1.119418894498955680e-01
4.413999999999999773e+02 1.109398888491434365e-01
4.416000000000000227e+02 1.099412388526454371e-01
4.418000000000000114e+02 1.089252948760194434e-01
4.420000000000000000e+02 1.078763564524132107e-01
4.421999999999999886e+02 1.067948642961510236e-01
4.423999999999999773e+02 1.056976864108259556e-01
4.426000000000000227e+02 1.046028048386874465e-01
4.428000000000000114e+02 1.035332975355426899e-01
4.430000000000000000e+02 1.025239005521582647e-01
4.431999999999999886e+02 1.015916883558422856e-01
4.433999999999999773e+02 1.007310563194890873e-01
4.436000000000000227e+02 9.991349017965765744e-02
4.438000000000000114e+02 9.909217771156543508e-02
4.440000000000000000e+02 9.823292514744889903e-02
4.441999999999999886e+02 9.732008043771800399e-02
4.443999999999999773e+02 9.635357224994763048e-02
4.446000000000000227e+02 9.534820081844243289e-02
4.448000000000000114e+02 9.432956453685861775e-02
4.450000000000000000e+02 9.333129144041513170e-02
4.451999999999999886e+02 9.239091977976510162e-02
4.453999999999999773e+02 9.152246092100263519e-02
4.456000000000000227e+02 9.071380498852889274e-02
4.458000000000000114e+02 8.993424681382268526e-02
4.460000000000000000e+02 8.914976935796031787e-02
4.461999999999999886e+02 8.833821804744028394e-02
4.463999999999999773e+02 8.749575253929835206e-02
4.466000000000000227e+02 8.663153812099814999e-02
4.468000000000000114e+02 8.574557506355791336e-02
4.470000000000000000e+02 8.484268982430610839e-02
4.471999999999999886e+02 8.395399161960447054e-02
4.473999999999999773e+02 8.311643037797414313e-02
4.476000000000000227e+02 8.234765057576989844e-02
4.478000000000000114e+02 8.163793012769417212e-02
4.480000000000000000e+02 8.096407989815547490e-02
4.481999999999999886e+02 8.029878440839667564e-02
4.483999999999999773e+02 7.960829231909234693e-02
4.486000000000000227e+02 7.885469195938750453e-02
4.488000000000000114e+02 7.803921658633170000e-02
4.490000000000000000e+02 7.717826647590420031e-02
4.491999999999999886e+02 7.628685701319674883e-02
4.493999999999999773e+02 7.537909900597669632e-02
4.496000000000000227e+02 7.449140657218103478e-02
4.498000000000000114e+02 7.366701390052639298e-02
4.500000000000000000e+02 7.292762467632786516e-02
4.501999999999999886e+02 7.225815580201798427e-02
4.503999999999999773e+02 7.162473446458264559e-02
4.506000000000000227e+02 7.099284859520103852e-02
4.508000000000000114e+02 7.034616283460147501e-02
4.510000000000000000e+02 6.967540360442212033e-02
4.511999999999999886e+02 6.898125856616098284e-02
4.513999999999999773e+02 6.827616743659546683e-02
4.516000000000000227e+02 6.755566116102819374e-02
4.518000000000000114e+02 6.682005627066157916e-02
4.520000000000000000e+02 6.609073058731455841e-02
4.521999999999999886e+02 6.541332907721805756e-02
4.523999999999999773e+02 6.480371214586466699e-02
4.526000000000000227e+02 6.424277450902961262e-02
4.528000000000000114e+02 6.369123552064040461e-02
4.530000000000000000e+02 6.312523231194624995e-02
4.531999999999999886e+02 6.253996559882081530e-02
4.533999999999999773e+02 6.193883236825566130e-02
4.536000000000000227e+02 6.130953232236925621e-02
4.538000000000000114e+02 6.065358970085553414e-02
4.540000000000000000e+02 5.999675755582194181e-02
4.541999999999999886e+02 5.938672150857887688e-02
4.543999999999999773e+02 5.885996665744575029e-02
4.546000000000000227e+02 5.841347668665423931e-02
4.548000000000000114e+02 5.800167078810276877e-02
4.550000000000000000e+02 5.756260495427380219e-02
4.551999999999999886e+02 5.705356114964707515e-02
4.553999999999999773e+02 5.646672904712263241e-02
4.556000000000000227e+02 5.583136866482316107e-02
4.558000000000000114e+02 5.517601960062322453e-02
4.560000000000000000e+02 5.452155537754438397e-02
4.561999999999999886e+02 5.388660143969312144e-02
4.563999999999999773e+02 5.330048426995467881e-02
4.566000000000000227e+02 5.277127152428797568e-02
4.568000000000000114e+02 5.227959330012611067e-02
4.570000000000000000e+02 5.178551999710699627e-02
4.571999999999999886e+02 5.126132279176091183e-02
4.573999999999999773e+02 5.070904125788354422e-02
4.576000000000000227e+02 5.015668158740160115e-02
4.578000000000000114e+02 4.963213164256816828e-02
4.580000000000000000e+02 4.915071789345053233e-02
4.581999999999999886e+02 4.870891378411507794e-02
4.583999999999999773e+02 4.828525564574857876e-02
4.586000000000000227e+02 4.786729137300631265e-02
4.588000000000000114e+02 4.745318816568928205e-02
4.590000000000000000e+02 4.704462004734092512e-02
4.591999999999999886e+02 4.663272812099722442e-02
4.593999999999999773e+02 4.620640738562445393e-02
4.596000000000000227e+02 4.576050176534509489e-02
4.598000000000000114e+02 4.530140329776796010e-02
4.600000000000000000e+02 4.484153052130106232e-02
4.601999999999999886e+02 4.437960177231231595e-02
4.603999999999999773e+02 4.390186179949999434e-02
4.606000000000000227e+02 4.340475432090784569e-02
4.608000000000000114e+02 4.290194264810661545e-02
4.610000000000000000e+02 4.243266284807489797e-02
4.611999999999999886e+02 4.205619462392710950e-02
4.613999999999999773e+02 4.178978068830870723e-02
4.616000000000000227e+02 4.160643841124853776e-02
4.618000000000000114e+02 4.145478270493613282e-02
4.620000000000000000e+02 4.129760509115202455e-02
4.621999999999999886e+02 4.110699636797973677e-02
4.623999999999999773e+02 4.086074031744278690e-02
4.626000000000000227e+02 4.054129096992253878e-02
4.628000000000000114e+02 4.014021462000352120e-02
4.630000000000000000e+02 3.967127654609006043e-02
4.631999999999999886e+02 3.916573341002323877e-02
4.633999999999999773e+02 3.864865119082164235e-02
4.636000000000000227e+02 3.812097693265072834e-02
4.638000000000000114e+02 3.755895740714519648e-02
4.640000000000000000e+02 3.692961171477648907e-02
4.641999999999999886e+02 3.624845464553939911e-02
4.643999999999999773e+02 3.556716833928401378e-02
4.646000000000000227e+02 3.494958660706969783e-02
4.648000000000000114e+02 3.443712754189058589e-02
4.650000000000000000e+02 3.404625084179856154e-02
4.651999999999999886e+02 3.377345740223799270e-02
4.653999999999999773e+02 3.360147920965506768e-02
4.656000000000000227e+02 3.350859439833253628e-02
4.658000000000000114e+02 3.346157295385393526e-02
4.660000000000000000e+02 3.341377705883558091e-02
4.661999999999999886e+02 3.331287187467569383e-02
4.663999999999999773e+02 3.314297275626075512e-02
4.666000000000000227e+02 3.291460555182998404e-02
4.668000000000000114e+02 3.264382786633864691e-02
4.670000000000000000e+02 3.233079376704921237e-02
4.671999999999999886e+02 3.197355539992820933e-02
4.673999999999999773e+02 3.157824555390169319e-02
4.676000000000000227e+02 3.116640223867460369e-02
4.678000000000000114e+02 3.077399597741770076e-02
4.680000000000000000e+02 3.042943701629409470e-02
4.681999999999999886e+02 3.013621693251584965e-02
4.683999999999999773e+02 2.988292501100656834e-02
4.686000000000000227e+02 2.966068315706208575e-02
4.688000000000000114e+02 2.947178730603391972e-02
4.690000000000000000e+02 2.933012518562402166e-02
4.691999999999999886e+02 2.922973001601161802e-02
4.693999999999999773e+02 2.914462002767881366e-02
4.696000000000000227e+02 2.904103372535225824e-02
4.698000000000000114e+02 2.890876244077603824e-02
4.700000000000000000e+02 2.875080732009203943e-02
4.701999999999999886e+02 2.857120850186176814e-02
4.703999999999999773e+02 2.836389254305238944e-02
4.706000000000000227e+02 2.812885756261477438e-02
4.708000000000000114e+02 2.788320510448840522e-02
4.710000000000000000e+02 2.765941369715347459e-02
4.711999999999999886e+02 2.746956685063346032e-02
4.713999999999999773e+02 2.730610532872781993e-02
4.716000000000000227e+02 2.714776615858409403e-02
4.718000000000000114e+02 2.696875245471497262e-02
4.720000000000000000e+02 2.674858697196312585e-02
4.721999999999999886e+02 2.648066713685970353e-02
4.723999999999999773e+02 2.617510305034698864e-02
4.726000000000000227e+02 2.584588024068228823e-02
4.728000000000000114e+02 2.551475108258736274e-02
4.730000000000000000e+02 2.520652958236828389e-02
4.731999999999999886e+02 2.493670641914447206e-02
4.733999999999999773e+02 2.470827028376625795e-02
4.736000000000000227e+02 2.451358875808757470e-02
4.738000000000000114e+02 2.433959860420342042e-02
4.740000000000000000e+02 2.418114831412108978e-02
4.741999999999999886e+02 2.404010934339811945e-02
4.743999999999999773e+02 2.392370260559811140e-02
4.746000000000000227e+02 2.384142723641424072e-02
4.748000000000000114e+02 2.379329103813147828e-02
4.750000000000000000e+02 2.376449969933897011e-02
4.751999999999999886e+02 2.372504018093325034e-02
4.753999999999999773e+02 2.364057556560784923e-02
4.756000000000000227e+02 2.349101144744787650e-02
4.758000000000000114e+02 2.327723985928044359e-02
4.760000000000000000e+02 2.301900260584056890e-02
4.761999999999999886e+02 2.272945587460857564e-02
4.763999999999999773e+02 2.242107580557171215e-02
4.766000000000000227e+02 2.211220460917189684e-02
4.768000000000000114e+02 2.182149100959503152e-02
4.770000000000000000e+02 2.156102563137542172e-02
4.771999999999999886e+02 2.133346168283115074e-02
4.773999999999999773e+02 2.113365399749124462e-02
4.776000000000000227e+02 2.096927765606108884e-02
4.778000000000000114e+02 2.085631367812156717e-02
4.780000000000000000e+02 2.080548837838429310e-02
4.781999999999999886e+02 2.079489692504402770e-02
4.783999999999999773e+02 2.077715030081499215e-02
4.786000000000000227e+02 2.069654722164410848e-02
4.788000000000000114e+02 2.051566170749257595e-02
4.790000000000000000e+02 2.024004467884393810e-02
4.791999999999999886e+02 1.990560629172236085e-02
4.793999999999999773e+02 1.956147653765513000e-02
4.796000000000000227e+02 1.924943616729435369e-02
4.798000000000000114e+02 1.900221896572099750e-02
4.800000000000000000e+02 1.884352921529914432e-02
4.801999999999999886e+02 1.878333649589615517e-02
4.803999999999999773e+02 1.878747203589505033e-02
4.806000000000000227e+02 1.879151428938469204e-02
4.808000000000000114e+02 1.872659685583115408e-02
4.810000000000000000e+02 1.856388544360863119e-02
4.811999999999999886e+02 1.831371775608312685e-02
4.813999999999999773e+02 1.801422327880081165e-02
4.816000000000000227e+02 1.771416168831100452e-02
4.818000000000000114e+02 1.745713331778259853e-02
4.820000000000000000e+02 1.727490274827614414e-02
4.821999999999999886e+02 1.718289930602114046e-02
4.823999999999999773e+02 1.717644905894047391e-02
4.826000000000000227e+02 1.723001519991398944e-02
4.828000000000000114e+02 1.729917637997436392e-02
4.830000000000000000e+02 1.732942862261600131e-02
4.831999999999999886e+02 1.729770420698499567e-02
4.833999999999999773e+02 1.721204057904467122e-02
4.836000000000000227e+02 1.709959522963357820e-02
4.838000000000000114e+02 1.698046894111095856e-02
4.840000000000000000e+02 1.685992652958294424e-02
4.841999999999999886e+02 1.673793824420422710e-02
4.843999999999999773e+02 1.662599805036940603e-02
4.846000000000000227e+02 1.654383407934096467e-02
4.848000000000000114e+02 1.649798929270728659e-02
4.850000000000000000e+02 1.647194547288247796e-02
4.851999999999999886e+02 1.644144606224016286e-02
4.853999999999999773e+02 1.639221167035552484e-02
4.856000000000000227e+02 1.632222198964354554e-02
4.858000000000000114e+02 1.623573931278545629e-02
4.860000000000000000e+02 1.612968153492557594e-02
4.861999999999999886e+02 1.599718837949099665e-02
4.863999999999999773e+02 1.583510876609128815e-02
4.866000000000000227e+02 1.565650196694748364e-02
4.868000000000000114e+02 1.549303534589715516e-02
4.870000000000000000e+02 1.537662254376205399e-02
4.871999999999999886e+02 1.531211736743665237e-02
4.873999999999999773e+02 1.527814659863713752e-02
4.876000000000000227e+02 1.525758047333490401e-02
4.878000000000000114e+02 1.525140880946167059e-02
4.880000000000000000e+02 1.526014022139820549e-02
4.881999999999999886e+02 1.526863744668858873e-02
4.883999999999999773e+02 1.525734868626508166e-02
4.886000000000000227e+02 1.522246481304821882e-02
4.888000000000000114e+02 1.516594194782777162e-02
4.890000000000000000e+02 1.509272526682002742e-02
4.891999999999999886e+02 1.501038839331290085e-02
4.893999999999999773e+02 1.492957615576367796e-02
4.896000000000000227e+02 1.485563863854012963e-02
4.898000000000000114e+02 1.479181163924748153e-02
4.900000000000000000e+02 1.474579583602773046e-02
4.901999999999999886e+02 1.472280575462362427e-02
4.903999999999999773e+02 1.471645185842772492e-02
4.906000000000000227e+02 1.470834838396609286e-02
4.908000000000000114e+02 1.468336459919677116e-02
4.910000000000000000e+02 1.463966123520608377e-02
4.911999999999999886e+02 1.457716851684263439e-02
4.913999999999999773e+02 1.448138555801660975e-02
4.916000000000000227e+02 1.434029590260227187e-02
4.918000000000000114e+02 1.415239455014795887e-02
4.920000000000000000e+02 1.392855807784602711e-02
4.921999999999999886e+02 1.368727908455483373e-02
4.923999999999999773e+02 1.345919365440841238e-02
4.926000000000000227e+02 1.327361081241572836e-02
4.928000000000000114e+02 1.313864433908034333e-02
4.930000000000000000e+02 1.304105962848936019e-02
4.931999999999999886e+02 1.296762943993480348e-02
4.933999999999999773e+02 1.291502706224635817e-02
4.936000000000000227e+02 1.288113748979395796e-02
4.938000000000000114e+02 1.285021888163057589e-02
4.940000000000000000e+02 1.280340896155196355e-02
4.941999999999999886e+02 1.273749062583105253e-02
4.943999999999999773e+02 1.266521451618399068e-02
4.946000000000000227e+02 1.260838055320690453e-02
4.948000000000000114e+02 1.258808481943489259e-02
4.950000000000000000e+02 1.260828035199297072e-02
4.951999999999999886e+02 1.265824875053809563e-02
4.953999999999999773e+02 1.272471520614752889e-02
4.956000000000000227e+02 1.280512872264294964e-02
4.958000000000000114e+02 1.290201426637550310e-02
4.960000000000000000e+02 1.300068096012124523e-02
4.961999999999999886e+02 1.306575979260543412e-02
4.963999999999999773e+02 1.306775490119137413e-02
4.966000000000000227e+02 1.301283273365216354e-02
4.968000000000000114e+02 1.293167150248428036e-02
4.970000000000000000e+02 1.285383674723913384e-02
4.971999999999999886e+02 1.278932604833266616e-02
4.973999999999999773e+02 1.273584035518435763e-02
4.976000000000000227e+02 1.268682420529596531e-02
4.978000000000000114e+02 1.263944293245168431e-02
4.980000000000000000e+02 1.259479734686644835e-02
4.981999999999999886e+02 1.255765488473267223e-02
4.983999999999999773e+02 1.253554708909110187e-02
4.986000000000000227e+02 1.253483753186064066e-02
4.988000000000000114e+02 1.256733713578124696e-02
4.990000000000000000e+02 1.264794115858841779e-02
4.991999999999999886e+02 1.277607725258122877e-02
4.993999999999999773e+02 1.291276122419805251e-02
4.996000000000000227e+02 1.299559975152749132e-02
4.998000000000000114e+02 1.296876034634751422e-02
5.000000000000000000e+02 1.281930918693806147e-02
5.001999999999999886e+02 1.256751321582115673e-02
5.003999999999999773e+02 1.225462490350514265e-02
5.006000000000000227e+02 1.192847725081007913e-02
5.008000000000000114e+02 1.163251746229451537e-02
5.010000000000000000e+02 1.140005542173449897e-02
5.011999999999999886e+02 1.125068863005511573e-02
5.013999999999999773e+02 1.119313534248933366e-02
5.016000000000000227e+02 1.121600900808822528e-02
5.018000000000000114e+02 1.128571545136663155e-02
5.020000000000000000e+02 1.135708920906909440e-02
5.021999999999999886e+02 1.140289868565365523e-02
5.023999999999999773e+02 1.141723044052848392e-02
5.026000000000000227e+02 1.140796688782738828e-02
5.028000000000000114e+02 1.137494269629847447e-02
5.030000000000000000e+02 1.132020963416258998e-02
5.031999999999999886e+02 1.125511288268249595e-02
5.033999999999999773e+02 1.120065423068535883e-02
5.036000000000000227e+02 1.117521323891534739e-02
5.038000000000000114e+02 1.118512700035555370e-02
5.040000000000000000e+02 1.121848188806111139e-02
5.041999999999999886e+02 1.125348060086769041e-02
5.043999999999999773e+02 1.127514924004805082e-02
5.046000000000000227e+02 1.128190273114037211e-02
5.048000000000000114e+02 1.128130140511461425e-02
5.050000000000000000e+02 1.127363296880991815e-02
5.051999999999999886e+02 1.125652793555438798e-02
5.053999999999999773e+02 1.123674854159226015e-02
5.056000000000000227e+02 1.124236691903969000e-02
5.058000000000000114e+02 1.129542686960845720e-02
5.060000000000000000e+02 1.139284637286184891e-02
5.061999999999999886e+02 1.149650835117646368e-02
5.063999999999999773e+02 1.156229272596150624e-02
5.066000000000000227e+02 1.156158412701055981e-02
5.068000000000000114e+02 1.149321170052118070e-02
5.070000000000000000e+02 1.136382646714096702e-02
5.071999999999999886e+02 1.117872000556850189e-02
5.073999999999999773e+02 1.094467919303344396e-02
5.076000000000000227e+02 1.068447293192711055e-02
5.078000000000000114e+02 1.043984219810072979e-02
5.080000000000000000e+02 1.025843425519353154e-02
5.081999999999999886e+02 1.017228643359779049e-02
5.083999999999999773e+02 1.016293255112549025e-02
5.086000000000000227e+02 1.018409493234400352e-02
5.088000000000000114e+02 1.019268835737895985e-02
5.090000000000000000e+02 1.018867087738328271e-02
5.091999999999999886e+02 1.018390581461224749e-02
5.093999999999999773e+02 1.017829328908525545e-02
5.096000000000000227e+02 1.014980079897512787e-02
5.098000000000000114e+02 1.008744356327821896e-02
5.100000000000000000e+02 1.000582234641142314e-02
5.101999999999999886e+02 9.937169682857219591e-03
5.103999999999999773e+02 9.901882069436705389e-03
5.106000000000000227e+02 9.900516489034174097e-03
5.108000000000000114e+02 9.913127750484732395e-03
5.110000000000000000e+02 9.906639079781535615e-03
5.111999999999999886e+02 9.868606448478199275e-03
5.113999999999999773e+02 9.807986787704324819e-03
5.116000000000000227e+02 9.739953362288935809e-03
5.118000000000000114e+02 9.658604077294170517e-03
5.120000000000000000e+02 9.563716860909185838e-03
5.122000000000000455e+02 9.475225066841517010e-03
5.123999999999999773e+02 9.434796975571866848e-03
5.126000000000000227e+02 9.471819135631958167e-03
5.127999999999999545e+02 9.586842374370357564e-03
5.130000000000000000e+02 9.751387142113468812e-03
5.132000000000000455e+02 9.920603555988812342e-03
5.133999999999999773e+02 1.004971186371661669e-02
5.136000000000000227e+02 1.010454227165623851e-02
5.137999999999999545e+02 1.006859490961439264e-02
5.140000000000000000e+02 9.941719167127967619e-03
5.142000000000000455e+02 9.735595403240001819e-03
5.143999999999999773e+02 9.478128736498456566e-03
5.146000000000000227e+02 9.223446235437476534e-03
5.147999999999999545e+02 9.025711387007409256e-03
5.150000000000000000e+02 8.918458476497649265e-03
5.152000000000000455e+02 8.900343729353622432e-03
5.153999999999999773e+02 8.939010661922845366e-03
5.156000000000000227e+02 8.982806295204018646e-03
5.157999999999999545e+02 8.980480859550428116e-03
5.160000000000000000e+02 8.910406149276668339e-03
5.162000000000000455e+02 8.769577244189323897e-03
5.163999999999999773e+02 8.567375846437257428e-03
5.166000000000000227e+02 8.324695734965649116e-03
5.167999999999999545e+02 8.081998846297842529e-03
5.170000000000000000e+02 7.885104665515984754e-03
5.172000000000000455e+02 7.772078853725787953e-03
5.173999999999999773e+02 7.757477718380595064e-03
5.176000000000000227e+02 7.819425145522024626e-03
5.177999999999999545e+02 7.912383138220095355e-03
5.180000000000000000e+02 7.985907509584817474e-03
5.182000000000000455e+02 8.009778476299743086e-03
5.183999999999999773e+02 7.978779646735443057e-03
5.186000000000000227e+02 7.899943128273146861e-03
5.187999999999999545e+02 7.768507807614370361e-03
5.190000000000000000e+02 7.587516159046814659e-03
5.192000000000000455e+02 7.379114259681003249e-03
5.193999999999999773e+02 7.184264449434119362e-03
5.196000000000000227e+02 7.033892717672058856e-03
5.197999999999999545e+02 6.951086550938160094e-03
5.200000000000000000e+02 6.948590203204518465e-03
5.202000000000000455e+02 7.021089445739739712e-03
5.203999999999999773e+02 7.150022918663396024e-03
5.206000000000000227e+02 7.308751340019523438e-03
5.207999999999999545e+02 7.466041110162789998e-03
5.210000000000000000e+02 7.587691244163726270e-03
5.212000000000000455e+02 7.646578118202613725e-03
5.213999999999999773e+02 7.636951054828476290e-03
5.216000000000000227e+02 7.590442621091946299e-03
5.217999999999999545e+02 7.547268382020305352e-03
5.220000000000000000e+02 7.527239238349478848e-03
5.222000000000000455e+02 7.514376769669072961e-03
5.223999999999999773e+02 7.475897386263133035e-03
5.226000000000000227e+02 7.381875695853941724e-03
5.227999999999999545e+02 7.212556149238854089e-03
5.230000000000000000e+02 6.961239637685469675e-03
5.232000000000000455e+02 6.645384852842191672e-03
5.233999999999999773e+02 6.305433594682661666e-03
5.236000000000000227e+02 5.999683400203752529e-03
5.237999999999999545e+02 5.789934600161729394e-03
5.240000000000000000e+02 5.717474688602732294e-03
5.242000000000000455e+02 5.794495106971456200e-03
5.243999999999999773e+02 6.004972622936508714e-03
5.246000000000000227e+02 6.322323106392436012e-03
5.247999999999999545e+02 6.708671414860258378e-03
5.250000000000000000e+02 7.112113476212824151e-03
5.252000000000000455e+02 7.469823913158495435e-03
5.253999999999999773e+02 7.715160105633880536e-03
5.256000000000000227e+02 7.791604643468614047e-03
5.257999999999999545e+02 7.674072059215599970e-03
5.260000000000000000e+02 7.377252084194518486e-03
5.262000000000000455e+02 6.951642103935484415e-03
5.263999999999999773e+02 6.472292396090725472e-03
5.266000000000000227e+02 6.009346407556008518e-03
5.267999999999999545e+02 5.620387041004808182e-03
5.270000000000000000e+02 5.345717273712448370e-03
5.272000000000000455e+02 5.200423015667985163e-03
5.273999999999999773e+02 5.156614287367805236e-03
5.276000000000000227e+02 5.163624079311325207e-03
5.277999999999999545e+02 5.172394631442334481e-03
5.280000000000000000e+02 5.161875500525450744e-03
5.282000000000000455e+02 5.134098494869142326e-03
5.283999999999999773e+02 5.100792368443886338e-03
5.286000000000000227e+02 5.066270165719586813e-03
5.287999999999999545e+02 5.033093745145615985e-03
5.290000000000000000e+02 5.009263295339056940e-03
5.292000000000000455e+02 5.012485460841221638e-03
5.293999999999999773e+02 5.067222211401531395e-03
5.296000000000000227e+02 5.178102993765433190e-03
5.297999999999999545e+02 5.323132906931907563e-03
5.300000000000000000e+02 5.461000225510170142e-03
5.302000000000000455e+02 5.563051894732450736e-03
5.303999999999999773e+02 5.611638930271344722e-03
5.306000000000000227e+02 5.594331778448619064e-03
5.307999999999999545e+02 5.500631923742447735e-03
5.310000000000000000e+02 5.337696545310381332e-03
5.312000000000000455e+02 5.141944924189100971e-03
5.313999999999999773e+02 4.984688423450237688e-03
5.316000000000000227e+02 4.937011545953315372e-03
5.317999999999999545e+02 5.029619299422808526e-03
5.320000000000000000e+02 5.234023937202720786e-03
5.322000000000000455e+02 5.486358199151074311e-03
5.323999999999999773e+02 5.726089664274885277e-03
5.326000000000000227e+02 5.901641399667662685e-03
5.327999999999999545e+02 5.963416154749523121e-03
5.330000000000000000e+02 5.878616047655721086e-03
5.332000000000000455e+02 5.642796135198777790e-03
5.333999999999999773e+02 5.288881986659887957e-03
5.336000000000000227e+02 4.891067751568075814e-03
5.337999999999999545e+02 4.528302459372926525e-03
5.340000000000000000e+02 4.259354518719581095e-03
5.342000000000000455e+02 4.103470240991410542e-03
5.343999999999999773e+02 4.049784817539696380e-03
5.346000000000000227e+02 4.076795819064569018e-03
5.347999999999999545e+02 4.161338394095066145e-03
5.350000000000000000e+02 4.269991827395824488e-03
5.352000000000000455e+02 4.359947771667755170e-03
5.353999999999999773e+02 4.396125063127162211e-03
5.356000000000000227e+02 4.374528621362897690e-03
5.357999999999999545e+02 4.312949197381192937e-03
5.360000000000000000e+02 4.237748094972463436e-03
5.362000000000000455e+02 4.173304183774555545e-03
5.363999999999999773e+02 4.132458643719730609e-03
5.366000000000000227e+02 4.116676406616623721e-03
5.367999999999999545e+02 4.121365092640758010e-03
5.370000000000000000e+02 4.141362436140787542e-03
5.372000000000000455e+02 4.161377823978526860e-03
5.373999999999999773e+02 4.164447739653104330e-03
5.376000000000000227e+02 4.139301645137476171e-03
5.377999999999999545e+02 4.083293168560968994e-03
5.380000000000000000e+02 3.997149088081538779e-03
5.382000000000000455e+02 3.887455193661680172e-03
5.383999999999999773e+02 3.770158548505877019e-03
5.386000000000000227e+02 3.655186969975021682e-03
5.387999999999999545e+02 3.545199575539507292e-03
5.390000000000000000e+02 3.439997333405955815e-03
5.392000000000000455e+02 3.348036916809415259e-03
5.393999999999999773e+02 3.282393540085045899e-03
5.396000000000000227e+02 3.255608882358193568e-03
5.397999999999999545e+02 3.275735727782280726e-03
5.400000000000000000e+02 3.353139845903086932e-03
5.402000000000000455e+02 3.489181194760163779e-03
5.403999999999999773e+02 3.670580448144613109e-03
5.406000000000000227e+02 3.875856810704989691e-03
5.407999999999999545e+02 4.083503007853421518e-03
5.410000000000000000e+02 4.271194509388547694e-03
5.412000000000000455e+02 4.416111257297721665e-03
5.413999999999999773e+02 4.520148572076778185e-03
5.416000000000000227e+02 4.601054620268701240e-03
5.417999999999999545e+02 4.677874992347270597e-03
5.420000000000000000e+02 4.749815398815549275e-03
5.422000000000000455e+02 4.803860275244650063e-03
5.423999999999999773e+02 4.816377318777117708e-03
5.426000000000000227e+02 4.755529210877627519e-03
5.427999999999999545e+02 4.604808283451868045e-03
5.430000000000000000e+02 4.364499713922366519e-03
5.432000000000000455e+02 4.051702372087833542e-03
5.433999999999999773e+02 3.702124616389376385e-03
5.436000000000000227e+02 3.366432935574153670e-03
5.437999999999999545e+02 3.093405490212180337e-03
5.440000000000000000e+02 2.908354150007117986e-03
5.442000000000000455e+02 2.805915542505236018e-03
5.443999999999999773e+02 2.771588089635143234e-03
5.446000000000000227e+02 2.791589599620501391e-03
5.447999999999999545e+02 2.845663214712051969e-03
5.450000000000000000e+02 2.911816852106525327e-03
5.452000000000000455e+02 2.974860601697404752e-03
5.453999999999999773e+02 3.032807517058507332e-03
5.456000000000000227e+02 3.080921729440150997e-03
5.457999999999999545e+02 3.108161934266448836e-03
5.460000000000000000e+02 3.099772939475135478e-03
5.462000000000000455e+02 3.046833666297344215e-03
5.463999999999999773e+02 2.949944883232080706e-03
5.466000000000000227e+02 2.818628115350314475e-03
5.467999999999999545e+02 2.668796518422068484e-03
5.470000000000000000e+02 2.509285414054918811e-03
5.472000000000000455e+02 2.346661842992585345e-03
5.473999999999999773e+02 2.191706159945272167e-03
5.476000000000000227e+02 2.064057245787152134e-03
5.477999999999999545e+02 1.985359888109253582e-03
5.480000000000000000e+02 1.973698112037115121e-03
5.482000000000000455e+02 2.037231894109184718e-03
5.483999999999999773e+02 2.169767603632829014e-03
5.486000000000000227e+02 2.351091200185525740e-03
5.487999999999999545e+02 2.550503710519598857e-03
5.490000000000000000e+02 2.734256424371184907e-03
5.492000000000000455e+02 2.871773176893221632e-03
5.493999999999999773e+02 2.945035335629318102e-03
5.496000000000000227e+02 2.970177371838345765e-03
5.497999999999999545e+02 2.974587462961628126e-03
5.500000000000000000e+02 2.973108158096513659e-03
5.502000000000000455e+02 2.951974819595311328e-03
5.503999999999999773e+02 2.899509078192570241e-03
5.506000000000000227e+02 2.819289765031164283e-03
5.507999999999999545e+02 2.720031748659940823e-03
5.510000000000000000e+02 2.604869544735230122e-03
5.512000000000000455e+02 2.469967278656641160e-03
5.513999999999999773e+02 2.309204459998690645e-03
5.516000000000000227e+02 2.128940090241534036e-03
5.517999999999999545e+02 1.951427597910976308e-03
5.520000000000000000e+02 1.811994696011400355e-03
5.522000000000000455e+02 1.725379593225054992e-03
5.523999999999999773e+02 1.679075125331424417e-03
5.526000000000000227e+02 1.637531536057806880e-03
5.527999999999999545e+02 1.578760346497438613e-03
5.530000000000000000e+02 1.501706662753593546e-03
5.532000000000000455e+02 1.420853135014058660e-03
5.533999999999999773e+02 1.341922202303868702e-03
5.536000000000000227e+02 1.263068694052705068e-03
5.537999999999999545e+02 1.180816263086576293e-03
5.540000000000000000e+02 1.100290551632484778e-03
5.542000000000000455e+02 1.038092332789685573e-03
5.543999999999999773e+02 1.013699960521006332e-03
5.546000000000000227e+02 1.038056086145296500e-03
5.547999999999999545e+02 1.109609226984263966e-03
5.550000000000000000e+02 1.217814630621184835e-03
5.552000000000000455e+02 1.346101217609673925e-03
5.553999999999999773e+02 1.474999762404206882e-03
5.556000000000000227e+02 1.589780570325334541e-03
5.557999999999999545e+02 1.682887917522767063e-03
5.560000000000000000e+02 1.750626799573908737e-03
5.562000000000000455e+02 1.789204700851507873e-03
5.563999999999999773e+02 1.798743364824119048e-03
5.566000000000000227e+02 1.792327255511349735e-03
5.567999999999999545e+02 1.786737387952104517e-03
5.570000000000000000e+02 1.795831177816422514e-03
5.572000000000000455e+02 1.824876158907393769e-03
5.573999999999999773e+02 1.871749668573329320e-03
5.576000000000000227e+02 1.923587633930795918e-03
5.577999999999999545e+02 1.956848013948695245e-03
5.580000000000000000e+02 1.951976631958795422e-03
5.582000000000000455e+02 1.894665297645902954e-03
5.583999999999999773e+02 1.773021449321803347e-03
5.586000000000000227e+02 1.571132684448995134e-03
5.587999999999999545e+02 1.297995186111533875e-03
5.590000000000000000e+02 9.867665194784446675e-04
5.592000000000000455e+02 6.775988758616971475e-04
5.593999999999999773e+02 3.994894246671567423e-04
5.596000000000000227e+02 1.771019033467106235e-04
5.597999999999999545e+02 3.903513098314076446e-05
5.600000000000000000e+02 0.000000000000000000e+00
5.602000000000000455e+02 5.582922566958574417e-05
5.603999999999999773e+02 1.834443851083319976e-04
5.606000000000000227e+02 3.530842372428677489e-04
5.607999999999999545e+02 5.277494917210086289e-04
5.610000000000000000e+02 6.698896257754816813e-04
5.612000000000000455e+02 7.623277598454523268e-04
5.613999999999999773e+02 8.085108731564309703e-04
5.616000000000000227e+02 8.236496697800275296e-04
5.617999999999999545e+02 8.213739681909321827e-04
5.620000000000000000e+02 8.229418590866722366e-04
5.622000000000000455e+02 8.503055720545625584e-04
5.623999999999999773e+02 9.127605760302134191e-04
5.626000000000000227e+02 9.828169629428878257e-04
5.627999999999999545e+02 1.021317493388251146e-03
5.630000000000000000e+02 9.997367024670994473e-04
5.632000000000000455e+02 9.168555686491983159e-04
5.633999999999999773e+02 7.857031727327313392e-04
5.636000000000000227e+02 6.265007063343142751e-04
5.637999999999999545e+02 4.633363963251115741e-04
5.640000000000000000e+02 3.264147535248680676e-04
5.642000000000000455e+02 2.504292391157288827e-04
5.643999999999999773e+02 2.692098582541355839e-04
5.646000000000000227e+02 3.986909627314572102e-04
5.647999999999999545e+02 6.221938403752728941e-04
5.650000000000000000e+02 8.804471857046143601e-04
5.652000000000000455e+02 1.101491972455343263e-03
5.653999999999999773e+02 1.235465027320381895e-03
5.656000000000000227e+02 1.274321070917211474e-03
5.657999999999999545e+02 1.243510538515310224e-03
5.660000000000000000e+02 1.172133737441030665e-03
5.662000000000000455e+02 1.086295141397890934e-03
5.663999999999999773e+02 1.020944314646535581e-03
5.666000000000000227e+02 1.007464773416431175e-03
5.667999999999999545e+02 1.060661600493090218e-03
5.670000000000000000e+02 1.163211440311411396e-03
5.672000000000000455e+02 1.278897666635261943e-03
5.673999999999999773e+02 1.365554698883024096e-03
5.676000000000000227e+02 1.389188104326807144e-03
5.677999999999999545e+02 1.346929186456496258e-03
5.680000000000000000e+02 1.260026215971375360e-03
5.682000000000000455e+02 1.162951928547418384e-03
5.683999999999999773e+02 1.079267486294601883e-03
5.686000000000000227e+02 1.022476152350671602e-03
5.687999999999999545e+02 1.002218475955631710e-03
5.690000000000000000e+02 1.035998777096957743e-03
5.692000000000000455e+02 1.132502359558078264e-03
5.693999999999999773e+02 1.283520653745930454e-03
5.696000000000000227e+02 1.459291535722830394e-03
5.697999999999999545e+02 1.628951969497685268e-03
5.700000000000000000e+02 1.766410407112737127e-03
5.702000000000000455e+02 1.852100980194781865e-03
5.703999999999999773e+02 1.867436507794703951e-03
5.706000000000000227e+02 1.798508513998542391e-03
5.707999999999999545e+02 1.643159678815345887e-03
5.710000000000000000e+02 1.426871874397302523e-03
5.712000000000000455e+02 1.199784136534307044e-03
5.713999999999999773e+02 1.023139850431283721e-03
5.716000000000000227e+02 9.390179611999446146e-04
5.717999999999999545e+02 9.518243744084230878e-04
5.720000000000000000e+02 1.034293759803074989e-03
5.722000000000000455e+02 1.142630310918192615e-03
5.723999999999999773e+02 1.237020048562189126e-03
5.726000000000000227e+02 1.293616922231757144e-03
5.727999999999999545e+02 1.312294555752867645e-03
5.730000000000000000e+02 1.307126948829321136e-03
5.732000000000000455e+02 1.294761836216472978e-03
5.733999999999999773e+02 1.288681811970782132e-03
5.736000000000000227e+02 1.299637552588798692e-03
5.737999999999999545e+02 1.327979675380496286e-03
5.740000000000000000e+02 1.357711234284493876e-03
5.742000000000000455e+02 1.351632889674781943e-03
5.743999999999999773e+02 1.285474722542751316e-03
5.746000000000000227e+02 1.161076749786320306e-03
5.747999999999999545e+02 1.013112182840317579e-03
5.750000000000000000e+02 8.842443015192689298e-04
5.752000000000000455e+02 8.144569065979805761e-04
5.753999999999999773e+02 8.316387058903036700e-04
5.756000000000000227e+02 9.346984192468415359e-04
5.757999999999999545e+02 1.100405319204167051e-03
5.760000000000000000e+02 1.290999926482827229e-03
5.762000000000000455e+02 1.467656568678464904e-03
5.763999999999999773e+02 1.592503229705317588e-03
5.766000000000000227e+02 1.633138158078284094e-03
5.767999999999999545e+02 1.573005932797180359e-03
5.770000000000000000e+02 1.419923926658916286e-03
5.772000000000000455e+02 1.202547908734806145e-03
5.773999999999999773e+02 9.628542340511195979e-04
5.776000000000000227e+02 7.402939927347220589e-04
5.777999999999999545e+02 5.683939260334447408e-04
5.780000000000000000e+02 4.737884123128775771e-04
5.782000000000000455e+02 4.778501945105866067e-04
5.783999999999999773e+02 5.826189559127847167e-04
5.786000000000000227e+02 7.631970281127692379e-04
5.787999999999999545e+02 9.732964546628457975e-04
5.790000000000000000e+02 1.168692679439968518e-03
5.792000000000000455e+02 1.319859492315863039e-03
5.793999999999999773e+02 1.422826519625931124e-03
5.796000000000000227e+02 1.499223421650978938e-03
5.797999999999999545e+02 1.580557318010775494e-03
5.800000000000000000e+02 1.683394832212687167e-03
5.802000000000000455e+02 1.798688307865519212e-03
5.803999999999999773e+02 1.906731388951555042e-03
5.806000000000000227e+02 1.993044361350353524e-03
5.807999999999999545e+02 2.050124727876311698e-03
5.810000000000000000e+02 2.076094933718162366e-03
5.812000000000000455e+02 2.075399111100226582e-03
5.813999999999999773e+02 2.063461507439018697e-03
5.816000000000000227e+02 2.049250924850119088e-03
5.817999999999999545e+02 2.031784109039624572e-03
5.820000000000000000e+02 2.010672595020360914e-03
5.822000000000000455e+02 1.984992255729204833e-03
5.823999999999999773e+02 1.950440579930316776e-03
5.826000000000000227e+02 1.896396988901137906e-03
5.827999999999999545e+02 1.821619563527377555e-03
5.830000000000000000e+02 1.740926313625962285e-03
5.832000000000000455e+02 1.687289310373546111e-03
5.833999999999999773e+02 1.686846256781551409e-03
5.836000000000000227e+02 1.748625882319268174e-03
5.837999999999999545e+02 1.860701310013075302e-03
5.840000000000000000e+02 2.001822873696419355e-03
5.842000000000000455e+02 2.146624158409363506e-03
5.843999999999999773e+02 2.268428030890621075e-03
5.846000000000000227e+02 2.342294975852844685e-03
5.847999999999999545e+02 2.345054291432533550e-03
5.850000000000000000e+02 2.260425391056851765e-03
5.852000000000000455e+02 2.089127657007699632e-03
5.853999999999999773e+02 1.839334895324439348e-03
5.856000000000000227e+02 1.530658374616076720e-03
5.857999999999999545e+02 1.201709572134739348e-03
5.860000000000000000e+02 8.985125599757330661e-04
5.862000000000000455e+02 6.663812604484082441e-04
5.863999999999999773e+02 5.424307179682993918e-04
5.866000000000000227e+02 5.446933110346899309e-04
5.867999999999999545e+02 6.641846360045580017e-04
5.870000000000000000e+02 8.636013628819869115e-04
5.872000000000000455e+02 1.090818057334429214e-03
5.873999999999999773e+02 1.310348444277621011e-03
5.876000000000000227e+02 1.511868018755727419e-03
5.877999999999999545e+02 1.704074052717725885e-03
5.880000000000000000e+02 1.884726193291538787e-03
5.882000000000000455e+02 2.044983091980053999e-03
5.883999999999999773e+02 2.184695899939246774e-03
5.886000000000000227e+02 2.306890654680785954e-03
5.887999999999999545e+02 2.401079614975589957e-03
5.890000000000000000e+02 2.433555490861856810e-03
5.892000000000000455e+02 2.383006543022732696e-03
5.893999999999999773e+02 2.253375198603402990e-03
5.896000000000000227e+02 2.074811199280901866e-03
5.897999999999999545e+02 1.881765568944593348e-03
5.900000000000000000e+02 1.718210083753883566e-03
5.902000000000000455e+02 1.625822403345390799e-03
5.903999999999999773e+02 1.606933925038959987e-03
5.906000000000000227e+02 1.629982969539237395e-03
5.907999999999999545e+02 1.657676287602957363e-03
5.910000000000000000e+02 1.686542322407055122e-03
5.912000000000000455e+02 1.713445878608327658e-03
5.913999999999999773e+02 1.727151942086200404e-03
5.916000000000000227e+02 1.709671381397572659e-03
5.917999999999999545e+02 1.663515342488536622e-03
5.920000000000000000e+02 1.598244506726451131e-03
5.922000000000000455e+02 1.519436135348651434e-03
5.923999999999999773e+02 1.428518091497958664e-03
5.926000000000000227e+02 1.334025305418163818e-03
5.927999999999999545e+02 1.247305601724233576e-03
5.930000000000000000e+02 1.158040646719106156e-03
5.932000000000000455e+02 1.072644963145007527e-03
5.933999999999999773e+02 1.021065093037608687e-03
5.936000000000000227e+02 1.043513856430210857e-03
5.937999999999999545e+02 1.130188552499793164e-03
5.940000000000000000e+02 1.241727326648667945e-03
5.942000000000000455e+02 1.348684068036435160e-03
5.943999999999999773e+02 1.454330457604941992e-03
5.946000000000000227e+02 1.578954745415720937e-03
5.947999999999999545e+02 1.741214899790177739e-03
5.950000000000000000e+02 1.932340898535604701e-03
5.952000000000000455e+02 2.124209452137903673e-03
5.953999999999999773e+02 2.282904876727127191e-03
5.956000000000000227e+02 2.397084999214401171e-03
5.957999999999999545e+02 2.469208701006659484e-03
5.960000000000000000e+02 2.499839695392804331e-03
5.962000000000000455e+02 2.463466904205936781e-03
5.963999999999999773e+02 2.336089702468704260e-03
5.966000000000000227e+02 2.118248206903662265e-03
5.967999999999999545e+02 1.856684721500681187e-03
5.970000000000000000e+02 1.617318374899910996e-03
5.972000000000000455e+02 1.451182428685884179e-03
5.973999999999999773e+02 1.368972907877928635e-03
5.976000000000000227e+02 1.350950729955512769e-03
5.977999999999999545e+02 1.377301505441049304e-03
5.980000000000000000e+02 1.440836347710713547e-03
5.982000000000000455e+02 1.533702750897581596e-03
5.983999999999999773e+02 1.633551056292214393e-03
5.986000000000000227e+02 1.705655984734412434e-03
5.987999999999999545e+02 1.720194268171854057e-03
5.990000000000000000e+02 1.670545220322188287e-03
5.992000000000000455e+02 1.575849471369480601e-03
5.993999999999999773e+02 1.476856661776817722e-03
5.996000000000000227e+02 1.405370399729571895e-03
5.997999999999999545e+02 1.374575949671007907e-03
6.000000000000000000e+02 1.374125339684836161e-03
6.002000000000000455e+02 1.377022429554891972e-03
6.003999999999999773e+02 1.336576853383748126e-03
6.006000000000000227e+02 1.196939946018474657e-03
6.007999999999999545e+02 9.493326915376628511e-04
6.010000000000000000e+02 6.374730668709562009e-04
6.012000000000000455e+02 3.403367967683788159e-04
6.013999999999999773e+02 1.229706440077551338e-04
6.016000000000000227e+02 2.630916531363818034e-05
6.017999999999999545e+02 6.635408050249813616e-05
6.020000000000000000e+02 2.335886151440935005e-04
6.022000000000000455e+02 4.880372618445323607e-04
6.023999999999999773e+02 7.798884560476677941e-04
6.026000000000000227e+02 1.070988985418722464e-03
6.027999999999999545e+02 1.325856142511400507e-03
6.030000000000000000e+02 1.517999219898714600e-03
6.032000000000000455e+02 1.642457009603292065e-03
6.033999999999999773e+02 1.743559223624995685e-03
6.036000000000000227e+02 1.872200823502805089e-03
6.037999999999999545e+02 2.052780442451671364e-03
6.040000000000000000e+02 2.247437966453890573e-03
6.042000000000000455e+02 2.402611196654282077e-03
6.043999999999999773e+02 2.475498737697782656e-03
6.046000000000000227e+02 2.457615484981032564e-03
6.047999999999999545e+02 2.368260748524987289e-03
6.050000000000000000e+02 2.243125340137874790e-03
6.052000000000000455e+02 2.119804541049631619e-03
6.053999999999999773e+02 2.011144134504788683e-03
6.056000000000000227e+02 1.918290546925207826e-03
6.057999999999999545e+02 1.845901482135444902e-03
6.060000000000000000e+02 1.814528456414351773e-03
6.062000000000000455e+02 1.840053636861601130e-03
6.063999999999999773e+02 1.916774644722150228e-03
6.066000000000000227e+02 1.999811818709767292e-03
6.067999999999999545e+02 2.035867404992003707e-03
6.070000000000000000e+02 1.985141747292513623e-03
6.072000000000000455e+02 1.845827617897932010e-03
6.073999999999999773e+02 1.637730594526199540e-03
6.076000000000000227e+02 1.389272357149201262e-03
6.077999999999999545e+02 1.126694718177395291e-03
6.080000000000000000e+02 8.837768562165657094e-04
6.082000000000000455e+02 7.093628599938728296e-04
6.083999999999999773e+02 6.635439870944122298e-04
6.086000000000000227e+02 7.593760807691214004e-04
6.087999999999999545e+02 9.607028456371166647e-04
6.090000000000000000e+02 1.193857674000734989e-03
6.092000000000000455e+02 1.393310735047604415e-03
6.093999999999999773e+02 1.517392866015959685e-03
6.096000000000000227e+02 1.554660373513162483e-03
6.097999999999999545e+02 1.526309371024082984e-03
6.100000000000000000e+02 1.462181186955083256e-03
6.102000000000000455e+02 1.387044614362798953e-03
6.103999999999999773e+02 1.309958442663636605e-03
6.106000000000000227e+02 1.245237860243299938e-03
6.107999999999999545e+02 1.216393906231899927e-03
6.110000000000000000e+02 1.249350254583598760e-03
6.112000000000000455e+02 1.325299673852690929e-03
6.113999999999999773e+02 1.406631423750860990e-03
6.116000000000000227e+02 1.467639346272144388e-03
6.117999999999999545e+02 1.538634534592742131e-03
6.120000000000000000e+02 1.665558900616884164e-03
6.122000000000000455e+02 1.879607117905700980e-03
6.123999999999999773e+02 2.164120612921798664e-03
6.126000000000000227e+02 2.472541510560810618e-03
6.127999999999999545e+02 2.748542817905038488e-03
6.130000000000000000e+02 2.952510125721879292e-03
6.132000000000000455e+02 3.062930063675471312e-03
6.133999999999999773e+02 3.070317223306331250e-03
6.136000000000000227e+02 2.969481347235144661e-03
6.137999999999999545e+02 2.749564883241082183e-03
6.140000000000000000e+02 2.425347222379100817e-03
6.142000000000000455e+02 2.057106991189884895e-03
6.143999999999999773e+02 1.717228829205974180e-03
6.146000000000000227e+02 1.449157303558384555e-03
6.147999999999999545e+02 1.253189245824140596e-03
6.150000000000000000e+02 1.104489277909525419e-03
6.152000000000000455e+02 9.892485424971286800e-04
6.153999999999999773e+02 9.078669188672307960e-04
6.156000000000000227e+02 8.577854662323181750e-04
6.157999999999999545e+02 8.200893834839993041e-04
6.160000000000000000e+02 7.706296582650415394e-04
6.162000000000000455e+02 7.010568019098512710e-04
6.163999999999999773e+02 6.403264090252634017e-04
6.166000000000000227e+02 6.320483928581640404e-04
6.167999999999999545e+02 7.050039507496275171e-04
6.170000000000000000e+02 8.296224425716376694e-04
6.172000000000000455e+02 9.560714386835297840e-04
6.173999999999999773e+02 1.048459648903325020e-03
6.176000000000000227e+02 1.124220686028945884e-03
6.177999999999999545e+02 1.198738424547474840e-03
6.180000000000000000e+02 1.264176197041834773e-03
6.182000000000000455e+02 1.290404004302796170e-03
6.183999999999999773e+02 1.263494296696605207e-03
6.186000000000000227e+02 1.196856404762572032e-03
6.187999999999999545e+02 1.131613961041593591e-03
6.190000000000000000e+02 1.096236118736696255e-03
6.192000000000000455e+02 1.088932654765846497e-03
6.193999999999999773e+02 1.072962640520674915e-03
6.196000000000000227e+02 1.025707559406653646e-03
6.197999999999999545e+02 9.625046484999875279e-04
6.200000000000000000e+02 9.350244263639801573e-04
6.202000000000000455e+02 9.723982278415956026e-04
6.203999999999999773e+02 1.062003677588102546e-03
6.206000000000000227e+02 1.164211282137983181e-03
6.207999999999999545e+02 1.266893922237612505e-03
6.210000000000000000e+02 1.378552173254546029e-03
6.212000000000000455e+02 1.516448853573463748e-03
6.213999999999999773e+02 1.688601332412277903e-03
6.216000000000000227e+02 1.870961721211652010e-03
6.217999999999999545e+02 2.023967056977483275e-03
6.220000000000000000e+02 2.117347402461434297e-03
6.222000000000000455e+02 2.151627248792028352e-03
6.223999999999999773e+02 2.138531740774909234e-03
6.226000000000000227e+02 2.084346654183354131e-03
6.227999999999999545e+02 1.983179878589357362e-03
6.230000000000000000e+02 1.840087903991536808e-03
6.232000000000000455e+02 1.677497799752084018e-03
6.233999999999999773e+02 1.521455970135435209e-03
6.236000000000000227e+02 1.387253536510296009e-03
6.237999999999999545e+02 1.282270019041015577e-03
6.240000000000000000e+02 1.216780004699068163e-03
6.242000000000000455e+02 1.182950626845721484e-03
6.243999999999999773e+02 1.164117691463805587e-03
6.246000000000000227e+02 1.152145122303325706e-03
6.247999999999999545e+02 1.157241189862224726e-03
6.250000000000000000e+02 1.201232567459065842e-03
6.252000000000000455e+02 1.305709915621266690e-03
6.253999999999999773e+02 1.461597728566403631e-03
6.256000000000000227e+02 1.633438847401979394e-03
6.257999999999999545e+02 1.771921390451946035e-03
6.260000000000000000e+02 1.846887526883143199e-03
6.262000000000000455e+02 1.861544262489921858e-03
6.263999999999999773e+02 1.844735620775332305e-03
6.266000000000000227e+02 1.824309383527088213e-03
6.267999999999999545e+02 1.804317415119344875e-03
6.270000000000000000e+02 1.775197808687050544e-03
6.272000000000000455e+02 1.735076219207595111e-03
6.273999999999999773e+02 1.700229838637748805e-03
6.276000000000000227e+02 1.693386968050637764e-03
6.277999999999999545e+02 1.728620506635596479e-03
6.280000000000000000e+02 1.791624919946338199e-03
6.282000000000000455e+02 1.860339690956567052e-03
6.283999999999999773e+02 1.921814182960585038e-03
6.286000000000000227e+02 1.987208026571924205e-03
6.287999999999999545e+02 2.067123644567878810e-03
6.290000000000000000e+02 2.160907280355285967e-03
6.292000000000000455e+02 2.255198185003205388e-03
6.293999999999999773e+02 2.346139960140696673e-03
6.296000000000000227e+02 2.436516952265297548e-03
6.297999999999999545e+02 2.522654836316655727e-03
6.300000000000000000e+02 2.593890576048127339e-03
6.302000000000000455e+02 2.647802307318996087e-03
6.303999999999999773e+02 2.702614390026310612e-03
6.306000000000000227e+02 2.772857587184223219e-03
6.307999999999999545e+02 2.856523548088515246e-03
6.310000000000000000e+02 2.931686894912560043e-03
6.312000000000000455e+02 2.974512350695682900e-03
6.313999999999999773e+02 2.981451261300093955e-03
6.316000000000000227e+02 2.981991912303704612e-03
6.317999999999999545e+02 3.044961612129146525e-03
6.320000000000000000e+02 3.203651495905504229e-03
6.322000000000000455e+02 3.435879405569655307e-03
6.323999999999999773e+02 3.670197304512188077e-03
6.326000000000000227e+02 3.870720826573144369e-03
6.327999999999999545e+02 4.033646021324553341e-03
6.330000000000000000e+02 4.160482799430919101e-03
6.332000000000000455e+02 4.211959355037176236e-03
6.333999999999999773e+02 4.130774502407837806e-03
6.336000000000000227e+02 3.872366752809436666e-03
6.337999999999999545e+02 3.454234339312493504e-03
6.340000000000000000e+02 2.952998943881693372e-03
6.342000000000000455e+02 2.479971341454802886e-03
6.343999999999999773e+02 2.109196388642224987e-03
6.346000000000000227e+02 1.861911744596791290e-03
6.347999999999999545e+02 1.728039415059869077e-03
6.350000000000000000e+02 1.714608088659049998e-03
6.352000000000000455e+02 1.827511315174796397e-03
6.353999999999999773e+02 2.047847889065793417e-03
6.356000000000000227e+02 2.310044421614884311e-03
6.357999999999999545e+02 2.550269151344092614e-03
6.360000000000000000e+02 2.722795349578026325e-03
6.362000000000000455e+02 2.813061164634847802e-03
6.363999999999999773e+02 2.855598127280029389e-03
6.366000000000000227e+02 2.904209925214435925e-03
6.367999999999999545e+02 3.005839369772353095e-03
6.370000000000000000e+02 3.166997648457047995e-03
6.372000000000000455e+02 3.383200751747595866e-03
6.373999999999999773e+02 3.651523075224823167e-03
6.376000000000000227e+02 3.971132793650966608e-03
6.377999999999999545e+02 4.302351381527859051e-03
6.380000000000000000e+02 4.581647941753723072e-03
6.382000000000000455e+02 4.759012014509891517e-03
6.383999999999999773e+02 4.819416829897326185e-03
6.386000000000000227e+02 4.769045125203737537e-03
6.387999999999999545e+02 4.620543443729150171e-03
6.390000000000000000e+02 4.391146627002314937e-03
6.392000000000000455e+02 4.100034613065083738e-03
6.393999999999999773e+02 3.768494773963583164e-03
6.396000000000000227e+02 3.426138740785004966e-03
6.397999999999999545e+02 3.116789669829197335e-03
6.400000000000000000e+02 2.885954557965897047e-03
6.402000000000000455e+02 2.742316953419877620e-03
6.403999999999999773e+02 2.663366871332270569e-03
6.406000000000000227e+02 2.622181940679861600e-03
6.407999999999999545e+02 2.626487621972576139e-03
6.410000000000000000e+02 2.693205514724841473e-03
6.412000000000000455e+02 2.815295861920492221e-03
6.413999999999999773e+02 2.935627058100983774e-03
6.416000000000000227e+02 2.989166274374453411e-03
6.417999999999999545e+02 2.940759959569574228e-03
6.420000000000000000e+02 2.805998472553580120e-03
6.422000000000000455e+02 2.635834917028337041e-03
6.423999999999999773e+02 2.476038593571022045e-03
6.426000000000000227e+02 2.354163187075229702e-03
6.427999999999999545e+02 2.292222160071240994e-03
6.430000000000000000e+02 2.313109572939014633e-03
6.432000000000000455e+02 2.437558184604652137e-03
6.433999999999999773e+02 2.672379871926682665e-03
6.436000000000000227e+02 2.984651633313127259e-03
6.437999999999999545e+02 3.305299770163120168e-03
6.440000000000000000e+02 3.543799052886048226e-03
6.442000000000000455e+02 3.639529623908187989e-03
6.443999999999999773e+02 3.576172630370506519e-03
6.446000000000000227e+02 3.383581435968995368e-03
6.447999999999999545e+02 3.103689610507854094e-03
6.450000000000000000e+02 2.775258792863223925e-03
6.452000000000000455e+02 2.434365613389177091e-03
6.453999999999999773e+02 2.134301991447117020e-03
6.456000000000000227e+02 1.915513301649254818e-03
6.457999999999999545e+02 1.797852934645969084e-03
6.460000000000000000e+02 1.785090870496027285e-03
6.462000000000000455e+02 1.869307102100882176e-03
6.463999999999999773e+02 2.022302673145700766e-03
6.466000000000000227e+02 2.185970065986909266e-03
6.467999999999999545e+02 2.315334261144245606e-03
6.470000000000000000e+02 2.391392484250633513e-03
6.472000000000000455e+02 2.424412191083398158e-03
6.473999999999999773e+02 2.431056487638198066e-03
6.476000000000000227e+02 2.433423509244749330e-03
6.477999999999999545e+02 2.456907105214276021e-03
6.480000000000000000e+02 2.517970267959027814e-03
6.482000000000000455e+02 2.611694866947185389e-03
6.483999999999999773e+02 2.714761797546639405e-03
6.486000000000000227e+02 2.803139940373537350e-03
6.487999999999999545e+02 2.858107030725649811e-03
6.490000000000000000e+02 2.858093958613937280e-03
6.492000000000000455e+02 2.768197268743487552e-03
6.493999999999999773e+02 2.580300436736335246e-03
6.496000000000000227e+02 2.316981618016701258e-03
6.497999999999999545e+02 2.029169255798428384e-03
6.500000000000000000e+02 1.781347604586156277e-03
6.502000000000000455e+02 1.636195984034388706e-03
6.503999999999999773e+02 1.637411710175385587e-03
6.506000000000000227e+02 1.776415259169862593e-03
6.507999999999999545e+02 2.008821015456362796e-03
6.510000000000000000e+02 2.271889807456153182e-03
6.512000000000000455e+02 2.512529815781471346e-03
6.513999999999999773e+02 2.699406577392380116e-03
6.516000000000000227e+02 2.820268998760092766e-03
6.517999999999999545e+02 2.873760237881283625e-03
6.520000000000000000e+02 2.871240063214422142e-03
6.522000000000000455e+02 2.841971391698444940e-03
6.523999999999999773e+02 2.835083675980809917e-03
6.526000000000000227e+02 2.883961587555111325e-03
6.527999999999999545e+02 2.989347526411998898e-03
6.530000000000000000e+02 3.114737071270672758e-03
6.532000000000000455e+02 3.217633018286243304e-03
6.533999999999999773e+02 3.272792454983713961e-03
6.536000000000000227e+02 3.282568543769385019e-03
6.537999999999999545e+02 3.276964825397413877e-03
6.540000000000000000e+02 3.286854797613579862e-03
6.542000000000000455e+02 3.328508915993252590e-03
6.543999999999999773e+02 3.389048703556397577e-03
6.546000000000000227e+02 3.438871493550092751e-03
6.547999999999999545e+02 3.452225562258999514e-03
6.550000000000000000e+02 3.426926439886972611e-03
6.552000000000000455e+02 3.356944285563335725e-03
6.553999999999999773e+02 3.234674603405263138e-03
6.556000000000000227e+02 3.062159926046074954e-03
6.557999999999999545e+02 2.880671387980551779e-03
6.560000000000000000e+02 2.742065702226733487e-03
6.562000000000000455e+02 2.684062144525357907e-03
6.564000000000000909e+02 2.701524447656051403e-03
6.566000000000000227e+02 2.761608328176354613e-03
6.567999999999999545e+02 2.824586910926780645e-03
6.570000000000000000e+02 2.877140437597500155e-03
6.572000000000000455e+02 2.919144470514225057e-03
6.574000000000000909e+02 2.955306059336672286e-03
6.576000000000000227e+02 2.988684793502411480e-03
6.577999999999999545e+02 3.024048280695796134e-03
6.580000000000000000e+02 3.071564609032548937e-03
6.582000000000000455e+02 3.148665716121670788e-03
6.584000000000000909e+02 3.270733818482090757e-03
6.586000000000000227e+02 3.433280237274937904e-03
6.587999999999999545e+02 3.606597787647956854e-03
6.590000000000000000e+02 3.758492851467105586e-03
6.592000000000000455e+02 3.867929484631583981e-03
6.594000000000000909e+02 3.929676535667827805e-03
6.596000000000000227e+02 3.952182665357739655e-03
6.597999999999999545e+02 3.927553231759394956e-03
6.600000000000000000e+02 3.836927005200434226e-03
6.602000000000000455e+02 3.673254765593563301e-03
6.604000000000000909e+02 3.457920396911928415e-03
6.606000000000000227e+02 3.228011607943869973e-03
6.607999999999999545e+02 3.019398945377000168e-03
6.610000000000000000e+02 2.855295849516381601e-03
6.612000000000000455e+02 2.754341041490989891e-03
6.614000000000000909e+02 2.735711921748448447e-03
6.616000000000000227e+02 2.814266269064337814e-03
6.617999999999999545e+02 2.982333685650600738e-03
6.620000000000000000e+02 3.208075235837831371e-03
6.622000000000000455e+02 3.454510701733607900e-03
6.624000000000000909e+02 3.681972142173016785e-03
6.626000000000000227e+02 3.859104995484974321e-03
6.627999999999999545e+02 3.981659269240319515e-03
6.630000000000000000e+02 4.055107283616098124e-03
6.632000000000000455e+02 4.083215728697587796e-03
6.634000000000000909e+02 4.064132005429691233e-03
6.636000000000000227e+02 4.028888761579401540e-03
6.637999999999999545e+02 4.017796000774802659e-03
6.640000000000000000e+02 4.054493041494432182e-03
6.642000000000000455e+02 4.125275111251673968e-03
6.644000000000000909e+02 4.202366424721324864e-03
6.646000000000000227e+02 4.257889592678396756e-03
6.647999999999999545e+02 4.270435861696614613e-03
6.650000000000000000e+02 4.221533049679400754e-03
6.652000000000000455e+02 4.102245244280716338e-03
6.654000000000000909e+02 3.929863283814526154e-03
6.656000000000000227e+02 3.741528514539519540e-03
6.657999999999999545e+02 3.573932904940338093e-03
6.660000000000000000e+02 3.441093698504234591e-03
6.662000000000000455e+02 3.360734082694435271e-03
6.664000000000000909e+02 3.347465036110044631e-03
6.666000000000000227e+02 3.402899879319055965e-03
6.667999999999999545e+02 3.515169098272406117e-03
6.670000000000000000e+02 3.673731900260291186e-03
6.672000000000000455e+02 3.871029800129289003e-03
6.674000000000000909e+02 4.080071989251943601e-03
6.676000000000000227e+02 4.281939754044433027e-03
6.677999999999999545e+02 4.471361172139210957e-03
6.680000000000000000e+02 4.643550125704382428e-03
6.682000000000000455e+02 4.768328251399795575e-03
6.684000000000000909e+02 4.810681934793005834e-03
6.686000000000000227e+02 4.772506179665132742e-03
6.687999999999999545e+02 4.696340416336496765e-03
6.690000000000000000e+02 4.630057411517151875e-03
6.692000000000000455e+02 4.591098798249369436e-03
6.694000000000000909e+02 4.562456112703247232e-03
6.696000000000000227e+02 4.528375563479221030e-03
6.697999999999999545e+02 4.491902635936085783e-03
6.700000000000000000e+02 4.453157930433725847e-03
6.702000000000000455e+02 4.392073861671499588e-03
6.704000000000000909e+02 4.268590315514105352e-03
6.706000000000000227e+02 4.042716101354620895e-03
6.707999999999999545e+02 3.708785509186730139e-03
6.710000000000000000e+02 3.309558586069171263e-03
6.712000000000000455e+02 2.940021579741382632e-03
6.714000000000000909e+02 2.658085184054775896e-03
6.716000000000000227e+02 2.485930833541051196e-03
6.717999999999999545e+02 2.430189335337704787e-03
6.720000000000000000e+02 2.506184886777441251e-03
6.722000000000000455e+02 2.720559058735170371e-03
6.724000000000000909e+02 3.049603041917394591e-03
6.726000000000000227e+02 3.411938683649575962e-03
6.727999999999999545e+02 3.709147321634844938e-03
6.730000000000000000e+02 3.861900560760130746e-03
6.732000000000000455e+02 3.860007868990161448e-03
6.734000000000000909e+02 3.739131793349451810e-03
6.736000000000000227e+02 3.560344486007513756e-03
6.737999999999999545e+02 3.386272376281454846e-03
6.740000000000000000e+02 3.272250098081356390e-03
6.742000000000000455e+02 3.264746202960015775e-03
6.744000000000000909e+02 3.397654459140236199e-03
6.746000000000000227e+02 3.671764215004041584e-03
6.747999999999999545e+02 4.041804282168518989e-03
6.750000000000000000e+02 4.412443952167112785e-03
6.752000000000000455e+02 4.679806059376803717e-03
6.754000000000000909e+02 4.784658290165782688e-03
6.756000000000000227e+02 4.734494559480176279e-03
6.757999999999999545e+02 4.584901907722135905e-03
6.760000000000000000e+02 4.389140100788937668e-03
6.762000000000000455e+02 4.187231798874384639e-03
6.764000000000000909e+02 4.018732658842847152e-03
6.766000000000000227e+02 3.926700780424370943e-03
6.767999999999999545e+02 3.937651462123074528e-03
6.770000000000000000e+02 4.030688837708761019e-03
6.772000000000000455e+02 4.146014410848190487e-03
6.774000000000000909e+02 4.221764154426784973e-03
6.776000000000000227e+02 4.231605067982400353e-03
6.777999999999999545e+02 4.212825773378161762e-03
6.780000000000000000e+02 4.232734114964560590e-03
6.782000000000000455e+02 4.350075803711075245e-03
6.784000000000000909e+02 4.546593072722187462e-03
6.786000000000000227e+02 4.772123947415567516e-03
6.787999999999999545e+02 4.977657113772274503e-03
6.790000000000000000e+02 5.152735915155972138e-03
6.792000000000000455e+02 5.324534935872938732e-03
6.794000000000000909e+02 5.525848256057449420e-03
6.796000000000000227e+02 5.745611324933718247e-03
6.797999999999999545e+02 5.941965861087257494e-03
6.800000000000000000e+02 6.083952251544417350e-03
6.802000000000000455e+02 6.186477108218867149e-03
6.804000000000000909e+02 6.267178685462724760e-03
6.806000000000000227e+02 6.319004454980752319e-03
6.807999999999999545e+02 6.310048464365418039e-03
6.810000000000000000e+02 6.251224141851970811e-03
6.812000000000000455e+02 6.201045880545293446e-03
6.814000000000000909e+02 6.240465664660875544e-03
6.816000000000000227e+02 6.399199756209646497e-03
6.817999999999999545e+02 6.647023690654610059e-03
6.820000000000000000e+02 6.901284691555592890e-03
6.822000000000000455e+02 7.048065929488199141e-03
6.824000000000000909e+02 7.022157879831276636e-03
6.826000000000000227e+02 6.824053735376428217e-03
6.827999999999999545e+02 6.517967776450602976e-03
6.830000000000000000e+02 6.159100981266445521e-03
6.832000000000000455e+02 5.800436247769958156e-03
6.834000000000000909e+02 5.503722027510959611e-03
6.836000000000000227e+02 5.331638827257475718e-03
6.837999999999999545e+02 5.313551392285028804e-03
6.840000000000000000e+02 5.426660467646627836e-03
6.842000000000000455e+02 5.593860668358584601e-03
6.844000000000000909e+02 5.735519612762316269e-03
6.846000000000000227e+02 5.798542900413504453e-03
6.847999999999999545e+02 5.782045319837791214e-03
6.850000000000000000e+02 5.712775760264529948e-03
6.852000000000000455e+02 5.632285412890389309e-03
6.854000000000000909e+02 5.588729677245758351e-03
6.856000000000000227e+02 5.638229636987655141e-03
6.857999999999999545e+02 5.814257131191987588e-03
6.860000000000000000e+02 6.100290422707129248e-03
6.862000000000000455e+02 6.434071791828628248e-03
6.864000000000000909e+02 6.735196335040201029e-03
6.866000000000000227e+02 6.924116558373072730e-03
6.867999999999999545e+02 6.941018478451582360e-03
6.870000000000000000e+02 6.768925038476278008e-03
6.872000000000000455e+02 6.444239146830359546e-03
6.874000000000000909e+02 6.059921705372553133e-03
6.876000000000000227e+02 5.711627776583032626e-03
6.877999999999999545e+02 5.473875578602339226e-03
6.880000000000000000e+02 5.384519017258585991e-03
6.882000000000000455e+02 5.467883756455736363e-03
6.884000000000000909e+02 5.730437934445898815e-03
6.886000000000000227e+02 6.149965529133974776e-03
6.887999999999999545e+02 6.668548139938218836e-03
6.890000000000000000e+02 7.211451768106559926e-03
6.892000000000000455e+02 7.704777118223831225e-03
6.894000000000000909e+02 8.100411249698560509e-03
6.896000000000000227e+02 8.372967037461905362e-03
6.897999999999999545e+02 8.521016466080806942e-03
6.900000000000000000e+02 8.572452777217491257e-03
6.902000000000000455e+02 8.547422090859386687e-03
6.904000000000000909e+02 8.447894121138764881e-03
6.906000000000000227e+02 8.260705126610997859e-03
6.907999999999999545e+02 8.005327722860023157e-03
6.910000000000000000e+02 7.716875800781531139e-03
6.912000000000000455e+02 7.416035479856428539e-03
6.914000000000000909e+02 7.090422675517247045e-03
6.916000000000000227e+02 6.736339096809483215e-03
6.917999999999999545e+02 6.390895158487822428e-03
6.920000000000000000e+02 6.132657718252615062e-03
6.922000000000000455e+02 6.015316930715464486e-03
6.924000000000000909e+02 6.038952783996723653e-03
6.926000000000000227e+02 6.155088044699393024e-03
6.927999999999999545e+02 6.291566206838782385e-03
6.930000000000000000e+02 6.383511281750941721e-03
6.932000000000000455e+02 6.419865656847210597e-03
6.934000000000000909e+02 6.442838492433737227e-03
6.936000000000000227e+02 6.504668706650717017e-03
6.937999999999999545e+02 6.614005616519988764e-03
6.940000000000000000e+02 6.730693743244605884e-03
6.942000000000000455e+02 6.808171419343042943e-03
6.944000000000000909e+02 6.825588595158539260e-03
6.946000000000000227e+02 6.779064891781825045e-03
6.947999999999999545e+02 6.666570209064888800e-03
6.950000000000000000e+02 6.497096396245087904e-03
6.952000000000000455e+02 6.343209576835548771e-03
6.954000000000000909e+02 6.299184557673755472e-03
6.956000000000000227e+02 6.444118129419132077e-03
6.957999999999999545e+02 6.791775386911868759e-03
6.960000000000000000e+02 7.281483908874885128e-03
6.962000000000000455e+02 7.799074528528507008e-03
6.964000000000000909e+02 8.212775014861293035e-03
6.966000000000000227e+02 8.449365834979643067e-03
6.967999999999999545e+02 8.494436167599856910e-03
6.970000000000000000e+02 8.380480787109614513e-03
6.972000000000000455e+02 8.149147514771174286e-03
6.974000000000000909e+02 7.859079050424185378e-03
6.976000000000000227e+02 7.596329987627008576e-03
6.977999999999999545e+02 7.467052124820279177e-03
6.980000000000000000e+02 7.535202494504971218e-03
6.982000000000000455e+02 7.776680174743434357e-03
6.984000000000000909e+02 8.109288119874170572e-03
6.986000000000000227e+02 8.458323827465296166e-03
6.987999999999999545e+02 8.796270069386635457e-03
6.990000000000000000e+02 9.112660653379614159e-03
6.992000000000000455e+02 9.385723914895569356e-03
6.994000000000000909e+02 9.569003202340975109e-03
6.996000000000000227e+02 9.617405036055922882e-03
6.997999999999999545e+02 9.511179427708805686e-03
7.000000000000000000e+02 9.270863518292852060e-03
7.002000000000000455e+02 8.949558188233808567e-03
7.004000000000000909e+02 8.602635460063521103e-03
7.006000000000000227e+02 8.266354992574229468e-03
7.007999999999999545e+02 7.939336503626269123e-03
7.010000000000000000e+02 7.624065350731954946e-03
7.012000000000000455e+02 7.350938243028857025e-03
7.014000000000000909e+02 7.172634868633764524e-03
7.016000000000000227e+02 7.117608588373848869e-03
7.017999999999999545e+02 7.167050687046738408e-03
7.020000000000000000e+02 7.275575621684788122e-03
7.022000000000000455e+02 7.405151807828429592e-03
7.024000000000000909e+02 7.537821800534432251e-03
7.026000000000000227e+02 7.654153183416652004e-03
7.027999999999999545e+02 7.728827493105586491e-03
7.030000000000000000e+02 7.735241832974698237e-03
7.032000000000000455e+02 7.673361046442282382e-03
7.034000000000000909e+02 7.563867820123285415e-03
7.036000000000000227e+02 7.438849796598452982e-03
7.037999999999999545e+02 7.314055154161244396e-03
7.040000000000000000e+02 7.193943082844269157e-03
7.042000000000000455e+02 7.076550229520988181e-03
7.044000000000000909e+02 6.962771920771755260e-03
7.046000000000000227e+02 6.847067337419477859e-03
7.047999999999999545e+02 6.714479464721067811e-03
7.050000000000000000e+02 6.547206077682532141e-03
7.052000000000000455e+02 6.346047998173535640e-03
7.054000000000000909e+02 6.137999231551413346e-03
7.056000000000000227e+02 5.969448151546832837e-03
7.057999999999999545e+02 5.890159366657328477e-03
7.060000000000000000e+02 5.944623825342066833e-03
7.062000000000000455e+02 6.161352186896524447e-03
7.064000000000000909e+02 6.523950324666885972e-03
7.066000000000000227e+02 6.973743371519262532e-03
7.067999999999999545e+02 7.459383241594350414e-03
7.070000000000000000e+02 7.957397393686385309e-03
7.072000000000000455e+02 8.463308251257141077e-03
7.074000000000000909e+02 8.940312320400248605e-03
7.076000000000000227e+02 9.335152902993514371e-03
7.077999999999999545e+02 9.594772454942312664e-03
7.080000000000000000e+02 9.699411941480608548e-03
7.082000000000000455e+02 9.669818722312038470e-03
7.084000000000000909e+02 9.557696419519751477e-03
7.086000000000000227e+02 9.410876527752578061e-03
7.087999999999999545e+02 9.253745497850554905e-03
7.090000000000000000e+02 9.084435545801886405e-03
7.092000000000000455e+02 8.884696940226389020e-03
7.094000000000000909e+02 8.676085082937342804e-03
7.096000000000000227e+02 8.521119070691597283e-03
7.097999999999999545e+02 8.479740606989099108e-03
7.100000000000000000e+02 8.545879070659739493e-03
7.102000000000000455e+02 8.656292242474038570e-03
7.104000000000000909e+02 8.757542489555734597e-03
7.106000000000000227e+02 8.830077475887756697e-03
7.107999999999999545e+02 8.883066185236805287e-03
7.110000000000000000e+02 8.927512669478611732e-03
7.112000000000000455e+02 8.951439838832517606e-03
7.114000000000000909e+02 8.921881768020332656e-03
7.116000000000000227e+02 8.804911987441687779e-03
7.117999999999999545e+02 8.599640343250338284e-03
7.120000000000000000e+02 8.336718898818070225e-03
7.122000000000000455e+02 8.058654085184894025e-03
7.124000000000000909e+02 7.800290695555990930e-03
7.126000000000000227e+02 7.589580545793140134e-03
7.127999999999999545e+02 7.460104348016792855e-03
7.130000000000000000e+02 7.479226853836984032e-03
7.132000000000000455e+02 7.717584043644006367e-03
7.134000000000000909e+02 8.173499984949773520e-03
7.136000000000000227e+02 8.771443082458739784e-03
7.137999999999999545e+02 9.392214469662778578e-03
7.140000000000000000e+02 9.926529432389414112e-03
7.142000000000000455e+02 1.029098368717126961e-02
7.144000000000000909e+02 1.043743430763587922e-02
7.146000000000000227e+02 1.036784826635051525e-02
7.147999999999999545e+02 1.010484756540129016e-02
7.150000000000000000e+02 9.706244075979858846e-03
7.152000000000000455e+02 9.303116694670961542e-03
7.154000000000000909e+02 9.039735617624144667e-03
7.156000000000000227e+02 9.020225037105920537e-03
7.157999999999999545e+02 9.236582714945483150e-03
7.160000000000000000e+02 9.606744188295152434e-03
7.162000000000000455e+02 1.001568039193980776e-02
7.164000000000000909e+02 1.036568586586532857e-02
7.166000000000000227e+02 1.060484177094838006e-02
7.167999999999999545e+02 1.071544652265127469e-02
7.170000000000000000e+02 1.069388279832378559e-02
7.172000000000000455e+02 1.054288316930927262e-02
7.174000000000000909e+02 1.028222320559455706e-02
7.176000000000000227e+02 9.968775274735134848e-03
7.177999999999999545e+02 9.691535895620039323e-03
7.180000000000000000e+02 9.529924724891848317e-03
7.182000000000000455e+02 9.495226887049361755e-03
7.184000000000000909e+02 9.529828475699957460e-03
7.186000000000000227e+02 9.534338857107324192e-03
7.187999999999999545e+02 9.404218465615643910e-03
7.190000000000000000e+02 9.106512374892997488e-03
7.192000000000000455e+02 8.683720947440609281e-03
7.194000000000000909e+02 8.246637375076264556e-03
7.196000000000000227e+02 7.883264132633316726e-03
7.197999999999999545e+02 7.654644499290609236e-03
7.200000000000000000e+02 7.602621004921804662e-03
7.202000000000000455e+02 7.753956903929272795e-03
7.204000000000000909e+02 8.111957113537739475e-03
7.206000000000000227e+02 8.641325867373724975e-03
7.207999999999999545e+02 9.261210435742217237e-03
7.210000000000000000e+02 9.865526259061388123e-03
7.212000000000000455e+02 1.034974402216802362e-02
7.214000000000000909e+02 1.067557562701551728e-02
7.216000000000000227e+02 1.087412462250517999e-02
7.217999999999999545e+02 1.103707343376526991e-02
7.220000000000000000e+02 1.120357765287431119e-02
7.222000000000000455e+02 1.136863709073021068e-02
7.224000000000000909e+02 1.151125689860889485e-02
7.226000000000000227e+02 1.168656830077802015e-02
7.227999999999999545e+02 1.196206311266111329e-02
7.230000000000000000e+02 1.234523741894348083e-02
7.232000000000000455e+02 1.276181543795944749e-02
7.234000000000000909e+02 1.310162849833430669e-02
7.236000000000000227e+02 1.326063679191430596e-02
7.237999999999999545e+02 1.316798590326650163e-02
7.240000000000000000e+02 1.280925283003183333e-02
7.242000000000000455e+02 1.224573340003029705e-02
7.244000000000000909e+02 1.157692783904409363e-02
7.246000000000000227e+02 1.091153467496293154e-02
7.247999999999999545e+02 1.034743277055861187e-02
7.250000000000000000e+02 9.962838704749869476e-03
7.252000000000000455e+02 9.791835568182952546e-03
7.254000000000000909e+02 9.800955646870114849e-03
7.256000000000000227e+02 9.894629876606624366e-03
7.257999999999999545e+02 9.974970736766208476e-03
7.260000000000000000e+02 9.988154539351338720e-03
7.262000000000000455e+02 9.942418021641473078e-03
7.264000000000000909e+02 9.869635066464274922e-03
7.266000000000000227e+02 9.801288291664241384e-03
7.267999999999999545e+02 9.775367425604196067e-03
7.270000000000000000e+02 9.827624863657498031e-03
7.272000000000000455e+02 9.984443829365688070e-03
7.274000000000000909e+02 1.025968473098239249e-02
7.276000000000000227e+02 1.064851746092239891e-02
7.277999999999999545e+02 1.112150179184921532e-02
7.280000000000000000e+02 1.162486942147074147e-02
7.282000000000000455e+02 1.210972348457537394e-02
7.284000000000000909e+02 1.254958577696412177e-02
7.286000000000000227e+02 1.293580771144081827e-02
7.287999999999999545e+02 1.327297060706187672e-02
7.290000000000000000e+02 1.357338401823152303e-02
7.292000000000000455e+02 1.383624462269242815e-02
7.294000000000000909e+02 1.405782603233180807e-02
7.296000000000000227e+02 1.424196294834791966e-02
7.297999999999999545e+02 1.441901170229761310e-02
7.300000000000000000e+02 1.460814249227441845e-02
7.302000000000000455e+02 1.479114622191235982e-02
7.304000000000000909e+02 1.489194456850608146e-02
7.306000000000000227e+02 1.482864126924359795e-02
7.307999999999999545e+02 1.455591347255324151e-02
7.310000000000000000e+02 1.413329593487947823e-02
7.312000000000000455e+02 1.366448587432926055e-02
7.314000000000000909e+02 1.325539279551771719e-02
7.316000000000000227e+02 1.295713381329129284e-02
7.317999999999999545e+02 1.277008639651072523e-02
7.320000000000000000e+02 1.265337880586605256e-02
7.322000000000000455e+02 1.256143727670454464e-02
7.324000000000000909e+02 1.247020046454740995e-02
7.326000000000000227e+02 1.238490902469024761e-02
7.327999999999999545e+02 1.232583166168453766e-02
7.330000000000000000e+02 1.228945675903833114e-02
7.332000000000000455e+02 1.224170173961385867e-02
7.334000000000000909e+02 1.215446549827958571e-02
7.336000000000000227e+02 1.203932857340179845e-02
7.337999999999999545e+02 1.194334512006610567e-02
7.340000000000000000e+02 1.188613969816286996e-02
7.342000000000000455e+02 1.186589029068508931e-02
7.344000000000000909e+02 1.186915172469349584e-02
7.346000000000000227e+02 1.189514399226793660e-02
7.347999999999999545e+02 1.197656186991386505e-02
7.350000000000000000e+02 1.217297253498567967e-02
7.352000000000000455e+02 1.252141582056687415e-02
7.354000000000000909e+02 1.297155995879107661e-02
7.356000000000000227e+02 1.338167655690499121e-02
7.357999999999999545e+02 1.358105280273099076e-02
7.360000000000000000e+02 1.349074024077741123e-02
7.362000000000000455e+02 1.315015527190116669e-02
7.364000000000000909e+02 1.267763069907036459e-02
7.366000000000000227e+02 1.219360147132846246e-02
7.367999999999999545e+02 1.178755737744248584e-02
7.370000000000000000e+02 1.149043405410401890e-02
7.372000000000000455e+02 1.128494050581652607e-02
7.374000000000000909e+02 1.112455280827413621e-02
7.376000000000000227e+02 1.097409940814717162e-02
7.377999999999999545e+02 1.079382453733689594e-02
7.380000000000000000e+02 1.053994000331940316e-02
7.382000000000000455e+02 1.018230958934480783e-02
7.384000000000000909e+02 9.763407136486176516e-03
7.386000000000000227e+02 9.404921282146152042e-03
7.387999999999999545e+02 9.283176768090905737e-03
7.390000000000000000e+02 9.498481498020879335e-03
7.392000000000000455e+02 1.005377319505310584e-02
7.394000000000000909e+02 1.087939143264155493e-02
7.396000000000000227e+02 1.188406811749434001e-02
7.397999999999999545e+02 1.296439129330846825e-02
7.400000000000000000e+02 1.399822933758337364e-02
7.402000000000000455e+02 1.488471594789920853e-02
7.404000000000000909e+02 1.554766561521480663e-02
7.406000000000000227e+02 1.592647729252751054e-02
7.407999999999999545e+02 1.600654965053526640e-02
7.410000000000000000e+02 1.582692220821399487e-02
7.412000000000000455e+02 1.548503774457018166e-02
7.414000000000000909e+02 1.508340313586695701e-02
7.416000000000000227e+02 1.470144443948054151e-02
7.417999999999999545e+02 1.436564359162333972e-02
7.420000000000000000e+02 1.411740258537359273e-02
7.422000000000000455e+02 1.401155261650472751e-02
7.424000000000000909e+02 1.408306065078330886e-02
7.426000000000000227e+02 1.428823671008220240e-02
7.427999999999999545e+02 1.454653843648892782e-02
7.430000000000000000e+02 1.482919563142676665e-02
7.432000000000000455e+02 1.513469355391097206e-02
7.434000000000000909e+02 1.545326486454747135e-02
7.436000000000000227e+02 1.571850466198980445e-02
7.437999999999999545e+02 1.586023030855262389e-02
7.440000000000000000e+02 1.582848707551418044e-02
7.442000000000000455e+02 1.561991465410618625e-02
7.444000000000000909e+02 1.528842809260550460e-02
7.446000000000000227e+02 1.492043705234767127e-02
7.447999999999999545e+02 1.459465077091768627e-02
7.450000000000000000e+02 1.433607446270724652e-02
7.452000000000000455e+02 1.413106316632692892e-02
7.454000000000000909e+02 1.396005729513179368e-02
7.456000000000000227e+02 1.384591135328175869e-02
7.457999999999999545e+02 1.381928848388924193e-02
7.460000000000000000e+02 1.386215498872844266e-02
7.462000000000000455e+02 1.392531694969548726e-02
7.464000000000000909e+02 1.397195747840247575e-02
7.466000000000000227e+02 1.402714599366179128e-02
7.467999999999999545e+02 1.411580176739329028e-02
7.470000000000000000e+02 1.424927935201644215e-02
7.472000000000000455e+02 1.441937809019883283e-02
7.474000000000000909e+02 1.460435133128181427e-02
7.476000000000000227e+02 1.479634413332972000e-02
7.477999999999999545e+02 1.503339125351288962e-02
7.480000000000000000e+02 1.537607075522286031e-02
7.482000000000000455e+02 1.586178504887474777e-02
7.484000000000000909e+02 1.645462524402231674e-02
7.486000000000000227e+02 1.706956128003143947e-02
7.487999999999999545e+02 1.760884074490324386e-02
7.490000000000000000e+02 1.799781525101409874e-02
7.492000000000000455e+02 1.819770046182776768e-02
7.494000000000000909e+02 1.818398827444010074e-02
7.496000000000000227e+02 1.793403282695859441e-02
7.497999999999999545e+02 1.749851140913919606e-02
7.500000000000000000e+02 1.700105906865659322e-02
