4.100000000000000000e+02 5.458328441112558077e-02
4.101999999999999886e+02 4.558296273899172663e-02
4.103999999999999773e+02 3.791889160828131738e-02
4.106000000000000227e+02 3.154471438430663660e-02
4.108000000000000114e+02 2.642430111877014723e-02
4.110000000000000000e+02 2.241707249420733794e-02
4.111999999999999886e+02 1.932192440498496297e-02
4.113999999999999773e+02 1.697682905443964260e-02
4.116000000000000227e+02 1.519985061667979490e-02
4.118000000000000114e+02 1.384303553090736327e-02
4.120000000000000000e+02 1.280229049827319096e-02
4.121999999999999886e+02 1.198242453926039869e-02
4.123999999999999773e+02 1.131885680071676240e-02
4.126000000000000227e+02 1.076111171290870805e-02
4.128000000000000114e+02 1.026430175186211075e-02
4.130000000000000000e+02 9.804739163163041921e-03
4.131999999999999886e+02 9.365336530616736460e-03
4.133999999999999773e+02 8.937006883783599198e-03
4.136000000000000227e+02 8.521287540595653964e-03
4.138000000000000114e+02 8.117195362692796595e-03
4.140000000000000000e+02 7.729077166054179084e-03
4.141999999999999886e+02 7.364381330647156061e-03
4.143999999999999773e+02 7.025942018492495160e-03
4.146000000000000227e+02 6.718138687288291618e-03
4.148000000000000114e+02 6.439921602020430395e-03
4.150000000000000000e+02 6.184165521391162164e-03
4.151999999999999886e+02 5.945946670683850167e-03
4.153999999999999773e+02 5.720281805843658966e-03
4.156000000000000227e+02 5.504559943181333397e-03
4.158000000000000114e+02 5.298769332517228210e-03
4.160000000000000000e+02 5.098479806395825494e-03
4.161999999999999886e+02 4.901066857459979685e-03
4.163999999999999773e+02 4.705795517144864722e-03
4.166000000000000227e+02 4.512260172156091174e-03
4.168000000000000114e+02 4.324204625191066347e-03
4.170000000000000000e+02 4.143574294731324111e-03
4.171999999999999886e+02 3.970204121389527517e-03
4.173999999999999773e+02 3.805870156193084768e-03
4.176000000000000227e+02 3.650660765200775155e-03
4.178000000000000114e+02 3.504692597673021541e-03
4.180000000000000000e+02 3.368228724725120214e-03
4.181999999999999886e+02 3.238344339788790625e-03
4.183999999999999773e+02 3.113390366882005413e-03
4.186000000000000227e+02 2.993036835240031786e-03
4.188000000000000114e+02 2.877976903052599685e-03
4.190000000000000000e+02 2.772564929418213329e-03
4.191999999999999886e+02 2.679817735082165413e-03
4.193999999999999773e+02 2.600351605449707608e-03
4.196000000000000227e+02 2.533547176559017115e-03
4.198000000000000114e+02 2.477679168646547241e-03
4.200000000000000000e+02 2.430614512027294040e-03
4.201999999999999886e+02 2.389258127227161972e-03
4.203999999999999773e+02 2.347993128577704515e-03
4.206000000000000227e+02 2.301477383854334292e-03
4.208000000000000114e+02 2.246811392287718402e-03
4.210000000000000000e+02 2.184264173115795134e-03
4.211999999999999886e+02 2.115526141630579178e-03
4.213999999999999773e+02 2.043422752416464670e-03
4.216000000000000227e+02 1.970561962458498330e-03
4.218000000000000114e+02 1.898288004684374995e-03
4.220000000000000000e+02 1.828672614414542617e-03
4.221999999999999886e+02 1.763029053425743155e-03
4.223999999999999773e+02 1.701676326427695694e-03
4.226000000000000227e+02 1.644654284581689545e-03
4.228000000000000114e+02 1.591104282315856759e-03
4.230000000000000000e+02 1.541336049363452483e-03
4.231999999999999886e+02 1.497245036105363837e-03
4.233999999999999773e+02 1.459905037955055822e-03
4.236000000000000227e+02 1.429071582576668838e-03
4.238000000000000114e+02 1.403028810916689441e-03
4.240000000000000000e+02 1.379060321348274908e-03
4.241999999999999886e+02 1.355383608437743699e-03
4.243999999999999773e+02 1.330548465885763969e-03
4.246000000000000227e+02 1.303215532150006281e-03
4.248000000000000114e+02 1.272212335899432396e-03
4.250000000000000000e+02 1.236539874806775671e-03
4.251999999999999886e+02 1.196488369694644581e-03
4.253999999999999773e+02 1.153224627985542476e-03
4.256000000000000227e+02 1.106914842325191009e-03
4.258000000000000114e+02 1.057181694150054196e-03
4.260000000000000000e+02 1.003420346035571384e-03
4.261999999999999886e+02 9.456934480016792113e-04
4.263999999999999773e+02 8.867101220174956888e-04
4.266000000000000227e+02 8.298256128473780607e-04
4.268000000000000114e+02 7.783159501064274705e-04
4.270000000000000000e+02 7.348225965238342275e-04
4.271999999999999886e+02 6.997579703593836270e-04
4.273999999999999773e+02 6.731513923733632720e-04
4.276000000000000227e+02 6.548626595423044303e-04
4.278000000000000114e+02 6.436004874941702800e-04
4.280000000000000000e+02 6.366879707668630928e-04
4.281999999999999886e+02 6.313507438614595485e-04
4.283999999999999773e+02 6.260029495029932264e-04
4.286000000000000227e+02 6.212302884536667277e-04
4.288000000000000114e+02 6.177369358378393197e-04
4.290000000000000000e+02 6.154447068726443329e-04
4.291999999999999886e+02 6.134520818795842836e-04
4.293999999999999773e+02 6.112327737321232579e-04
4.296000000000000227e+02 6.092143263739940862e-04
4.298000000000000114e+02 6.082182931711303808e-04
4.300000000000000000e+02 6.083884334451058334e-04
4.301999999999999886e+02 6.084026633803108278e-04
4.303999999999999773e+02 6.062999402719039879e-04
4.306000000000000227e+02 6.007102145417801339e-04
4.308000000000000114e+02 5.922430120878108967e-04
4.310000000000000000e+02 5.826510206228090183e-04
4.311999999999999886e+02 5.738517779778472966e-04
4.313999999999999773e+02 5.686473659743500331e-04
4.316000000000000227e+02 5.746670114678519015e-04
4.318000000000000114e+02 6.094196398138979759e-04
4.320000000000000000e+02 7.049417211499103483e-04
4.321999999999999886e+02 9.101359125453277812e-04
4.323999999999999773e+02 1.285932871678246124e-03
4.326000000000000227e+02 1.906364794838365066e-03
4.328000000000000114e+02 2.845571166749460458e-03
4.330000000000000000e+02 4.160378232835813296e-03
4.331999999999999886e+02 5.904661535318358502e-03
4.333999999999999773e+02 8.092996573277444483e-03
4.336000000000000227e+02 1.069916168597687817e-02
4.338000000000000114e+02 1.369218175272043925e-02
4.340000000000000000e+02 1.697832171425495487e-02
4.341999999999999886e+02 2.044771514390459136e-02
4.343999999999999773e+02 2.399893472731053426e-02
4.346000000000000227e+02 2.747324547250988222e-02
4.348000000000000114e+02 3.073780915870385003e-02
4.350000000000000000e+02 3.366895625104496248e-02
4.351999999999999886e+02 3.611820386629942953e-02
4.353999999999999773e+02 3.798914991830004695e-02
4.356000000000000227e+02 3.920033696005523899e-02
4.358000000000000114e+02 3.969162483249444318e-02
4.360000000000000000e+02 3.946555050317659963e-02
4.361999999999999886e+02 3.855406061433094139e-02
4.363999999999999773e+02 3.700039976957981286e-02
4.366000000000000227e+02 3.486116816630049214e-02
4.368000000000000114e+02 3.223500186848846094e-02
4.370000000000000000e+02 2.922751661612930582e-02
4.371999999999999886e+02 2.595202856377039000e-02
4.373999999999999773e+02 2.254282508112340558e-02
4.376000000000000227e+02 1.912364882967980753e-02
4.378000000000000114e+02 1.582408230863937074e-02
4.380000000000000000e+02 1.277533459306770536e-02
4.381999999999999886e+02 1.005552040301704517e-02
4.383999999999999773e+02 7.717592678911669619e-03
4.386000000000000227e+02 5.787415229929493594e-03
4.388000000000000114e+02 4.250031067523338084e-03
4.390000000000000000e+02 3.073624004121914242e-03
4.391999999999999886e+02 2.207010013726479723e-03
4.393999999999999773e+02 1.583876589330224065e-03
4.396000000000000227e+02 1.148335860961162067e-03
4.398000000000000114e+02 8.534635909976081083e-04
4.400000000000000000e+02 6.604800405267232180e-04
4.401999999999999886e+02 5.390079182285272691e-04
4.403999999999999773e+02 4.654957830848632447e-04
4.406000000000000227e+02 4.212166505762771768e-04
4.408000000000000114e+02 3.915777916606620959e-04
4.410000000000000000e+02 3.670384490908834910e-04
4.411999999999999886e+02 3.415864725210375485e-04
4.413999999999999773e+02 3.120101045314708707e-04
4.416000000000000227e+02 2.775631808719083646e-04
4.418000000000000114e+02 2.394278315904522711e-04
4.420000000000000000e+02 2.001214758847293454e-04
4.421999999999999886e+02 1.626166172498631768e-04
4.423999999999999773e+02 1.285864971337534121e-04
4.426000000000000227e+02 9.837481163761912367e-05
4.428000000000000114e+02 7.165231004834654582e-05
4.430000000000000000e+02 4.826810006819046150e-05
4.431999999999999886e+02 2.839156970920603262e-05
4.433999999999999773e+02 1.278647167865694378e-05
4.436000000000000227e+02 2.822987576862716341e-06
4.438000000000000114e+02 0.000000000000000000e+00
4.440000000000000000e+02 5.438886550784144402e-06
4.441999999999999886e+02 1.960494118895261817e-05
4.443999999999999773e+02 4.201717059548835259e-05
4.446000000000000227e+02 7.081568918720654998e-05
4.448000000000000114e+02 1.032342038645196747e-04
4.450000000000000000e+02 1.362602528063748195e-04
4.451999999999999886e+02 1.677098027530040877e-04
4.453999999999999773e+02 1.965963225419829763e-04
4.456000000000000227e+02 2.227390872792294266e-04
4.458000000000000114e+02 2.462587139431269070e-04
4.460000000000000000e+02 2.679008505234534848e-04
4.461999999999999886e+02 2.887468005135750138e-04
4.463999999999999773e+02 3.097362586519155497e-04
4.466000000000000227e+02 3.308549016330332090e-04
4.468000000000000114e+02 3.511673913471962880e-04
4.470000000000000000e+02 3.691401354995018161e-04
4.471999999999999886e+02 3.832273752964882041e-04
4.473999999999999773e+02 3.931974365806185229e-04
4.476000000000000227e+02 3.998025390213313587e-04
4.478000000000000114e+02 4.041460131800995656e-04
4.480000000000000000e+02 4.066888148520292692e-04
4.481999999999999886e+02 4.072529548446671838e-04
4.483999999999999773e+02 4.055463707658664776e-04
4.486000000000000227e+02 4.016494939616766999e-04
4.488000000000000114e+02 3.952913621125117224e-04
4.490000000000000000e+02 3.855868302385960164e-04
4.491999999999999886e+02 3.714423564824152410e-04
4.493999999999999773e+02 3.528936128231281374e-04
4.496000000000000227e+02 3.313145337434956691e-04
4.498000000000000114e+02 3.089035417765560385e-04
4.500000000000000000e+02 2.879524154526065180e-04
4.501999999999999886e+02 2.702468633448903979e-04
4.503999999999999773e+02 2.569616742302870474e-04
4.506000000000000227e+02 2.489040854408456835e-04
4.508000000000000114e+02 2.471489665999042698e-04
4.510000000000000000e+02 2.525557489835668010e-04
4.511999999999999886e+02 2.651151752174124229e-04
4.513999999999999773e+02 2.834758922296495842e-04
4.516000000000000227e+02 3.059292692280278156e-04
4.518000000000000114e+02 3.312092371980206174e-04
4.520000000000000000e+02 3.586539231970227448e-04
4.521999999999999886e+02 3.877089844141496516e-04
4.523999999999999773e+02 4.178012619982423084e-04
4.526000000000000227e+02 4.486663959367758955e-04
4.528000000000000114e+02 4.808322576804772638e-04
4.530000000000000000e+02 5.158616135741925929e-04
4.531999999999999886e+02 5.545445537450148163e-04
4.533999999999999773e+02 5.957688985786854102e-04
4.536000000000000227e+02 6.361173315792938154e-04
4.538000000000000114e+02 6.708207004722738578e-04
4.540000000000000000e+02 6.956894229629096912e-04
4.541999999999999886e+02 7.090419904251599528e-04
4.543999999999999773e+02 7.117330992993820687e-04
4.546000000000000227e+02 7.059777863311815851e-04
4.548000000000000114e+02 6.948069773542462149e-04
4.550000000000000000e+02 6.820941239145360269e-04
4.551999999999999886e+02 6.720973402610207204e-04
4.553999999999999773e+02 6.680432616925566225e-04
4.556000000000000227e+02 6.705054458391850741e-04
4.558000000000000114e+02 6.767080863280903330e-04
4.560000000000000000e+02 6.825769729072346526e-04
4.561999999999999886e+02 6.845423292161541273e-04
4.563999999999999773e+02 6.813947245944869391e-04
4.566000000000000227e+02 6.741308346424170275e-04
4.568000000000000114e+02 6.649678292193822102e-04
4.570000000000000000e+02 6.562772824034194749e-04
4.571999999999999886e+02 6.499140621447118196e-04
4.573999999999999773e+02 6.475637946730863209e-04
4.576000000000000227e+02 6.506627627202140121e-04
4.578000000000000114e+02 6.596368145949105255e-04
4.580000000000000000e+02 6.728126521387050793e-04
4.581999999999999886e+02 6.872594401961442528e-04
4.583999999999999773e+02 7.001976206489970989e-04
4.586000000000000227e+02 7.105761276493651260e-04
4.588000000000000114e+02 7.182525031341610230e-04
4.590000000000000000e+02 7.233139062522995003e-04
4.591999999999999886e+02 7.256012195733362730e-04
4.593999999999999773e+02 7.249691292994459371e-04
4.596000000000000227e+02 7.216824757482007829e-04
4.598000000000000114e+02 7.167096013672540067e-04
4.600000000000000000e+02 7.113771589657294850e-04
4.601999999999999886e+02 7.064371829868304128e-04
4.603999999999999773e+02 7.017882299397929652e-04
4.606000000000000227e+02 6.968726428520817529e-04
4.608000000000000114e+02 6.918023359373049255e-04
4.610000000000000000e+02 6.874477757289462407e-04
4.611999999999999886e+02 6.850133238836663557e-04
4.613999999999999773e+02 6.846805377731341943e-04
4.616000000000000227e+02 6.860534383973633868e-04
4.618000000000000114e+02 6.888145232725384134e-04
4.620000000000000000e+02 6.935374544414637729e-04
4.621999999999999886e+02 7.011504432357122327e-04
4.623999999999999773e+02 7.120789107286189246e-04
4.626000000000000227e+02 7.255531151903185302e-04
4.628000000000000114e+02 7.399054930270886760e-04
4.630000000000000000e+02 7.539241516459731229e-04
4.631999999999999886e+02 7.675398744590227959e-04
4.633999999999999773e+02 7.819197154872482847e-04
4.636000000000000227e+02 7.979866855065149284e-04
4.638000000000000114e+02 8.160817882290659700e-04
4.640000000000000000e+02 8.360610366276843147e-04
4.641999999999999886e+02 8.578963491734509228e-04
4.643999999999999773e+02 8.815939995879106678e-04
4.646000000000000227e+02 9.066431793345224380e-04
4.648000000000000114e+02 9.311385691888086902e-04
4.650000000000000000e+02 9.532054608221178157e-04
4.651999999999999886e+02 9.719178312186165999e-04
4.653999999999999773e+02 9.879661648643641922e-04
4.656000000000000227e+02 1.003842959882090928e-03
4.658000000000000114e+02 1.022396569725200245e-03
4.660000000000000000e+02 1.045669149374020904e-03
4.661999999999999886e+02 1.073883359730356916e-03
4.663999999999999773e+02 1.106617226700758704e-03
4.666000000000000227e+02 1.142676006463032821e-03
4.668000000000000114e+02 1.179854339466925202e-03
4.670000000000000000e+02 1.215558920897667414e-03
4.671999999999999886e+02 1.247925177269539748e-03
4.673999999999999773e+02 1.276828752019697200e-03
4.676000000000000227e+02 1.304846731652005605e-03
4.678000000000000114e+02 1.335575230442485710e-03
4.680000000000000000e+02 1.372331374801512814e-03
4.681999999999999886e+02 1.417101096188947036e-03
4.683999999999999773e+02 1.469813151049703497e-03
4.686000000000000227e+02 1.529504074648889607e-03
4.688000000000000114e+02 1.594745559358678143e-03
4.690000000000000000e+02 1.663458879231323635e-03
4.691999999999999886e+02 1.732579901215347724e-03
4.693999999999999773e+02 1.798889208916193937e-03
4.696000000000000227e+02 1.859929860301433140e-03
4.698000000000000114e+02 1.914602047539693160e-03
4.700000000000000000e+02 1.963053135483973193e-03
4.701999999999999886e+02 2.005688564072862466e-03
4.703999999999999773e+02 2.041534949786359167e-03
4.706000000000000227e+02 2.069118462593634404e-03
4.708000000000000114e+02 2.087735978005691474e-03
4.710000000000000000e+02 2.098393201040709734e-03
4.711999999999999886e+02 2.103610617953955049e-03
4.713999999999999773e+02 2.105838862015325073e-03
4.716000000000000227e+02 2.106691162980120664e-03
4.718000000000000114e+02 2.106745575221649104e-03
4.720000000000000000e+02 2.106696637425684200e-03
4.721999999999999886e+02 2.107612353853034574e-03
4.723999999999999773e+02 2.110713453119855178e-03
4.726000000000000227e+02 2.116386891616388842e-03
4.728000000000000114e+02 2.125051893520214612e-03
4.730000000000000000e+02 2.137989922253368154e-03
4.731999999999999886e+02 2.158050772271979771e-03
4.733999999999999773e+02 2.188199428238971241e-03
4.736000000000000227e+02 2.230016219599113662e-03
4.738000000000000114e+02 2.282561034430489501e-03
4.740000000000000000e+02 2.342111680363935348e-03
4.741999999999999886e+02 2.404338704098197936e-03
4.743999999999999773e+02 2.465118445829147555e-03
4.746000000000000227e+02 2.520668198621824931e-03
4.748000000000000114e+02 2.568403170111868521e-03
4.750000000000000000e+02 2.607105279908288574e-03
4.751999999999999886e+02 2.637190564849011508e-03
4.753999999999999773e+02 2.661372563984207816e-03
4.756000000000000227e+02 2.683044174597610555e-03
4.758000000000000114e+02 2.704802120143032750e-03
4.760000000000000000e+02 2.726996544115594355e-03
4.761999999999999886e+02 2.748574674136407443e-03
4.763999999999999773e+02 2.768113270712549596e-03
4.766000000000000227e+02 2.784576601908241543e-03
4.768000000000000114e+02 2.797635139209457035e-03
4.770000000000000000e+02 2.806906521532177325e-03
4.771999999999999886e+02 2.812187578569277403e-03
4.773999999999999773e+02 2.814427753742962564e-03
4.776000000000000227e+02 2.816460435911071793e-03
4.778000000000000114e+02 2.822132480816977144e-03
4.780000000000000000e+02 2.835075223633504345e-03
4.781999999999999886e+02 2.856860949087071215e-03
4.783999999999999773e+02 2.887032235132375689e-03
4.786000000000000227e+02 2.924191077896651399e-03
4.788000000000000114e+02 2.967583342449003382e-03
4.790000000000000000e+02 3.016295237826327642e-03
4.791999999999999886e+02 3.068647937572772759e-03
4.793999999999999773e+02 3.121968228436682903e-03
4.796000000000000227e+02 3.173214982449475662e-03
4.798000000000000114e+02 3.221236508395620458e-03
4.800000000000000000e+02 3.266744780647707312e-03
4.801999999999999886e+02 3.310938315026359414e-03
4.803999999999999773e+02 3.354112891435168976e-03
4.806000000000000227e+02 3.395495840539708259e-03
4.808000000000000114e+02 3.433953715626616131e-03
4.810000000000000000e+02 3.470331030729666318e-03
4.811999999999999886e+02 3.506759822898810643e-03
4.813999999999999773e+02 3.545287503228282226e-03
4.816000000000000227e+02 3.586158833467728742e-03
4.818000000000000114e+02 3.627931153378173047e-03
4.820000000000000000e+02 3.668661571509262802e-03
4.821999999999999886e+02 3.706970689308856058e-03
4.823999999999999773e+02 3.742791978977490740e-03
4.826000000000000227e+02 3.775960784935459592e-03
4.828000000000000114e+02 3.806233024288562493e-03
4.830000000000000000e+02 3.834125786738384369e-03
4.831999999999999886e+02 3.861423341997340282e-03
4.833999999999999773e+02 3.890515814945374844e-03
4.836000000000000227e+02 3.923283282992102473e-03
4.838000000000000114e+02 3.959121391647090100e-03
4.840000000000000000e+02 3.995671070896450287e-03
4.841999999999999886e+02 4.029931425175632166e-03
4.843999999999999773e+02 4.059756483257250491e-03
4.846000000000000227e+02 4.085409030041584587e-03
4.848000000000000114e+02 4.108684234066714396e-03
4.850000000000000000e+02 4.131994262332600899e-03
4.851999999999999886e+02 4.157697874576363715e-03
4.853999999999999773e+02 4.188398614633540538e-03
4.856000000000000227e+02 4.226303678687720437e-03
4.858000000000000114e+02 4.272033045770825231e-03
4.860000000000000000e+02 4.324322681269835052e-03
4.861999999999999886e+02 4.381162514358361536e-03
4.863999999999999773e+02 4.441022422652836539e-03
4.866000000000000227e+02 4.504221050506428993e-03
4.868000000000000114e+02 4.571119201675103057e-03
4.870000000000000000e+02 4.641710029809798140e-03
4.871999999999999886e+02 4.715773497516040878e-03
4.873999999999999773e+02 4.792366794674810491e-03
4.876000000000000227e+02 4.870378639716986709e-03
4.878000000000000114e+02 4.949000853373216983e-03
4.880000000000000000e+02 5.027824460481329465e-03
4.881999999999999886e+02 5.105184502615240684e-03
4.883999999999999773e+02 5.178901054947179262e-03
4.886000000000000227e+02 5.248115797937020523e-03
4.888000000000000114e+02 5.313814315317601060e-03
4.890000000000000000e+02 5.377906582754576371e-03
4.891999999999999886e+02 5.441948666110329492e-03
4.893999999999999773e+02 5.505252229410226468e-03
4.896000000000000227e+02 5.567120667891581505e-03
4.898000000000000114e+02 5.627602294827677674e-03
4.900000000000000000e+02 5.687533918676529639e-03
4.901999999999999886e+02 5.748086469241014441e-03
4.903999999999999773e+02 5.809660240885532352e-03
4.906000000000000227e+02 5.871554784502640116e-03
4.908000000000000114e+02 5.933019017170144092e-03
4.910000000000000000e+02 5.994153845369280982e-03
4.911999999999999886e+02 6.056210493396336179e-03
4.913999999999999773e+02 6.121378070793804214e-03
4.916000000000000227e+02 6.190720176941717605e-03
4.918000000000000114e+02 6.263738338584889757e-03
4.920000000000000000e+02 6.339000056603489273e-03
4.921999999999999886e+02 6.416188690377136288e-03
4.923999999999999773e+02 6.494516633546468416e-03
4.926000000000000227e+02 6.572572614765456907e-03
4.928000000000000114e+02 6.648817075835491107e-03
4.930000000000000000e+02 6.722137607884874806e-03
4.931999999999999886e+02 6.793079415441352804e-03
4.933999999999999773e+02 6.863949433964498283e-03
4.936000000000000227e+02 6.937090030713599122e-03
4.938000000000000114e+02 7.014278315247008712e-03
4.940000000000000000e+02 7.095785297486637173e-03
4.941999999999999886e+02 7.179770571622788415e-03
4.943999999999999773e+02 7.265180313198647995e-03
4.946000000000000227e+02 7.351699062098344430e-03
4.948000000000000114e+02 7.439225913663167523e-03
4.950000000000000000e+02 7.527239280246647742e-03
4.951999999999999886e+02 7.616649890645094644e-03
4.953999999999999773e+02 7.709558078421553141e-03
4.956000000000000227e+02 7.808141094399399969e-03
4.958000000000000114e+02 7.913461888402376077e-03
4.960000000000000000e+02 8.024144380353832179e-03
4.961999999999999886e+02 8.136357802128766498e-03
4.963999999999999773e+02 8.245704853310324711e-03
4.966000000000000227e+02 8.347800178536098070e-03
4.968000000000000114e+02 8.439755806651062092e-03
4.970000000000000000e+02 8.521552173337124114e-03
4.971999999999999886e+02 8.594064738712100388e-03
4.973999999999999773e+02 8.658962880634068354e-03
4.976000000000000227e+02 8.719105103127098438e-03
4.978000000000000114e+02 8.779059872541059018e-03
4.980000000000000000e+02 8.841881487327927364e-03
4.981999999999999886e+02 8.907817775173736130e-03
4.983999999999999773e+02 8.974079489904765450e-03
4.986000000000000227e+02 9.037083499406559084e-03
4.988000000000000114e+02 9.094743370680610089e-03
4.990000000000000000e+02 9.147301508763035216e-03
4.991999999999999886e+02 9.196621634976760717e-03
4.993999999999999773e+02 9.245957477155477416e-03
4.996000000000000227e+02 9.299250362226084421e-03
4.998000000000000114e+02 9.360425512096228612e-03
5.000000000000000000e+02 9.433482301163781392e-03
5.001999999999999886e+02 9.520978562661895628e-03
5.003999999999999773e+02 9.623144371034994538e-03
5.006000000000000227e+02 9.737773616980759800e-03
5.008000000000000114e+02 9.860625495564809273e-03
5.010000000000000000e+02 9.987855194335894943e-03
5.011999999999999886e+02 1.011888219339838677e-02
5.013999999999999773e+02 1.025712945705273965e-02
5.016000000000000227e+02 1.040696334817178478e-02
5.018000000000000114e+02 1.057299654268043648e-02
5.020000000000000000e+02 1.076216580826310637e-02
5.021999999999999886e+02 1.098155801895052061e-02
5.023999999999999773e+02 1.123843291171275696e-02
5.026000000000000227e+02 1.154037056175140699e-02
5.028000000000000114e+02 1.189296880544129034e-02
5.030000000000000000e+02 1.230732739266225326e-02
5.031999999999999886e+02 1.281276898816029186e-02
5.033999999999999773e+02 1.348608538339334667e-02
5.036000000000000227e+02 1.453091459392317347e-02
5.038000000000000114e+02 1.631698587197050535e-02
5.040000000000000000e+02 1.941042733480913274e-02
5.041999999999999886e+02 2.456646860338306329e-02
5.043999999999999773e+02 3.262596720971358555e-02
5.046000000000000227e+02 4.439930662615384355e-02
5.048000000000000114e+02 6.050572061914195193e-02
5.050000000000000000e+02 8.137250663083626934e-02
5.051999999999999886e+02 1.070434500091648616e-01
5.053999999999999773e+02 1.370286488214417231e-01
5.056000000000000227e+02 1.706750199300821613e-01
5.058000000000000114e+02 2.069952749584200447e-01
5.060000000000000000e+02 2.446958779752948510e-01
5.061999999999999886e+02 2.824574072943390468e-01
5.063999999999999773e+02 3.186515183948294139e-01
5.066000000000000227e+02 3.516631098820693913e-01
5.068000000000000114e+02 3.802318436118461431e-01
5.070000000000000000e+02 4.031300593224517170e-01
5.071999999999999886e+02 4.193416568514666265e-01
5.073999999999999773e+02 4.281702581296856214e-01
5.076000000000000227e+02 4.292630331567317548e-01
5.078000000000000114e+02 4.226775298920570911e-01
5.080000000000000000e+02 4.088085280058127435e-01
5.081999999999999886e+02 3.883038288617744471e-01
5.083999999999999773e+02 3.620337093138814577e-01
5.086000000000000227e+02 3.309359491525445396e-01
5.088000000000000114e+02 2.961097011263949530e-01
5.090000000000000000e+02 2.591267623480577598e-01
5.091999999999999886e+02 2.214659343944545833e-01
5.093999999999999773e+02 1.845656133164489121e-01
5.096000000000000227e+02 1.499138324517598209e-01
5.098000000000000114e+02 1.186473054231229340e-01
5.100000000000000000e+02 9.170805645788118743e-02
5.101999999999999886e+02 6.973354406061972599e-02
5.103999999999999773e+02 5.265962357415298473e-02
5.106000000000000227e+02 4.007355001699820785e-02
5.108000000000000114e+02 3.130734761720887355e-02
5.110000000000000000e+02 2.548741683147333695e-02
5.111999999999999886e+02 2.175343592693158162e-02
5.113999999999999773e+02 1.939816677915214352e-02
5.116000000000000227e+02 1.790969411714415926e-02
5.118000000000000114e+02 1.694567849489095682e-02
5.120000000000000000e+02 1.629633056398175836e-02
5.122000000000000455e+02 1.583867755558115639e-02
5.123999999999999773e+02 1.550012323261563962e-02
5.126000000000000227e+02 1.524206671695777990e-02
5.127999999999999545e+02 1.504113722335084086e-02
5.130000000000000000e+02 1.488137470311801797e-02
5.132000000000000455e+02 1.475317876334681852e-02
5.133999999999999773e+02 1.465048547659471984e-02
5.136000000000000227e+02 1.456939259833453862e-02
5.137999999999999545e+02 1.450671732089116664e-02
5.140000000000000000e+02 1.445670651495988696e-02
5.142000000000000455e+02 1.441239331353123473e-02
5.143999999999999773e+02 1.436723933412767384e-02
5.146000000000000227e+02 1.431711018353430329e-02
5.147999999999999545e+02 1.426052774158191941e-02
5.150000000000000000e+02 1.419848002410797894e-02
5.152000000000000455e+02 1.413410372816411437e-02
5.153999999999999773e+02 1.407176197248164937e-02
5.156000000000000227e+02 1.401705237808033647e-02
5.157999999999999545e+02 1.397579951159621039e-02
5.160000000000000000e+02 1.395170770832382390e-02
5.162000000000000455e+02 1.394439439229950076e-02
5.163999999999999773e+02 1.395012489715315163e-02
5.166000000000000227e+02 1.396353999641549576e-02
5.167999999999999545e+02 1.398112017070301735e-02
5.170000000000000000e+02 1.400142122951424789e-02
5.172000000000000455e+02 1.402431402671763458e-02
5.173999999999999773e+02 1.404962019937078602e-02
5.176000000000000227e+02 1.407753796360687593e-02
5.177999999999999545e+02 1.411015732561673314e-02
5.180000000000000000e+02 1.415202284020306012e-02
5.182000000000000455e+02 1.420700219151349239e-02
5.183999999999999773e+02 1.427584261268736651e-02
5.186000000000000227e+02 1.435556921069153918e-02
5.187999999999999545e+02 1.444037463548241210e-02
5.190000000000000000e+02 1.452554812817855728e-02
5.192000000000000455e+02 1.460786210542945260e-02
5.193999999999999773e+02 1.468530406226243104e-02
5.196000000000000227e+02 1.475698240997746699e-02
5.197999999999999545e+02 1.482264823318415331e-02
5.200000000000000000e+02 1.488356702436663750e-02
5.202000000000000455e+02 1.494430148054194663e-02
5.203999999999999773e+02 1.501097742358934242e-02
5.206000000000000227e+02 1.508768986205731230e-02
5.207999999999999545e+02 1.517354222644616557e-02
5.210000000000000000e+02 1.526222025406672594e-02
5.212000000000000455e+02 1.534606469099294643e-02
5.213999999999999773e+02 1.541894296307093348e-02
5.216000000000000227e+02 1.547835361018526715e-02
5.217999999999999545e+02 1.552287941929098372e-02
5.220000000000000000e+02 1.555250002182214861e-02
5.222000000000000455e+02 1.556941039914654101e-02
5.223999999999999773e+02 1.557854404278317603e-02
5.226000000000000227e+02 1.558871864038039942e-02
5.227999999999999545e+02 1.561548305300695591e-02
5.230000000000000000e+02 1.568431306036721304e-02
5.232000000000000455e+02 1.581985992537256885e-02
5.233999999999999773e+02 1.603780967181704653e-02
5.236000000000000227e+02 1.633907239140245174e-02
5.237999999999999545e+02 1.670804931432233117e-02
5.240000000000000000e+02 1.711784509693206613e-02
5.242000000000000455e+02 1.753363688097308790e-02
5.243999999999999773e+02 1.791651590938934946e-02
5.246000000000000227e+02 1.823608053889935396e-02
5.247999999999999545e+02 1.847444523590699092e-02
5.250000000000000000e+02 1.862926314542254908e-02
5.252000000000000455e+02 1.871721056812068393e-02
5.253999999999999773e+02 1.876419833402909881e-02
5.256000000000000227e+02 1.879459078476199835e-02
5.257999999999999545e+02 1.881771019235130640e-02
5.260000000000000000e+02 1.882073189105019223e-02
5.262000000000000455e+02 1.877981886421600452e-02
5.263999999999999773e+02 1.867242275888813738e-02
5.266000000000000227e+02 1.848895742170736725e-02
5.267999999999999545e+02 1.823628458831631424e-02
5.270000000000000000e+02 1.793707323913813767e-02
5.272000000000000455e+02 1.762689423729901783e-02
5.273999999999999773e+02 1.734798384367120666e-02
5.276000000000000227e+02 1.713851623284544379e-02
5.277999999999999545e+02 1.702436438786860892e-02
5.280000000000000000e+02 1.701576913691834475e-02
5.282000000000000455e+02 1.710552202159415502e-02
5.283999999999999773e+02 1.727028814823446806e-02
5.286000000000000227e+02 1.747588397104177932e-02
5.287999999999999545e+02 1.769663389038401285e-02
5.290000000000000000e+02 1.791687249268041418e-02
5.292000000000000455e+02 1.812878806506867252e-02
5.293999999999999773e+02 1.832807746813525443e-02
5.296000000000000227e+02 1.851263732853969390e-02
5.297999999999999545e+02 1.868239356547341662e-02
5.300000000000000000e+02 1.883931996903705566e-02
5.302000000000000455e+02 1.898552368177359312e-02
5.303999999999999773e+02 1.912202974550308160e-02
5.306000000000000227e+02 1.924779022165234652e-02
5.307999999999999545e+02 1.935867653298369365e-02
5.310000000000000000e+02 1.944848515583660550e-02
5.312000000000000455e+02 1.951096497708368002e-02
5.313999999999999773e+02 1.954243239873835677e-02
5.316000000000000227e+02 1.954170141266898392e-02
5.317999999999999545e+02 1.951028032850498153e-02
5.320000000000000000e+02 1.945278408881352325e-02
5.322000000000000455e+02 1.937739352030488915e-02
5.323999999999999773e+02 1.929365172274306525e-02
5.326000000000000227e+02 1.921097215017509435e-02
5.327999999999999545e+02 1.913713769594448805e-02
5.330000000000000000e+02 1.907616986222553448e-02
5.332000000000000455e+02 1.902869576141447486e-02
5.333999999999999773e+02 1.899305724282306443e-02
5.336000000000000227e+02 1.896769567243228316e-02
5.337999999999999545e+02 1.895116692742667905e-02
5.340000000000000000e+02 1.894209667844945835e-02
5.342000000000000455e+02 1.893929711818705466e-02
5.343999999999999773e+02 1.894245418795477767e-02
5.346000000000000227e+02 1.895225077731518826e-02
5.347999999999999545e+02 1.897001221984646185e-02
5.350000000000000000e+02 1.899638908805691140e-02
5.352000000000000455e+02 1.903047110162204777e-02
5.353999999999999773e+02 1.907044066078213140e-02
5.356000000000000227e+02 1.911492470851839515e-02
5.357999999999999545e+02 1.916346588436891596e-02
5.360000000000000000e+02 1.921650986836797789e-02
5.362000000000000455e+02 1.927469040968627159e-02
5.363999999999999773e+02 1.933677637962501195e-02
5.366000000000000227e+02 1.940037135779994204e-02
5.367999999999999545e+02 1.946357983428977437e-02
5.370000000000000000e+02 1.952677313517608981e-02
5.372000000000000455e+02 1.959077087331610734e-02
5.373999999999999773e+02 1.965638676643987129e-02
5.376000000000000227e+02 1.972445358771816176e-02
5.377999999999999545e+02 1.979624930126131638e-02
5.380000000000000000e+02 1.987356205011563126e-02
5.382000000000000455e+02 1.995721029408730612e-02
5.383999999999999773e+02 2.004508695243710850e-02
5.386000000000000227e+02 2.013334926108427056e-02
5.387999999999999545e+02 2.021730547164647326e-02
5.390000000000000000e+02 2.029272022842484868e-02
5.392000000000000455e+02 2.035841316270481718e-02
5.393999999999999773e+02 2.041545162552471301e-02
5.396000000000000227e+02 2.046647248738002814e-02
5.397999999999999545e+02 2.051508541069173297e-02
5.400000000000000000e+02 2.056523826182989761e-02
5.402000000000000455e+02 2.062110857076008413e-02
5.403999999999999773e+02 2.068652650387674263e-02
5.406000000000000227e+02 2.076317798494978564e-02
5.407999999999999545e+02 2.084902033797279494e-02
5.410000000000000000e+02 2.093975173106361193e-02
5.412000000000000455e+02 2.103151331751184835e-02
5.413999999999999773e+02 2.112232820053445981e-02
5.416000000000000227e+02 2.121189851554557484e-02
5.417999999999999545e+02 2.130077500813584018e-02
5.420000000000000000e+02 2.138872002833179173e-02
5.422000000000000455e+02 2.147684814471033377e-02
5.423999999999999773e+02 2.156704853754667570e-02
5.426000000000000227e+02 2.166021134046321878e-02
5.427999999999999545e+02 2.175480468831646544e-02
5.430000000000000000e+02 2.184733048306825021e-02
5.432000000000000455e+02 2.193291059965014195e-02
5.433999999999999773e+02 2.200626816583356460e-02
5.436000000000000227e+02 2.206509736205448241e-02
5.437999999999999545e+02 2.211032883911665317e-02
5.440000000000000000e+02 2.214524469339821874e-02
5.442000000000000455e+02 2.217419030107065439e-02
5.443999999999999773e+02 2.220225350023229474e-02
5.446000000000000227e+02 2.223504279873791262e-02
5.447999999999999545e+02 2.227803256172388932e-02
5.450000000000000000e+02 2.233372302856186792e-02
5.452000000000000455e+02 2.240084628169795519e-02
5.453999999999999773e+02 2.247440192511810167e-02
5.456000000000000227e+02 2.254728130134552727e-02
5.457999999999999545e+02 2.261407054612652942e-02
5.460000000000000000e+02 2.267221202161210161e-02
5.462000000000000455e+02 2.271991982451613060e-02
5.463999999999999773e+02 2.275801775351913095e-02
5.466000000000000227e+02 2.278868219885482257e-02
5.467999999999999545e+02 2.281357515601413824e-02
5.470000000000000000e+02 2.283606242833170416e-02
5.472000000000000455e+02 2.285971651657395937e-02
5.473999999999999773e+02 2.288650795411974193e-02
5.476000000000000227e+02 2.291538400689166477e-02
5.477999999999999545e+02 2.294395061856645615e-02
5.480000000000000000e+02 2.296983305444699058e-02
5.482000000000000455e+02 2.299217191479301786e-02
5.483999999999999773e+02 2.301142742888344014e-02
5.486000000000000227e+02 2.302917218719751496e-02
5.487999999999999545e+02 2.304816204799739823e-02
5.490000000000000000e+02 2.307517178669190455e-02
5.492000000000000455e+02 2.312026032846370774e-02
5.493999999999999773e+02 2.319446067077141765e-02
5.496000000000000227e+02 2.330348164815885387e-02
5.497999999999999545e+02 2.344658310434442547e-02
5.500000000000000000e+02 2.361595320322245131e-02
5.502000000000000455e+02 2.379680574003880875e-02
5.503999999999999773e+02 2.397126651222591595e-02
5.506000000000000227e+02 2.412205734972426574e-02
5.507999999999999545e+02 2.423833417249091418e-02
5.510000000000000000e+02 2.431493991146377667e-02
5.512000000000000455e+02 2.435283477720281628e-02
5.513999999999999773e+02 2.436076787861037388e-02
5.516000000000000227e+02 2.435241560253895501e-02
5.517999999999999545e+02 2.434153351102593538e-02
5.520000000000000000e+02 2.433618629624812596e-02
5.522000000000000455e+02 2.433536478758191804e-02
5.523999999999999773e+02 2.433216701666741227e-02
5.526000000000000227e+02 2.431719978945701827e-02
5.527999999999999545e+02 2.428336904971059237e-02
5.530000000000000000e+02 2.422856815565715971e-02
5.532000000000000455e+02 2.415718816925259416e-02
5.533999999999999773e+02 2.408078476703854470e-02
5.536000000000000227e+02 2.401276422636046404e-02
5.537999999999999545e+02 2.396586852737675813e-02
5.540000000000000000e+02 2.395013543389359206e-02
5.542000000000000455e+02 2.396972332874719100e-02
5.543999999999999773e+02 2.402158751668845293e-02
5.546000000000000227e+02 2.409480573633892425e-02
5.547999999999999545e+02 2.417588291042180315e-02
5.550000000000000000e+02 2.425376143762367556e-02
5.552000000000000455e+02 2.432326311226743268e-02
5.553999999999999773e+02 2.438514316506868937e-02
5.556000000000000227e+02 2.444262757570180022e-02
5.557999999999999545e+02 2.449997158029813132e-02
5.560000000000000000e+02 2.456252152062598018e-02
5.562000000000000455e+02 2.463341615723074404e-02
5.563999999999999773e+02 2.471275360390009362e-02
5.566000000000000227e+02 2.479784034953269947e-02
5.567999999999999545e+02 2.488442017395757835e-02
5.570000000000000000e+02 2.496774941711060389e-02
5.572000000000000455e+02 2.504400191176758481e-02
5.573999999999999773e+02 2.511329596442924209e-02
5.576000000000000227e+02 2.517822740555495167e-02
5.577999999999999545e+02 2.524205947915718687e-02
5.580000000000000000e+02 2.530591327496280532e-02
5.582000000000000455e+02 2.536950077543541696e-02
5.583999999999999773e+02 2.543159048216013865e-02
5.586000000000000227e+02 2.549010594528755905e-02
5.587999999999999545e+02 2.554158617978466786e-02
5.590000000000000000e+02 2.558198223712230754e-02
5.592000000000000455e+02 2.560851764905182695e-02
5.593999999999999773e+02 2.562120124708707272e-02
5.596000000000000227e+02 2.562274926868037331e-02
5.597999999999999545e+02 2.561788956759125310e-02
5.600000000000000000e+02 2.560979857428699255e-02
5.602000000000000455e+02 2.559921340526532044e-02
5.603999999999999773e+02 2.558457464457273775e-02
5.606000000000000227e+02 2.556452770897576707e-02
5.607999999999999545e+02 2.553918048402236893e-02
5.610000000000000000e+02 2.551023560475381910e-02
5.612000000000000455e+02 2.547998943256659168e-02
5.613999999999999773e+02 2.545078937221961421e-02
5.616000000000000227e+02 2.542541621550954353e-02
5.617999999999999545e+02 2.540796134821142124e-02
5.620000000000000000e+02 2.540311998694075660e-02
5.622000000000000455e+02 2.541477681313030271e-02
5.623999999999999773e+02 2.544421691031574853e-02
5.626000000000000227e+02 2.548814141615044285e-02
5.627999999999999545e+02 2.554201829021923373e-02
5.630000000000000000e+02 2.560321667010078892e-02
5.632000000000000455e+02 2.567410754920794805e-02
5.633999999999999773e+02 2.575742266103786884e-02
5.636000000000000227e+02 2.585358864711073332e-02
5.637999999999999545e+02 2.595914770186335055e-02
5.640000000000000000e+02 2.606925613419103574e-02
5.642000000000000455e+02 2.617956930433670490e-02
5.643999999999999773e+02 2.628805458056096209e-02
5.646000000000000227e+02 2.639269686962817871e-02
5.647999999999999545e+02 2.649107450795286020e-02
5.650000000000000000e+02 2.658045588175340576e-02
5.652000000000000455e+02 2.665861666699368207e-02
5.653999999999999773e+02 2.672595303252567681e-02
5.656000000000000227e+02 2.678655406514307905e-02
5.657999999999999545e+02 2.684645395182292879e-02
5.660000000000000000e+02 2.690888640614406621e-02
5.662000000000000455e+02 2.697288954953947979e-02
5.663999999999999773e+02 2.703477219792109129e-02
5.666000000000000227e+02 2.709272163094997646e-02
5.667999999999999545e+02 2.714718312915264178e-02
5.670000000000000000e+02 2.719946642655335020e-02
5.672000000000000455e+02 2.724927862287121125e-02
5.673999999999999773e+02 2.729572294240583188e-02
5.676000000000000227e+02 2.733894937273828943e-02
5.677999999999999545e+02 2.738170463390466811e-02
5.680000000000000000e+02 2.742837447457580416e-02
5.682000000000000455e+02 2.748349170963377761e-02
5.683999999999999773e+02 2.754834553698252628e-02
5.686000000000000227e+02 2.762141119310742784e-02
5.687999999999999545e+02 2.769953296310722832e-02
5.690000000000000000e+02 2.778021510999729646e-02
5.692000000000000455e+02 2.786158498081550347e-02
5.693999999999999773e+02 2.794181428679254689e-02
5.696000000000000227e+02 2.801833175591330813e-02
5.697999999999999545e+02 2.808835910995857374e-02
5.700000000000000000e+02 2.815045736268267582e-02
5.702000000000000455e+02 2.820596114200273410e-02
5.703999999999999773e+02 2.825833933863399969e-02
5.706000000000000227e+02 2.831024790651789566e-02
5.707999999999999545e+02 2.836154654753003310e-02
5.710000000000000000e+02 2.840844993134425053e-02
5.712000000000000455e+02 2.844524895052530020e-02
5.713999999999999773e+02 2.846592207610790584e-02
5.716000000000000227e+02 2.846642361733179791e-02
5.717999999999999545e+02 2.844465290847600705e-02
5.720000000000000000e+02 2.840053668720713895e-02
5.722000000000000455e+02 2.833661267691812632e-02
5.723999999999999773e+02 2.825979214060787489e-02
5.726000000000000227e+02 2.818022281094102396e-02
5.727999999999999545e+02 2.810956876740810031e-02
5.730000000000000000e+02 2.805718373054584894e-02
5.732000000000000455e+02 2.802783279412745729e-02
5.733999999999999773e+02 2.802108242088666504e-02
5.736000000000000227e+02 2.803365013559589239e-02
5.737999999999999545e+02 2.806110562793561955e-02
5.740000000000000000e+02 2.809944961808951217e-02
5.742000000000000455e+02 2.814757274258875355e-02
5.743999999999999773e+02 2.820770816695595054e-02
5.746000000000000227e+02 2.828341890141055151e-02
5.747999999999999545e+02 2.837663626021023552e-02
5.750000000000000000e+02 2.848742386586977995e-02
5.752000000000000455e+02 2.861333010440982386e-02
5.753999999999999773e+02 2.874876503909084072e-02
5.756000000000000227e+02 2.888580674563115749e-02
5.757999999999999545e+02 2.901521591925730267e-02
5.760000000000000000e+02 2.912788527851538009e-02
5.762000000000000455e+02 2.921825878696089965e-02
5.763999999999999773e+02 2.928369728560343763e-02
5.766000000000000227e+02 2.932453016293402534e-02
5.767999999999999545e+02 2.934485468952699114e-02
5.770000000000000000e+02 2.935134911480468886e-02
5.772000000000000455e+02 2.935084885888504871e-02
5.773999999999999773e+02 2.934750368210664942e-02
5.776000000000000227e+02 2.934369318053916056e-02
5.777999999999999545e+02 2.934156811923785066e-02
5.780000000000000000e+02 2.934409121012736613e-02
5.782000000000000455e+02 2.935407824067976304e-02
5.783999999999999773e+02 2.937337575704420875e-02
5.786000000000000227e+02 2.940227982824921218e-02
5.787999999999999545e+02 2.943912288763416915e-02
5.790000000000000000e+02 2.948202939436534234e-02
5.792000000000000455e+02 2.952967384904503154e-02
5.793999999999999773e+02 2.958161583171579553e-02
5.796000000000000227e+02 2.963900055371743517e-02
5.797999999999999545e+02 2.970335381228688884e-02
5.800000000000000000e+02 2.977458648096816332e-02
5.802000000000000455e+02 2.985209764623367526e-02
5.803999999999999773e+02 2.993434197230811569e-02
5.806000000000000227e+02 3.001821833469165215e-02
5.807999999999999545e+02 3.009975812373198376e-02
5.810000000000000000e+02 3.017427033748832158e-02
5.812000000000000455e+02 3.023674556771545688e-02
5.813999999999999773e+02 3.028360937838673120e-02
5.816000000000000227e+02 3.031474336678559658e-02
5.817999999999999545e+02 3.033373775853614659e-02
5.820000000000000000e+02 3.034628260057525492e-02
5.822000000000000455e+02 3.035814508276525950e-02
5.823999999999999773e+02 3.037403435808165228e-02
5.826000000000000227e+02 3.039648148594875296e-02
5.827999999999999545e+02 3.042623850637809005e-02
5.830000000000000000e+02 3.046175546592800112e-02
5.832000000000000455e+02 3.049853691897095806e-02
5.833999999999999773e+02 3.053110309007258175e-02
5.836000000000000227e+02 3.055477721614947503e-02
5.837999999999999545e+02 3.056696119440385426e-02
5.840000000000000000e+02 3.056757463776622538e-02
5.842000000000000455e+02 3.055815025905114432e-02
5.843999999999999773e+02 3.054110893612833541e-02
5.846000000000000227e+02 3.051872631626795576e-02
5.847999999999999545e+02 3.049305713847203295e-02
5.850000000000000000e+02 3.046646919727320421e-02
5.852000000000000455e+02 3.044254553883693828e-02
5.853999999999999773e+02 3.042371488724151044e-02
5.856000000000000227e+02 3.041049985848860368e-02
5.857999999999999545e+02 3.040133104125395183e-02
5.860000000000000000e+02 3.039499944489367986e-02
5.862000000000000455e+02 3.039188908351122057e-02
5.863999999999999773e+02 3.039427489442886668e-02
5.866000000000000227e+02 3.040348685924616420e-02
5.867999999999999545e+02 3.041889289309792840e-02
5.870000000000000000e+02 3.043815961332329081e-02
5.872000000000000455e+02 3.045974229088234050e-02
5.873999999999999773e+02 3.048273799808679310e-02
5.876000000000000227e+02 3.050658737752903402e-02
5.877999999999999545e+02 3.053058936668644543e-02
5.880000000000000000e+02 3.055332525222717935e-02
5.882000000000000455e+02 3.057278307993431879e-02
5.883999999999999773e+02 3.058699524119795274e-02
5.886000000000000227e+02 3.059662977978645435e-02
5.887999999999999545e+02 3.060429667169698928e-02
5.890000000000000000e+02 3.061314965803765484e-02
5.892000000000000455e+02 3.062387128258733590e-02
5.893999999999999773e+02 3.063513715708010912e-02
5.896000000000000227e+02 3.064477213182249457e-02
5.897999999999999545e+02 3.065272970694371893e-02
5.900000000000000000e+02 3.065990233490204983e-02
5.902000000000000455e+02 3.066731473781575748e-02
5.903999999999999773e+02 3.067547170732483688e-02
5.906000000000000227e+02 3.068522060406503674e-02
5.907999999999999545e+02 3.069783533697522868e-02
5.910000000000000000e+02 3.071457900657477771e-02
5.912000000000000455e+02 3.073464048917666849e-02
5.913999999999999773e+02 3.075333142508703335e-02
5.916000000000000227e+02 3.076080288704593005e-02
5.917999999999999545e+02 3.074574503387441857e-02
5.920000000000000000e+02 3.070091058591321517e-02
5.922000000000000455e+02 3.062642428916666562e-02
5.923999999999999773e+02 3.052788717190857079e-02
5.926000000000000227e+02 3.041395645512448218e-02
5.927999999999999545e+02 3.029458002800399299e-02
5.930000000000000000e+02 3.017866112005525639e-02
5.932000000000000455e+02 3.007604593966301323e-02
5.933999999999999773e+02 2.999545050598922610e-02
5.936000000000000227e+02 2.993931053840233683e-02
5.937999999999999545e+02 2.990362386978647272e-02
5.940000000000000000e+02 2.988007974925622687e-02
5.942000000000000455e+02 2.985914949258830151e-02
5.943999999999999773e+02 2.983645419722143546e-02
5.946000000000000227e+02 2.981291217109998878e-02
5.947999999999999545e+02 2.979318051933556658e-02
5.950000000000000000e+02 2.977903539227654342e-02
5.952000000000000455e+02 2.976628130715514367e-02
5.953999999999999773e+02 2.974527208964974564e-02
5.956000000000000227e+02 2.970713854938759543e-02
5.957999999999999545e+02 2.964749507020876182e-02
5.960000000000000000e+02 2.956601567789901922e-02
5.962000000000000455e+02 2.946349951385733926e-02
5.963999999999999773e+02 2.934331994999155382e-02
5.966000000000000227e+02 2.921155028327940620e-02
5.967999999999999545e+02 2.907702796957038413e-02
5.970000000000000000e+02 2.895216814302442945e-02
5.972000000000000455e+02 2.884785770427120491e-02
5.973999999999999773e+02 2.876867501774449040e-02
5.976000000000000227e+02 2.871240285682172613e-02
5.977999999999999545e+02 2.867364425693886762e-02
5.980000000000000000e+02 2.864778201684759287e-02
5.982000000000000455e+02 2.863820954521489534e-02
5.983999999999999773e+02 2.865288878090165373e-02
5.986000000000000227e+02 2.870053988592503533e-02
5.987999999999999545e+02 2.878470859842709520e-02
5.990000000000000000e+02 2.890163067098580271e-02
5.992000000000000455e+02 2.904245362129451516e-02
5.993999999999999773e+02 2.919680593143262129e-02
5.996000000000000227e+02 2.935124761749421593e-02
5.997999999999999545e+02 2.949178632671047365e-02
6.000000000000000000e+02 2.960687486498249019e-02
6.002000000000000455e+02 2.968911048776151293e-02
6.003999999999999773e+02 2.973723594523322231e-02
6.006000000000000227e+02 2.975686098621487322e-02
6.007999999999999545e+02 2.975743289903015967e-02
6.010000000000000000e+02 2.974994668276084372e-02
6.012000000000000455e+02 2.974441093432625763e-02
6.013999999999999773e+02 2.974524887915873730e-02
6.016000000000000227e+02 2.975252300780797596e-02
6.017999999999999545e+02 2.976365112637749041e-02
6.020000000000000000e+02 2.977560220834761864e-02
6.022000000000000455e+02 2.978610455729261211e-02
6.023999999999999773e+02 2.979382045710159480e-02
6.026000000000000227e+02 2.979830714487826868e-02
6.027999999999999545e+02 2.979941919302161665e-02
6.030000000000000000e+02 2.979738817872985487e-02
6.032000000000000455e+02 2.979300122898709616e-02
6.033999999999999773e+02 2.978778562773025038e-02
6.036000000000000227e+02 2.978390840194433328e-02
6.037999999999999545e+02 2.978346160664104361e-02
6.040000000000000000e+02 2.978640508167152215e-02
6.042000000000000455e+02 2.979054009259802724e-02
6.043999999999999773e+02 2.979313739310018513e-02
6.046000000000000227e+02 2.979408919371870010e-02
6.047999999999999545e+02 2.979591127743958998e-02
6.050000000000000000e+02 2.980212123376066100e-02
6.052000000000000455e+02 2.981516834659065848e-02
6.053999999999999773e+02 2.983535988144850673e-02
6.056000000000000227e+02 2.986077820915864975e-02
6.057999999999999545e+02 2.988766214389405526e-02
6.060000000000000000e+02 2.991296557116610369e-02
6.062000000000000455e+02 2.993424449851859667e-02
6.063999999999999773e+02 2.994927097112915979e-02
6.066000000000000227e+02 2.995538159141343873e-02
6.067999999999999545e+02 2.995158737335498408e-02
6.070000000000000000e+02 2.993949758211799858e-02
6.072000000000000455e+02 2.992349891713287982e-02
6.073999999999999773e+02 2.990603810468049975e-02
6.076000000000000227e+02 2.988573698338335347e-02
6.077999999999999545e+02 2.985625101631766629e-02
6.080000000000000000e+02 2.980953956033640176e-02
6.082000000000000455e+02 2.973984340218055120e-02
6.083999999999999773e+02 2.964687037056698907e-02
6.086000000000000227e+02 2.953466485722474819e-02
6.087999999999999545e+02 2.941092292776759445e-02
6.090000000000000000e+02 2.928587347495558921e-02
6.092000000000000455e+02 2.916859839680198060e-02
6.093999999999999773e+02 2.906799241431168648e-02
6.096000000000000227e+02 2.899136112443718646e-02
6.097999999999999545e+02 2.893972652118032354e-02
6.100000000000000000e+02 2.890816821998235323e-02
6.102000000000000455e+02 2.888843425676821883e-02
6.103999999999999773e+02 2.887315970052914058e-02
6.106000000000000227e+02 2.885992694547661816e-02
6.107999999999999545e+02 2.885056506710382759e-02
6.110000000000000000e+02 2.884943697426917489e-02
6.112000000000000455e+02 2.885922270040670520e-02
6.113999999999999773e+02 2.888016779020715838e-02
6.116000000000000227e+02 2.891010912925144269e-02
6.117999999999999545e+02 2.894595606327150447e-02
6.120000000000000000e+02 2.898369652538843391e-02
6.122000000000000455e+02 2.901833358223318907e-02
6.123999999999999773e+02 2.904398737831452235e-02
6.126000000000000227e+02 2.905538736985723361e-02
6.127999999999999545e+02 2.904960955197514669e-02
6.130000000000000000e+02 2.902841315275027714e-02
6.132000000000000455e+02 2.899574906942634436e-02
6.133999999999999773e+02 2.895551870980441270e-02
6.136000000000000227e+02 2.890950669449224644e-02
6.137999999999999545e+02 2.885732168263911365e-02
6.140000000000000000e+02 2.879829088976025922e-02
6.142000000000000455e+02 2.873290066247442473e-02
6.143999999999999773e+02 2.866288373135675652e-02
6.146000000000000227e+02 2.859014634430881788e-02
6.147999999999999545e+02 2.851585252880830049e-02
6.150000000000000000e+02 2.843934341052565054e-02
6.152000000000000455e+02 2.836153245237026457e-02
6.153999999999999773e+02 2.828497689998754963e-02
6.156000000000000227e+02 2.821178645377900654e-02
6.157999999999999545e+02 2.814340832766082726e-02
6.160000000000000000e+02 2.808032998659379040e-02
6.162000000000000455e+02 2.802186246921567828e-02
6.163999999999999773e+02 2.796783578779798649e-02
6.166000000000000227e+02 2.791798314362017516e-02
6.167999999999999545e+02 2.787140870056952976e-02
6.170000000000000000e+02 2.782765697747880893e-02
6.172000000000000455e+02 2.778559847661243518e-02
6.173999999999999773e+02 2.774176834150212864e-02
6.176000000000000227e+02 2.768724415926022628e-02
6.177999999999999545e+02 2.761305133022921507e-02
6.180000000000000000e+02 2.751294990396908544e-02
6.182000000000000455e+02 2.738554445055000133e-02
6.183999999999999773e+02 2.723596817813527318e-02
6.186000000000000227e+02 2.707458039643799788e-02
6.187999999999999545e+02 2.691460246785984042e-02
6.190000000000000000e+02 2.677008568392632779e-02
6.192000000000000455e+02 2.665211503246619693e-02
6.193999999999999773e+02 2.656556965468350948e-02
6.196000000000000227e+02 2.651125116248861588e-02
6.197999999999999545e+02 2.648532376385717355e-02
6.200000000000000000e+02 2.647927429783710276e-02
6.202000000000000455e+02 2.648284298941762718e-02
6.203999999999999773e+02 2.648952837351117515e-02
6.206000000000000227e+02 2.649973160967093386e-02
6.207999999999999545e+02 2.652313769290328208e-02
6.210000000000000000e+02 2.657131839079126048e-02
6.212000000000000455e+02 2.665324123420356392e-02
6.213999999999999773e+02 2.677040538462075250e-02
6.216000000000000227e+02 2.691334417954162686e-02
6.217999999999999545e+02 2.706550144089910417e-02
6.220000000000000000e+02 2.720815729680491415e-02
6.222000000000000455e+02 2.732442168627306420e-02
6.223999999999999773e+02 2.740225601691056653e-02
6.226000000000000227e+02 2.743641802467427712e-02
6.227999999999999545e+02 2.742792350858223524e-02
6.230000000000000000e+02 2.738428206482870428e-02
6.232000000000000455e+02 2.731914862729945340e-02
6.233999999999999773e+02 2.725012361813463138e-02
6.236000000000000227e+02 2.719021863354554105e-02
6.237999999999999545e+02 2.714477609908344871e-02
6.240000000000000000e+02 2.711018707423175703e-02
6.242000000000000455e+02 2.707846312346618226e-02
6.243999999999999773e+02 2.704119008439824154e-02
6.246000000000000227e+02 2.699361373492278546e-02
6.247999999999999545e+02 2.693749220753169013e-02
6.250000000000000000e+02 2.687820973867694960e-02
6.252000000000000455e+02 2.682209834288282538e-02
6.253999999999999773e+02 2.677478138126997489e-02
6.256000000000000227e+02 2.673988176078861620e-02
6.257999999999999545e+02 2.671837951029263150e-02
6.260000000000000000e+02 2.670850306763200219e-02
6.262000000000000455e+02 2.670449421649421715e-02
6.263999999999999773e+02 2.669727133029104263e-02
6.266000000000000227e+02 2.667700297677804908e-02
6.267999999999999545e+02 2.663759568063852126e-02
6.270000000000000000e+02 2.657889986212996422e-02
6.272000000000000455e+02 2.650849805882860358e-02
6.273999999999999773e+02 2.643732697624070691e-02
6.276000000000000227e+02 2.637610745874041998e-02
6.277999999999999545e+02 2.633220875711054024e-02
6.280000000000000000e+02 2.630686645100497115e-02
6.282000000000000455e+02 2.629714670573034610e-02
6.283999999999999773e+02 2.629736685826498596e-02
6.286000000000000227e+02 2.630049989821955578e-02
6.287999999999999545e+02 2.630072199890578707e-02
6.290000000000000000e+02 2.629501517528609958e-02
6.292000000000000455e+02 2.628480198986946417e-02
6.293999999999999773e+02 2.627356843425173241e-02
6.296000000000000227e+02 2.626488087075591268e-02
6.297999999999999545e+02 2.626016818764778313e-02
6.300000000000000000e+02 2.625839997344192947e-02
6.302000000000000455e+02 2.625717112170168274e-02
6.303999999999999773e+02 2.625378581117847679e-02
6.306000000000000227e+02 2.624570370563008778e-02
6.307999999999999545e+02 2.623121078069972842e-02
6.310000000000000000e+02 2.621009027047071713e-02
6.312000000000000455e+02 2.618445968990587916e-02
6.313999999999999773e+02 2.615804269765899595e-02
6.316000000000000227e+02 2.613513762889839095e-02
6.317999999999999545e+02 2.611841985590481266e-02
6.320000000000000000e+02 2.610676229129223549e-02
6.322000000000000455e+02 2.609570982665652614e-02
6.323999999999999773e+02 2.607947290123602616e-02
6.326000000000000227e+02 2.605435591438945778e-02
6.327999999999999545e+02 2.601903438272134758e-02
6.330000000000000000e+02 2.597394284054307598e-02
6.332000000000000455e+02 2.591846162793860417e-02
6.333999999999999773e+02 2.585249305484689161e-02
6.336000000000000227e+02 2.577770199687439909e-02
6.337999999999999545e+02 2.569641064006008765e-02
6.340000000000000000e+02 2.561168265016703846e-02
6.342000000000000455e+02 2.552623623085869750e-02
6.343999999999999773e+02 2.543887904504932643e-02
6.346000000000000227e+02 2.534726046587914769e-02
6.347999999999999545e+02 2.525005025243360832e-02
6.350000000000000000e+02 2.514952699115359860e-02
6.352000000000000455e+02 2.505089183013642015e-02
6.353999999999999773e+02 2.496037745331704596e-02
6.356000000000000227e+02 2.488306421537566163e-02
6.357999999999999545e+02 2.482289107941196629e-02
6.360000000000000000e+02 2.478425135842539720e-02
6.362000000000000455e+02 2.477242739281432585e-02
6.363999999999999773e+02 2.478877676994585208e-02
6.366000000000000227e+02 2.482891592960030300e-02
6.367999999999999545e+02 2.488291653745970319e-02
6.370000000000000000e+02 2.493957616133212971e-02
6.372000000000000455e+02 2.499020052921363880e-02
6.373999999999999773e+02 2.503011544531787494e-02
6.376000000000000227e+02 2.505906289881388790e-02
6.377999999999999545e+02 2.507648202123279393e-02
6.380000000000000000e+02 2.508028940548723620e-02
6.382000000000000455e+02 2.506701278084356652e-02
6.383999999999999773e+02 2.503519338351583093e-02
6.386000000000000227e+02 2.498567109558653618e-02
6.387999999999999545e+02 2.492079841946119936e-02
6.390000000000000000e+02 2.484040528650548543e-02
6.392000000000000455e+02 2.474370046919819460e-02
6.393999999999999773e+02 2.463140768046941445e-02
6.396000000000000227e+02 2.450859249339616339e-02
6.397999999999999545e+02 2.438379364388677459e-02
6.400000000000000000e+02 2.426607999136341093e-02
6.402000000000000455e+02 2.415847802247875556e-02
6.403999999999999773e+02 2.406017327409685005e-02
6.406000000000000227e+02 2.396809665667974307e-02
6.407999999999999545e+02 2.387880121517611462e-02
6.410000000000000000e+02 2.379279301244870484e-02
6.412000000000000455e+02 2.371251457240541524e-02
6.413999999999999773e+02 2.363958381592096841e-02
6.416000000000000227e+02 2.357527235931512061e-02
6.417999999999999545e+02 2.352091452930312604e-02
6.420000000000000000e+02 2.347809446663888522e-02
6.422000000000000455e+02 2.344829315556508365e-02
6.423999999999999773e+02 2.342972926821930424e-02
6.426000000000000227e+02 2.341650702304038864e-02
6.427999999999999545e+02 2.340045866761494495e-02
6.430000000000000000e+02 2.337480628180602094e-02
6.432000000000000455e+02 2.333584015494649319e-02
6.433999999999999773e+02 2.328418250846784124e-02
6.436000000000000227e+02 2.322337357414873057e-02
6.437999999999999545e+02 2.315804526244690659e-02
6.440000000000000000e+02 2.309240008798649560e-02
6.442000000000000455e+02 2.303198448687388336e-02
6.443999999999999773e+02 2.298170044711667082e-02
6.446000000000000227e+02 2.294367566167864261e-02
6.447999999999999545e+02 2.291567703538522835e-02
6.450000000000000000e+02 2.289202032980130336e-02
6.452000000000000455e+02 2.286536629834191175e-02
6.453999999999999773e+02 2.283119676964991129e-02
6.456000000000000227e+02 2.278791240856992834e-02
6.457999999999999545e+02 2.273626778592542988e-02
6.460000000000000000e+02 2.267843271808571426e-02
6.462000000000000455e+02 2.261825526220741581e-02
6.463999999999999773e+02 2.256043074961976841e-02
6.466000000000000227e+02 2.250914967292021174e-02
6.467999999999999545e+02 2.246671930467779299e-02
6.470000000000000000e+02 2.243162461544630573e-02
6.472000000000000455e+02 2.239720370241901973e-02
6.473999999999999773e+02 2.235452165774966943e-02
6.476000000000000227e+02 2.229537777275660340e-02
6.477999999999999545e+02 2.221473493067575855e-02
6.480000000000000000e+02 2.211374277779603464e-02
6.482000000000000455e+02 2.199602101976392415e-02
6.483999999999999773e+02 2.186669333480921115e-02
6.486000000000000227e+02 2.173338585456348684e-02
6.487999999999999545e+02 2.160363417573444439e-02
6.490000000000000000e+02 2.148372338130474443e-02
6.492000000000000455e+02 2.137731272888022602e-02
6.493999999999999773e+02 2.128157874499474536e-02
6.496000000000000227e+02 2.118940079185457209e-02
6.497999999999999545e+02 2.109267258701308032e-02
6.500000000000000000e+02 2.098769415502363747e-02
6.502000000000000455e+02 2.087487131098998694e-02
6.503999999999999773e+02 2.075822426373371762e-02
6.506000000000000227e+02 2.064479452214545291e-02
6.507999999999999545e+02 2.054161743397451417e-02
6.510000000000000000e+02 2.045468733656215579e-02
6.512000000000000455e+02 2.038923165262578399e-02
6.513999999999999773e+02 2.034614234245221351e-02
6.516000000000000227e+02 2.032159846510809761e-02
6.517999999999999545e+02 2.030788865071014512e-02
6.520000000000000000e+02 2.029486173083296444e-02
6.522000000000000455e+02 2.027301432710419682e-02
6.523999999999999773e+02 2.023703403630528613e-02
6.526000000000000227e+02 2.018750000062031341e-02
6.527999999999999545e+02 2.012886509275182978e-02
6.530000000000000000e+02 2.006738363755039903e-02
6.532000000000000455e+02 2.000773830887175864e-02
6.533999999999999773e+02 1.995375370876764295e-02
6.536000000000000227e+02 1.990847478664266659e-02
6.537999999999999545e+02 1.987293370898203168e-02
6.540000000000000000e+02 1.984453136399597431e-02
6.542000000000000455e+02 1.981785138487451858e-02
6.543999999999999773e+02 1.978728989354792620e-02
6.546000000000000227e+02 1.974923667194634913e-02
6.547999999999999545e+02 1.970288362111546551e-02
6.550000000000000000e+02 1.965069525545168339e-02
6.552000000000000455e+02 1.959617992182840704e-02
6.553999999999999773e+02 1.954430304733604032e-02
6.556000000000000227e+02 1.950175261983508324e-02
6.557999999999999545e+02 1.947454094111940662e-02
6.560000000000000000e+02 1.946692285014997928e-02
6.562000000000000455e+02 1.948041590987606084e-02
6.563999999999999773e+02 1.951227337331423034e-02
6.566000000000000227e+02 1.955633469823352122e-02
6.567999999999999545e+02 1.960481904990467664e-02
6.570000000000000000e+02 1.965165443527549030e-02
6.572000000000000455e+02 1.969237249136638127e-02
6.573999999999999773e+02 1.972345831558942886e-02
6.576000000000000227e+02 1.974180230604664910e-02
6.577999999999999545e+02 1.974659898151935253e-02
6.580000000000000000e+02 1.973982843778106580e-02
6.582000000000000455e+02 1.972593387115448293e-02
6.583999999999999773e+02 1.970758956329307296e-02
6.586000000000000227e+02 1.968443673792324988e-02
6.587999999999999545e+02 1.965312975643467019e-02
6.590000000000000000e+02 1.961009175370694024e-02
6.592000000000000455e+02 1.955383179109561678e-02
6.593999999999999773e+02 1.948514530879425638e-02
6.596000000000000227e+02 1.940553804117689865e-02
6.597999999999999545e+02 1.931748277117077001e-02
6.600000000000000000e+02 1.922451737099536290e-02
6.602000000000000455e+02 1.913135443754106560e-02
6.603999999999999773e+02 1.904391576681951914e-02
6.606000000000000227e+02 1.896797509914434354e-02
6.607999999999999545e+02 1.890739762239312949e-02
6.610000000000000000e+02 1.886241754860063305e-02
6.612000000000000455e+02 1.883144510010010056e-02
6.613999999999999773e+02 1.881277181531879408e-02
6.616000000000000227e+02 1.880650044857555894e-02
6.617999999999999545e+02 1.881318927718050524e-02
6.620000000000000000e+02 1.883253462776887308e-02
6.622000000000000455e+02 1.886154059093029731e-02
6.623999999999999773e+02 1.889631689596157210e-02
6.626000000000000227e+02 1.893362640795345428e-02
6.627999999999999545e+02 1.897253695711498961e-02
6.630000000000000000e+02 1.901155478140540561e-02
6.632000000000000455e+02 1.904753813676758958e-02
6.633999999999999773e+02 1.907534755271126162e-02
6.636000000000000227e+02 1.909070122179925069e-02
6.637999999999999545e+02 1.909186112765737936e-02
6.640000000000000000e+02 1.908034553407199699e-02
6.642000000000000455e+02 1.905871256344086884e-02
6.643999999999999773e+02 1.902838150479404730e-02
6.646000000000000227e+02 1.898892523162432067e-02
6.647999999999999545e+02 1.893929864448464298e-02
6.650000000000000000e+02 1.888219160295033852e-02
6.652000000000000455e+02 1.882373694447605356e-02
6.653999999999999773e+02 1.876983614531520586e-02
6.656000000000000227e+02 1.872359117271218953e-02
6.657999999999999545e+02 1.868515110672942445e-02
6.660000000000000000e+02 1.865248286800341368e-02
6.662000000000000455e+02 1.862528482419209541e-02
6.664000000000000909e+02 1.860469654271720147e-02
6.666000000000000227e+02 1.859221558866323495e-02
6.667999999999999545e+02 1.858746159460548247e-02
6.670000000000000000e+02 1.858901316659447231e-02
6.672000000000000455e+02 1.859542064469435832e-02
6.674000000000000909e+02 1.860681391627321338e-02
6.676000000000000227e+02 1.862372581081795514e-02
6.677999999999999545e+02 1.864556759265472222e-02
6.680000000000000000e+02 1.866810629908013247e-02
6.682000000000000455e+02 1.868455153032002464e-02
6.684000000000000909e+02 1.868790789308805156e-02
6.686000000000000227e+02 1.867435416207793852e-02
6.687999999999999545e+02 1.864485344125743280e-02
6.690000000000000000e+02 1.860490558552038362e-02
6.692000000000000455e+02 1.856378646588091944e-02
6.694000000000000909e+02 1.853066094035404551e-02
6.696000000000000227e+02 1.851207298350403957e-02
6.697999999999999545e+02 1.851050765650302105e-02
6.700000000000000000e+02 1.852438786662464684e-02
6.702000000000000455e+02 1.854862543641934078e-02
6.704000000000000909e+02 1.857582243302419514e-02
6.706000000000000227e+02 1.859909225720678475e-02
6.707999999999999545e+02 1.861400324768206632e-02
6.710000000000000000e+02 1.861869934400711343e-02
6.712000000000000455e+02 1.861341507865545836e-02
6.714000000000000909e+02 1.859977440996891593e-02
6.716000000000000227e+02 1.858001407674740590e-02
6.717999999999999545e+02 1.855606208933064175e-02
6.720000000000000000e+02 1.852777356893128488e-02
6.722000000000000455e+02 1.849122681029977469e-02
6.724000000000000909e+02 1.843826628344268428e-02
6.726000000000000227e+02 1.836037998154367926e-02
6.727999999999999545e+02 1.825184045225167542e-02
6.730000000000000000e+02 1.811306727169148881e-02
6.732000000000000455e+02 1.795634023895753897e-02
6.734000000000000909e+02 1.779694450376275577e-02
6.736000000000000227e+02 1.764851273306262611e-02
6.737999999999999545e+02 1.751927402662901978e-02
6.740000000000000000e+02 1.741316410029154771e-02
6.742000000000000455e+02 1.733253108017433416e-02
6.744000000000000909e+02 1.728030033073719302e-02
6.746000000000000227e+02 1.725456952276487738e-02
6.747999999999999545e+02 1.724854582310618792e-02
6.750000000000000000e+02 1.725203221768548123e-02
6.752000000000000455e+02 1.725804749214378264e-02
6.754000000000000909e+02 1.726543985365404377e-02
6.756000000000000227e+02 1.727899767669546088e-02
6.757999999999999545e+02 1.730529383610636754e-02
6.760000000000000000e+02 1.734594214455295949e-02
6.762000000000000455e+02 1.739533632312038544e-02
6.764000000000000909e+02 1.744103805730097198e-02
6.766000000000000227e+02 1.747455006245600406e-02
6.767999999999999545e+02 1.749283342667298791e-02
6.770000000000000000e+02 1.749683837593702176e-02
6.772000000000000455e+02 1.748646106415635212e-02
6.774000000000000909e+02 1.746166363838728627e-02
6.776000000000000227e+02 1.742479983502014801e-02
6.777999999999999545e+02 1.738355298983660507e-02
6.780000000000000000e+02 1.734851594908639466e-02
6.782000000000000455e+02 1.732994455419212265e-02
6.784000000000000909e+02 1.733098171139478907e-02
6.786000000000000227e+02 1.734742781424663052e-02
6.787999999999999545e+02 1.736970024322128173e-02
6.790000000000000000e+02 1.738799513605488248e-02
6.792000000000000455e+02 1.739730263783164851e-02
6.794000000000000909e+02 1.739626681810008471e-02
6.796000000000000227e+02 1.738349774358413299e-02
6.797999999999999545e+02 1.735628108191886176e-02
6.800000000000000000e+02 1.731365852437619784e-02
6.802000000000000455e+02 1.725961914030812658e-02
6.804000000000000909e+02 1.720039643452294167e-02
6.806000000000000227e+02 1.714074842445574218e-02
6.807999999999999545e+02 1.708109104449920604e-02
6.810000000000000000e+02 1.701556429557207414e-02
6.812000000000000455e+02 1.693714535495929527e-02
6.814000000000000909e+02 1.684053774305515824e-02
6.816000000000000227e+02 1.672417900915909583e-02
6.817999999999999545e+02 1.659134157849646504e-02
6.820000000000000000e+02 1.644845521733818636e-02
6.822000000000000455e+02 1.630194202263252762e-02
6.824000000000000909e+02 1.616075984826790754e-02
6.826000000000000227e+02 1.603626227218068676e-02
6.827999999999999545e+02 1.594040393517123788e-02
6.830000000000000000e+02 1.587722314973383578e-02
6.832000000000000455e+02 1.584371830456244787e-02
6.834000000000000909e+02 1.583163661087371235e-02
6.836000000000000227e+02 1.583145421371075223e-02
6.837999999999999545e+02 1.583522581826382961e-02
6.840000000000000000e+02 1.583789655957371437e-02
6.842000000000000455e+02 1.583745642443710328e-02
6.844000000000000909e+02 1.583412072004104082e-02
6.846000000000000227e+02 1.582960605039599247e-02
6.847999999999999545e+02 1.582619656269160929e-02
6.850000000000000000e+02 1.582649738085590077e-02
6.852000000000000455e+02 1.583238884992888701e-02
6.854000000000000909e+02 1.584347807655774043e-02
6.856000000000000227e+02 1.585607065570336649e-02
6.857999999999999545e+02 1.586677811797011783e-02
6.860000000000000000e+02 1.587673134323462978e-02
6.862000000000000455e+02 1.589663678898982357e-02
6.864000000000000909e+02 1.594520308893863578e-02
6.866000000000000227e+02 1.604868839594946264e-02
6.867999999999999545e+02 1.624165656905233318e-02
6.870000000000000000e+02 1.656066588786824639e-02
6.872000000000000455e+02 1.704168196223590850e-02
6.874000000000000909e+02 1.771798577921491688e-02
6.876000000000000227e+02 1.860451124023612679e-02
6.877999999999999545e+02 1.970315781208266045e-02
6.880000000000000000e+02 2.101270145424563585e-02
6.882000000000000455e+02 2.250568280440150282e-02
6.884000000000000909e+02 2.414438882368604572e-02
6.886000000000000227e+02 2.589423977806042457e-02
6.887999999999999545e+02 2.769603814650921023e-02
6.890000000000000000e+02 2.948582350322744364e-02
6.892000000000000455e+02 3.120647657292626234e-02
6.894000000000000909e+02 3.279847642408514202e-02
6.896000000000000227e+02 3.419745253892145925e-02
6.897999999999999545e+02 3.534114604822471972e-02
6.900000000000000000e+02 3.618919835436758964e-02
6.902000000000000455e+02 3.670995027748844008e-02
6.904000000000000909e+02 3.688365745133366513e-02
6.906000000000000227e+02 3.671459820624242698e-02
6.907999999999999545e+02 3.622257532605273334e-02
6.910000000000000000e+02 3.543333933552680198e-02
6.912000000000000455e+02 3.437286703668369220e-02
6.914000000000000909e+02 3.308291972021793620e-02
6.916000000000000227e+02 3.160759895998092178e-02
6.917999999999999545e+02 2.998866517722555483e-02
6.920000000000000000e+02 2.829062309715875065e-02
6.922000000000000455e+02 2.657231557023114268e-02
6.924000000000000909e+02 2.488260532682431622e-02
6.926000000000000227e+02 2.328666587890956471e-02
6.927999999999999545e+02 2.183649918972414491e-02
6.930000000000000000e+02 2.056507557070278921e-02
6.932000000000000455e+02 1.949124386722081784e-02
6.934000000000000909e+02 1.861824182041759215e-02
6.936000000000000227e+02 1.793133871788755301e-02
6.937999999999999545e+02 1.739714404249453894e-02
6.940000000000000000e+02 1.698841161720759940e-02
6.942000000000000455e+02 1.668170613413419781e-02
6.944000000000000909e+02 1.645425393491607019e-02
6.946000000000000227e+02 1.628977420078118674e-02
6.947999999999999545e+02 1.617467289320707532e-02
6.950000000000000000e+02 1.609724567316701827e-02
6.952000000000000455e+02 1.605186994508739709e-02
6.954000000000000909e+02 1.603341429652343011e-02
6.956000000000000227e+02 1.603428288983900496e-02
6.957999999999999545e+02 1.604246065386288889e-02
6.960000000000000000e+02 1.604642071892194502e-02
6.962000000000000455e+02 1.603887903161362039e-02
6.964000000000000909e+02 1.602051715346230684e-02
6.966000000000000227e+02 1.599653521483142965e-02
6.967999999999999545e+02 1.597161418603331579e-02
6.970000000000000000e+02 1.594640823429494328e-02
6.972000000000000455e+02 1.592049048700270794e-02
6.974000000000000909e+02 1.589365219876493970e-02
6.976000000000000227e+02 1.586644979828954333e-02
6.977999999999999545e+02 1.583873383331808882e-02
6.980000000000000000e+02 1.580846588744869163e-02
6.982000000000000455e+02 1.577121543826360758e-02
6.984000000000000909e+02 1.572317355059572180e-02
6.986000000000000227e+02 1.566431326345103792e-02
6.987999999999999545e+02 1.560055237847132042e-02
6.990000000000000000e+02 1.554183149306071626e-02
6.992000000000000455e+02 1.549624207600123343e-02
6.994000000000000909e+02 1.546588308013813196e-02
6.996000000000000227e+02 1.544604823636700625e-02
6.997999999999999545e+02 1.542985996083456879e-02
7.000000000000000000e+02 1.541110845718916822e-02
7.002000000000000455e+02 1.538486420922605818e-02
7.004000000000000909e+02 1.534545045887309930e-02
7.006000000000000227e+02 1.528596539299112086e-02
7.007999999999999545e+02 1.520255461445094505e-02
7.010000000000000000e+02 1.509639017327792446e-02
7.012000000000000455e+02 1.497452874991430163e-02
7.014000000000000909e+02 1.484718002691182148e-02
7.016000000000000227e+02 1.472398494043623482e-02
7.017999999999999545e+02 1.461177847933109800e-02
7.020000000000000000e+02 1.451337393939680295e-02
7.022000000000000455e+02 1.442983047135436986e-02
7.024000000000000909e+02 1.436181687633718632e-02
7.026000000000000227e+02 1.431079971828154093e-02
7.027999999999999545e+02 1.427766973496757269e-02
7.030000000000000000e+02 1.426221169514332865e-02
7.032000000000000455e+02 1.426424258069574832e-02
7.034000000000000909e+02 1.428680433389339921e-02
7.036000000000000227e+02 1.433779054414421189e-02
7.037999999999999545e+02 1.442977190213038524e-02
7.040000000000000000e+02 1.457713583847260533e-02
7.042000000000000455e+02 1.479505580959108654e-02
7.044000000000000909e+02 1.510005749865068331e-02
7.046000000000000227e+02 1.551031692700945500e-02
7.047999999999999545e+02 1.604428791871044882e-02
7.050000000000000000e+02 1.671460679430801163e-02
7.052000000000000455e+02 1.752491646554781360e-02
7.054000000000000909e+02 1.846864229303821561e-02
7.056000000000000227e+02 1.953005192670071583e-02
7.057999999999999545e+02 2.068676048068840770e-02
7.060000000000000000e+02 2.191071899427421074e-02
7.062000000000000455e+02 2.316915875561542659e-02
7.064000000000000909e+02 2.442662385202901479e-02
7.066000000000000227e+02 2.564608021180945704e-02
7.067999999999999545e+02 2.679058897474979536e-02
7.070000000000000000e+02 2.782757826210055171e-02
7.072000000000000455e+02 2.872815915592586214e-02
7.074000000000000909e+02 2.946001098819575267e-02
7.076000000000000227e+02 2.999423736784637487e-02
7.077999999999999545e+02 3.030721159997741901e-02
7.080000000000000000e+02 3.037914335074687680e-02
7.082000000000000455e+02 3.020233482011619106e-02
7.084000000000000909e+02 2.978324048653813519e-02
7.086000000000000227e+02 2.914064970662000667e-02
7.087999999999999545e+02 2.830165362863609410e-02
7.090000000000000000e+02 2.730020947745798524e-02
7.092000000000000455e+02 2.617653937237745740e-02
7.094000000000000909e+02 2.497350842398037354e-02
7.096000000000000227e+02 2.373391640354511126e-02
7.097999999999999545e+02 2.249589927296954603e-02
7.100000000000000000e+02 2.129170749160783430e-02
7.102000000000000455e+02 2.014784931560828843e-02
7.104000000000000909e+02 1.908595075160068183e-02
7.106000000000000227e+02 1.812465597897574068e-02
7.107999999999999545e+02 1.727966842520260379e-02
7.110000000000000000e+02 1.656201579241530983e-02
7.112000000000000455e+02 1.597312023912445672e-02
7.114000000000000909e+02 1.550642930547168133e-02
7.116000000000000227e+02 1.515355169620826933e-02
7.117999999999999545e+02 1.490289088487292343e-02
7.120000000000000000e+02 1.473970364836308181e-02
7.122000000000000455e+02 1.464671249635230918e-02
7.124000000000000909e+02 1.460381140709341927e-02
7.126000000000000227e+02 1.459040330625329535e-02
7.127999999999999545e+02 1.459061327029658947e-02
7.130000000000000000e+02 1.459468742399660721e-02
7.132000000000000455e+02 1.459754896737481752e-02
7.134000000000000909e+02 1.459579179620710057e-02
7.136000000000000227e+02 1.458619727923542164e-02
7.137999999999999545e+02 1.456591495634368752e-02
7.140000000000000000e+02 1.453388247798652680e-02
7.142000000000000455e+02 1.449606859443637250e-02
7.144000000000000909e+02 1.446641805361996783e-02
7.146000000000000227e+02 1.446661869867214845e-02
7.147999999999999545e+02 1.451164046501148344e-02
7.150000000000000000e+02 1.460645205682071374e-02
7.152000000000000455e+02 1.474442561722979703e-02
7.154000000000000909e+02 1.491306040181007708e-02
7.156000000000000227e+02 1.509570317831960759e-02
7.157999999999999545e+02 1.527194130198529856e-02
7.160000000000000000e+02 1.541875120646773664e-02
7.162000000000000455e+02 1.551449957801810664e-02
7.164000000000000909e+02 1.554564573411253148e-02
7.166000000000000227e+02 1.551147647137554250e-02
7.167999999999999545e+02 1.542255867408476658e-02
7.170000000000000000e+02 1.529816810917777187e-02
7.172000000000000455e+02 1.515673957592062956e-02
7.174000000000000909e+02 1.500996588103550855e-02
7.176000000000000227e+02 1.485601980684820439e-02
7.177999999999999545e+02 1.468507934245856517e-02
7.180000000000000000e+02 1.448540014173856083e-02
7.182000000000000455e+02 1.425008598621615302e-02
7.184000000000000909e+02 1.397727263476806689e-02
7.186000000000000227e+02 1.367048184476078385e-02
7.187999999999999545e+02 1.334014096477645697e-02
7.190000000000000000e+02 1.300456676899214639e-02
7.192000000000000455e+02 1.268716794164332848e-02
7.194000000000000909e+02 1.241268891411797734e-02
7.196000000000000227e+02 1.219885004009066062e-02
7.197999999999999545e+02 1.205537124937996682e-02
7.200000000000000000e+02 1.198312303414071980e-02
7.202000000000000455e+02 1.197587883508876433e-02
7.204000000000000909e+02 1.202286930547785682e-02
7.206000000000000227e+02 1.211104175634836189e-02
7.207999999999999545e+02 1.222897152029123191e-02
7.210000000000000000e+02 1.236730870314706535e-02
7.212000000000000455e+02 1.251874339590489105e-02
7.214000000000000909e+02 1.267577565454760732e-02
7.216000000000000227e+02 1.283049456388338921e-02
7.217999999999999545e+02 1.297458217527594493e-02
7.220000000000000000e+02 1.309922340809821853e-02
7.222000000000000455e+02 1.319673122251449615e-02
7.224000000000000909e+02 1.326273267811465054e-02
7.226000000000000227e+02 1.329901359241899422e-02
7.227999999999999545e+02 1.331276018510316531e-02
7.230000000000000000e+02 1.331553438546781432e-02
7.232000000000000455e+02 1.331726001024201994e-02
7.234000000000000909e+02 1.332504189830070046e-02
7.236000000000000227e+02 1.334258847041816173e-02
7.237999999999999545e+02 1.337203624926693035e-02
7.240000000000000000e+02 1.341305190724132596e-02
7.242000000000000455e+02 1.346120927561550093e-02
7.244000000000000909e+02 1.350587291342811302e-02
7.246000000000000227e+02 1.353500910216640790e-02
7.247999999999999545e+02 1.353985374568820663e-02
7.250000000000000000e+02 1.351996973597121773e-02
7.252000000000000455e+02 1.348059728445060931e-02
7.254000000000000909e+02 1.343034366769630186e-02
7.256000000000000227e+02 1.337728342670433876e-02
7.257999999999999545e+02 1.332782655036042138e-02
7.260000000000000000e+02 1.328607183785367185e-02
7.262000000000000455e+02 1.325443748624781024e-02
7.264000000000000909e+02 1.323287630676037857e-02
7.266000000000000227e+02 1.321764864423896277e-02
7.267999999999999545e+02 1.319955417061585354e-02
7.270000000000000000e+02 1.316800322357604067e-02
7.272000000000000455e+02 1.311525336433192607e-02
7.274000000000000909e+02 1.304486544971846310e-02
7.276000000000000227e+02 1.296749564447822328e-02
7.277999999999999545e+02 1.289689683236883502e-02
7.280000000000000000e+02 1.284148765550368818e-02
7.282000000000000455e+02 1.280582351851766373e-02
7.284000000000000909e+02 1.279164981511591095e-02
7.286000000000000227e+02 1.279844861984244866e-02
7.287999999999999545e+02 1.282271388722995911e-02
7.290000000000000000e+02 1.285720066656973956e-02
7.292000000000000455e+02 1.289088872712109562e-02
7.294000000000000909e+02 1.291271902777622882e-02
7.296000000000000227e+02 1.291468326013425413e-02
7.297999999999999545e+02 1.289665203673102598e-02
7.300000000000000000e+02 1.286346216241601725e-02
7.302000000000000455e+02 1.282211430624261364e-02
7.304000000000000909e+02 1.277506352926811861e-02
7.306000000000000227e+02 1.271983039927284884e-02
7.307999999999999545e+02 1.265010176035157377e-02
7.310000000000000000e+02 1.256189100395704167e-02
7.312000000000000455e+02 1.245489796040682648e-02
7.314000000000000909e+02 1.233257461015263221e-02
7.316000000000000227e+02 1.219954761288874132e-02
7.317999999999999545e+02 1.206184692078988291e-02
7.320000000000000000e+02 1.192752257707085928e-02
7.322000000000000455e+02 1.180792705171816379e-02
7.324000000000000909e+02 1.171319317274900629e-02
7.326000000000000227e+02 1.164962513721441370e-02
7.327999999999999545e+02 1.161755974789294155e-02
7.330000000000000000e+02 1.161323991225320443e-02
7.332000000000000455e+02 1.163114572458133836e-02
7.334000000000000909e+02 1.167022667596478991e-02
7.336000000000000227e+02 1.173494217604410111e-02
7.337999999999999545e+02 1.183364351216160265e-02
7.340000000000000000e+02 1.197112218151120955e-02
7.342000000000000455e+02 1.214524059719285232e-02
7.344000000000000909e+02 1.234687723684443905e-02
7.346000000000000227e+02 1.256412808218328875e-02
7.347999999999999545e+02 1.278386041475941884e-02
7.350000000000000000e+02 1.299237588987271763e-02
7.352000000000000455e+02 1.317628959480129230e-02
7.354000000000000909e+02 1.332685205037396903e-02
7.356000000000000227e+02 1.344188838900034835e-02
7.357999999999999545e+02 1.352705507470999130e-02
7.360000000000000000e+02 1.359164347661350955e-02
7.362000000000000455e+02 1.364547205020584519e-02
7.364000000000000909e+02 1.369344581654240167e-02
7.366000000000000227e+02 1.373308253555833094e-02
7.367999999999999545e+02 1.375552956319244999e-02
7.370000000000000000e+02 1.375075826925377040e-02
7.372000000000000455e+02 1.371285963199016938e-02
7.374000000000000909e+02 1.364117192186736424e-02
7.376000000000000227e+02 1.353951308407653348e-02
7.377999999999999545e+02 1.341588998239099523e-02
7.380000000000000000e+02 1.328279776425834655e-02
7.382000000000000455e+02 1.315816352686832030e-02
7.384000000000000909e+02 1.305901893688566143e-02
7.386000000000000227e+02 1.299808246774484741e-02
7.387999999999999545e+02 1.297921430880911997e-02
7.390000000000000000e+02 1.299781120556758526e-02
7.392000000000000455e+02 1.304214322365377168e-02
7.394000000000000909e+02 1.309579785906811455e-02
7.396000000000000227e+02 1.314266549082601654e-02
7.397999999999999545e+02 1.316914012287599342e-02
7.400000000000000000e+02 1.316659635173205237e-02
7.402000000000000455e+02 1.313165676382311436e-02
7.404000000000000909e+02 1.306676596244055188e-02
7.406000000000000227e+02 1.298184546334034059e-02
7.407999999999999545e+02 1.289070033515422528e-02
7.410000000000000000e+02 1.280713641120324528e-02
7.412000000000000455e+02 1.273881024148113342e-02
7.414000000000000909e+02 1.268741358027159968e-02
7.416000000000000227e+02 1.265085442596981802e-02
7.417999999999999545e+02 1.262673667846112013e-02
7.420000000000000000e+02 1.261139742869012148e-02
7.422000000000000455e+02 1.259959516705559321e-02
7.424000000000000909e+02 1.258434523451714554e-02
7.426000000000000227e+02 1.255995224478174271e-02
7.427999999999999545e+02 1.252442274837220482e-02
7.430000000000000000e+02 1.248300086447288668e-02
7.432000000000000455e+02 1.244521059841114524e-02
7.434000000000000909e+02 1.242096228980203373e-02
7.436000000000000227e+02 1.241486443524628114e-02
7.437999999999999545e+02 1.242441728830049469e-02
7.440000000000000000e+02 1.244228526464280504e-02
7.442000000000000455e+02 1.245991242326469073e-02
7.444000000000000909e+02 1.246974941534480935e-02
7.446000000000000227e+02 1.246456185745540082e-02
7.447999999999999545e+02 1.243622567673340756e-02
7.450000000000000000e+02 1.238069270756284382e-02
7.452000000000000455e+02 1.229945707906320712e-02
7.454000000000000909e+02 1.220111781128419351e-02
7.456000000000000227e+02 1.209975905968539017e-02
7.457999999999999545e+02 1.201164976406324941e-02
7.460000000000000000e+02 1.195097891330802742e-02
7.462000000000000455e+02 1.192534081252719785e-02
7.464000000000000909e+02 1.193670134599206928e-02
7.466000000000000227e+02 1.198292457779250031e-02
7.467999999999999545e+02 1.206025251291934289e-02
7.470000000000000000e+02 1.216387344130625062e-02
7.472000000000000455e+02 1.228805068154203636e-02
7.474000000000000909e+02 1.242701254517413964e-02
7.476000000000000227e+02 1.257641106611921342e-02
7.477999999999999545e+02 1.273478095555101441e-02
7.480000000000000000e+02 1.290003650200887211e-02
7.482000000000000455e+02 1.306807706629777369e-02
7.484000000000000909e+02 1.323205437467072157e-02
7.486000000000000227e+02 1.338767759396019413e-02
7.487999999999999545e+02 1.353116964580740322e-02
7.490000000000000000e+02 1.365654178686724271e-02
7.492000000000000455e+02 1.375804833813373818e-02
7.494000000000000909e+02 1.383145409681936153e-02
7.496000000000000227e+02 1.387519131458061702e-02
7.497999999999999545e+02 1.388995326468584618e-02
7.500000000000000000e+02 1.387817851567525046e-02
7.502000000000000455e+02 1.384337885858846762e-02
7.504000000000000909e+02 1.378638346918016969e-02
7.506000000000000227e+02 1.370504321356164762e-02
7.507999999999999545e+02 1.359466051296885289e-02
7.510000000000000000e+02 1.345330793606663508e-02
7.512000000000000455e+02 1.328370610601634777e-02
7.514000000000000909e+02 1.309396450309398968e-02
7.516000000000000227e+02 1.289001711197108879e-02
7.517999999999999545e+02 1.267574865407607165e-02
7.520000000000000000e+02 1.245452389057616349e-02
7.522000000000000455e+02 1.223557586799407793e-02
7.524000000000000909e+02 1.203097692512270986e-02
7.526000000000000227e+02 1.185199871775272779e-02
7.527999999999999545e+02 1.170290680658505819e-02
7.530000000000000000e+02 1.158082950751858353e-02
7.532000000000000455e+02 1.147661063451901539e-02
7.534000000000000909e+02 1.138370044952012952e-02
7.536000000000000227e+02 1.130047540723543714e-02
7.537999999999999545e+02 1.123113939245726570e-02
7.540000000000000000e+02 1.118134027134348382e-02
7.542000000000000455e+02 1.115426910951130071e-02
7.544000000000000909e+02 1.114827626854534084e-02
7.546000000000000227e+02 1.115894711821286897e-02
7.547999999999999545e+02 1.118162200222678690e-02
7.550000000000000000e+02 1.121180345313410945e-02
7.552000000000000455e+02 1.123905039598074168e-02
7.554000000000000909e+02 1.124922944008585959e-02
7.556000000000000227e+02 1.122759453964283782e-02
7.557999999999999545e+02 1.116772744429957512e-02
7.560000000000000000e+02 1.107120360498914380e-02
7.562000000000000455e+02 1.094664135924819370e-02
7.564000000000000909e+02 1.080396527605188145e-02
7.566000000000000227e+02 1.064987723768244868e-02
7.567999999999999545e+02 1.048555303067679606e-02
7.570000000000000000e+02 1.030864964020811875e-02
7.572000000000000455e+02 1.011937323351087478e-02
7.574000000000000909e+02 9.923581430336298609e-03
7.576000000000000227e+02 9.730668503888151299e-03
7.577999999999999545e+02 9.552653334023438608e-03
7.580000000000000000e+02 9.403813271701564475e-03
7.582000000000000455e+02 9.299754298717637785e-03
7.584000000000000909e+02 9.254374506325300370e-03
7.586000000000000227e+02 9.277276277960232187e-03
7.587999999999999545e+02 9.369498055106315754e-03
7.590000000000000000e+02 9.523810045997203183e-03
7.592000000000000455e+02 9.725764010040296309e-03
7.594000000000000909e+02 9.959367514115777947e-03
7.596000000000000227e+02 1.021381289778377707e-02
7.597999999999999545e+02 1.048653101131779078e-02
7.600000000000000000e+02 1.078245563636807958e-02
7.602000000000000455e+02 1.110804765845603906e-02
7.604000000000000909e+02 1.146818130306676009e-02
7.606000000000000227e+02 1.186375333949860403e-02
7.607999999999999545e+02 1.229149571350012307e-02
7.610000000000000000e+02 1.274318652882383898e-02
7.612000000000000455e+02 1.320357452965007297e-02
7.614000000000000909e+02 1.365519269300264141e-02
7.616000000000000227e+02 1.408144924112706559e-02
7.617999999999999545e+02 1.447128576130150834e-02
7.620000000000000000e+02 1.482611336038732255e-02
7.622000000000000455e+02 1.515967703085162668e-02
7.624000000000000909e+02 1.548783526468414454e-02
7.626000000000000227e+02 1.582028039778232004e-02
7.627999999999999545e+02 1.615724657865770519e-02
7.630000000000000000e+02 1.648833237173502261e-02
7.632000000000000455e+02 1.679982650604742653e-02
7.634000000000000909e+02 1.707703583755191060e-02
7.636000000000000227e+02 1.730397886071222829e-02
7.637999999999999545e+02 1.746736951252354439e-02
7.640000000000000000e+02 1.755705281669337273e-02
7.642000000000000455e+02 1.756363097786481364e-02
7.644000000000000909e+02 1.748547762792843421e-02
7.646000000000000227e+02 1.733058512139093801e-02
7.647999999999999545e+02 1.711256413312434860e-02
7.650000000000000000e+02 1.684406740551398773e-02
7.652000000000000455e+02 1.653369431652415220e-02
7.654000000000000909e+02 1.618480688985696192e-02
7.656000000000000227e+02 1.580041930410926859e-02
7.657999999999999545e+02 1.538649954970949460e-02
7.660000000000000000e+02 1.495583129544368617e-02
7.662000000000000455e+02 1.452379923774711062e-02
7.664000000000000909e+02 1.410511224547706874e-02
7.666000000000000227e+02 1.370896734434929459e-02
7.667999999999999545e+02 1.334239067248505287e-02
7.670000000000000000e+02 1.301294016698322648e-02
7.672000000000000455e+02 1.273018598190728615e-02
7.674000000000000909e+02 1.250334153281630611e-02
7.676000000000000227e+02 1.233869774972907313e-02
7.677999999999999545e+02 1.223807163702855458e-02
7.680000000000000000e+02 1.220040845411578950e-02
7.682000000000000455e+02 1.222354806745713091e-02
7.684000000000000909e+02 1.230813281787641530e-02
7.686000000000000227e+02 1.245657004683911259e-02
7.687999999999999545e+02 1.267107346579344693e-02
7.690000000000000000e+02 1.295103158733077603e-02
7.692000000000000455e+02 1.329379935286081199e-02
7.694000000000000909e+02 1.369638360896493004e-02
7.696000000000000227e+02 1.415780348578215067e-02
7.697999999999999545e+02 1.467779761924971685e-02
7.700000000000000000e+02 1.525351190505086843e-02
7.702000000000000455e+02 1.587788517221096554e-02
7.704000000000000909e+02 1.654024396912947073e-02
7.706000000000000227e+02 1.722780487426848334e-02
7.707999999999999545e+02 1.792441841772894617e-02
7.710000000000000000e+02 1.861057387550570791e-02
7.712000000000000455e+02 1.926418340494061646e-02
7.714000000000000909e+02 1.986439940599298015e-02
7.716000000000000227e+02 2.039285547495953491e-02
7.717999999999999545e+02 2.083390281711504019e-02
7.720000000000000000e+02 2.117059892712143399e-02
7.722000000000000455e+02 2.138414185365042353e-02
7.724000000000000909e+02 2.145760167268144503e-02
7.726000000000000227e+02 2.138123866051714131e-02
7.727999999999999545e+02 2.115579645236462247e-02
7.730000000000000000e+02 2.079501183754276297e-02
7.732000000000000455e+02 2.032282163267299865e-02
7.734000000000000909e+02 1.977129511202447079e-02
7.736000000000000227e+02 1.917215031381556967e-02
7.737999999999999545e+02 1.855381279607705436e-02
7.740000000000000000e+02 1.793991133655304521e-02
7.742000000000000455e+02 1.735156195034495349e-02
7.744000000000000909e+02 1.680442685944123424e-02
7.746000000000000227e+02 1.630517107580237504e-02
7.747999999999999545e+02 1.584995341518772097e-02
7.750000000000000000e+02 1.543301790361880851e-02
7.752000000000000455e+02 1.505472691782500094e-02
7.754000000000000909e+02 1.472507068635984032e-02
7.756000000000000227e+02 1.445943539099092678e-02
7.757999999999999545e+02 1.427324766513480073e-02
7.760000000000000000e+02 1.416909412521693071e-02
7.762000000000000455e+02 1.413722412877034887e-02
7.764000000000000909e+02 1.415663773463587266e-02
7.766000000000000227e+02 1.420440577747262775e-02
7.767999999999999545e+02 1.425899135133605611e-02
7.770000000000000000e+02 1.430321834047065810e-02
7.772000000000000455e+02 1.432244841843063193e-02
7.774000000000000909e+02 1.430575463544151577e-02
7.776000000000000227e+02 1.424975476879798697e-02
7.777999999999999545e+02 1.416126982575855939e-02
7.780000000000000000e+02 1.405486602823734915e-02
7.782000000000000455e+02 1.394682173426652419e-02
7.784000000000000909e+02 1.384577242838802916e-02
7.786000000000000227e+02 1.375149874901135730e-02
7.787999999999999545e+02 1.365739441695312112e-02
7.790000000000000000e+02 1.355960196278670205e-02
7.792000000000000455e+02 1.345976411001816725e-02
7.794000000000000909e+02 1.336519557176408385e-02
7.796000000000000227e+02 1.328175441349186553e-02
7.797999999999999545e+02 1.321059895125444028e-02
7.800000000000000000e+02 1.314569957934593608e-02
7.802000000000000455e+02 1.308053191580656888e-02
7.804000000000000909e+02 1.301174168034061399e-02
7.806000000000000227e+02 1.294266946855732181e-02
7.807999999999999545e+02 1.287834594535286134e-02
7.810000000000000000e+02 1.282292151554603396e-02
7.812000000000000455e+02 1.277924403597807332e-02
7.814000000000000909e+02 1.275094474679527162e-02
7.816000000000000227e+02 1.274339090476482236e-02
7.817999999999999545e+02 1.276102434777740338e-02
7.820000000000000000e+02 1.280638837285236198e-02
7.822000000000000455e+02 1.287906260490570554e-02
7.824000000000000909e+02 1.297428346996572571e-02
7.826000000000000227e+02 1.308443119461803056e-02
7.827999999999999545e+02 1.320070699489107879e-02
7.830000000000000000e+02 1.331927254659122373e-02
7.832000000000000455e+02 1.343973761465411601e-02
7.834000000000000909e+02 1.356304124569783151e-02
7.836000000000000227e+02 1.368749553952522402e-02
7.837999999999999545e+02 1.381000447657185215e-02
7.840000000000000000e+02 1.392815394013238728e-02
7.842000000000000455e+02 1.404138645388891202e-02
7.844000000000000909e+02 1.415071221048796318e-02
7.846000000000000227e+02 1.425816522918130561e-02
7.847999999999999545e+02 1.436487203753246747e-02
7.850000000000000000e+02 1.447008966610230027e-02
7.852000000000000455e+02 1.456973865078866823e-02
7.854000000000000909e+02 1.465715107107204776e-02
7.856000000000000227e+02 1.472412849835414914e-02
7.857999999999999545e+02 1.476295965280539219e-02
7.860000000000000000e+02 1.477123795965313083e-02
7.862000000000000455e+02 1.475271292158817846e-02
7.864000000000000909e+02 1.471669918534304275e-02
7.866000000000000227e+02 1.467130981173473542e-02
7.867999999999999545e+02 1.462058666957796391e-02
7.870000000000000000e+02 1.456162940966875333e-02
7.872000000000000455e+02 1.448848776062164681e-02
7.874000000000000909e+02 1.439446784460086601e-02
7.876000000000000227e+02 1.427594063410073458e-02
7.877999999999999545e+02 1.413215835420538954e-02
7.880000000000000000e+02 1.396552041704752015e-02
7.882000000000000455e+02 1.378260155906814444e-02
7.884000000000000909e+02 1.359385571202961426e-02
7.886000000000000227e+02 1.341355689882264488e-02
7.887999999999999545e+02 1.325827997267195815e-02
7.890000000000000000e+02 1.314042786595486303e-02
7.892000000000000455e+02 1.306275107007389899e-02
7.894000000000000909e+02 1.301245700292781929e-02
7.896000000000000227e+02 1.296914506189432437e-02
7.897999999999999545e+02 1.291215510010480447e-02
7.900000000000000000e+02 1.283672537087967788e-02
7.902000000000000455e+02 1.275195452620101963e-02
7.904000000000000909e+02 1.267834126028132696e-02
7.906000000000000227e+02 1.263334239648422619e-02
7.907999999999999545e+02 1.263040718266515011e-02
7.910000000000000000e+02 1.267899897465113793e-02
7.912000000000000455e+02 1.278481668499966903e-02
7.914000000000000909e+02 1.294799426977662204e-02
7.916000000000000227e+02 1.315948039142653125e-02
7.917999999999999545e+02 1.340112838218748131e-02
7.920000000000000000e+02 1.365111759078501893e-02
7.922000000000000455e+02 1.389239722156933657e-02
7.924000000000000909e+02 1.412341902973666963e-02
7.926000000000000227e+02 1.435686669608442212e-02
7.927999999999999545e+02 1.461549158067439874e-02
7.930000000000000000e+02 1.491737040581438481e-02
7.932000000000000455e+02 1.527016008906159975e-02
7.934000000000000909e+02 1.566416794478828894e-02
7.936000000000000227e+02 1.608383120027202795e-02
7.937999999999999545e+02 1.651114710542982145e-02
7.940000000000000000e+02 1.692651507480668477e-02
7.942000000000000455e+02 1.730434392124598209e-02
7.944000000000000909e+02 1.761527731299273106e-02
7.946000000000000227e+02 1.783801180083591231e-02
7.947999999999999545e+02 1.796752503477349813e-02
7.950000000000000000e+02 1.801651820710880453e-02
7.952000000000000455e+02 1.800824150971406037e-02
7.954000000000000909e+02 1.796180948755100870e-02
7.956000000000000227e+02 1.788574515016011848e-02
7.957999999999999545e+02 1.777748454625453084e-02
7.960000000000000000e+02 1.763220652791305104e-02
7.962000000000000455e+02 1.744739811609190977e-02
7.964000000000000909e+02 1.722428067294373005e-02
7.966000000000000227e+02 1.696165597222605223e-02
7.967999999999999545e+02 1.665274546373867945e-02
7.970000000000000000e+02 1.629123959649895342e-02
7.972000000000000455e+02 1.588293845472949287e-02
7.974000000000000909e+02 1.545434200710020176e-02
7.976000000000000227e+02 1.504143791913990086e-02
7.977999999999999545e+02 1.467519450934766032e-02
7.980000000000000000e+02 1.436896108585489565e-02
7.982000000000000455e+02 1.412035186446896837e-02
7.984000000000000909e+02 1.392044164731504399e-02
7.986000000000000227e+02 1.376216426647107471e-02
7.987999999999999545e+02 1.364207607628985242e-02
7.990000000000000000e+02 1.355594074597732748e-02
7.992000000000000455e+02 1.349290619244013570e-02
7.994000000000000909e+02 1.343955146904774606e-02
7.996000000000000227e+02 1.338815179436655262e-02
7.997999999999999545e+02 1.334941243957606452e-02
8.000000000000000000e+02 1.334736081971414634e-02
