4.300000000000000000e+02 2.648559831619081706e-01
4.301999999999999886e+02 2.635360047852526311e-01
4.303999999999999773e+02 2.624299165543078627e-01
4.306000000000000227e+02 2.615253373203021980e-01
4.308000000000000114e+02 2.608184089147637663e-01
4.310000000000000000e+02 2.602916863983639750e-01
4.311999999999999886e+02 2.599239045698221173e-01
4.313999999999999773e+02 2.596957459911615751e-01
4.316000000000000227e+02 2.595804968635561649e-01
4.318000000000000114e+02 2.595512940667044632e-01
4.320000000000000000e+02 2.595818781118771068e-01
4.321999999999999886e+02 2.596457355320455074e-01
4.323999999999999773e+02 2.597179108555106586e-01
4.326000000000000227e+02 2.597767355708094361e-01
4.328000000000000114e+02 2.598042180533883250e-01
4.330000000000000000e+02 2.597858481581656331e-01
4.331999999999999886e+02 2.597106403175852285e-01
4.333999999999999773e+02 2.595726539617642104e-01
4.336000000000000227e+02 2.593706148798292088e-01
4.338000000000000114e+02 2.591057192177709245e-01
4.340000000000000000e+02 2.587858620973721990e-01
4.341999999999999886e+02 2.584211125947065701e-01
4.343999999999999773e+02 2.580217331783805079e-01
4.346000000000000227e+02 2.576048903137875268e-01
4.348000000000000114e+02 2.571847343511939332e-01
4.350000000000000000e+02 2.567747467506839021e-01
4.351999999999999886e+02 2.563920733386832462e-01
4.353999999999999773e+02 2.560478953018203718e-01
4.356000000000000227e+02 2.557530740179143613e-01
4.358000000000000114e+02 2.555191177009916714e-01
4.360000000000000000e+02 2.553542326517095340e-01
4.361999999999999886e+02 2.552604320514224590e-01
4.363999999999999773e+02 2.552392075135139216e-01
4.366000000000000227e+02 2.552939107382131700e-01
4.368000000000000114e+02 2.554246172013325822e-01
4.370000000000000000e+02 2.556305197784359828e-01
4.371999999999999886e+02 2.559099887013540631e-01
4.373999999999999773e+02 2.562598143345459212e-01
4.376000000000000227e+02 2.566779779913423987e-01
4.378000000000000114e+02 2.571602445112067814e-01
4.380000000000000000e+02 2.576996661889807694e-01
4.381999999999999886e+02 2.582926563233921557e-01
4.383999999999999773e+02 2.589337179436707603e-01
4.386000000000000227e+02 2.596164421206239026e-01
4.388000000000000114e+02 2.603360400876185698e-01
4.390000000000000000e+02 2.610812520563549066e-01
4.391999999999999886e+02 2.618417026022520910e-01
4.393999999999999773e+02 2.626112156834067846e-01
4.396000000000000227e+02 2.633814318602520910e-01
4.398000000000000114e+02 2.641439799198991301e-01
4.400000000000000000e+02 2.648926217704619668e-01
4.401999999999999886e+02 2.656240800547607916e-01
4.403999999999999773e+02 2.663308319771112154e-01
4.406000000000000227e+02 2.670081763520573692e-01
4.408000000000000114e+02 2.676568211878517234e-01
4.410000000000000000e+02 2.682757415316152083e-01
4.411999999999999886e+02 2.688671688717206298e-01
4.413999999999999773e+02 2.694343754794741863e-01
4.416000000000000227e+02 2.699777967155185254e-01
4.418000000000000114e+02 2.705028340464021297e-01
4.420000000000000000e+02 2.710159698822098284e-01
4.421999999999999886e+02 2.715222652953510063e-01
4.423999999999999773e+02 2.720269174509827859e-01
4.426000000000000227e+02 2.725363602629833903e-01
4.428000000000000114e+02 2.730555056931607827e-01
4.430000000000000000e+02 2.735848285501795707e-01
4.431999999999999886e+02 2.741277428302203445e-01
4.433999999999999773e+02 2.746867690679333229e-01
4.436000000000000227e+02 2.752622163073908390e-01
4.438000000000000114e+02 2.758562128428226901e-01
4.440000000000000000e+02 2.764660793400555705e-01
4.441999999999999886e+02 2.770876253970131486e-01
4.443999999999999773e+02 2.777207648966262821e-01
4.446000000000000227e+02 2.783628304898353445e-01
4.448000000000000114e+02 2.790121892713807727e-01
4.450000000000000000e+02 2.796683509862394335e-01
4.451999999999999886e+02 2.803254823961197628e-01
4.453999999999999773e+02 2.809810479621527857e-01
4.456000000000000227e+02 2.816343386604809318e-01
4.458000000000000114e+02 2.822820190825919284e-01
4.460000000000000000e+02 2.829208858281730965e-01
4.461999999999999886e+02 2.835496035140989135e-01
4.463999999999999773e+02 2.841671933501383474e-01
4.466000000000000227e+02 2.847673438250334366e-01
4.468000000000000114e+02 2.853471302981069324e-01
4.470000000000000000e+02 2.859055444325516171e-01
4.471999999999999886e+02 2.864395851603583343e-01
4.473999999999999773e+02 2.869489301731565356e-01
4.476000000000000227e+02 2.874314696072138853e-01
4.478000000000000114e+02 2.878829618430560622e-01
4.480000000000000000e+02 2.883034031547716536e-01
4.481999999999999886e+02 2.886919524661039071e-01
4.483999999999999773e+02 2.890477059250687319e-01
4.486000000000000227e+02 2.893717249407535830e-01
4.488000000000000114e+02 2.896635792754045924e-01
4.490000000000000000e+02 2.899242327433690369e-01
4.491999999999999886e+02 2.901567270855682223e-01
4.493999999999999773e+02 2.903633403425626702e-01
4.496000000000000227e+02 2.905471887598101710e-01
4.498000000000000114e+02 2.907126765253978395e-01
4.500000000000000000e+02 2.908651944013008195e-01
4.501999999999999886e+02 2.910092557770035393e-01
4.503999999999999773e+02 2.911499490532635237e-01
4.506000000000000227e+02 2.912931549571736167e-01
4.508000000000000114e+02 2.914439147035673416e-01
4.510000000000000000e+02 2.916078757891150119e-01
4.511999999999999886e+02 2.917905921103143840e-01
4.513999999999999773e+02 2.919966216701755934e-01
4.516000000000000227e+02 2.922314428738413961e-01
4.518000000000000114e+02 2.924999239372719773e-01
4.520000000000000000e+02 2.928055699431153514e-01
4.521999999999999886e+02 2.931510812722696868e-01
4.523999999999999773e+02 2.935398736191019431e-01
4.526000000000000227e+02 2.939735768370592139e-01
4.528000000000000114e+02 2.944499176389937523e-01
4.530000000000000000e+02 2.949690932281677780e-01
4.531999999999999886e+02 2.955301964345372068e-01
4.533999999999999773e+02 2.961307414187143161e-01
4.536000000000000227e+02 2.967703049901718182e-01
4.538000000000000114e+02 2.974435133890120375e-01
4.540000000000000000e+02 2.981442327843367712e-01
4.541999999999999886e+02 2.988705855177667403e-01
4.543999999999999773e+02 2.996172027985617992e-01
4.546000000000000227e+02 3.003802632407775453e-01
4.548000000000000114e+02 3.011571894572169228e-01
4.550000000000000000e+02 3.019397096751184617e-01
4.551999999999999886e+02 3.027244704654747931e-01
4.553999999999999773e+02 3.035107264071456590e-01
4.556000000000000227e+02 3.042956342697925587e-01
4.558000000000000114e+02 3.050767722763234047e-01
4.560000000000000000e+02 3.058544605425303486e-01
4.561999999999999886e+02 3.066297646509599795e-01
4.563999999999999773e+02 3.073983577449184712e-01
4.566000000000000227e+02 3.081610022957311790e-01
4.568000000000000114e+02 3.089201634601674296e-01
4.570000000000000000e+02 3.096752631663353683e-01
4.571999999999999886e+02 3.104293277127132544e-01
4.573999999999999773e+02 3.111821048689039637e-01
4.576000000000000227e+02 3.119303849840214804e-01
4.578000000000000114e+02 3.126765222718286275e-01
4.580000000000000000e+02 3.134211064867339358e-01
4.581999999999999886e+02 3.141630100781935275e-01
4.583999999999999773e+02 3.149016751271863090e-01
4.586000000000000227e+02 3.156391529976597665e-01
4.588000000000000114e+02 3.163737138921807190e-01
4.590000000000000000e+02 3.171009268013185722e-01
4.591999999999999886e+02 3.178223776611199258e-01
4.593999999999999773e+02 3.185375525952255926e-01
4.596000000000000227e+02 3.192461630886307966e-01
4.598000000000000114e+02 3.199506459840276151e-01
4.600000000000000000e+02 3.206480566427181156e-01
4.601999999999999886e+02 3.213380486200028141e-01
4.603999999999999773e+02 3.220236241542577260e-01
4.606000000000000227e+02 3.227045064414461040e-01
4.608000000000000114e+02 3.233831443842110076e-01
4.610000000000000000e+02 3.240609770276461910e-01
4.611999999999999886e+02 3.247352777291885317e-01
4.613999999999999773e+02 3.254079852204467826e-01
4.616000000000000227e+02 3.260803389815494779e-01
4.618000000000000114e+02 3.267511828038773825e-01
4.620000000000000000e+02 3.274195704785080596e-01
4.621999999999999886e+02 3.280870834119026802e-01
4.623999999999999773e+02 3.287536270940170646e-01
4.626000000000000227e+02 3.294149167244083132e-01
4.628000000000000114e+02 3.300717499387266773e-01
4.630000000000000000e+02 3.307244484553433228e-01
4.631999999999999886e+02 3.313724139399865098e-01
4.633999999999999773e+02 3.320183800015685804e-01
4.636000000000000227e+02 3.326609619838849508e-01
4.638000000000000114e+02 3.332992034800117964e-01
4.640000000000000000e+02 3.339366449683719984e-01
4.641999999999999886e+02 3.345737305943703999e-01
4.643999999999999773e+02 3.352124158325738290e-01
4.646000000000000227e+02 3.358553453001537070e-01
4.648000000000000114e+02 3.365003522421843862e-01
4.650000000000000000e+02 3.371493300141021332e-01
4.651999999999999886e+02 3.378053416900639316e-01
4.653999999999999773e+02 3.384687785135064853e-01
4.656000000000000227e+02 3.391396279090740373e-01
4.658000000000000114e+02 3.398198889762469865e-01
4.660000000000000000e+02 3.405113510362144935e-01
4.661999999999999886e+02 3.412102718811291235e-01
4.663999999999999773e+02 3.419171064852246644e-01
4.666000000000000227e+02 3.426327726325104073e-01
4.668000000000000114e+02 3.433551162965771675e-01
4.670000000000000000e+02 3.440854282596633174e-01
4.671999999999999886e+02 3.448214590909766675e-01
4.673999999999999773e+02 3.455587968416086730e-01
4.676000000000000227e+02 3.462987957605861422e-01
4.678000000000000114e+02 3.470399851567296801e-01
4.680000000000000000e+02 3.477807225377731459e-01
4.681999999999999886e+02 3.485210470426118312e-01
4.683999999999999773e+02 3.492547465593898171e-01
4.686000000000000227e+02 3.499783981208402506e-01
4.688000000000000114e+02 3.506920932547392677e-01
4.690000000000000000e+02 3.513936328116168406e-01
4.691999999999999886e+02 3.520809378210615348e-01
4.693999999999999773e+02 3.527536545584573635e-01
4.696000000000000227e+02 3.534125655990566495e-01
4.698000000000000114e+02 3.540535313954060737e-01
4.700000000000000000e+02 3.546757240256637744e-01
4.701999999999999886e+02 3.552815802870493145e-01
4.703999999999999773e+02 3.558708692862090905e-01
4.706000000000000227e+02 3.564456717266549224e-01
4.708000000000000114e+02 3.570069413360850152e-01
4.710000000000000000e+02 3.575527128010747013e-01
4.711999999999999886e+02 3.580857735611963633e-01
4.713999999999999773e+02 3.586087831414437321e-01
4.716000000000000227e+02 3.591230068017927657e-01
4.718000000000000114e+02 3.596300409393318742e-01
4.720000000000000000e+02 3.601330855399460518e-01
4.721999999999999886e+02 3.606336227386855997e-01
4.723999999999999773e+02 3.611302882932009295e-01
4.726000000000000227e+02 3.616259258402413357e-01
4.728000000000000114e+02 3.621227781536857648e-01
4.730000000000000000e+02 3.626221066613611321e-01
4.731999999999999886e+02 3.631264251413606203e-01
4.733999999999999773e+02 3.636337281398560606e-01
4.736000000000000227e+02 3.641423027033443005e-01
4.738000000000000114e+02 3.646539010201399478e-01
4.740000000000000000e+02 3.651679326395150249e-01
4.741999999999999886e+02 3.656853109635098686e-01
4.743999999999999773e+02 3.662071716477679484e-01
4.746000000000000227e+02 3.667306888583718449e-01
4.748000000000000114e+02 3.672563142521814705e-01
4.750000000000000000e+02 3.677852286235765433e-01
4.751999999999999886e+02 3.683166864887516545e-01
4.753999999999999773e+02 3.688494201004190454e-01
4.756000000000000227e+02 3.693830694183363739e-01
4.758000000000000114e+02 3.699161271054427491e-01
4.760000000000000000e+02 3.704425978197746772e-01
4.761999999999999886e+02 3.709603439979669015e-01
4.763999999999999773e+02 3.714682047758135486e-01
4.766000000000000227e+02 3.719638042308091030e-01
4.768000000000000114e+02 3.724473667156975032e-01
4.770000000000000000e+02 3.729166115220261535e-01
4.771999999999999886e+02 3.733680755063203960e-01
4.773999999999999773e+02 3.738018969692814553e-01
4.776000000000000227e+02 3.742167298547891541e-01
4.778000000000000114e+02 3.746101213571346178e-01
4.780000000000000000e+02 3.749796305240848948e-01
4.781999999999999886e+02 3.753233726336741016e-01
4.783999999999999773e+02 3.756376140102168359e-01
4.786000000000000227e+02 3.759188017203952126e-01
4.788000000000000114e+02 3.761678625709272139e-01
4.790000000000000000e+02 3.763866078504396473e-01
4.791999999999999886e+02 3.765781098988042475e-01
4.793999999999999773e+02 3.767468184622417282e-01
4.796000000000000227e+02 3.768963420719594337e-01
4.798000000000000114e+02 3.770312645492732706e-01
4.800000000000000000e+02 3.771567547696159650e-01
4.801999999999999886e+02 3.772770315402275698e-01
4.803999999999999773e+02 3.773965100197185785e-01
4.806000000000000227e+02 3.775190303288783467e-01
4.808000000000000114e+02 3.776476690474577236e-01
4.810000000000000000e+02 3.777864815519201835e-01
4.811999999999999886e+02 3.779394240476262601e-01
4.813999999999999773e+02 3.781099673250850612e-01
4.816000000000000227e+02 3.783011284935753893e-01
4.818000000000000114e+02 3.785156227509242077e-01
4.820000000000000000e+02 3.787535673692754568e-01
4.821999999999999886e+02 3.790117630348947553e-01
4.823999999999999773e+02 3.792869852499571870e-01
4.826000000000000227e+02 3.795743712185876695e-01
4.828000000000000114e+02 3.798681226224592811e-01
4.830000000000000000e+02 3.801630992528019504e-01
4.831999999999999886e+02 3.804521849113783327e-01
4.833999999999999773e+02 3.807296610341611709e-01
4.836000000000000227e+02 3.809929734369854604e-01
4.838000000000000114e+02 3.812399563578859341e-01
4.840000000000000000e+02 3.814703587818903396e-01
4.841999999999999886e+02 3.816847025517698389e-01
4.843999999999999773e+02 3.818821456173293605e-01
4.846000000000000227e+02 3.820631721529618163e-01
4.848000000000000114e+02 3.822284726779210384e-01
4.850000000000000000e+02 3.823783369643807273e-01
4.851999999999999886e+02 3.825140142225116890e-01
4.853999999999999773e+02 3.826378184826128570e-01
4.856000000000000227e+02 3.827523712960410052e-01
4.858000000000000114e+02 3.828596666245425717e-01
4.860000000000000000e+02 3.829622675389065534e-01
4.861999999999999886e+02 3.830622551422170341e-01
4.863999999999999773e+02 3.831606410918541594e-01
4.866000000000000227e+02 3.832580225652417183e-01
4.868000000000000114e+02 3.833534076626769482e-01
4.870000000000000000e+02 3.834447450234779176e-01
4.871999999999999886e+02 3.835301028942647017e-01
4.873999999999999773e+02 3.836070610687009608e-01
4.876000000000000227e+02 3.836733810109705933e-01
4.878000000000000114e+02 3.837275438995965127e-01
4.880000000000000000e+02 3.837688155449883176e-01
4.881999999999999886e+02 3.837963326501093175e-01
4.883999999999999773e+02 3.838090856966064335e-01
4.886000000000000227e+02 3.838062547428288118e-01
4.888000000000000114e+02 3.837870481626010633e-01
4.890000000000000000e+02 3.837509540782281237e-01
4.891999999999999886e+02 3.836980630874858300e-01
4.893999999999999773e+02 3.836294040915300130e-01
4.896000000000000227e+02 3.835456573759800647e-01
4.898000000000000114e+02 3.834473220537432669e-01
4.900000000000000000e+02 3.833353772875643939e-01
4.901999999999999886e+02 3.832107634799767903e-01
4.903999999999999773e+02 3.830756401229069019e-01
4.906000000000000227e+02 3.829333954548967411e-01
4.908000000000000114e+02 3.827862097235580907e-01
4.910000000000000000e+02 3.826357235800504353e-01
4.911999999999999886e+02 3.824833577005216645e-01
4.913999999999999773e+02 3.823303956640641821e-01
4.916000000000000227e+02 3.821778826459751310e-01
4.918000000000000114e+02 3.820275273298858743e-01
4.920000000000000000e+02 3.818814478642645893e-01
4.921999999999999886e+02 3.817399508437359645e-01
4.923999999999999773e+02 3.816035362483778393e-01
4.926000000000000227e+02 3.814727646724159205e-01
4.928000000000000114e+02 3.813474932411636265e-01
4.930000000000000000e+02 3.812280264327180812e-01
4.931999999999999886e+02 3.811135906249306649e-01
4.933999999999999773e+02 3.810017551167337313e-01
4.936000000000000227e+02 3.808896512744678886e-01
4.938000000000000114e+02 3.807742178197155991e-01
4.940000000000000000e+02 3.806533553462556063e-01
4.941999999999999886e+02 3.805269918485824077e-01
4.943999999999999773e+02 3.803947046536612642e-01
4.946000000000000227e+02 3.802559656594864390e-01
4.948000000000000114e+02 3.801104295504768582e-01
4.950000000000000000e+02 3.799578255455588471e-01
4.951999999999999886e+02 3.797978110644931737e-01
4.953999999999999773e+02 3.796307407532314437e-01
4.956000000000000227e+02 3.794582551365992540e-01
4.958000000000000114e+02 3.792806898448083941e-01
4.960000000000000000e+02 3.790982391061299417e-01
4.961999999999999886e+02 3.789114054202634696e-01
4.963999999999999773e+02 3.787201510810490057e-01
4.966000000000000227e+02 3.785263713851341194e-01
4.968000000000000114e+02 3.783322787314487012e-01
4.970000000000000000e+02 3.781378712548935095e-01
4.971999999999999886e+02 3.779424679394053910e-01
4.973999999999999773e+02 3.777449139539480472e-01
4.976000000000000227e+02 3.775433775963830119e-01
4.978000000000000114e+02 3.773350145942529488e-01
4.980000000000000000e+02 3.771181724646212596e-01
4.981999999999999886e+02 3.768911983584032344e-01
4.983999999999999773e+02 3.766507801654354615e-01
4.986000000000000227e+02 3.763944996596094716e-01
4.988000000000000114e+02 3.761195235772522572e-01
4.990000000000000000e+02 3.758231426808002484e-01
4.991999999999999886e+02 3.755060789808508104e-01
4.993999999999999773e+02 3.751677040049583578e-01
4.996000000000000227e+02 3.748067547213888018e-01
4.998000000000000114e+02 3.744231596039149790e-01
5.000000000000000000e+02 3.740157009632527618e-01
5.001999999999999886e+02 3.735858224244980041e-01
5.003999999999999773e+02 3.731376852793463206e-01
5.006000000000000227e+02 3.726730752753764087e-01
5.008000000000000114e+02 3.721953266401821225e-01
5.010000000000000000e+02 3.717092807591603210e-01
5.011999999999999886e+02 3.712197231239470208e-01
5.013999999999999773e+02 3.707295313885902166e-01
5.016000000000000227e+02 3.702436443628439044e-01
5.018000000000000114e+02 3.697686369993052891e-01
5.020000000000000000e+02 3.693066353497519438e-01
5.021999999999999886e+02 3.688600864511513144e-01
5.023999999999999773e+02 3.684308440820658892e-01
5.026000000000000227e+02 3.680187596001818773e-01
5.028000000000000114e+02 3.676268175280925643e-01
5.030000000000000000e+02 3.672566553551083190e-01
5.031999999999999886e+02 3.669076775327877460e-01
5.033999999999999773e+02 3.665807861824323943e-01
5.036000000000000227e+02 3.662747517611178449e-01
5.038000000000000114e+02 3.659876736094669902e-01
5.040000000000000000e+02 3.657188745818131248e-01
5.041999999999999886e+02 3.654655353773763604e-01
5.043999999999999773e+02 3.652248650933982432e-01
5.046000000000000227e+02 3.649949899884651350e-01
5.048000000000000114e+02 3.647740670261259144e-01
5.050000000000000000e+02 3.645599717598265177e-01
5.051999999999999886e+02 3.643517403847063019e-01
5.053999999999999773e+02 3.641505641714017361e-01
5.056000000000000227e+02 3.639564830637206927e-01
5.058000000000000114e+02 3.637696509393130162e-01
5.060000000000000000e+02 3.635903380596198775e-01
5.061999999999999886e+02 3.634173176310446229e-01
5.063999999999999773e+02 3.632501117779299293e-01
5.066000000000000227e+02 3.630884738043732018e-01
5.068000000000000114e+02 3.629316107893851839e-01
5.070000000000000000e+02 3.627796802746105498e-01
5.071999999999999886e+02 3.626330839094493719e-01
5.073999999999999773e+02 3.624919728309443090e-01
5.076000000000000227e+02 3.623561705054353932e-01
5.078000000000000114e+02 3.622263910788141583e-01
5.080000000000000000e+02 3.621029851103970687e-01
5.081999999999999886e+02 3.619846303681724664e-01
5.083999999999999773e+02 3.618696099873908723e-01
5.086000000000000227e+02 3.617551223091099444e-01
5.088000000000000114e+02 3.616375611014931990e-01
5.090000000000000000e+02 3.615139092479355276e-01
5.091999999999999886e+02 3.613807069323748955e-01
5.093999999999999773e+02 3.612347602736525887e-01
5.096000000000000227e+02 3.610737584525248733e-01
5.098000000000000114e+02 3.608947871074229541e-01
5.100000000000000000e+02 3.606963598438077123e-01
5.101999999999999886e+02 3.604783231028940715e-01
5.103999999999999773e+02 3.602396191926772184e-01
5.106000000000000227e+02 3.599796796119619779e-01
5.108000000000000114e+02 3.596983771355994342e-01
5.110000000000000000e+02 3.593955294864748518e-01
5.111999999999999886e+02 3.590703585941865672e-01
5.113999999999999773e+02 3.587247181126208551e-01
5.116000000000000227e+02 3.583626199133425061e-01
5.118000000000000114e+02 3.579864755386647501e-01
5.120000000000000000e+02 3.576007123971138846e-01
5.122000000000000455e+02 3.572097915241694288e-01
5.123999999999999773e+02 3.568164945883991468e-01
5.126000000000000227e+02 3.564259164109811473e-01
5.127999999999999545e+02 3.560407215346503840e-01
5.130000000000000000e+02 3.556607516213690645e-01
5.132000000000000455e+02 3.552864480220733201e-01
5.133999999999999773e+02 3.549157204808405242e-01
5.136000000000000227e+02 3.545466718001292206e-01
5.137999999999999545e+02 3.541797159096854997e-01
5.140000000000000000e+02 3.538130043401251923e-01
5.142000000000000455e+02 3.534451466814002574e-01
5.143999999999999773e+02 3.530759650736893240e-01
5.146000000000000227e+02 3.527051623263340319e-01
5.147999999999999545e+02 3.523308598172979478e-01
5.150000000000000000e+02 3.519519240323448206e-01
5.152000000000000455e+02 3.515692154579603268e-01
5.153999999999999773e+02 3.511807422987154870e-01
5.156000000000000227e+02 3.507854093359060177e-01
5.157999999999999545e+02 3.503831453597446299e-01
5.160000000000000000e+02 3.499722469243167766e-01
5.162000000000000455e+02 3.495541212446871548e-01
5.163999999999999773e+02 3.491305500852061594e-01
5.166000000000000227e+02 3.487012911467892162e-01
5.167999999999999545e+02 3.482677613668306860e-01
5.170000000000000000e+02 3.478319058079824555e-01
5.172000000000000455e+02 3.473948872144071442e-01
5.173999999999999773e+02 3.469561667923610204e-01
5.176000000000000227e+02 3.465177245691799524e-01
5.177999999999999545e+02 3.460810246210864194e-01
5.180000000000000000e+02 3.456449074515383635e-01
5.182000000000000455e+02 3.452107003404515373e-01
5.183999999999999773e+02 3.447789867865105329e-01
5.186000000000000227e+02 3.443502980087360110e-01
5.187999999999999545e+02 3.439285591373081874e-01
5.190000000000000000e+02 3.435151595667153002e-01
5.192000000000000455e+02 3.431112684686100645e-01
5.193999999999999773e+02 3.427196187944498984e-01
5.196000000000000227e+02 3.423400553000910396e-01
5.197999999999999545e+02 3.419729620934303105e-01
5.200000000000000000e+02 3.416185143067460017e-01
5.202000000000000455e+02 3.412730184739233841e-01
5.203999999999999773e+02 3.409331829012586246e-01
5.206000000000000227e+02 3.405963278657843651e-01
5.207999999999999545e+02 3.402594900435040315e-01
5.210000000000000000e+02 3.399180514096510342e-01
5.212000000000000455e+02 3.395696870959635794e-01
5.213999999999999773e+02 3.392150068863779011e-01
5.216000000000000227e+02 3.388562398479236237e-01
5.217999999999999545e+02 3.384996586718500011e-01
5.220000000000000000e+02 3.381519681841241853e-01
5.222000000000000455e+02 3.378179185085907199e-01
5.223999999999999773e+02 3.375035900374425690e-01
5.226000000000000227e+02 3.372122520969990100e-01
5.227999999999999545e+02 3.369445466966338176e-01
5.230000000000000000e+02 3.367014794742553829e-01
5.232000000000000455e+02 3.364829190447626295e-01
5.233999999999999773e+02 3.362869301071563233e-01
5.236000000000000227e+02 3.361099521328668183e-01
5.237999999999999545e+02 3.359487565405269716e-01
5.240000000000000000e+02 3.357987447920382507e-01
5.242000000000000455e+02 3.356538527731748323e-01
5.243999999999999773e+02 3.355070087810185231e-01
5.246000000000000227e+02 3.353462847904917776e-01
5.247999999999999545e+02 3.351574006180071952e-01
5.250000000000000000e+02 3.349263228162008832e-01
5.252000000000000455e+02 3.346400958286553373e-01
5.253999999999999773e+02 3.342898022347074449e-01
5.256000000000000227e+02 3.338703983108718409e-01
5.257999999999999545e+02 3.333795120995766137e-01
5.260000000000000000e+02 3.328226887301083403e-01
5.262000000000000455e+02 3.322086048836557781e-01
5.263999999999999773e+02 3.315461798716078934e-01
5.266000000000000227e+02 3.308493418578623002e-01
5.267999999999999545e+02 3.301341901430233650e-01
5.270000000000000000e+02 3.294150223565837088e-01
5.272000000000000455e+02 3.287006080531000296e-01
5.273999999999999773e+02 3.280023965789930496e-01
5.276000000000000227e+02 3.273295217747452801e-01
5.277999999999999545e+02 3.266860039971673513e-01
5.280000000000000000e+02 3.260776845346109454e-01
5.282000000000000455e+02 3.255078771341998745e-01
5.283999999999999773e+02 3.249784128241944847e-01
5.286000000000000227e+02 3.244930103162261825e-01
5.287999999999999545e+02 3.240498533595326247e-01
5.290000000000000000e+02 3.236456330568882600e-01
5.292000000000000455e+02 3.232785026030771114e-01
5.293999999999999773e+02 3.229455441236346314e-01
5.296000000000000227e+02 3.226478888088088470e-01
5.297999999999999545e+02 3.223916721779540029e-01
5.300000000000000000e+02 3.221879973042270917e-01
5.302000000000000455e+02 3.220609310994884678e-01
5.303999999999999773e+02 3.220465357841023613e-01
5.306000000000000227e+02 3.221922254936941954e-01
5.307999999999999545e+02 3.225583735619845793e-01
5.310000000000000000e+02 3.232114422271774590e-01
5.312000000000000455e+02 3.242248427728348648e-01
5.313999999999999773e+02 3.256822540801996846e-01
5.316000000000000227e+02 3.276656544599699239e-01
5.317999999999999545e+02 3.302636274722931531e-01
5.320000000000000000e+02 3.335658264605287360e-01
5.322000000000000455e+02 3.376228448169090179e-01
5.323999999999999773e+02 3.424843946799177585e-01
5.326000000000000227e+02 3.481935224074600432e-01
5.327999999999999545e+02 3.547570339850164567e-01
5.330000000000000000e+02 3.621443105973281007e-01
5.332000000000000455e+02 3.703143991158243109e-01
5.333999999999999773e+02 3.792046804466477350e-01
5.336000000000000227e+02 3.886428005701320076e-01
5.337999999999999545e+02 3.984691683504836268e-01
5.340000000000000000e+02 4.085254533307176028e-01
5.342000000000000455e+02 4.185900279766858745e-01
5.343999999999999773e+02 4.284635171440990264e-01
5.346000000000000227e+02 4.379049191357807791e-01
5.347999999999999545e+02 4.466243196072490207e-01
5.350000000000000000e+02 4.544212780535585305e-01
5.352000000000000455e+02 4.610990190455174775e-01
5.353999999999999773e+02 4.664690747469212861e-01
5.356000000000000227e+02 4.703955763836716875e-01
5.357999999999999545e+02 4.727597360029147100e-01
5.360000000000000000e+02 4.734950180648979656e-01
5.362000000000000455e+02 4.726024311073009909e-01
5.363999999999999773e+02 4.701147253073195142e-01
5.366000000000000227e+02 4.661149923381101567e-01
5.367999999999999545e+02 4.607196175598483601e-01
5.370000000000000000e+02 4.540579218748555523e-01
5.372000000000000455e+02 4.463444448064567416e-01
5.373999999999999773e+02 4.377996025017069637e-01
5.376000000000000227e+02 4.286157774912623952e-01
5.377999999999999545e+02 4.190228316259488328e-01
5.380000000000000000e+02 4.092139711861772500e-01
5.382000000000000455e+02 3.993795958645179889e-01
5.383999999999999773e+02 3.897625435096285229e-01
5.386000000000000227e+02 3.805078588747473067e-01
5.387999999999999545e+02 3.717307676065478295e-01
5.390000000000000000e+02 3.635474767023588183e-01
5.392000000000000455e+02 3.560097585628526073e-01
5.393999999999999773e+02 3.491849100619273116e-01
5.396000000000000227e+02 3.431246486182515931e-01
5.397999999999999545e+02 3.378026033013207807e-01
5.400000000000000000e+02 3.331960735732483747e-01
5.402000000000000455e+02 3.292762529977505404e-01
5.403999999999999773e+02 3.259956596319362743e-01
5.406000000000000227e+02 3.232916872503441286e-01
5.407999999999999545e+02 3.211116369679514748e-01
5.410000000000000000e+02 3.194028562711936359e-01
5.412000000000000455e+02 3.180951029565735610e-01
5.413999999999999773e+02 3.171296612189986042e-01
5.416000000000000227e+02 3.164540669062296807e-01
5.417999999999999545e+02 3.160190104827608759e-01
5.420000000000000000e+02 3.157845752654266369e-01
5.422000000000000455e+02 3.157144197827895793e-01
5.423999999999999773e+02 3.157768200176394036e-01
5.426000000000000227e+02 3.159479508598478370e-01
5.427999999999999545e+02 3.162087744421694935e-01
5.430000000000000000e+02 3.165454150862745397e-01
5.432000000000000455e+02 3.169479253046577627e-01
5.433999999999999773e+02 3.174057003823497758e-01
5.436000000000000227e+02 3.179132741527599948e-01
5.437999999999999545e+02 3.184685881135390084e-01
5.440000000000000000e+02 3.190695221059599573e-01
5.442000000000000455e+02 3.197175303433963389e-01
5.443999999999999773e+02 3.204114253165704085e-01
5.446000000000000227e+02 3.211467831100411896e-01
5.447999999999999545e+02 3.219243147198146970e-01
5.450000000000000000e+02 3.227425675631164781e-01
5.452000000000000455e+02 3.236004517815430637e-01
5.453999999999999773e+02 3.245005511218171934e-01
5.456000000000000227e+02 3.254361602844170753e-01
5.457999999999999545e+02 3.264077653437160720e-01
5.460000000000000000e+02 3.274183587351109370e-01
5.462000000000000455e+02 3.284397290765695421e-01
5.463999999999999773e+02 3.294804108388130759e-01
5.466000000000000227e+02 3.305630683095030498e-01
5.467999999999999545e+02 3.316776831274960147e-01
5.470000000000000000e+02 3.328232157730144358e-01
5.472000000000000455e+02 3.340048533810286990e-01
5.473999999999999773e+02 3.352256981936487246e-01
5.476000000000000227e+02 3.364812996141867685e-01
5.477999999999999545e+02 3.377710060497256528e-01
5.480000000000000000e+02 3.391004653859019946e-01
5.482000000000000455e+02 3.404698773244022036e-01
5.483999999999999773e+02 3.418827831545251938e-01
5.486000000000000227e+02 3.433433505309192446e-01
5.487999999999999545e+02 3.448454724979594377e-01
5.490000000000000000e+02 3.463898180323298215e-01
5.492000000000000455e+02 3.479830119829777635e-01
5.493999999999999773e+02 3.496307597176818716e-01
5.496000000000000227e+02 3.513279684381894752e-01
5.497999999999999545e+02 3.530700437689844318e-01
5.500000000000000000e+02 3.548615591331245045e-01
5.502000000000000455e+02 3.567081346051910740e-01
5.503999999999999773e+02 3.586072864848303676e-01
5.506000000000000227e+02 3.605500043737329130e-01
5.507999999999999545e+02 3.625394354041944212e-01
5.510000000000000000e+02 3.645827154095939160e-01
5.512000000000000455e+02 3.666825121260957054e-01
5.513999999999999773e+02 3.688278169819305119e-01
5.516000000000000227e+02 3.710194354085704083e-01
5.517999999999999545e+02 3.732626951428015816e-01
5.520000000000000000e+02 3.755544582031532519e-01
5.522000000000000455e+02 3.779004474924015367e-01
5.523999999999999773e+02 3.803006930001991970e-01
5.526000000000000227e+02 3.827419312367679183e-01
5.527999999999999545e+02 3.852258785621545112e-01
5.530000000000000000e+02 3.877603727515499532e-01
5.532000000000000455e+02 3.903496702474074098e-01
5.533999999999999773e+02 3.929823265844639146e-01
5.536000000000000227e+02 3.956566874143257473e-01
5.537999999999999545e+02 3.983832365981279100e-01
5.540000000000000000e+02 4.011726424469262420e-01
5.542000000000000455e+02 4.040198696485522434e-01
5.543999999999999773e+02 4.069182485063368437e-01
5.546000000000000227e+02 4.098781636933875316e-01
5.547999999999999545e+02 4.129127105084141047e-01
5.550000000000000000e+02 4.160224527556374841e-01
5.552000000000000455e+02 4.191930510150719824e-01
5.553999999999999773e+02 4.224323398240731886e-01
5.556000000000000227e+02 4.257457874499447903e-01
5.557999999999999545e+02 4.291319048176379103e-01
5.560000000000000000e+02 4.326047351653452000e-01
5.562000000000000455e+02 4.361608421337185848e-01
5.563999999999999773e+02 4.397871809921774511e-01
5.566000000000000227e+02 4.434931530529825916e-01
5.567999999999999545e+02 4.472924648055184305e-01
5.570000000000000000e+02 4.511867150572935192e-01
5.572000000000000455e+02 4.551558535708668529e-01
5.573999999999999773e+02 4.592002959410472207e-01
5.576000000000000227e+02 4.633319762854138935e-01
5.577999999999999545e+02 4.675591305821535926e-01
5.580000000000000000e+02 4.718632555704619369e-01
5.582000000000000455e+02 4.762363713386291164e-01
5.583999999999999773e+02 4.806923384239102925e-01
5.586000000000000227e+02 4.852471175609943121e-01
5.587999999999999545e+02 4.898913913203079562e-01
5.590000000000000000e+02 4.946082673062118240e-01
5.592000000000000455e+02 4.994138970771143105e-01
5.593999999999999773e+02 5.043099774521215828e-01
5.596000000000000227e+02 5.092975067442414572e-01
5.597999999999999545e+02 5.143942278331634643e-01
5.600000000000000000e+02 5.195816827153083572e-01
5.602000000000000455e+02 5.248447898542203394e-01
5.603999999999999773e+02 5.301982870852649521e-01
5.606000000000000227e+02 5.356602464894743010e-01
5.607999999999999545e+02 5.412236640614468408e-01
5.610000000000000000e+02 5.468640785483974698e-01
5.612000000000000455e+02 5.525918189876863895e-01
5.613999999999999773e+02 5.584264533219912563e-01
5.616000000000000227e+02 5.643733116643500081e-01
5.617999999999999545e+02 5.704016259722343163e-01
5.620000000000000000e+02 5.765086522433621186e-01
5.622000000000000455e+02 5.827121699506502273e-01
5.623999999999999773e+02 5.890253044784156122e-01
5.626000000000000227e+02 5.954204660324281528e-01
5.627999999999999545e+02 6.018771269605145413e-01
5.630000000000000000e+02 6.084096276217308974e-01
5.632000000000000455e+02 6.150358041727052028e-01
5.633999999999999773e+02 6.217404139117448381e-01
5.636000000000000227e+02 6.284879334960316033e-01
5.637999999999999545e+02 6.352913482016567803e-01
5.640000000000000000e+02 6.421478248614528317e-01
5.642000000000000455e+02 6.490461120173738330e-01
5.643999999999999773e+02 6.560011439582584813e-01
5.646000000000000227e+02 6.629831834162563942e-01
5.647999999999999545e+02 6.699577995956897958e-01
5.650000000000000000e+02 6.769341602606684383e-01
5.652000000000000455e+02 6.839250247644516056e-01
5.653999999999999773e+02 6.909154980566027948e-01
5.656000000000000227e+02 6.978630895621310559e-01
5.657999999999999545e+02 7.047704204517938331e-01
5.660000000000000000e+02 7.116546030162300696e-01
5.662000000000000455e+02 7.185200517783358887e-01
5.663999999999999773e+02 7.253294450402992810e-01
5.666000000000000227e+02 7.320741700951803876e-01
5.667999999999999545e+02 7.387745210150481467e-01
5.670000000000000000e+02 7.454477812990888408e-01
5.672000000000000455e+02 7.520707212071978676e-01
5.673999999999999773e+02 7.586241676001689305e-01
5.676000000000000227e+02 7.651322295217475311e-01
5.677999999999999545e+02 7.715939507281486254e-01
5.680000000000000000e+02 7.780150049416157954e-01
5.682000000000000455e+02 7.844155910978137802e-01
5.683999999999999773e+02 7.907680670068406581e-01
5.686000000000000227e+02 7.970614228640497956e-01
5.687999999999999545e+02 8.033149344884863430e-01
5.690000000000000000e+02 8.095435150057371798e-01
5.692000000000000455e+02 8.157268387535445697e-01
5.693999999999999773e+02 8.218352149835391751e-01
5.696000000000000227e+02 8.278770989016962512e-01
5.697999999999999545e+02 8.338649583490412853e-01
5.700000000000000000e+02 8.397907629997777290e-01
5.702000000000000455e+02 8.456177725586431215e-01
5.703999999999999773e+02 8.513446378217354171e-01
5.706000000000000227e+02 8.569848218465149214e-01
5.707999999999999545e+02 8.625429701334819121e-01
5.710000000000000000e+02 8.679879939859468374e-01
5.712000000000000455e+02 8.733111114597306157e-01
5.713999999999999773e+02 8.785274560296525426e-01
5.716000000000000227e+02 8.836297527830866416e-01
5.717999999999999545e+02 8.886265245777271726e-01
5.720000000000000000e+02 8.935258526462563911e-01
5.722000000000000455e+02 8.983030414181591983e-01
5.723999999999999773e+02 9.029604402646286276e-01
5.726000000000000227e+02 9.075165246054475165e-01
5.727999999999999545e+02 9.119837977505873550e-01
5.730000000000000000e+02 9.163472017311644624e-01
5.732000000000000455e+02 9.205990639775801787e-01
5.733999999999999773e+02 9.247540562179240586e-01
5.736000000000000227e+02 9.288242615481674402e-01
5.737999999999999545e+02 9.328011135351396144e-01
5.740000000000000000e+02 9.366654700364778208e-01
5.742000000000000455e+02 9.404231248902430451e-01
5.743999999999999773e+02 9.440826648093506579e-01
5.746000000000000227e+02 9.476409219605840262e-01
5.747999999999999545e+02 9.510743276303943450e-01
5.750000000000000000e+02 9.543819679724677707e-01
5.752000000000000455e+02 9.575679484825699861e-01
5.753999999999999773e+02 9.606248624006962222e-01
5.756000000000000227e+02 9.635582371051143458e-01
5.757999999999999545e+02 9.663649109455922925e-01
5.760000000000000000e+02 9.690289293410409011e-01
5.762000000000000455e+02 9.715545817946765750e-01
5.763999999999999773e+02 9.739504766373549005e-01
5.766000000000000227e+02 9.762203352698991532e-01
5.767999999999999545e+02 9.783575277567185813e-01
5.770000000000000000e+02 9.803620639839695228e-01
5.772000000000000455e+02 9.822432730000916212e-01
5.773999999999999773e+02 9.840160788805156766e-01
5.776000000000000227e+02 9.856794380850846249e-01
5.777999999999999545e+02 9.872341225749440285e-01
5.780000000000000000e+02 9.886954676133825615e-01
5.782000000000000455e+02 9.900612934795230968e-01
5.783999999999999773e+02 9.913330383414743485e-01
5.786000000000000227e+02 9.925224151635476666e-01
5.787999999999999545e+02 9.936255666514053342e-01
5.790000000000000000e+02 9.946436949588854937e-01
5.792000000000000455e+02 9.955831990932781927e-01
5.793999999999999773e+02 9.964374527352081179e-01
5.796000000000000227e+02 9.972054522736230053e-01
5.797999999999999545e+02 9.978884134653698279e-01
5.800000000000000000e+02 9.984787826952267187e-01
5.802000000000000455e+02 9.989751570047818996e-01
5.803999999999999773e+02 9.993775927124074476e-01
5.806000000000000227e+02 9.996818303686215712e-01
5.807999999999999545e+02 9.998872176440084525e-01
5.810000000000000000e+02 9.999936874358751338e-01
5.812000000000000455e+02 1.000000000000000000e+00
5.813999999999999773e+02 9.999065423975613820e-01
5.816000000000000227e+02 9.997125798072923342e-01
5.817999999999999545e+02 9.994164555387019533e-01
5.820000000000000000e+02 9.990191346554150309e-01
5.822000000000000455e+02 9.985181644010844293e-01
5.823999999999999773e+02 9.979102504783442518e-01
5.826000000000000227e+02 9.971975636834555790e-01
5.827999999999999545e+02 9.963752455822385556e-01
5.830000000000000000e+02 9.954390972098502433e-01
5.832000000000000455e+02 9.943939836459273485e-01
5.833999999999999773e+02 9.932335446394945366e-01
5.836000000000000227e+02 9.919550144164227534e-01
5.837999999999999545e+02 9.905664127770004157e-01
5.840000000000000000e+02 9.890616407872305782e-01
5.842000000000000455e+02 9.874408140847590332e-01
5.843999999999999773e+02 9.857140588400209458e-01
5.846000000000000227e+02 9.838812658493804042e-01
5.847999999999999545e+02 9.819391295659170016e-01
5.850000000000000000e+02 9.798902194497786100e-01
5.852000000000000455e+02 9.777536115240299530e-01
5.853999999999999773e+02 9.755304853392627873e-01
5.856000000000000227e+02 9.732212256565858643e-01
5.857999999999999545e+02 9.708501439906976893e-01
5.860000000000000000e+02 9.684159247229729983e-01
5.862000000000000455e+02 9.659192880890612454e-01
5.863999999999999773e+02 9.633814920275534099e-01
5.866000000000000227e+02 9.607935535673663985e-01
5.867999999999999545e+02 9.581551895109944317e-01
5.870000000000000000e+02 9.554829807899053451e-01
5.872000000000000455e+02 9.527608209085499658e-01
5.873999999999999773e+02 9.499871016433484305e-01
5.876000000000000227e+02 9.471754215427828916e-01
5.877999999999999545e+02 9.443186730088706238e-01
5.880000000000000000e+02 9.414038944749626436e-01
5.882000000000000455e+02 9.384269143744939923e-01
5.883999999999999773e+02 9.354032715198746795e-01
5.886000000000000227e+02 9.323198353780944858e-01
5.887999999999999545e+02 9.291670637724249726e-01
5.890000000000000000e+02 9.259651288275639880e-01
5.892000000000000455e+02 9.226995265165343074e-01
5.893999999999999773e+02 9.193673942731656057e-01
5.896000000000000227e+02 9.159919553100988043e-01
5.897999999999999545e+02 9.125564480024636049e-01
5.900000000000000000e+02 9.090644668349787683e-01
5.902000000000000455e+02 9.055392083695793515e-01
5.903999999999999773e+02 9.019620876715371827e-01
5.906000000000000227e+02 8.983420381359538132e-01
5.907999999999999545e+02 8.946981179282054164e-01
5.910000000000000000e+02 8.910084385695644649e-01
5.912000000000000455e+02 8.872816862821414352e-01
5.913999999999999773e+02 8.835335480606949510e-01
5.916000000000000227e+02 8.797525547698806792e-01
5.917999999999999545e+02 8.759237974409195271e-01
5.920000000000000000e+02 8.720503228582643374e-01
5.922000000000000455e+02 8.681522256295081119e-01
5.923999999999999773e+02 8.642068892469855212e-01
5.926000000000000227e+02 8.602125605754693538e-01
5.927999999999999545e+02 8.561917890379528995e-01
5.930000000000000000e+02 8.521193965491389299e-01
5.932000000000000455e+02 8.479997627901020296e-01
5.933999999999999773e+02 8.438521882278845476e-01
5.936000000000000227e+02 8.396486900116850727e-01
5.937999999999999545e+02 8.354007400728644672e-01
5.940000000000000000e+02 8.311245368012446511e-01
5.942000000000000455e+02 8.267920272423565642e-01
5.943999999999999773e+02 8.224216206800505358e-01
5.946000000000000227e+02 8.180254060906364533e-01
5.947999999999999545e+02 8.135772475571716456e-01
5.950000000000000000e+02 8.090972545941016447e-01
5.952000000000000455e+02 8.046002766080040391e-01
5.953999999999999773e+02 8.000747336868786475e-01
5.956000000000000227e+02 7.955091340604089067e-01
5.957999999999999545e+02 7.909194174260336663e-01
5.960000000000000000e+02 7.863278789587853090e-01
5.962000000000000455e+02 7.817081817220075113e-01
5.963999999999999773e+02 7.770743612258622646e-01
5.966000000000000227e+02 7.724485056126896287e-01
5.967999999999999545e+02 7.678028065638539124e-01
5.970000000000000000e+02 7.631574342470167638e-01
5.972000000000000455e+02 7.585283960420184934e-01
5.973999999999999773e+02 7.538875463694778567e-01
5.976000000000000227e+02 7.492584255399407089e-01
5.977999999999999545e+02 7.446480808936385420e-01
5.980000000000000000e+02 7.400277911410175768e-01
5.982000000000000455e+02 7.354181339036527376e-01
5.983999999999999773e+02 7.308271100505443485e-01
5.986000000000000227e+02 7.262366188412469059e-01
5.987999999999999545e+02 7.216296151042572715e-01
5.990000000000000000e+02 7.170193658885480881e-01
5.992000000000000455e+02 7.124200274908283337e-01
5.993999999999999773e+02 7.078009753258198700e-01
5.996000000000000227e+02 7.031781626825779341e-01
5.997999999999999545e+02 6.985676414852709515e-01
6.000000000000000000e+02 6.939410515634368837e-01
6.002000000000000455e+02 6.893223670810955106e-01
6.003999999999999773e+02 6.847229475856395631e-01
6.006000000000000227e+02 6.801170298588125052e-01
6.007999999999999545e+02 6.755345687428060408e-01
6.010000000000000000e+02 6.709811954804690837e-01
6.012000000000000455e+02 6.664348728671765087e-01
6.013999999999999773e+02 6.619263416980279979e-01
6.016000000000000227e+02 6.574520669463518319e-01
6.017999999999999545e+02 6.529911897403191112e-01
6.020000000000000000e+02 6.485694726201283178e-01
6.022000000000000455e+02 6.441885581998209043e-01
6.023999999999999773e+02 6.398307493678639934e-01
6.026000000000000227e+02 6.354817349095617240e-01
6.027999999999999545e+02 6.311576417378857995e-01
6.030000000000000000e+02 6.268588905637059172e-01
6.032000000000000455e+02 6.225529895034542793e-01
6.033999999999999773e+02 6.182579674182223650e-01
6.036000000000000227e+02 6.139728533725411497e-01
6.037999999999999545e+02 6.096700107657555545e-01
6.040000000000000000e+02 6.053744413422444959e-01
6.042000000000000455e+02 6.010812321455322182e-01
6.043999999999999773e+02 5.967684646016409022e-01
6.046000000000000227e+02 5.924657684244173383e-01
6.047999999999999545e+02 5.881651617006299348e-01
6.050000000000000000e+02 5.838531742151056303e-01
6.052000000000000455e+02 5.795623850320433812e-01
6.053999999999999773e+02 5.752814498375132812e-01
6.056000000000000227e+02 5.710019738291907121e-01
6.057999999999999545e+02 5.667531166745954918e-01
6.060000000000000000e+02 5.625342010009478644e-01
6.062000000000000455e+02 5.583323698998268192e-01
6.063999999999999773e+02 5.541418929424180018e-01
6.066000000000000227e+02 5.499862707987108745e-01
6.067999999999999545e+02 5.458599853795809143e-01
6.070000000000000000e+02 5.417403878927190553e-01
6.072000000000000455e+02 5.376526296468693289e-01
6.073999999999999773e+02 5.335878319251664559e-01
6.076000000000000227e+02 5.295284318671366064e-01
6.077999999999999545e+02 5.255011134636199399e-01
6.080000000000000000e+02 5.214904813719224430e-01
6.082000000000000455e+02 5.174826695871761473e-01
6.083999999999999773e+02 5.135024860991300732e-01
6.086000000000000227e+02 5.095291369324528308e-01
6.087999999999999545e+02 5.055547195360267088e-01
6.090000000000000000e+02 5.016029369145103001e-01
6.092000000000000455e+02 4.976519061214332851e-01
6.093999999999999773e+02 4.936993089081914143e-01
6.096000000000000227e+02 4.897670954699130386e-01
6.097999999999999545e+02 4.858481145948558289e-01
6.100000000000000000e+02 4.819295253205762020e-01
6.102000000000000455e+02 4.780107272854291489e-01
6.103999999999999773e+02 4.741162425576364026e-01
6.106000000000000227e+02 4.702338293869814390e-01
6.107999999999999545e+02 4.663521677027798740e-01
6.110000000000000000e+02 4.624983081660608009e-01
6.112000000000000455e+02 4.586570417662551025e-01
6.113999999999999773e+02 4.548229311208389913e-01
6.116000000000000227e+02 4.510229387661725542e-01
6.117999999999999545e+02 4.472394914284535394e-01
6.120000000000000000e+02 4.434747619952198461e-01
6.122000000000000455e+02 4.397548942491441570e-01
6.123999999999999773e+02 4.360609183710977832e-01
6.126000000000000227e+02 4.324003727866044255e-01
6.127999999999999545e+02 4.287942506772429163e-01
6.130000000000000000e+02 4.252214778782300586e-01
6.132000000000000455e+02 4.216884450731513412e-01
6.133999999999999773e+02 4.182097593984988593e-01
6.136000000000000227e+02 4.147737111477938221e-01
6.137999999999999545e+02 4.113669749017715982e-01
6.140000000000000000e+02 4.079915893335119281e-01
6.142000000000000455e+02 4.046650992168339123e-01
6.143999999999999773e+02 4.013695701143801808e-01
6.146000000000000227e+02 3.981019794596207251e-01
6.147999999999999545e+02 3.948807695306299492e-01
6.150000000000000000e+02 3.916845393784199603e-01
6.152000000000000455e+02 3.885122857471160485e-01
6.153999999999999773e+02 3.853763682909260302e-01
6.156000000000000227e+02 3.822518459108584787e-01
6.157999999999999545e+02 3.791417872403410882e-01
6.160000000000000000e+02 3.760563302601829805e-01
6.162000000000000455e+02 3.729741864775775739e-01
6.163999999999999773e+02 3.699045493187624878e-01
6.166000000000000227e+02 3.668615046552248238e-01
6.167999999999999545e+02 3.638384124120469520e-01
6.170000000000000000e+02 3.608273612787812334e-01
6.172000000000000455e+02 3.578351731529675894e-01
6.173999999999999773e+02 3.548788316693043954e-01
6.176000000000000227e+02 3.519421903139006158e-01
6.177999999999999545e+02 3.490264191742254996e-01
6.180000000000000000e+02 3.461466025469914776e-01
6.182000000000000455e+02 3.432835710118457562e-01
6.183999999999999773e+02 3.404423844460795490e-01
6.186000000000000227e+02 3.376359241428379954e-01
6.187999999999999545e+02 3.348455666007004727e-01
6.190000000000000000e+02 3.320808412792850550e-01
6.192000000000000455e+02 3.293507710505998998e-01
6.193999999999999773e+02 3.266365336047915569e-01
6.196000000000000227e+02 3.239486770026956397e-01
6.197999999999999545e+02 3.212896364852966258e-01
6.200000000000000000e+02 3.186393862816843670e-01
6.202000000000000455e+02 3.160055977627202473e-01
6.203999999999999773e+02 3.133898253800349587e-01
6.206000000000000227e+02 3.107785411002664255e-01
6.207999999999999545e+02 3.081597895465701398e-01
6.210000000000000000e+02 3.055397925026538952e-01
6.212000000000000455e+02 3.029275413734668909e-01
6.213999999999999773e+02 3.003063781185045800e-01
6.216000000000000227e+02 2.976847064669094767e-01
6.217999999999999545e+02 2.950721588572077225e-01
6.220000000000000000e+02 2.924517996417297927e-01
6.222000000000000455e+02 2.898355747827502937e-01
6.223999999999999773e+02 2.872300750317187679e-01
6.226000000000000227e+02 2.846197970604383287e-01
6.227999999999999545e+02 2.820203413699915451e-01
6.230000000000000000e+02 2.794356667518669290e-01
6.232000000000000455e+02 2.768538967944298435e-01
6.233999999999999773e+02 2.742953920876499696e-01
6.236000000000000227e+02 2.717638250532596889e-01
6.237999999999999545e+02 2.692520224609848412e-01
6.240000000000000000e+02 2.667786125967272493e-01
6.242000000000000455e+02 2.643482062541273603e-01
6.243999999999999773e+02 2.619534049768074135e-01
6.246000000000000227e+02 2.595884748203106662e-01
6.247999999999999545e+02 2.572635994650862012e-01
6.250000000000000000e+02 2.549817135443700478e-01
6.252000000000000455e+02 2.527271186748767384e-01
6.253999999999999773e+02 2.505091623701296566e-01
6.256000000000000227e+02 2.483278071768757755e-01
6.257999999999999545e+02 2.461671870055566202e-01
6.260000000000000000e+02 2.440382634409318241e-01
6.262000000000000455e+02 2.419386697365550343e-01
6.263999999999999773e+02 2.398558892161200828e-01
6.266000000000000227e+02 2.378016297428811043e-01
6.267999999999999545e+02 2.357691406037564774e-01
6.270000000000000000e+02 2.337469218530828508e-01
6.272000000000000455e+02 2.317463067840238589e-01
6.273999999999999773e+02 2.297594881527077471e-01
6.276000000000000227e+02 2.277793944377119184e-01
6.277999999999999545e+02 2.258175962896428746e-01
6.280000000000000000e+02 2.238725163807166185e-01
6.282000000000000455e+02 2.219367509446799613e-01
6.283999999999999773e+02 2.200062242795952916e-01
6.286000000000000227e+02 2.180914020782634133e-01
6.287999999999999545e+02 2.161908744261211157e-01
6.290000000000000000e+02 2.142944197433374331e-01
6.292000000000000455e+02 2.124131563394769939e-01
6.293999999999999773e+02 2.105424447151305334e-01
6.296000000000000227e+02 2.086723407405303432e-01
6.297999999999999545e+02 2.068150201308403269e-01
6.300000000000000000e+02 2.049657689159219143e-01
6.302000000000000455e+02 2.031205202563302614e-01
6.303999999999999773e+02 2.012942708474152465e-01
6.306000000000000227e+02 1.994821254464467508e-01
6.307999999999999545e+02 1.976820340709100621e-01
6.310000000000000000e+02 1.959060436135934280e-01
6.312000000000000455e+02 1.941531162630500129e-01
6.313999999999999773e+02 1.924181181238966976e-01
6.316000000000000227e+02 1.906997581414206777e-01
6.317999999999999545e+02 1.890085457079687115e-01
6.320000000000000000e+02 1.873417997214549269e-01
6.322000000000000455e+02 1.856915885307924563e-01
6.323999999999999773e+02 1.840684867618602449e-01
6.326000000000000227e+02 1.824683626208699061e-01
6.327999999999999545e+02 1.808855396096875900e-01
6.330000000000000000e+02 1.793304595059301287e-01
6.332000000000000455e+02 1.777960809862917657e-01
6.333999999999999773e+02 1.762776951546223547e-01
6.336000000000000227e+02 1.747840867212291094e-01
6.337999999999999545e+02 1.733065463223462388e-01
6.340000000000000000e+02 1.718435322729517656e-01
6.342000000000000455e+02 1.704044851829373541e-01
6.343999999999999773e+02 1.689822695998085544e-01
6.346000000000000227e+02 1.675784454236252108e-01
6.347999999999999545e+02 1.662020541159001386e-01
6.350000000000000000e+02 1.648511736177746823e-01
6.352000000000000455e+02 1.635217848229772730e-01
6.353999999999999773e+02 1.622138547441127066e-01
6.356000000000000227e+02 1.609341798488008735e-01
6.357999999999999545e+02 1.596747488923306868e-01
6.360000000000000000e+02 1.584275563140218612e-01
6.362000000000000455e+02 1.571948185000108522e-01
6.363999999999999773e+02 1.559644837054562361e-01
6.366000000000000227e+02 1.547294069577281050e-01
6.367999999999999545e+02 1.534919946375348510e-01
6.370000000000000000e+02 1.522404729133238765e-01
6.372000000000000455e+02 1.509717762254059181e-01
6.373999999999999773e+02 1.496899223580694382e-01
6.376000000000000227e+02 1.483846894693676421e-01
6.377999999999999545e+02 1.470575783563489447e-01
6.380000000000000000e+02 1.457142673986216441e-01
6.382000000000000455e+02 1.443475056420487346e-01
6.383999999999999773e+02 1.429635418469720198e-01
6.386000000000000227e+02 1.415721230442920364e-01
6.387999999999999545e+02 1.401747583757106674e-01
6.390000000000000000e+02 1.387737568865457516e-01
6.392000000000000455e+02 1.373790021663353622e-01
6.393999999999999773e+02 1.360061138809328107e-01
6.396000000000000227e+02 1.346549843338707420e-01
6.397999999999999545e+02 1.333320257699598943e-01
6.400000000000000000e+02 1.320499433971096537e-01
6.402000000000000455e+02 1.308043151336596710e-01
6.403999999999999773e+02 1.295982700219308337e-01
6.406000000000000227e+02 1.284371997652896946e-01
6.407999999999999545e+02 1.273112107472602617e-01
6.410000000000000000e+02 1.262203472613434574e-01
6.412000000000000455e+02 1.251645672782860652e-01
6.413999999999999773e+02 1.241317057880072655e-01
6.416000000000000227e+02 1.231209692078272383e-01
6.417999999999999545e+02 1.221295097411036479e-01
6.420000000000000000e+02 1.211456344716434486e-01
6.422000000000000455e+02 1.201679325082670724e-01
6.423999999999999773e+02 1.191940034690252004e-01
6.426000000000000227e+02 1.182166089074547233e-01
6.427999999999999545e+02 1.172292886703735770e-01
6.430000000000000000e+02 1.162324990145498088e-01
6.432000000000000455e+02 1.152284264409533104e-01
6.433999999999999773e+02 1.142097019422345927e-01
6.436000000000000227e+02 1.131792487142003062e-01
6.437999999999999545e+02 1.121420159958313179e-01
6.440000000000000000e+02 1.110931313111844509e-01
6.442000000000000455e+02 1.100393565920510242e-01
6.443999999999999773e+02 1.089862772128000756e-01
6.446000000000000227e+02 1.079303855052245742e-01
6.447999999999999545e+02 1.068800939996604471e-01
6.450000000000000000e+02 1.058396574991665451e-01
6.452000000000000455e+02 1.048061362129315138e-01
6.453999999999999773e+02 1.037883531692369438e-01
6.456000000000000227e+02 1.027914915914829308e-01
6.457999999999999545e+02 1.018143604845078987e-01
6.460000000000000000e+02 1.008552996893900544e-01
6.462000000000000455e+02 9.991784788637073089e-02
6.463999999999999773e+02 9.900456605015338363e-02
6.466000000000000227e+02 9.810895798223327746e-02
6.467999999999999545e+02 9.723356947467166889e-02
6.470000000000000000e+02 9.638009848506862154e-02
6.472000000000000455e+02 9.554149594966063197e-02
6.473999999999999773e+02 9.472002099919364648e-02
6.476000000000000227e+02 9.391506464717819247e-02
6.477999999999999545e+02 9.311958112947382737e-02
6.480000000000000000e+02 9.233584850250718679e-02
6.482000000000000455e+02 9.156088699502970552e-02
6.483999999999999773e+02 9.078688251094685358e-02
6.486000000000000227e+02 9.001501139131526386e-02
6.487999999999999545e+02 8.924037859758003621e-02
6.490000000000000000e+02 8.845631934720321610e-02
6.492000000000000455e+02 8.766579502699466120e-02
6.493999999999999773e+02 8.687007636091352569e-02
6.496000000000000227e+02 8.606921790070765077e-02
6.497999999999999545e+02 8.526510555765119681e-02
6.500000000000000000e+02 8.446544451886693616e-02
6.502000000000000455e+02 8.367473705463060463e-02
6.503999999999999773e+02 8.289172241634991389e-02
6.506000000000000227e+02 8.212393857207231362e-02
6.507999999999999545e+02 8.137436248243544445e-02
6.510000000000000000e+02 8.064057148879159864e-02
6.512000000000000455e+02 7.992806498077065225e-02
6.513999999999999773e+02 7.923660912046930072e-02
6.516000000000000227e+02 7.856310468081793841e-02
6.517999999999999545e+02 7.791210967687701994e-02
6.520000000000000000e+02 7.728195010201154014e-02
6.522000000000000455e+02 7.666989508498200934e-02
6.523999999999999773e+02 7.607877271336542513e-02
6.526000000000000227e+02 7.550256497269046407e-02
6.527999999999999545e+02 7.493411922557403904e-02
6.530000000000000000e+02 7.437032713862076760e-02
6.532000000000000455e+02 7.380469911330118926e-02
6.533999999999999773e+02 7.322989246937210150e-02
6.536000000000000227e+02 7.264045839235196145e-02
6.537999999999999545e+02 7.203642258083811645e-02
6.540000000000000000e+02 7.141502378273180407e-02
6.542000000000000455e+02 7.077333397451686381e-02
6.543999999999999773e+02 7.011765501807191991e-02
6.546000000000000227e+02 6.945006314043948581e-02
6.547999999999999545e+02 6.877288948518735234e-02
6.550000000000000000e+02 6.809618973605137404e-02
6.552000000000000455e+02 6.742228715960339736e-02
6.553999999999999773e+02 6.675355524642204164e-02
6.556000000000000227e+02 6.609801719163765910e-02
6.557999999999999545e+02 6.545629356983649616e-02
6.560000000000000000e+02 6.483110277780540498e-02
6.562000000000000455e+02 6.422930338220364521e-02
6.563999999999999773e+02 6.364981432842993503e-02
6.566000000000000227e+02 6.309421595348656264e-02
6.567999999999999545e+02 6.256696571869746482e-02
6.570000000000000000e+02 6.206739316550978491e-02
6.572000000000000455e+02 6.159294758769536665e-02
6.573999999999999773e+02 6.114139481418218863e-02
6.576000000000000227e+02 6.071206472808755167e-02
6.577999999999999545e+02 6.029937636072910112e-02
6.580000000000000000e+02 5.989740826682631025e-02
6.582000000000000455e+02 5.950387530801529851e-02
6.583999999999999773e+02 5.911330008855503193e-02
6.586000000000000227e+02 5.872287967261446279e-02
6.587999999999999545e+02 5.833423225069662293e-02
6.590000000000000000e+02 5.794473373979190656e-02
6.592000000000000455e+02 5.755418329875065797e-02
6.593999999999999773e+02 5.716485439006174785e-02
6.596000000000000227e+02 5.677488735139669951e-02
6.597999999999999545e+02 5.638493676822095568e-02
6.600000000000000000e+02 5.599704482147432882e-02
6.602000000000000455e+02 5.561022816052312717e-02
6.603999999999999773e+02 5.522348202529344524e-02
6.606000000000000227e+02 5.483754929156520186e-02
6.607999999999999545e+02 5.445539650499221090e-02
6.610000000000000000e+02 5.407615769875554618e-02
6.612000000000000455e+02 5.370006967049656410e-02
6.613999999999999773e+02 5.333051365441148634e-02
6.616000000000000227e+02 5.296623485751323496e-02
6.617999999999999545e+02 5.260727165676527817e-02
6.620000000000000000e+02 5.225542977742966833e-02
6.622000000000000455e+02 5.190778481525634702e-02
6.623999999999999773e+02 5.156336948098293876e-02
6.626000000000000227e+02 5.122204699256056870e-02
6.627999999999999545e+02 5.087940568561932081e-02
6.630000000000000000e+02 5.053475278225684486e-02
6.632000000000000455e+02 5.018834962472650679e-02
6.633999999999999773e+02 4.983723156137154914e-02
6.636000000000000227e+02 4.948194161714040973e-02
6.637999999999999545e+02 4.912337358809752696e-02
6.640000000000000000e+02 4.876008563948997648e-02
6.642000000000000455e+02 4.839027766697328453e-02
6.643999999999999773e+02 4.801389065886665919e-02
6.646000000000000227e+02 4.763186112741851774e-02
6.647999999999999545e+02 4.724088974364156618e-02
6.650000000000000000e+02 4.684096176224672448e-02
6.652000000000000455e+02 4.643456744957251414e-02
6.653999999999999773e+02 4.602046671706228054e-02
6.656000000000000227e+02 4.560216338509099493e-02
6.657999999999999545e+02 4.518469334762303946e-02
6.660000000000000000e+02 4.476880889415777581e-02
6.662000000000000455e+02 4.435898721272141243e-02
6.663999999999999773e+02 4.395882575892718497e-02
6.666000000000000227e+02 4.356746418298646645e-02
6.667999999999999545e+02 4.318761044062213034e-02
6.670000000000000000e+02 4.282018562580958837e-02
6.672000000000000455e+02 4.246295551249040789e-02
6.673999999999999773e+02 4.211790717709779780e-02
6.676000000000000227e+02 4.178642772632897712e-02
6.677999999999999545e+02 4.146809077966674695e-02
6.680000000000000000e+02 4.116233723637791747e-02
6.682000000000000455e+02 4.086944983269020365e-02
6.683999999999999773e+02 4.058857766498381869e-02
6.686000000000000227e+02 4.031494440044643135e-02
6.687999999999999545e+02 4.004598072701752443e-02
6.690000000000000000e+02 3.977899715454766977e-02
6.692000000000000455e+02 3.950884679141876410e-02
6.693999999999999773e+02 3.923371196178857684e-02
6.696000000000000227e+02 3.895119784716288142e-02
6.697999999999999545e+02 3.865703813475426104e-02
6.700000000000000000e+02 3.835134122899043485e-02
6.702000000000000455e+02 3.803353193417097211e-02
6.703999999999999773e+02 3.770214823948576932e-02
6.706000000000000227e+02 3.735987903998339715e-02
6.707999999999999545e+02 3.700661986867401221e-02
6.710000000000000000e+02 3.664087273175110210e-02
6.712000000000000455e+02 3.626496147105361112e-02
6.713999999999999773e+02 3.587998545604474676e-02
6.716000000000000227e+02 3.548630014392713944e-02
6.717999999999999545e+02 3.508540775442371001e-02
6.720000000000000000e+02 3.468213877323011313e-02
6.722000000000000455e+02 3.428002746580073590e-02
6.723999999999999773e+02 3.387953469786051525e-02
6.726000000000000227e+02 3.348590643148487145e-02
6.727999999999999545e+02 3.310295392730146918e-02
6.730000000000000000e+02 3.273217618862783035e-02
6.732000000000000455e+02 3.237930359573251704e-02
6.733999999999999773e+02 3.204691381790416432e-02
6.736000000000000227e+02 3.173525199859449086e-02
6.737999999999999545e+02 3.144779980294561128e-02
6.740000000000000000e+02 3.118523146046918090e-02
6.742000000000000455e+02 3.094724099972514728e-02
6.743999999999999773e+02 3.073557142833059988e-02
6.746000000000000227e+02 3.054818302297867758e-02
6.747999999999999545e+02 3.038175379518364208e-02
6.750000000000000000e+02 3.023378904394635053e-02
6.752000000000000455e+02 3.010036011753266030e-02
6.753999999999999773e+02 2.997736381737154537e-02
6.756000000000000227e+02 2.986132511974754628e-02
6.757999999999999545e+02 2.974947781793126078e-02
6.760000000000000000e+02 2.963786984314191464e-02
6.762000000000000455e+02 2.952189320915701853e-02
6.763999999999999773e+02 2.939873758992440217e-02
6.766000000000000227e+02 2.926535809519346248e-02
6.767999999999999545e+02 2.911940645087761001e-02
6.770000000000000000e+02 2.896094269928225010e-02
6.772000000000000455e+02 2.878913197240539484e-02
6.773999999999999773e+02 2.860398609595693475e-02
6.776000000000000227e+02 2.840788092667584017e-02
6.777999999999999545e+02 2.820206303474982745e-02
6.780000000000000000e+02 2.798861090333846710e-02
6.782000000000000455e+02 2.777095223449823139e-02
6.783999999999999773e+02 2.755055712312757740e-02
6.786000000000000227e+02 2.732772546290654012e-02
6.787999999999999545e+02 2.710247717063888132e-02
6.790000000000000000e+02 2.687566999593352102e-02
6.792000000000000455e+02 2.664634099384680446e-02
6.793999999999999773e+02 2.641310399333459194e-02
6.796000000000000227e+02 2.617701339517907941e-02
6.797999999999999545e+02 2.593682402945700696e-02
6.800000000000000000e+02 2.569152980444536563e-02
6.802000000000000455e+02 2.544309529507839118e-02
6.803999999999999773e+02 2.519146179026264531e-02
6.806000000000000227e+02 2.493757960450666833e-02
6.807999999999999545e+02 2.468459065263682931e-02
6.810000000000000000e+02 2.443257404424600474e-02
6.812000000000000455e+02 2.418290119481409511e-02
6.813999999999999773e+02 2.393845208872956085e-02
6.816000000000000227e+02 2.369872514934118213e-02
6.817999999999999545e+02 2.346455048460738269e-02
6.820000000000000000e+02 2.323795842632324707e-02
6.822000000000000455e+02 2.301951511156918179e-02
6.823999999999999773e+02 2.280927118620556734e-02
6.826000000000000227e+02 2.260733272763076548e-02
6.827999999999999545e+02 2.241382006453657844e-02
6.830000000000000000e+02 2.222563188950161389e-02
6.832000000000000455e+02 2.203886035798225881e-02
6.833999999999999773e+02 2.185019069734698074e-02
6.836000000000000227e+02 2.165386566834971716e-02
6.837999999999999545e+02 2.144607965253565729e-02
6.840000000000000000e+02 2.122593838528873816e-02
6.842000000000000455e+02 2.099140505119999334e-02
6.843999999999999773e+02 2.074339920929065342e-02
6.846000000000000227e+02 2.048529351536166471e-02
6.847999999999999545e+02 2.021944656468304888e-02
6.850000000000000000e+02 1.995123385636365584e-02
6.852000000000000455e+02 1.968688674622263643e-02
6.853999999999999773e+02 1.943021865112127405e-02
6.856000000000000227e+02 1.918814780350178509e-02
6.857999999999999545e+02 1.896789699795307926e-02
6.860000000000000000e+02 1.877425252930254099e-02
6.862000000000000455e+02 1.861124356322870627e-02
6.864000000000000909e+02 1.848260590957553906e-02
6.866000000000000227e+02 1.839131493016541233e-02
6.867999999999999545e+02 1.833745716853862201e-02
6.870000000000000000e+02 1.831902390700328870e-02
6.872000000000000455e+02 1.833225053634275625e-02
6.874000000000000909e+02 1.837159997561617006e-02
6.876000000000000227e+02 1.842948827512957619e-02
6.877999999999999545e+02 1.849604891004967555e-02
6.880000000000000000e+02 1.855883182973316198e-02
6.882000000000000455e+02 1.860409072021652552e-02
6.884000000000000909e+02 1.861850307817304595e-02
6.886000000000000227e+02 1.859062315225427572e-02
6.887999999999999545e+02 1.851067109062558280e-02
6.890000000000000000e+02 1.837149919013666283e-02
6.892000000000000455e+02 1.816902298591011045e-02
6.894000000000000909e+02 1.790109662590303949e-02
6.896000000000000227e+02 1.756959891007912888e-02
6.897999999999999545e+02 1.717944074640405036e-02
6.900000000000000000e+02 1.673397553619964187e-02
6.902000000000000455e+02 1.624218610645892374e-02
6.904000000000000909e+02 1.571573741704204719e-02
6.906000000000000227e+02 1.516178333453621629e-02
6.907999999999999545e+02 1.459378233287421389e-02
6.910000000000000000e+02 1.402684454572259570e-02
6.912000000000000455e+02 1.347197212582359159e-02
6.914000000000000909e+02 1.294516514511432313e-02
6.916000000000000227e+02 1.245957235115681058e-02
6.917999999999999545e+02 1.202125279908872885e-02
6.920000000000000000e+02 1.163876244087708178e-02
6.922000000000000455e+02 1.131614826694898532e-02
6.924000000000000909e+02 1.105180200538436429e-02
6.926000000000000227e+02 1.084540461223293048e-02
6.927999999999999545e+02 1.069390833770069056e-02
6.930000000000000000e+02 1.059138148839174932e-02
6.932000000000000455e+02 1.053103386319599946e-02
6.934000000000000909e+02 1.050524280260486942e-02
6.936000000000000227e+02 1.050638036184101988e-02
6.937999999999999545e+02 1.052781382970882119e-02
6.940000000000000000e+02 1.056357353679568921e-02
6.942000000000000455e+02 1.060807409299398610e-02
6.944000000000000909e+02 1.065601807801240183e-02
6.946000000000000227e+02 1.070270549758028066e-02
6.947999999999999545e+02 1.074482151240189511e-02
6.950000000000000000e+02 1.078074455431909939e-02
6.952000000000000455e+02 1.081020127277371005e-02
6.954000000000000909e+02 1.083494245379382388e-02
6.956000000000000227e+02 1.085832780082339639e-02
6.957999999999999545e+02 1.088399487782948372e-02
6.960000000000000000e+02 1.091600332924014434e-02
6.962000000000000455e+02 1.095867760067443901e-02
6.964000000000000909e+02 1.101595908242449830e-02
6.966000000000000227e+02 1.108838976351066673e-02
6.967999999999999545e+02 1.117512782276637411e-02
6.970000000000000000e+02 1.127561816629254338e-02
6.972000000000000455e+02 1.138700812282423744e-02
6.974000000000000909e+02 1.150558477250459427e-02
6.976000000000000227e+02 1.162788162392155294e-02
6.977999999999999545e+02 1.175009853774309707e-02
6.980000000000000000e+02 1.186814871471368604e-02
6.982000000000000455e+02 1.197764513303899159e-02
6.984000000000000909e+02 1.207358063317249056e-02
6.986000000000000227e+02 1.215049525762174586e-02
6.987999999999999545e+02 1.220260093641559185e-02
6.990000000000000000e+02 1.222403167603740466e-02
6.992000000000000455e+02 1.220962604407680591e-02
6.994000000000000909e+02 1.215551891477168606e-02
6.996000000000000227e+02 1.205921335039011194e-02
6.997999999999999545e+02 1.191982637812504832e-02
7.000000000000000000e+02 1.173838745438862859e-02
7.002000000000000455e+02 1.151769148931420378e-02
7.004000000000000909e+02 1.126188512431838817e-02
7.006000000000000227e+02 1.097630433768053727e-02
7.007999999999999545e+02 1.066716363658563524e-02
7.010000000000000000e+02 1.034102463461979496e-02
7.012000000000000455e+02 1.000445622281565493e-02
7.014000000000000909e+02 9.663627123598358265e-03
7.016000000000000227e+02 9.324145081791570741e-03
7.017999999999999545e+02 8.990899864797742211e-03
7.020000000000000000e+02 8.667888770758655145e-03
7.022000000000000455e+02 8.358310430531963250e-03
7.024000000000000909e+02 8.064638028313501558e-03
7.026000000000000227e+02 7.788963483157862987e-03
7.027999999999999545e+02 7.532211806930862001e-03
7.030000000000000000e+02 7.294129486140437692e-03
7.032000000000000455e+02 7.075303958702320456e-03
7.034000000000000909e+02 6.875259699706952853e-03
7.036000000000000227e+02 6.691899002060223804e-03
7.037999999999999545e+02 6.523424919698930617e-03
7.040000000000000000e+02 6.368550617067423800e-03
7.042000000000000455e+02 6.226614827378946712e-03
7.044000000000000909e+02 6.097773437769112535e-03
7.046000000000000227e+02 5.982636894903049611e-03
7.047999999999999545e+02 5.882144621523458308e-03
7.050000000000000000e+02 5.797613341113684246e-03
7.052000000000000455e+02 5.730706659845233482e-03
7.054000000000000909e+02 5.683406066878099634e-03
7.056000000000000227e+02 5.657871654058772501e-03
7.057999999999999545e+02 5.655551372239844832e-03
7.060000000000000000e+02 5.676760906036732064e-03
7.062000000000000455e+02 5.720494234612890326e-03
7.064000000000000909e+02 5.784646094878740340e-03
7.066000000000000227e+02 5.866035863184780944e-03
7.067999999999999545e+02 5.960304860079585279e-03
7.070000000000000000e+02 6.062551137416701506e-03
7.072000000000000455e+02 6.167185988904881969e-03
7.074000000000000909e+02 6.266817026636670347e-03
7.076000000000000227e+02 6.354208713583837063e-03
7.077999999999999545e+02 6.423004860216787945e-03
7.080000000000000000e+02 6.467868808220695112e-03
7.082000000000000455e+02 6.484521088801863467e-03
7.084000000000000909e+02 6.469773858263477492e-03
7.086000000000000227e+02 6.421614705140447736e-03
7.087999999999999545e+02 6.339154500875457052e-03
7.090000000000000000e+02 6.222582877524884294e-03
7.092000000000000455e+02 6.073120509996449146e-03
7.094000000000000909e+02 5.892936476456530140e-03
7.096000000000000227e+02 5.685166570035177225e-03
7.097999999999999545e+02 5.454047352087616068e-03
7.100000000000000000e+02 5.204304699919546674e-03
7.102000000000000455e+02 4.940801871713516348e-03
7.104000000000000909e+02 4.668109298507159242e-03
7.106000000000000227e+02 4.390921206458528979e-03
7.107999999999999545e+02 4.114140851917158850e-03
7.110000000000000000e+02 3.842727889004046368e-03
7.112000000000000455e+02 3.580248142708312466e-03
7.114000000000000909e+02 3.329474442512082334e-03
7.116000000000000227e+02 3.094514610087609804e-03
7.117999999999999545e+02 2.878252426052451546e-03
7.120000000000000000e+02 2.682562332301787096e-03
7.122000000000000455e+02 2.510135883526649989e-03
7.124000000000000909e+02 2.363964894770054573e-03
7.126000000000000227e+02 2.247230926952418269e-03
7.127999999999999545e+02 2.163345918383039867e-03
7.130000000000000000e+02 2.115278762290278593e-03
7.132000000000000455e+02 2.105316552535413995e-03
7.134000000000000909e+02 2.134807576723993499e-03
7.136000000000000227e+02 2.204228960538942572e-03
7.137999999999999545e+02 2.312967020947657212e-03
7.140000000000000000e+02 2.458739739702814776e-03
7.142000000000000455e+02 2.638252404266571392e-03
7.144000000000000909e+02 2.847426008671503309e-03
7.146000000000000227e+02 3.081407170972893378e-03
7.147999999999999545e+02 3.334296859088639684e-03
7.150000000000000000e+02 3.599853886694026010e-03
7.152000000000000455e+02 3.872592320717815374e-03
7.154000000000000909e+02 4.145223544609913553e-03
7.156000000000000227e+02 4.409619839188284006e-03
7.157999999999999545e+02 4.659036308489378220e-03
7.160000000000000000e+02 4.886251121617689319e-03
7.162000000000000455e+02 5.084018912459611385e-03
7.164000000000000909e+02 5.246365780130280050e-03
7.166000000000000227e+02 5.368473717391181524e-03
7.167999999999999545e+02 5.446801623851644202e-03
7.170000000000000000e+02 5.479550340250981602e-03
7.172000000000000455e+02 5.466835619886214158e-03
7.174000000000000909e+02 5.410314960707240592e-03
7.176000000000000227e+02 5.312869350939402116e-03
7.177999999999999545e+02 5.178549437101383039e-03
7.180000000000000000e+02 5.012392179719910024e-03
7.182000000000000455e+02 4.820294729699573476e-03
7.184000000000000909e+02 4.608435618596274166e-03
7.186000000000000227e+02 4.383158714082091914e-03
7.187999999999999545e+02 4.150958651040328150e-03
7.190000000000000000e+02 3.918313822740825646e-03
7.192000000000000455e+02 3.691915281247762099e-03
7.194000000000000909e+02 3.479003377852088637e-03
7.196000000000000227e+02 3.287130351068796516e-03
7.197999999999999545e+02 3.124475059126529449e-03
7.200000000000000000e+02 3.000043323829858742e-03
7.202000000000000455e+02 2.920724736334121691e-03
7.204000000000000909e+02 2.891417691080139588e-03
7.206000000000000227e+02 2.915197637728526251e-03
7.207999999999999545e+02 2.992311257382210699e-03
7.210000000000000000e+02 3.120608533161706600e-03
7.212000000000000455e+02 3.295803527035128140e-03
7.214000000000000909e+02 3.511865058807158227e-03
7.216000000000000227e+02 3.761431821824233208e-03
7.217999999999999545e+02 4.036056942777682850e-03
7.220000000000000000e+02 4.326931955392002496e-03
7.222000000000000455e+02 4.625227757677514463e-03
7.224000000000000909e+02 4.922322915366036250e-03
7.226000000000000227e+02 5.209716122507025010e-03
7.227999999999999545e+02 5.478842333368798105e-03
7.230000000000000000e+02 5.721008095068406789e-03
7.232000000000000455e+02 5.928178346218828006e-03
7.234000000000000909e+02 6.093597699293485173e-03
7.236000000000000227e+02 6.212404247873701095e-03
7.237999999999999545e+02 6.281229839340110588e-03
7.240000000000000000e+02 6.299090575747168935e-03
7.242000000000000455e+02 6.268336826189733167e-03
7.244000000000000909e+02 6.193464791111969424e-03
7.246000000000000227e+02 6.080486753465425866e-03
7.247999999999999545e+02 5.936588399919676823e-03
7.250000000000000000e+02 5.769114678395562482e-03
7.252000000000000455e+02 5.585014347719627521e-03
7.254000000000000909e+02 5.390452721681871819e-03
7.256000000000000227e+02 5.190882922295066669e-03
7.257999999999999545e+02 4.991286059740973613e-03
7.260000000000000000e+02 4.796169863071513863e-03
7.262000000000000455e+02 4.608923812028285771e-03
7.264000000000000909e+02 4.432178465879148786e-03
7.266000000000000227e+02 4.268191281734235072e-03
7.267999999999999545e+02 4.119873956786785675e-03
7.270000000000000000e+02 3.989939968107522605e-03
7.272000000000000455e+02 3.879716970141987211e-03
7.274000000000000909e+02 3.786282053709818032e-03
7.276000000000000227e+02 3.703651457190852096e-03
7.277999999999999545e+02 3.623775796930664341e-03
7.280000000000000000e+02 3.538711735186194848e-03
7.282000000000000455e+02 3.441515070647496125e-03
7.284000000000000909e+02 3.326697183077393944e-03
7.286000000000000227e+02 3.189824458363217565e-03
7.287999999999999545e+02 3.028155506979902760e-03
7.290000000000000000e+02 2.841067350089860385e-03
7.292000000000000455e+02 2.629480730786146452e-03
7.294000000000000909e+02 2.395753702155250641e-03
7.296000000000000227e+02 2.143722788732514879e-03
7.297999999999999545e+02 1.878433391436425039e-03
7.300000000000000000e+02 1.604920820681835338e-03
7.302000000000000455e+02 1.327758125932386761e-03
7.304000000000000909e+02 1.051897928948082941e-03
7.306000000000000227e+02 7.847563076413308731e-04
7.307999999999999545e+02 5.371528001960203897e-04
7.310000000000000000e+02 3.221775603409770573e-04
7.312000000000000455e+02 1.531694092370859878e-04
7.314000000000000909e+02 4.247046696740652702e-05
7.316000000000000227e+02 0.000000000000000000e+00
7.317999999999999545e+02 3.270242828918256111e-05
7.320000000000000000e+02 1.438794733111020587e-04
7.322000000000000455e+02 3.320765857450433400e-04
7.324000000000000909e+02 5.929239488894910443e-04
7.326000000000000227e+02 9.192518246318297790e-04
7.327999999999999545e+02 1.298872058146103995e-03
7.330000000000000000e+02 1.716048570954237630e-03
7.332000000000000455e+02 2.153131980175466368e-03
7.334000000000000909e+02 2.594702679175659669e-03
7.336000000000000227e+02 3.027703568712641295e-03
7.337999999999999545e+02 3.440993271042578402e-03
7.340000000000000000e+02 3.823649776218903534e-03
7.342000000000000455e+02 4.165206329491104829e-03
7.344000000000000909e+02 4.455987696800631746e-03
7.346000000000000227e+02 4.687856630020781866e-03
7.347999999999999545e+02 4.855321949636336697e-03
7.350000000000000000e+02 4.956094574261893544e-03
7.352000000000000455e+02 4.991493840876801841e-03
7.354000000000000909e+02 4.965373743266375019e-03
7.356000000000000227e+02 4.883745258072481020e-03
7.357999999999999545e+02 4.754740366831953190e-03
7.360000000000000000e+02 4.589627024616857801e-03
7.362000000000000455e+02 4.402796917465913625e-03
7.364000000000000909e+02 4.210591208698429705e-03
7.366000000000000227e+02 4.028789404542947386e-03
7.367999999999999545e+02 3.870970936845737325e-03
7.370000000000000000e+02 3.746127256816340033e-03
7.372000000000000455e+02 3.661770608518629538e-03
7.374000000000000909e+02 3.624288784674991465e-03
7.376000000000000227e+02 3.637265074390608893e-03
7.377999999999999545e+02 3.701806691346492401e-03
7.380000000000000000e+02 3.816420163567963049e-03
7.382000000000000455e+02 3.976247521622537293e-03
7.384000000000000909e+02 4.173861570187525731e-03
7.386000000000000227e+02 4.400283651737319987e-03
7.387999999999999545e+02 4.646893953179224816e-03
7.390000000000000000e+02 4.906346795467553604e-03
7.392000000000000455e+02 5.172604738155950344e-03
7.394000000000000909e+02 5.440546033002589474e-03
7.396000000000000227e+02 5.704881878975822870e-03
7.397999999999999545e+02 5.959905219293614234e-03
7.400000000000000000e+02 6.199628821372362916e-03
7.402000000000000455e+02 6.419868576104718200e-03
7.404000000000000909e+02 6.618111563128869362e-03
7.406000000000000227e+02 6.792382895859835554e-03
7.407999999999999545e+02 6.942315097165239514e-03
7.410000000000000000e+02 7.068683022065418153e-03
7.412000000000000455e+02 7.172262291433936440e-03
7.414000000000000909e+02 7.256327326408730689e-03
7.416000000000000227e+02 7.327023638356413952e-03
7.417999999999999545e+02 7.393206851573154263e-03
7.420000000000000000e+02 7.463774792017274957e-03
7.422000000000000455e+02 7.546658244851367839e-03
7.424000000000000909e+02 7.647847576546303039e-03
7.426000000000000227e+02 7.771142264561719734e-03
7.427999999999999545e+02 7.918299950378930238e-03
7.430000000000000000e+02 8.089083533359487169e-03
7.432000000000000455e+02 8.281595606562762793e-03
7.434000000000000909e+02 8.492386290984201350e-03
7.436000000000000227e+02 8.716315416457873916e-03
7.437999999999999545e+02 8.947188009167236430e-03
7.440000000000000000e+02 9.178690790117995102e-03
7.442000000000000455e+02 9.405735699756369306e-03
7.444000000000000909e+02 9.624900547679081375e-03
7.446000000000000227e+02 9.834054471304337630e-03
7.447999999999999545e+02 1.003166991026939285e-02
7.450000000000000000e+02 1.021456221961321645e-02
7.452000000000000455e+02 1.037884414339390084e-02
7.454000000000000909e+02 1.052166778687398802e-02
7.456000000000000227e+02 1.063965989365394868e-02
7.457999999999999545e+02 1.072951594263670157e-02
7.460000000000000000e+02 1.078925594497020211e-02
7.462000000000000455e+02 1.081854830789010999e-02
7.464000000000000909e+02 1.081826039629312473e-02
7.466000000000000227e+02 1.079000935112910987e-02
7.467999999999999545e+02 1.073618195931096836e-02
7.470000000000000000e+02 1.066029025781057606e-02
7.472000000000000455e+02 1.056745415090800701e-02
7.474000000000000909e+02 1.046289393482032100e-02
7.476000000000000227e+02 1.035104028611532299e-02
7.477999999999999545e+02 1.023466955087387088e-02
7.480000000000000000e+02 1.011552442417122666e-02
7.482000000000000455e+02 9.994768304202317211e-03
7.484000000000000909e+02 9.873369477964268753e-03
7.486000000000000227e+02 9.752683218732263043e-03
7.487999999999999545e+02 9.634918404442431930e-03
7.490000000000000000e+02 9.523451228947425740e-03
7.492000000000000455e+02 9.420735998068689721e-03
7.494000000000000909e+02 9.329051508962472525e-03
7.496000000000000227e+02 9.251533789317416268e-03
7.497999999999999545e+02 9.192102101898611682e-03
7.500000000000000000e+02 9.154761149991282390e-03
7.502000000000000455e+02 9.142766472684443757e-03
7.504000000000000909e+02 9.157364748376623995e-03
7.506000000000000227e+02 9.198373028110178387e-03
7.507999999999999545e+02 9.264657047043189583e-03
7.510000000000000000e+02 9.354199406325473809e-03
7.512000000000000455e+02 9.463713513948642658e-03
7.514000000000000909e+02 9.588303805716740999e-03
7.516000000000000227e+02 9.722949674635701298e-03
7.517999999999999545e+02 9.862959787061668579e-03
7.520000000000000000e+02 1.000420681950733512e-02
7.522000000000000455e+02 1.014275928602717015e-02
7.524000000000000909e+02 1.027529353659812315e-02
7.526000000000000227e+02 1.039951677286724170e-02
7.527999999999999545e+02 1.051390404264075824e-02
7.530000000000000000e+02 1.061702469692118317e-02
7.532000000000000455e+02 1.070691631196557352e-02
7.534000000000000909e+02 1.078028259703146981e-02
7.536000000000000227e+02 1.083369699216065948e-02
7.537999999999999545e+02 1.086445068927631777e-02
7.540000000000000000e+02 1.087000158528133968e-02
7.542000000000000455e+02 1.084815650502215026e-02
7.544000000000000909e+02 1.079732132325744373e-02
7.546000000000000227e+02 1.071672530161338170e-02
7.547999999999999545e+02 1.060625765883301680e-02
7.550000000000000000e+02 1.046627595653424302e-02
7.552000000000000455e+02 1.029680708737969533e-02
7.554000000000000909e+02 1.009759437484448845e-02
7.556000000000000227e+02 9.868293448543027577e-03
7.557999999999999545e+02 9.609274609356512412e-03
7.560000000000000000e+02 9.321910954331307647e-03
7.562000000000000455e+02 9.008931139004968530e-03
7.564000000000000909e+02 8.675005123239850138e-03
7.566000000000000227e+02 8.326864130896130534e-03
7.567999999999999545e+02 7.973216748317220673e-03
7.570000000000000000e+02 7.623178738518646830e-03
7.572000000000000455e+02 7.288055894539936796e-03
7.574000000000000909e+02 6.981483446044746410e-03
7.576000000000000227e+02 6.714135696594735435e-03
7.577999999999999545e+02 6.494567923674306881e-03
7.580000000000000000e+02 6.329536785272264071e-03
7.582000000000000455e+02 6.223286596482429170e-03
7.584000000000000909e+02 6.178256091530113375e-03
7.586000000000000227e+02 6.195154938788967162e-03
7.587999999999999545e+02 6.272234186028620255e-03
7.590000000000000000e+02 6.405801957857043712e-03
7.592000000000000455e+02 6.590416644004865911e-03
7.594000000000000909e+02 6.819107444320074256e-03
7.596000000000000227e+02 7.083828498296217135e-03
7.597999999999999545e+02 7.375705030360995597e-03
7.600000000000000000e+02 7.685482704950212345e-03
7.602000000000000455e+02 8.003929770704770741e-03
7.604000000000000909e+02 8.321907842745147887e-03
7.606000000000000227e+02 8.630052356203742753e-03
7.607999999999999545e+02 8.920018233164003774e-03
7.610000000000000000e+02 9.185433740188349641e-03
7.612000000000000455e+02 9.423331947988392715e-03
7.614000000000000909e+02 9.633631332991762775e-03
7.616000000000000227e+02 9.818560686297779505e-03
7.617999999999999545e+02 9.981133347988174406e-03
7.620000000000000000e+02 1.012649377107941936e-02
7.622000000000000455e+02 1.026150633403220998e-02
7.624000000000000909e+02 1.039132080673486197e-02
7.626000000000000227e+02 1.051857182461343743e-02
7.627999999999999545e+02 1.064335290377822416e-02
7.630000000000000000e+02 1.076403336914230277e-02
7.632000000000000455e+02 1.087831951764298664e-02
7.634000000000000909e+02 1.098337217618310276e-02
7.636000000000000227e+02 1.107524307478120057e-02
7.637999999999999545e+02 1.115220588748642126e-02
7.640000000000000000e+02 1.121478826879627154e-02
7.642000000000000455e+02 1.126248260541169548e-02
7.644000000000000909e+02 1.129504642448706832e-02
7.646000000000000227e+02 1.131301997362560256e-02
7.647999999999999545e+02 1.131767070632440884e-02
7.650000000000000000e+02 1.131046597744029582e-02
7.652000000000000455e+02 1.129290093770342861e-02
7.654000000000000909e+02 1.126668319879535300e-02
7.656000000000000227e+02 1.123408565609890566e-02
7.657999999999999545e+02 1.119831823458435939e-02
7.660000000000000000e+02 1.116420731590028748e-02
7.662000000000000455e+02 1.113729492814566346e-02
7.664000000000000909e+02 1.112326037339468089e-02
7.666000000000000227e+02 1.112742480804983398e-02
7.667999999999999545e+02 1.115432798804933887e-02
7.670000000000000000e+02 1.120724371181951000e-02
7.672000000000000455e+02 1.128773045213280271e-02
7.674000000000000909e+02 1.139583372567698656e-02
7.676000000000000227e+02 1.152996326710095665e-02
7.677999999999999545e+02 1.168647392606208223e-02
7.680000000000000000e+02 1.185990832980696012e-02
7.682000000000000455e+02 1.204300625742167792e-02
7.684000000000000909e+02 1.222743746178194327e-02
7.686000000000000227e+02 1.240470282108780721e-02
7.687999999999999545e+02 1.256718207571309344e-02
7.690000000000000000e+02 1.270849539535245584e-02
7.692000000000000455e+02 1.282352403404075220e-02
7.694000000000000909e+02 1.290866914313349226e-02
7.696000000000000227e+02 1.296230131753562179e-02
7.697999999999999545e+02 1.298468222749894416e-02
7.700000000000000000e+02 1.297799884084101067e-02
7.702000000000000455e+02 1.294574720899513420e-02
7.704000000000000909e+02 1.289222311435675450e-02
7.706000000000000227e+02 1.282181362344612247e-02
7.707999999999999545e+02 1.273938969216317947e-02
7.710000000000000000e+02 1.265042872153082122e-02
7.712000000000000455e+02 1.256109636710088170e-02
7.714000000000000909e+02 1.247770548229919750e-02
7.716000000000000227e+02 1.240659258715967606e-02
7.717999999999999545e+02 1.235422403115496448e-02
7.720000000000000000e+02 1.232658958030375881e-02
7.722000000000000455e+02 1.232889775238960907e-02
7.724000000000000909e+02 1.236530936442564212e-02
7.726000000000000227e+02 1.243900906866974784e-02
7.727999999999999545e+02 1.255191502952430170e-02
7.730000000000000000e+02 1.270352142663266036e-02
7.732000000000000455e+02 1.289079566588323227e-02
7.734000000000000909e+02 1.310815425317779503e-02
7.736000000000000227e+02 1.334882888573932572e-02
7.737999999999999545e+02 1.360560003731583686e-02
7.740000000000000000e+02 1.387119150844283270e-02
7.742000000000000455e+02 1.413866681297175007e-02
7.744000000000000909e+02 1.440186569148703410e-02
7.746000000000000227e+02 1.465584443958744404e-02
7.747999999999999545e+02 1.489690620620228584e-02
7.750000000000000000e+02 1.512213244330419190e-02
7.752000000000000455e+02 1.532916323197524439e-02
7.754000000000000909e+02 1.551664471935517049e-02
7.756000000000000227e+02 1.568342819697007492e-02
7.757999999999999545e+02 1.582780417831892300e-02
7.760000000000000000e+02 1.594870691883330457e-02
7.762000000000000455e+02 1.604536426582815756e-02
7.764000000000000909e+02 1.611678562975596765e-02
7.766000000000000227e+02 1.616281654169439766e-02
7.767999999999999545e+02 1.618380949667822671e-02
7.770000000000000000e+02 1.618000420042287751e-02
7.772000000000000455e+02 1.615216373728286040e-02
7.774000000000000909e+02 1.610188930996447193e-02
7.776000000000000227e+02 1.603208535355915565e-02
7.777999999999999545e+02 1.594588091679495848e-02
7.780000000000000000e+02 1.584603838802418202e-02
7.782000000000000455e+02 1.573409804372759985e-02
7.784000000000000909e+02 1.561054219654830870e-02
7.786000000000000227e+02 1.547498647108562497e-02
7.787999999999999545e+02 1.532653595636545088e-02
7.790000000000000000e+02 1.516506308496545948e-02
7.792000000000000455e+02 1.499185252878526900e-02
7.794000000000000909e+02 1.481049480691168027e-02
7.796000000000000227e+02 1.462602063118991977e-02
7.797999999999999545e+02 1.444463406255414896e-02
7.800000000000000000e+02 1.427372199658104648e-02
7.802000000000000455e+02 1.412165582419465208e-02
7.804000000000000909e+02 1.399763835795628415e-02
7.806000000000000227e+02 1.391108006172949232e-02
7.807999999999999545e+02 1.387060014832872980e-02
7.810000000000000000e+02 1.388324937526607544e-02
7.812000000000000455e+02 1.395344947055030503e-02
7.814000000000000909e+02 1.408327906396231177e-02
7.816000000000000227e+02 1.427243521779750050e-02
7.817999999999999545e+02 1.451858412788813169e-02
7.820000000000000000e+02 1.481821897431664578e-02
7.822000000000000455e+02 1.516710154780091455e-02
7.824000000000000909e+02 1.556045641628488706e-02
7.826000000000000227e+02 1.599291125938155297e-02
7.827999999999999545e+02 1.645847412205980395e-02
7.830000000000000000e+02 1.695182628728406776e-02
7.832000000000000455e+02 1.746808610662016828e-02
7.834000000000000909e+02 1.800225817378959051e-02
7.836000000000000227e+02 1.854720257505536665e-02
7.837999999999999545e+02 1.909367160126238666e-02
7.840000000000000000e+02 1.963041850914203079e-02
7.842000000000000455e+02 2.014597993375853019e-02
7.844000000000000909e+02 2.062975262435576621e-02
7.846000000000000227e+02 2.107345190346811975e-02
7.847999999999999545e+02 2.147162153160036072e-02
7.850000000000000000e+02 2.182121305793787922e-02
7.852000000000000455e+02 2.212104543331858825e-02
7.854000000000000909e+02 2.237058331831004443e-02
7.856000000000000227e+02 2.256952739757429535e-02
7.857999999999999545e+02 2.271751934139696824e-02
7.860000000000000000e+02 2.281402528739748942e-02
7.862000000000000455e+02 2.285791389800645446e-02
7.864000000000000909e+02 2.284635034773663947e-02
7.866000000000000227e+02 2.277563123268911208e-02
7.867999999999999545e+02 2.264228169434794741e-02
7.870000000000000000e+02 2.244584716411643019e-02
7.872000000000000455e+02 2.218945975544903831e-02
7.874000000000000909e+02 2.187968675796576890e-02
7.876000000000000227e+02 2.152488566079801754e-02
7.877999999999999545e+02 2.113374349875100922e-02
7.880000000000000000e+02 2.071475852606965290e-02
7.882000000000000455e+02 2.027640910885400785e-02
7.884000000000000909e+02 1.982742794716362000e-02
7.886000000000000227e+02 1.937679759812871438e-02
7.887999999999999545e+02 1.893289135039588969e-02
7.890000000000000000e+02 1.850224953706966838e-02
7.892000000000000455e+02 1.808890887716538623e-02
7.894000000000000909e+02 1.769611493591751253e-02
7.896000000000000227e+02 1.732742703586057434e-02
7.897999999999999545e+02 1.698730046261051965e-02
7.900000000000000000e+02 1.667991122746215540e-02
7.902000000000000455e+02 1.640863836901617842e-02
7.904000000000000909e+02 1.617542075386687803e-02
7.906000000000000227e+02 1.597967433433030923e-02
7.907999999999999545e+02 1.581869639308707345e-02
7.910000000000000000e+02 1.568793533739559418e-02
7.912000000000000455e+02 1.558235957580284686e-02
7.914000000000000909e+02 1.549687733399884859e-02
7.916000000000000227e+02 1.542659954459187077e-02
7.917999999999999545e+02 1.536667157718567614e-02
7.920000000000000000e+02 1.531263325730033119e-02
7.922000000000000455e+02 1.526117869725587307e-02
7.924000000000000909e+02 1.521097720404545120e-02
7.926000000000000227e+02 1.516179994748436885e-02
7.927999999999999545e+02 1.511280991266591815e-02
7.930000000000000000e+02 1.506240086665966774e-02
7.932000000000000455e+02 1.500885569954954306e-02
7.934000000000000909e+02 1.495189456084235376e-02
7.936000000000000227e+02 1.489291185407789347e-02
7.937999999999999545e+02 1.483484055513098303e-02
7.940000000000000000e+02 1.478178403888026106e-02
7.942000000000000455e+02 1.473826797683823984e-02
7.944000000000000909e+02 1.470882622655799235e-02
7.946000000000000227e+02 1.469733335447109303e-02
7.947999999999999545e+02 1.470670191221323808e-02
7.950000000000000000e+02 1.473893649794836766e-02
7.952000000000000455e+02 1.479579549787792339e-02
7.954000000000000909e+02 1.487797889987356806e-02
7.956000000000000227e+02 1.498471061902025003e-02
7.957999999999999545e+02 1.511381866884847769e-02
7.960000000000000000e+02 1.526314506457939271e-02
7.962000000000000455e+02 1.543119084472134236e-02
7.964000000000000909e+02 1.561674782765370105e-02
7.966000000000000227e+02 1.581799943455749688e-02
7.967999999999999545e+02 1.603178648575077567e-02
7.970000000000000000e+02 1.625292523216495880e-02
7.972000000000000455e+02 1.647507886667626958e-02
7.974000000000000909e+02 1.669142485088549038e-02
7.976000000000000227e+02 1.689582901949464311e-02
7.977999999999999545e+02 1.708294748818559028e-02
7.980000000000000000e+02 1.724834534278002138e-02
7.982000000000000455e+02 1.738836967844968259e-02
7.984000000000000909e+02 1.750002103645656795e-02
7.986000000000000227e+02 1.758110042316165383e-02
7.987999999999999545e+02 1.763138024123164088e-02
7.990000000000000000e+02 1.765222243927183632e-02
7.992000000000000455e+02 1.764605260196982703e-02
7.994000000000000909e+02 1.761446654297605524e-02
7.996000000000000227e+02 1.755861144103296190e-02
7.997999999999999545e+02 1.748019088837791599e-02
8.000000000000000000e+02 1.738181631808425817e-02
