4.200000000000000000e+02 1.000000000000000000e+00
4.201999999999999886e+02 9.977279237046785543e-01
4.203999999999999773e+02 9.955654561387334844e-01
4.206000000000000227e+02 9.934937042205232993e-01
4.208000000000000114e+02 9.915058352742062153e-01
4.210000000000000000e+02 9.896029303138236255e-01
4.211999999999999886e+02 9.877639426096619379e-01
4.213999999999999773e+02 9.859874167509536935e-01
4.216000000000000227e+02 9.842755977191590677e-01
4.218000000000000114e+02 9.826109949612794603e-01
4.220000000000000000e+02 9.809978010216091615e-01
4.221999999999999886e+02 9.794293005684212572e-01
4.223999999999999773e+02 9.778913749109839904e-01
4.226000000000000227e+02 9.763893849483658016e-01
4.228000000000000114e+02 9.749106080139630093e-01
4.230000000000000000e+02 9.734490126334357507e-01
4.231999999999999886e+02 9.720110070570326943e-01
4.233999999999999773e+02 9.705851916669342438e-01
4.236000000000000227e+02 9.691770821145406778e-01
4.238000000000000114e+02 9.677934768833873491e-01
4.240000000000000000e+02 9.664294798912190787e-01
4.241999999999999886e+02 9.650997516859537440e-01
4.243999999999999773e+02 9.638071527247861203e-01
4.246000000000000227e+02 9.625497509121483386e-01
4.248000000000000114e+02 9.613398891175779504e-01
4.250000000000000000e+02 9.601732557562757675e-01
4.251999999999999886e+02 9.590508335066669776e-01
4.253999999999999773e+02 9.579793299992427347e-01
4.256000000000000227e+02 9.569496815340269302e-01
4.258000000000000114e+02 9.559629050172037124e-01
4.260000000000000000e+02 9.550159083990240605e-01
4.261999999999999886e+02 9.540955939937469932e-01
4.263999999999999773e+02 9.532008290710615173e-01
4.266000000000000227e+02 9.523203086037071996e-01
4.268000000000000114e+02 9.514403193242028101e-01
4.270000000000000000e+02 9.505551420391084028e-01
4.271999999999999886e+02 9.496474821178420012e-01
4.273999999999999773e+02 9.487086031332810920e-01
4.276000000000000227e+02 9.477353332053087831e-01
4.278000000000000114e+02 9.467154372484433145e-01
4.280000000000000000e+02 9.456521445482282129e-01
4.281999999999999886e+02 9.445456243061789436e-01
4.283999999999999773e+02 9.433905983879778967e-01
4.286000000000000227e+02 9.421980265895556483e-01
4.288000000000000114e+02 9.409672166867703025e-01
4.290000000000000000e+02 9.397009690221591605e-01
4.291999999999999886e+02 9.384147225076308052e-01
4.293999999999999773e+02 9.371066777037418971e-01
4.296000000000000227e+02 9.357862343272776995e-01
4.298000000000000114e+02 9.344653340339816872e-01
4.300000000000000000e+02 9.331416109966720329e-01
4.301999999999999886e+02 9.318295858760714534e-01
4.303999999999999773e+02 9.305351445155826129e-01
4.306000000000000227e+02 9.292566613898557426e-01
4.308000000000000114e+02 9.280081663647844481e-01
4.310000000000000000e+02 9.267882430883234157e-01
4.311999999999999886e+02 9.255984526888739738e-01
4.313999999999999773e+02 9.244496069867719212e-01
4.316000000000000227e+02 9.233363419067907030e-01
4.318000000000000114e+02 9.222639858115992961e-01
4.320000000000000000e+02 9.212371911670098612e-01
4.321999999999999886e+02 9.202477953213002992e-01
4.323999999999999773e+02 9.193003233361699555e-01
4.326000000000000227e+02 9.183925574502722622e-01
4.328000000000000114e+02 9.175194872519483180e-01
4.330000000000000000e+02 9.166870767056544134e-01
4.331999999999999886e+02 9.158883726926270175e-01
4.333999999999999773e+02 9.151179851854202019e-01
4.336000000000000227e+02 9.143741350031754367e-01
4.338000000000000114e+02 9.136439618716218902e-01
4.340000000000000000e+02 9.129221883211724453e-01
4.341999999999999886e+02 9.122026616757958895e-01
4.343999999999999773e+02 9.114741192822711779e-01
4.346000000000000227e+02 9.107373400773458583e-01
4.348000000000000114e+02 9.099881083651122360e-01
4.350000000000000000e+02 9.092228967424572650e-01
4.351999999999999886e+02 9.084482298090027497e-01
4.353999999999999773e+02 9.076630228883706408e-01
4.356000000000000227e+02 9.068684698615049333e-01
4.358000000000000114e+02 9.060734940572795493e-01
4.360000000000000000e+02 9.052916364072578492e-01
4.361999999999999886e+02 9.045186807080489721e-01
4.363999999999999773e+02 9.037503260758295021e-01
4.366000000000000227e+02 9.029939237635161708e-01
4.368000000000000114e+02 9.022601467396554886e-01
4.370000000000000000e+02 9.015555840799002185e-01
4.371999999999999886e+02 9.008842521837200357e-01
4.373999999999999773e+02 9.002519738840181196e-01
4.376000000000000227e+02 8.996613507714037450e-01
4.378000000000000114e+02 8.991160750538815805e-01
4.380000000000000000e+02 8.986216029024701735e-01
4.381999999999999886e+02 8.981771387663652906e-01
4.383999999999999773e+02 8.977805669909575403e-01
4.386000000000000227e+02 8.974282527427729361e-01
4.388000000000000114e+02 8.971131139336975258e-01
4.390000000000000000e+02 8.968294877822868827e-01
4.391999999999999886e+02 8.965703918064787947e-01
4.393999999999999773e+02 8.963262010112653666e-01
4.396000000000000227e+02 8.960873894848609966e-01
4.398000000000000114e+02 8.958443480081887955e-01
4.400000000000000000e+02 8.955871045057209878e-01
4.401999999999999886e+02 8.953055026956979745e-01
4.403999999999999773e+02 8.949918013299763553e-01
4.406000000000000227e+02 8.946378426773136106e-01
4.408000000000000114e+02 8.942346328271699729e-01
4.410000000000000000e+02 8.937768222550448449e-01
4.411999999999999886e+02 8.932592435454260738e-01
4.413999999999999773e+02 8.926797883166553982e-01
4.416000000000000227e+02 8.920435210515071933e-01
4.418000000000000114e+02 8.913537718452091418e-01
4.420000000000000000e+02 8.906149580817673828e-01
4.421999999999999886e+02 8.898347010285282410e-01
4.423999999999999773e+02 8.890223954852410904e-01
4.426000000000000227e+02 8.881854875762321688e-01
4.428000000000000114e+02 8.873329559520636289e-01
4.430000000000000000e+02 8.864792423659260123e-01
4.431999999999999886e+02 8.856312230221956572e-01
4.433999999999999773e+02 8.847945272642356862e-01
4.436000000000000227e+02 8.839757223803914599e-01
4.438000000000000114e+02 8.831754562938329833e-01
4.440000000000000000e+02 8.823969588755257165e-01
4.441999999999999886e+02 8.816425760138374423e-01
4.443999999999999773e+02 8.809076314410041464e-01
4.446000000000000227e+02 8.801901620514887004e-01
4.448000000000000114e+02 8.794874910938306201e-01
4.450000000000000000e+02 8.787961502021518490e-01
4.451999999999999886e+02 8.781186539069064656e-01
4.453999999999999773e+02 8.774530286310835425e-01
4.456000000000000227e+02 8.767940194640637674e-01
4.458000000000000114e+02 8.761381502804630461e-01
4.460000000000000000e+02 8.754830405980823516e-01
4.461999999999999886e+02 8.748253634973369719e-01
4.463999999999999773e+02 8.741618211471172684e-01
4.466000000000000227e+02 8.734942698718093368e-01
4.468000000000000114e+02 8.728215648263433213e-01
4.470000000000000000e+02 8.721418232108204549e-01
4.471999999999999886e+02 8.714568384056879946e-01
4.473999999999999773e+02 8.707655404465574067e-01
4.476000000000000227e+02 8.700687004517456691e-01
4.478000000000000114e+02 8.693686622308710588e-01
4.480000000000000000e+02 8.686608988941539877e-01
4.481999999999999886e+02 8.679424863232317877e-01
4.483999999999999773e+02 8.672107582374550816e-01
4.486000000000000227e+02 8.664605469354762501e-01
4.488000000000000114e+02 8.656933156308976862e-01
4.490000000000000000e+02 8.649085228379197465e-01
4.491999999999999886e+02 8.641011137344909443e-01
4.493999999999999773e+02 8.632688460214964499e-01
4.496000000000000227e+02 8.624108965726601239e-01
4.498000000000000114e+02 8.615252065159851869e-01
4.500000000000000000e+02 8.606075690275867274e-01
4.501999999999999886e+02 8.596607519418272281e-01
4.503999999999999773e+02 8.586844302331900769e-01
4.506000000000000227e+02 8.576734429114856173e-01
4.508000000000000114e+02 8.566279577907542908e-01
4.510000000000000000e+02 8.555448218193614229e-01
4.511999999999999886e+02 8.544230864654590585e-01
4.513999999999999773e+02 8.532702271884128331e-01
4.516000000000000227e+02 8.520862615160540443e-01
4.518000000000000114e+02 8.508710704530033642e-01
4.520000000000000000e+02 8.496281582336830951e-01
4.521999999999999886e+02 8.483615749675614826e-01
4.523999999999999773e+02 8.470707850378832449e-01
4.526000000000000227e+02 8.457578773623584123e-01
4.528000000000000114e+02 8.444337132443908711e-01
4.530000000000000000e+02 8.430994478482062293e-01
4.531999999999999886e+02 8.417574641093810150e-01
4.533999999999999773e+02 8.404135123625925408e-01
4.536000000000000227e+02 8.390668065979124401e-01
4.538000000000000114e+02 8.377242860770588440e-01
4.540000000000000000e+02 8.363921410614132412e-01
4.541999999999999886e+02 8.350654830340434875e-01
4.543999999999999773e+02 8.337438699290308231e-01
4.546000000000000227e+02 8.324235766139310710e-01
4.548000000000000114e+02 8.310987913237457558e-01
4.550000000000000000e+02 8.297744362557515352e-01
4.551999999999999886e+02 8.284483569100982159e-01
4.553999999999999773e+02 8.271158302430197118e-01
4.556000000000000227e+02 8.257780729786831087e-01
4.558000000000000114e+02 8.244371252676082618e-01
4.560000000000000000e+02 8.230911631634426628e-01
4.561999999999999886e+02 8.217377870262418948e-01
4.563999999999999773e+02 8.203849165087948592e-01
4.566000000000000227e+02 8.190326739194281336e-01
4.568000000000000114e+02 8.176794450971770489e-01
4.570000000000000000e+02 8.163302518753627890e-01
4.571999999999999886e+02 8.149847132996789201e-01
4.573999999999999773e+02 8.136487053005847514e-01
4.576000000000000227e+02 8.123332822088955574e-01
4.578000000000000114e+02 8.110389329681944037e-01
4.580000000000000000e+02 8.097683970370990192e-01
4.581999999999999886e+02 8.085260923034358616e-01
4.583999999999999773e+02 8.073136675130406781e-01
4.586000000000000227e+02 8.061270081499923856e-01
4.588000000000000114e+02 8.049663641161367567e-01
4.590000000000000000e+02 8.038348467966711652e-01
4.591999999999999886e+02 8.027252579039991787e-01
4.593999999999999773e+02 8.016340326716933085e-01
4.596000000000000227e+02 8.005582637607958629e-01
4.598000000000000114e+02 7.994919964144954205e-01
4.600000000000000000e+02 7.984378237707987491e-01
4.601999999999999886e+02 7.973946429250416967e-01
4.603999999999999773e+02 7.963565054497077078e-01
4.606000000000000227e+02 7.953227013992306693e-01
4.608000000000000114e+02 7.942885448528971271e-01
4.610000000000000000e+02 7.932514861797396177e-01
4.611999999999999886e+02 7.922161225178673272e-01
4.613999999999999773e+02 7.911795463859393474e-01
4.616000000000000227e+02 7.901391132296013975e-01
4.618000000000000114e+02 7.890955747308038282e-01
4.620000000000000000e+02 7.880505818676426522e-01
4.621999999999999886e+02 7.870031840481684915e-01
4.623999999999999773e+02 7.859548927019563980e-01
4.626000000000000227e+02 7.849120798129914922e-01
4.628000000000000114e+02 7.838714484220130618e-01
4.630000000000000000e+02 7.828309666797135247e-01
4.631999999999999886e+02 7.817911234215517702e-01
4.633999999999999773e+02 7.807475038330038419e-01
4.636000000000000227e+02 7.797032563049836051e-01
4.638000000000000114e+02 7.786616981277117988e-01
4.640000000000000000e+02 7.776193433836793290e-01
4.641999999999999886e+02 7.765769528633128527e-01
4.643999999999999773e+02 7.755328618980988908e-01
4.646000000000000227e+02 7.744850078155259832e-01
4.648000000000000114e+02 7.734404044297858993e-01
4.650000000000000000e+02 7.723999831580642406e-01
4.651999999999999886e+02 7.713622400192102768e-01
4.653999999999999773e+02 7.703290682671493084e-01
4.656000000000000227e+02 7.693039788251213595e-01
4.658000000000000114e+02 7.682893358531937000e-01
4.660000000000000000e+02 7.672891166989854739e-01
4.661999999999999886e+02 7.663151999457649133e-01
4.663999999999999773e+02 7.653733568134507559e-01
4.666000000000000227e+02 7.644677067049387986e-01
4.668000000000000114e+02 7.636055280550413382e-01
4.670000000000000000e+02 7.627903050027431409e-01
4.671999999999999886e+02 7.620297125047039710e-01
4.673999999999999773e+02 7.613338003616424432e-01
4.676000000000000227e+02 7.607051944878381322e-01
4.678000000000000114e+02 7.601464867155781624e-01
4.680000000000000000e+02 7.596583178859701579e-01
4.681999999999999886e+02 7.592376849700850361e-01
4.683999999999999773e+02 7.588835841239729429e-01
4.686000000000000227e+02 7.585915968237139095e-01
4.688000000000000114e+02 7.583534754945794321e-01
4.690000000000000000e+02 7.581607264656078371e-01
4.691999999999999886e+02 7.580035927420516462e-01
4.693999999999999773e+02 7.578710786148001866e-01
4.696000000000000227e+02 7.577516031213386016e-01
4.698000000000000114e+02 7.576349296408594336e-01
4.700000000000000000e+02 7.575113860308311242e-01
4.701999999999999886e+02 7.573718185232256594e-01
4.703999999999999773e+02 7.572080493971667936e-01
4.706000000000000227e+02 7.570114185191330058e-01
4.708000000000000114e+02 7.567752553167885754e-01
4.710000000000000000e+02 7.564964475366283692e-01
4.711999999999999886e+02 7.561721423447056445e-01
4.713999999999999773e+02 7.558011331908763841e-01
4.716000000000000227e+02 7.553844959090992850e-01
4.718000000000000114e+02 7.549252739742410290e-01
4.720000000000000000e+02 7.544257196981675184e-01
4.721999999999999886e+02 7.538905966541070702e-01
4.723999999999999773e+02 7.533284937209090426e-01
4.726000000000000227e+02 7.527444840038696183e-01
4.728000000000000114e+02 7.521447285903336555e-01
4.730000000000000000e+02 7.515354567812388975e-01
4.731999999999999886e+02 7.509185410327631205e-01
4.733999999999999773e+02 7.502993802282007518e-01
4.736000000000000227e+02 7.496825277967906764e-01
4.738000000000000114e+02 7.490685848135877345e-01
4.740000000000000000e+02 7.484601782284013849e-01
4.741999999999999886e+02 7.478577911708791381e-01
4.743999999999999773e+02 7.472613328580715031e-01
4.746000000000000227e+02 7.466748696878684477e-01
4.748000000000000114e+02 7.460980250837186967e-01
4.750000000000000000e+02 7.455290118457829074e-01
4.751999999999999886e+02 7.449674502455549963e-01
4.753999999999999773e+02 7.444114821624625566e-01
4.756000000000000227e+02 7.438554858660035851e-01
4.758000000000000114e+02 7.432926041576629617e-01
4.760000000000000000e+02 7.427195772095362969e-01
4.761999999999999886e+02 7.421304022507378972e-01
4.763999999999999773e+02 7.415204760743595580e-01
4.766000000000000227e+02 7.408890094011674199e-01
4.768000000000000114e+02 7.402332295773530468e-01
4.770000000000000000e+02 7.395546574854294786e-01
4.771999999999999886e+02 7.388571373050698554e-01
4.773999999999999773e+02 7.381402611922951440e-01
4.776000000000000227e+02 7.374051054136028238e-01
4.778000000000000114e+02 7.366529061187936378e-01
4.780000000000000000e+02 7.358823655601062219e-01
4.781999999999999886e+02 7.350868935538033000e-01
4.783999999999999773e+02 7.342638461198183197e-01
4.786000000000000227e+02 7.334132624091936892e-01
4.788000000000000114e+02 7.325316582626593132e-01
4.790000000000000000e+02 7.316212987957542158e-01
4.791999999999999886e+02 7.306852198582663993e-01
4.793999999999999773e+02 7.297253120385237546e-01
4.796000000000000227e+02 7.287517394841962481e-01
4.798000000000000114e+02 7.277703707173055481e-01
4.800000000000000000e+02 7.267838268747232044e-01
4.801999999999999886e+02 7.257989696164419691e-01
4.803999999999999773e+02 7.248173414896195155e-01
4.806000000000000227e+02 7.238427519082171191e-01
4.808000000000000114e+02 7.228843725742610804e-01
4.810000000000000000e+02 7.219448990165370228e-01
4.811999999999999886e+02 7.210296112524864354e-01
4.813999999999999773e+02 7.201474476327491825e-01
4.816000000000000227e+02 7.193070542122694810e-01
4.818000000000000114e+02 7.185128971137820786e-01
4.820000000000000000e+02 7.177691722669913288e-01
4.821999999999999886e+02 7.170797403328948993e-01
4.823999999999999773e+02 7.164378264053015144e-01
4.826000000000000227e+02 7.158350111982085817e-01
4.828000000000000114e+02 7.152615562687690831e-01
4.830000000000000000e+02 7.147032256697777308e-01
4.831999999999999886e+02 7.141497501237742407e-01
4.833999999999999773e+02 7.135912935547018554e-01
4.836000000000000227e+02 7.130171919580392537e-01
4.838000000000000114e+02 7.124224868893997975e-01
4.840000000000000000e+02 7.118027885981801361e-01
4.841999999999999886e+02 7.111558573152614304e-01
4.843999999999999773e+02 7.104852188360433196e-01
4.846000000000000227e+02 7.097897673761314197e-01
4.848000000000000114e+02 7.090669171510035618e-01
4.850000000000000000e+02 7.083156169613041842e-01
4.851999999999999886e+02 7.075357194475334621e-01
4.853999999999999773e+02 7.067255453330737458e-01
4.856000000000000227e+02 7.058857030312960523e-01
4.858000000000000114e+02 7.050240698810172901e-01
4.860000000000000000e+02 7.041434330676649145e-01
4.861999999999999886e+02 7.032466861358843691e-01
4.863999999999999773e+02 7.023389972718940832e-01
4.866000000000000227e+02 7.014206283317087065e-01
4.868000000000000114e+02 7.004960342870468759e-01
4.870000000000000000e+02 6.995697674674855593e-01
4.871999999999999886e+02 6.986379005920601015e-01
4.873999999999999773e+02 6.976981748866971644e-01
4.876000000000000227e+02 6.967500860069728574e-01
4.878000000000000114e+02 6.957933781169218790e-01
4.880000000000000000e+02 6.948267712760449744e-01
4.881999999999999886e+02 6.938564337032091522e-01
4.883999999999999773e+02 6.928905377795926412e-01
4.886000000000000227e+02 6.919297554076743184e-01
4.888000000000000114e+02 6.909783958416254590e-01
4.890000000000000000e+02 6.900399025770738159e-01
4.891999999999999886e+02 6.891161237978493670e-01
4.893999999999999773e+02 6.882159078171898869e-01
4.896000000000000227e+02 6.873415792300778815e-01
4.898000000000000114e+02 6.864912101908966502e-01
4.900000000000000000e+02 6.856662230045590389e-01
4.901999999999999886e+02 6.848652877967998931e-01
4.903999999999999773e+02 6.840912613002929632e-01
4.906000000000000227e+02 6.833521295452823496e-01
4.908000000000000114e+02 6.826497191348446236e-01
4.910000000000000000e+02 6.819861330107250819e-01
4.911999999999999886e+02 6.813645104769984195e-01
4.913999999999999773e+02 6.807873197527797293e-01
4.916000000000000227e+02 6.802563415347119280e-01
4.918000000000000114e+02 6.797757164627040716e-01
4.920000000000000000e+02 6.793512558336615159e-01
4.921999999999999886e+02 6.789834438472254208e-01
4.923999999999999773e+02 6.786734271175434152e-01
4.926000000000000227e+02 6.784231410587128197e-01
4.928000000000000114e+02 6.782333781552406515e-01
4.930000000000000000e+02 6.781051868181091624e-01
4.931999999999999886e+02 6.780374824528602185e-01
4.933999999999999773e+02 6.780256867968957879e-01
4.936000000000000227e+02 6.780624136555278847e-01
4.938000000000000114e+02 6.781395156553050585e-01
4.940000000000000000e+02 6.782489990105966537e-01
4.941999999999999886e+02 6.783835699602863700e-01
4.943999999999999773e+02 6.785369573828903267e-01
4.946000000000000227e+02 6.787026507224073191e-01
4.948000000000000114e+02 6.788736077646120304e-01
4.950000000000000000e+02 6.790436353136244385e-01
4.951999999999999886e+02 6.792088236216325958e-01
4.953999999999999773e+02 6.793665967199818967e-01
4.956000000000000227e+02 6.795145057336510197e-01
4.958000000000000114e+02 6.796524571660580438e-01
4.960000000000000000e+02 6.797815339298248771e-01
4.961999999999999886e+02 6.799038277965088195e-01
4.963999999999999773e+02 6.800240864200999269e-01
4.966000000000000227e+02 6.801486139563360789e-01
4.968000000000000114e+02 6.802845666740324759e-01
4.970000000000000000e+02 6.804389908381710539e-01
4.971999999999999886e+02 6.806160568493916374e-01
4.973999999999999773e+02 6.808178172654701932e-01
4.976000000000000227e+02 6.810449242530363101e-01
4.978000000000000114e+02 6.812967531907033747e-01
4.980000000000000000e+02 6.815686034159113005e-01
4.981999999999999886e+02 6.818538480240878830e-01
4.983999999999999773e+02 6.821467267261821510e-01
4.986000000000000227e+02 6.824390407224318889e-01
4.988000000000000114e+02 6.827218545867295152e-01
4.990000000000000000e+02 6.829860217816987600e-01
4.991999999999999886e+02 6.832208789280165284e-01
4.993999999999999773e+02 6.834174036751223813e-01
4.996000000000000227e+02 6.835674810612315522e-01
4.998000000000000114e+02 6.836626441995299341e-01
5.000000000000000000e+02 6.836968546567605554e-01
5.001999999999999886e+02 6.836670886413971360e-01
5.003999999999999773e+02 6.835736052880786451e-01
5.006000000000000227e+02 6.834201622072558768e-01
5.008000000000000114e+02 6.832137423815125565e-01
5.010000000000000000e+02 6.829638785955118863e-01
5.011999999999999886e+02 6.826815221654971566e-01
5.013999999999999773e+02 6.823763034995894428e-01
5.016000000000000227e+02 6.820591638324702277e-01
5.018000000000000114e+02 6.817420852094182582e-01
5.020000000000000000e+02 6.814337464510390463e-01
5.021999999999999886e+02 6.811415936959920314e-01
5.023999999999999773e+02 6.808713531267995833e-01
5.026000000000000227e+02 6.806264028917760056e-01
5.028000000000000114e+02 6.804108656832865698e-01
5.030000000000000000e+02 6.802267825720590411e-01
5.031999999999999886e+02 6.800733151975079105e-01
5.033999999999999773e+02 6.799484680110149393e-01
5.036000000000000227e+02 6.798465216428273283e-01
5.038000000000000114e+02 6.797588638312148657e-01
5.040000000000000000e+02 6.796755539294148107e-01
5.041999999999999886e+02 6.795857486443177553e-01
5.043999999999999773e+02 6.794785847333832951e-01
5.046000000000000227e+02 6.793438400712743519e-01
5.048000000000000114e+02 6.791724773829378448e-01
5.050000000000000000e+02 6.789559366128663509e-01
5.051999999999999886e+02 6.786880688334122613e-01
5.053999999999999773e+02 6.783667217229204516e-01
5.056000000000000227e+02 6.779898520644306315e-01
5.058000000000000114e+02 6.775570604150927823e-01
5.060000000000000000e+02 6.770689901858042425e-01
5.061999999999999886e+02 6.765243837984373787e-01
5.063999999999999773e+02 6.759271447958562495e-01
5.066000000000000227e+02 6.752836192472841947e-01
5.068000000000000114e+02 6.745990610178536073e-01
5.070000000000000000e+02 6.738822049259901581e-01
5.071999999999999886e+02 6.731430359984017509e-01
5.073999999999999773e+02 6.723904754169349740e-01
5.076000000000000227e+02 6.716307126358559421e-01
5.078000000000000114e+02 6.708743048191238012e-01
5.080000000000000000e+02 6.701303006538651408e-01
5.081999999999999886e+02 6.694001656982505599e-01
5.083999999999999773e+02 6.686855168492867874e-01
5.086000000000000227e+02 6.679831843862653606e-01
5.088000000000000114e+02 6.672862611319980708e-01
5.090000000000000000e+02 6.665915994784706866e-01
5.091999999999999886e+02 6.658912028158200380e-01
5.093999999999999773e+02 6.651755464575828114e-01
5.096000000000000227e+02 6.644372244100240632e-01
5.098000000000000114e+02 6.636641137795296075e-01
5.100000000000000000e+02 6.628480197006930696e-01
5.101999999999999886e+02 6.619848619973293102e-01
5.103999999999999773e+02 6.610665473495634936e-01
5.106000000000000227e+02 6.600880431869222686e-01
5.108000000000000114e+02 6.590469411715191850e-01
5.110000000000000000e+02 6.579407560060311910e-01
5.111999999999999886e+02 6.567637814440570043e-01
5.113999999999999773e+02 6.555187260210300071e-01
5.116000000000000227e+02 6.542147650407291737e-01
5.118000000000000114e+02 6.528533965971929920e-01
5.120000000000000000e+02 6.514417784582733351e-01
5.122000000000000455e+02 6.499863319956578067e-01
5.123999999999999773e+02 6.484876926406373254e-01
5.126000000000000227e+02 6.469573407140092325e-01
5.127999999999999545e+02 6.454003129235000857e-01
5.130000000000000000e+02 6.438142999002365308e-01
5.132000000000000455e+02 6.422031969487309588e-01
5.133999999999999773e+02 6.405632387357982349e-01
5.136000000000000227e+02 6.388935288109558464e-01
5.137999999999999545e+02 6.372037974287374507e-01
5.140000000000000000e+02 6.354931013079571089e-01
5.142000000000000455e+02 6.337622305918597654e-01
5.143999999999999773e+02 6.320172377303981959e-01
5.146000000000000227e+02 6.302635444371028628e-01
5.147999999999999545e+02 6.284996102586229982e-01
5.150000000000000000e+02 6.267275542787370535e-01
5.152000000000000455e+02 6.249585976846815383e-01
5.153999999999999773e+02 6.231900417538315251e-01
5.156000000000000227e+02 6.214218421731327879e-01
5.157999999999999545e+02 6.196568488452126600e-01
5.160000000000000000e+02 6.178881979001288327e-01
5.162000000000000455e+02 6.161197746369179162e-01
5.163999999999999773e+02 6.143545204245847158e-01
5.166000000000000227e+02 6.125841850886915019e-01
5.167999999999999545e+02 6.108056201406382169e-01
5.170000000000000000e+02 6.090165514432144267e-01
5.172000000000000455e+02 6.072111811822443750e-01
5.173999999999999773e+02 6.053782517604195945e-01
5.176000000000000227e+02 6.035195300075600899e-01
5.177999999999999545e+02 6.016363707834838648e-01
5.180000000000000000e+02 5.997203012552055901e-01
5.182000000000000455e+02 5.977748506512690074e-01
5.183999999999999773e+02 5.958007888680554309e-01
5.186000000000000227e+02 5.937995918732862366e-01
5.187999999999999545e+02 5.917895536127267819e-01
5.190000000000000000e+02 5.897775566869191133e-01
5.192000000000000455e+02 5.877692053038998665e-01
5.193999999999999773e+02 5.857768290992283466e-01
5.196000000000000227e+02 5.837996072821993732e-01
5.197999999999999545e+02 5.818437994113679901e-01
5.200000000000000000e+02 5.799191551977317394e-01
5.202000000000000455e+02 5.780186445617241375e-01
5.203999999999999773e+02 5.761381660367083102e-01
5.206000000000000227e+02 5.742763618769446410e-01
5.207999999999999545e+02 5.724294436110545226e-01
5.210000000000000000e+02 5.705846611523686107e-01
5.212000000000000455e+02 5.687387652931296111e-01
5.213999999999999773e+02 5.668964735559831603e-01
5.216000000000000227e+02 5.650566524718841910e-01
5.217999999999999545e+02 5.632296392310466304e-01
5.220000000000000000e+02 5.614251175655052828e-01
5.222000000000000455e+02 5.596452670788190087e-01
5.223999999999999773e+02 5.579055594103682347e-01
5.226000000000000227e+02 5.562127188494715435e-01
5.227999999999999545e+02 5.545642790379298193e-01
5.230000000000000000e+02 5.529625643393732970e-01
5.232000000000000455e+02 5.514085476533936436e-01
5.233999999999999773e+02 5.498976558116036584e-01
5.236000000000000227e+02 5.484210795093305002e-01
5.237999999999999545e+02 5.469794996449346414e-01
5.240000000000000000e+02 5.455658869051616122e-01
5.242000000000000455e+02 5.441662581901139939e-01
5.243999999999999773e+02 5.427700044579663041e-01
5.246000000000000227e+02 5.413512732601208910e-01
5.247999999999999545e+02 5.398822901524984452e-01
5.250000000000000000e+02 5.383426073114102595e-01
5.252000000000000455e+02 5.367061333998742745e-01
5.253999999999999773e+02 5.349560608966640318e-01
5.256000000000000227e+02 5.330839750836129376e-01
5.257999999999999545e+02 5.310820263768154526e-01
5.260000000000000000e+02 5.289661112944267218e-01
5.262000000000000455e+02 5.267572347053353088e-01
5.263999999999999773e+02 5.244699397762092596e-01
5.266000000000000227e+02 5.221319216556197240e-01
5.267999999999999545e+02 5.197762932768218436e-01
5.270000000000000000e+02 5.174310576612249912e-01
5.272000000000000455e+02 5.151102429575159514e-01
5.273999999999999773e+02 5.128396315980578990e-01
5.276000000000000227e+02 5.106393946894519642e-01
5.277999999999999545e+02 5.085144049258322196e-01
5.280000000000000000e+02 5.064769630982949300e-01
5.282000000000000455e+02 5.045317135338164283e-01
5.283999999999999773e+02 5.026799762476308331e-01
5.286000000000000227e+02 5.009323720534142321e-01
5.287999999999999545e+02 4.992813261079896425e-01
5.290000000000000000e+02 4.977131851427281650e-01
5.292000000000000455e+02 4.962163028827114575e-01
5.293999999999999773e+02 4.947687581803937307e-01
5.296000000000000227e+02 4.933541129667670111e-01
5.297999999999999545e+02 4.919578326474624563e-01
5.300000000000000000e+02 4.905557373996131676e-01
5.302000000000000455e+02 4.891352435265228782e-01
5.303999999999999773e+02 4.876928765728181236e-01
5.306000000000000227e+02 4.862279206718967406e-01
5.307999999999999545e+02 4.847353757941832986e-01
5.310000000000000000e+02 4.832207702674648497e-01
5.312000000000000455e+02 4.816930953377817071e-01
5.313999999999999773e+02 4.801486358477788929e-01
5.316000000000000227e+02 4.785894380969755169e-01
5.317999999999999545e+02 4.770162056489608560e-01
5.320000000000000000e+02 4.754265291575531238e-01
5.322000000000000455e+02 4.738310851596564399e-01
5.323999999999999773e+02 4.722322741950340519e-01
5.326000000000000227e+02 4.706253226651075372e-01
5.327999999999999545e+02 4.690102481311008153e-01
5.330000000000000000e+02 4.673886611079010045e-01
5.332000000000000455e+02 4.657593226073856174e-01
5.333999999999999773e+02 4.641203485429507558e-01
5.336000000000000227e+02 4.624837987251146920e-01
5.337999999999999545e+02 4.608537165287173165e-01
5.340000000000000000e+02 4.592290412748690764e-01
5.342000000000000455e+02 4.576163551941703211e-01
5.343999999999999773e+02 4.560156343310210469e-01
5.346000000000000227e+02 4.544318164224475654e-01
5.347999999999999545e+02 4.528772456231576760e-01
5.350000000000000000e+02 4.513508617711365911e-01
5.352000000000000455e+02 4.498544972847008383e-01
5.353999999999999773e+02 4.483918032287086963e-01
5.356000000000000227e+02 4.469614492791558202e-01
5.357999999999999545e+02 4.455737691693660296e-01
5.360000000000000000e+02 4.442361519183886664e-01
5.362000000000000455e+02 4.429461794618420045e-01
5.363999999999999773e+02 4.417047382627380392e-01
5.366000000000000227e+02 4.405121493063054450e-01
5.367999999999999545e+02 4.393651459795631098e-01
5.370000000000000000e+02 4.382562744090768847e-01
5.372000000000000455e+02 4.371851150277842324e-01
5.373999999999999773e+02 4.361485964292936002e-01
5.376000000000000227e+02 4.351378715561855515e-01
5.377999999999999545e+02 4.341502761401180299e-01
5.380000000000000000e+02 4.331807192488985048e-01
5.382000000000000455e+02 4.322250916877143911e-01
5.383999999999999773e+02 4.312865917700041685e-01
5.386000000000000227e+02 4.303610811195485719e-01
5.387999999999999545e+02 4.294437402562685246e-01
5.390000000000000000e+02 4.285320018783613238e-01
5.392000000000000455e+02 4.276188937925623490e-01
5.393999999999999773e+02 4.267025656849024462e-01
5.396000000000000227e+02 4.257817315659047641e-01
5.397999999999999545e+02 4.248474242580876359e-01
5.400000000000000000e+02 4.238942987937221463e-01
5.402000000000000455e+02 4.229199374027206582e-01
5.403999999999999773e+02 4.219218287893160557e-01
5.406000000000000227e+02 4.208933036566054886e-01
5.407999999999999545e+02 4.198345291327759687e-01
5.410000000000000000e+02 4.187474553469877625e-01
5.412000000000000455e+02 4.176270452223600493e-01
5.413999999999999773e+02 4.164740821006090998e-01
5.416000000000000227e+02 4.152889102924417486e-01
5.417999999999999545e+02 4.140711255669878299e-01
5.420000000000000000e+02 4.128311254213363757e-01
5.422000000000000455e+02 4.115737124232824451e-01
5.423999999999999773e+02 4.103009709249309522e-01
5.426000000000000227e+02 4.090214983436867291e-01
5.427999999999999545e+02 4.077469854376296055e-01
5.430000000000000000e+02 4.064869357104516912e-01
5.432000000000000455e+02 4.052493228429679961e-01
5.433999999999999773e+02 4.040491630426737424e-01
5.436000000000000227e+02 4.028933314621176986e-01
5.437999999999999545e+02 4.017844583659796465e-01
5.440000000000000000e+02 4.007290606703587943e-01
5.442000000000000455e+02 3.997260359063460333e-01
5.443999999999999773e+02 3.987747693413727368e-01
5.446000000000000227e+02 3.978758377025187754e-01
5.447999999999999545e+02 3.970188698269274119e-01
5.450000000000000000e+02 3.961947604692528935e-01
5.452000000000000455e+02 3.953949329219703657e-01
5.453999999999999773e+02 3.946080507240987134e-01
5.456000000000000227e+02 3.938300268563033613e-01
5.457999999999999545e+02 3.930503476184369904e-01
5.460000000000000000e+02 3.922558037131336772e-01
5.462000000000000455e+02 3.914583102907984169e-01
5.463999999999999773e+02 3.906430762907273646e-01
5.466000000000000227e+02 3.897862989561012292e-01
5.467999999999999545e+02 3.888915320625924710e-01
5.470000000000000000e+02 3.879563744696600813e-01
5.472000000000000455e+02 3.869756647991621223e-01
5.473999999999999773e+02 3.859492406832099043e-01
5.476000000000000227e+02 3.848867850978525684e-01
5.477999999999999545e+02 3.837973202187731636e-01
5.480000000000000000e+02 3.826862562311791893e-01
5.482000000000000455e+02 3.815638420362625904e-01
5.483999999999999773e+02 3.804362145677138707e-01
5.486000000000000227e+02 3.793071178154004963e-01
5.487999999999999545e+02 3.781869855873888908e-01
5.490000000000000000e+02 3.770806473269303627e-01
5.492000000000000455e+02 3.759877693258933395e-01
5.493999999999999773e+02 3.749072353158184323e-01
5.496000000000000227e+02 3.738420916791884707e-01
5.497999999999999545e+02 3.727930199229946284e-01
5.500000000000000000e+02 3.717534973014711697e-01
5.502000000000000455e+02 3.707155559637648201e-01
5.503999999999999773e+02 3.696750266817305230e-01
5.506000000000000227e+02 3.686310298407672326e-01
5.507999999999999545e+02 3.675767577025120803e-01
5.510000000000000000e+02 3.665037832755100311e-01
5.512000000000000455e+02 3.654064822034355786e-01
5.513999999999999773e+02 3.642870057712201959e-01
5.516000000000000227e+02 3.631433685951981905e-01
5.517999999999999545e+02 3.619732824774068436e-01
5.520000000000000000e+02 3.607806184451358700e-01
5.522000000000000455e+02 3.595650234394484612e-01
5.523999999999999773e+02 3.583295637906454556e-01
5.526000000000000227e+02 3.570849117575091713e-01
5.527999999999999545e+02 3.558345596850365222e-01
5.530000000000000000e+02 3.545787204880975763e-01
5.532000000000000455e+02 3.533192161982336987e-01
5.533999999999999773e+02 3.520663906183631453e-01
5.536000000000000227e+02 3.508267568302791406e-01
5.537999999999999545e+02 3.496015627141673687e-01
5.540000000000000000e+02 3.483919623990519576e-01
5.542000000000000455e+02 3.472054839165419904e-01
5.543999999999999773e+02 3.460497040694089366e-01
5.546000000000000227e+02 3.449238986283710839e-01
5.547999999999999545e+02 3.438250898962056934e-01
5.550000000000000000e+02 3.427532783100706304e-01
5.552000000000000455e+02 3.417122989837041991e-01
5.553999999999999773e+02 3.406982664228819790e-01
5.556000000000000227e+02 3.397082020763365628e-01
5.557999999999999545e+02 3.387423694354673165e-01
5.560000000000000000e+02 3.377985058605535995e-01
5.562000000000000455e+02 3.368801351180527592e-01
5.563999999999999773e+02 3.359933426769988740e-01
5.566000000000000227e+02 3.351364624761775102e-01
5.567999999999999545e+02 3.343057979331146568e-01
5.570000000000000000e+02 3.334989559603120379e-01
5.572000000000000455e+02 3.327161331638969766e-01
5.573999999999999773e+02 3.319513815157559278e-01
5.576000000000000227e+02 3.311962308472213290e-01
5.577999999999999545e+02 3.304439643707062224e-01
5.580000000000000000e+02 3.296938510566752578e-01
5.582000000000000455e+02 3.289443955703622580e-01
5.583999999999999773e+02 3.281915840436478993e-01
5.586000000000000227e+02 3.274331928867588726e-01
5.587999999999999545e+02 3.266722263287508699e-01
5.590000000000000000e+02 3.259132196866388886e-01
5.592000000000000455e+02 3.251547504444817216e-01
5.593999999999999773e+02 3.243974243387977574e-01
5.596000000000000227e+02 3.236423038555105713e-01
5.597999999999999545e+02 3.228885555782282091e-01
5.600000000000000000e+02 3.221405751183322730e-01
5.602000000000000455e+02 3.214024604839363364e-01
5.603999999999999773e+02 3.206747992354162524e-01
5.606000000000000227e+02 3.199601758682868446e-01
5.607999999999999545e+02 3.192652475247219068e-01
5.610000000000000000e+02 3.185988902672744483e-01
5.612000000000000455e+02 3.179651580218191276e-01
5.613999999999999773e+02 3.173673308770743606e-01
5.616000000000000227e+02 3.168096838619415823e-01
5.617999999999999545e+02 3.162979157303181243e-01
5.620000000000000000e+02 3.158334848208049772e-01
5.622000000000000455e+02 3.154151026363816168e-01
5.623999999999999773e+02 3.150414215552492236e-01
5.626000000000000227e+02 3.147122454071769049e-01
5.627999999999999545e+02 3.144263045557861291e-01
5.630000000000000000e+02 3.141801832966242269e-01
5.632000000000000455e+02 3.139706154280105244e-01
5.633999999999999773e+02 3.137945771039187259e-01
5.636000000000000227e+02 3.136485115183392791e-01
5.637999999999999545e+02 3.135264411065976642e-01
5.640000000000000000e+02 3.134214654334682160e-01
5.642000000000000455e+02 3.133255639891255884e-01
5.643999999999999773e+02 3.132286857172323358e-01
5.646000000000000227e+02 3.131208819201261595e-01
5.647999999999999545e+02 3.129925429750155530e-01
5.650000000000000000e+02 3.128343200226310072e-01
5.652000000000000455e+02 3.126375000560279727e-01
5.653999999999999773e+02 3.123962149571410385e-01
5.656000000000000227e+02 3.121085457797138640e-01
5.657999999999999545e+02 3.117746378320392919e-01
5.660000000000000000e+02 3.113957761721941608e-01
5.662000000000000455e+02 3.109753656820684609e-01
5.663999999999999773e+02 3.105219758734900082e-01
5.666000000000000227e+02 3.100446460163702733e-01
5.667999999999999545e+02 3.095518400939774595e-01
5.670000000000000000e+02 3.090521320403435968e-01
5.672000000000000455e+02 3.085573912732307855e-01
5.673999999999999773e+02 3.080794561393337405e-01
5.676000000000000227e+02 3.076269414072834163e-01
5.677999999999999545e+02 3.072091269792714407e-01
5.680000000000000000e+02 3.068335449595166464e-01
5.682000000000000455e+02 3.065049473871217511e-01
5.683999999999999773e+02 3.062283315571711073e-01
5.686000000000000227e+02 3.060051494125928806e-01
5.687999999999999545e+02 3.058326242713727550e-01
5.690000000000000000e+02 3.057058739391458335e-01
5.692000000000000455e+02 3.056181110451380301e-01
5.693999999999999773e+02 3.055602526265229213e-01
5.696000000000000227e+02 3.055203635083857394e-01
5.697999999999999545e+02 3.054859468965080982e-01
5.700000000000000000e+02 3.054452565103742967e-01
5.702000000000000455e+02 3.053882646916227794e-01
5.703999999999999773e+02 3.053066685547187187e-01
5.706000000000000227e+02 3.051938198814460601e-01
5.707999999999999545e+02 3.050452345526847298e-01
5.710000000000000000e+02 3.048602335280059528e-01
5.712000000000000455e+02 3.046396900582311607e-01
5.713999999999999773e+02 3.043856959357901237e-01
5.716000000000000227e+02 3.041027437907835029e-01
5.717999999999999545e+02 3.037954846631549244e-01
5.720000000000000000e+02 3.034694697845382594e-01
5.722000000000000455e+02 3.031328093539876756e-01
5.723999999999999773e+02 3.027928734272796185e-01
5.726000000000000227e+02 3.024575789127597059e-01
5.727999999999999545e+02 3.021370547911147453e-01
5.730000000000000000e+02 3.018430442970974625e-01
5.732000000000000455e+02 3.015845780665787346e-01
5.733999999999999773e+02 3.013660340154412642e-01
5.736000000000000227e+02 3.011893515032194601e-01
5.737999999999999545e+02 3.010549827997606176e-01
5.740000000000000000e+02 3.009614944455091812e-01
5.742000000000000455e+02 3.009040606530116735e-01
5.743999999999999773e+02 3.008759550894388735e-01
5.746000000000000227e+02 3.008691223814957683e-01
5.747999999999999545e+02 3.008744776856629444e-01
5.750000000000000000e+02 3.008829162772312937e-01
5.752000000000000455e+02 3.008861379885952037e-01
5.753999999999999773e+02 3.008770831908960663e-01
5.756000000000000227e+02 3.008487602317339027e-01
5.757999999999999545e+02 3.007940956565357538e-01
5.760000000000000000e+02 3.007062431467464880e-01
5.762000000000000455e+02 3.005797297122609901e-01
5.763999999999999773e+02 3.004106053860500780e-01
5.766000000000000227e+02 3.001972823449594041e-01
5.767999999999999545e+02 2.999422819181972177e-01
5.770000000000000000e+02 2.996499482342273590e-01
5.772000000000000455e+02 2.993246270238175688e-01
5.773999999999999773e+02 2.989696334210100170e-01
5.776000000000000227e+02 2.985929165529385698e-01
5.777999999999999545e+02 2.982027586727188928e-01
5.780000000000000000e+02 2.978045325820106171e-01
5.782000000000000455e+02 2.974075934101595431e-01
5.783999999999999773e+02 2.970188077293759998e-01
5.786000000000000227e+02 2.966404628423072176e-01
5.787999999999999545e+02 2.962775668826456710e-01
5.790000000000000000e+02 2.959318524839393283e-01
5.792000000000000455e+02 2.956019505359273047e-01
5.793999999999999773e+02 2.952890623136873449e-01
5.796000000000000227e+02 2.949904198727454352e-01
5.797999999999999545e+02 2.947010017848879504e-01
5.800000000000000000e+02 2.944180684997708131e-01
5.802000000000000455e+02 2.941361623024284500e-01
5.803999999999999773e+02 2.938505629963401589e-01
5.806000000000000227e+02 2.935607752083593813e-01
5.807999999999999545e+02 2.932651715189795727e-01
5.810000000000000000e+02 2.929615594019417402e-01
5.812000000000000455e+02 2.926486585480270741e-01
5.813999999999999773e+02 2.923289820777378312e-01
5.816000000000000227e+02 2.920043772566700557e-01
5.817999999999999545e+02 2.916760801983824258e-01
5.820000000000000000e+02 2.913497269577240978e-01
5.822000000000000455e+02 2.910280493070744323e-01
5.823999999999999773e+02 2.907112517305171506e-01
5.826000000000000227e+02 2.904006744304345466e-01
5.827999999999999545e+02 2.900937372755202359e-01
5.830000000000000000e+02 2.897877285500010669e-01
5.832000000000000455e+02 2.894839870543949867e-01
5.833999999999999773e+02 2.891799508567470256e-01
5.836000000000000227e+02 2.888728361088887531e-01
5.837999999999999545e+02 2.885615356167754997e-01
5.840000000000000000e+02 2.882400852106196676e-01
5.842000000000000455e+02 2.879025591757067293e-01
5.843999999999999773e+02 2.875445200822867586e-01
5.846000000000000227e+02 2.871598487628855834e-01
5.847999999999999545e+02 2.867425310921740689e-01
5.850000000000000000e+02 2.862891257715118321e-01
5.852000000000000455e+02 2.858020828884702547e-01
5.853999999999999773e+02 2.852825504402277668e-01
5.856000000000000227e+02 2.847344552424348474e-01
5.857999999999999545e+02 2.841701949954296702e-01
5.860000000000000000e+02 2.835968906783918331e-01
5.862000000000000455e+02 2.830212725064511492e-01
5.863999999999999773e+02 2.824531970369567047e-01
5.866000000000000227e+02 2.818953060202654126e-01
5.867999999999999545e+02 2.813515990869209227e-01
5.870000000000000000e+02 2.808295230263417319e-01
5.872000000000000455e+02 2.803302198739221485e-01
5.873999999999999773e+02 2.798575648308319619e-01
5.876000000000000227e+02 2.794175365854407178e-01
5.877999999999999545e+02 2.790096778817251488e-01
5.880000000000000000e+02 2.786314386992317371e-01
5.882000000000000455e+02 2.782805506717436206e-01
5.883999999999999773e+02 2.779561919118152535e-01
5.886000000000000227e+02 2.776528352777421493e-01
5.887999999999999545e+02 2.773637108411651231e-01
5.890000000000000000e+02 2.770840185087888319e-01
5.892000000000000455e+02 2.768063406429242534e-01
5.893999999999999773e+02 2.765247734584901917e-01
5.896000000000000227e+02 2.762362532507832147e-01
5.897999999999999545e+02 2.759350349965907778e-01
5.900000000000000000e+02 2.756190805742531613e-01
5.902000000000000455e+02 2.752900217389672721e-01
5.903999999999999773e+02 2.749467363757540084e-01
5.906000000000000227e+02 2.745910385423199207e-01
5.907999999999999545e+02 2.742258795236965363e-01
5.910000000000000000e+02 2.738505571952434825e-01
5.912000000000000455e+02 2.734667777221709839e-01
5.913999999999999773e+02 2.730759891981998089e-01
5.916000000000000227e+02 2.726760799673152991e-01
5.917999999999999545e+02 2.722657183209128973e-01
5.920000000000000000e+02 2.718467593258631076e-01
5.922000000000000455e+02 2.714238063234540310e-01
5.923999999999999773e+02 2.709963147823746810e-01
5.926000000000000227e+02 2.705661954147702275e-01
5.927999999999999545e+02 2.701380767956089168e-01
5.930000000000000000e+02 2.697100197216809048e-01
5.932000000000000455e+02 2.692801803290190699e-01
5.933999999999999773e+02 2.688456253599023626e-01
5.936000000000000227e+02 2.683971567167570682e-01
5.937999999999999545e+02 2.679295547641374897e-01
5.940000000000000000e+02 2.674382757541460265e-01
5.942000000000000455e+02 2.669147937550788163e-01
5.943999999999999773e+02 2.663582517783518733e-01
5.946000000000000227e+02 2.657683461583240647e-01
5.947999999999999545e+02 2.651409271910655230e-01
5.950000000000000000e+02 2.644781847263489860e-01
5.952000000000000455e+02 2.637823076931942179e-01
5.953999999999999773e+02 2.630530215233881641e-01
5.956000000000000227e+02 2.622912439724475187e-01
5.957999999999999545e+02 2.615025447006491532e-01
5.960000000000000000e+02 2.606932115687116691e-01
5.962000000000000455e+02 2.598610933211956131e-01
5.963999999999999773e+02 2.590126908687793716e-01
5.966000000000000227e+02 2.581570437120918049e-01
5.967999999999999545e+02 2.572946864483415252e-01
5.970000000000000000e+02 2.564353139176494545e-01
5.972000000000000455e+02 2.555874579218603837e-01
5.973999999999999773e+02 2.547500568524443953e-01
5.976000000000000227e+02 2.539277632446709787e-01
5.977999999999999545e+02 2.531194354117239920e-01
5.980000000000000000e+02 2.523154117229591820e-01
5.982000000000000455e+02 2.515139863238094464e-01
5.983999999999999773e+02 2.507107063574905426e-01
5.986000000000000227e+02 2.498961170156505929e-01
5.987999999999999545e+02 2.490609267259696613e-01
5.990000000000000000e+02 2.482033763294310136e-01
5.992000000000000455e+02 2.473245185710617744e-01
5.993999999999999773e+02 2.464203706375190928e-01
5.996000000000000227e+02 2.454987980343347198e-01
5.997999999999999545e+02 2.445694225223101759e-01
6.000000000000000000e+02 2.436341003970297903e-01
6.002000000000000455e+02 2.427049788880354109e-01
6.003999999999999773e+02 2.417912763979443991e-01
6.006000000000000227e+02 2.408946622972731322e-01
6.007999999999999545e+02 2.400292389740428245e-01
6.010000000000000000e+02 2.392054373111858478e-01
6.012000000000000455e+02 2.384275486525392340e-01
6.013999999999999773e+02 2.377053278192359786e-01
6.016000000000000227e+02 2.370397436644602895e-01
6.017999999999999545e+02 2.364262353130482663e-01
6.020000000000000000e+02 2.358658553914592948e-01
6.022000000000000455e+02 2.353548324889293275e-01
6.023999999999999773e+02 2.348850688292988820e-01
6.026000000000000227e+02 2.344467700203420046e-01
6.027999999999999545e+02 2.340302864063619759e-01
6.030000000000000000e+02 2.336235808239443823e-01
6.032000000000000455e+02 2.332124667842277455e-01
6.033999999999999773e+02 2.327909119884249423e-01
6.036000000000000227e+02 2.323538825305312139e-01
6.037999999999999545e+02 2.318959785459081546e-01
6.040000000000000000e+02 2.314178283649262202e-01
6.042000000000000455e+02 2.309163092470168099e-01
6.043999999999999773e+02 2.303870242005469360e-01
6.046000000000000227e+02 2.298342853819126119e-01
6.047999999999999545e+02 2.292607276338200495e-01
6.050000000000000000e+02 2.286702374448466302e-01
6.052000000000000455e+02 2.280728164476471809e-01
6.053999999999999773e+02 2.274717399276137419e-01
6.056000000000000227e+02 2.268702211419618697e-01
6.057999999999999545e+02 2.262762041589347350e-01
6.060000000000000000e+02 2.256923610714614281e-01
6.062000000000000455e+02 2.251183989971564381e-01
6.063999999999999773e+02 2.245531407657809508e-01
6.066000000000000227e+02 2.239959213332229915e-01
6.067999999999999545e+02 2.234398532333606302e-01
6.070000000000000000e+02 2.228749222104718375e-01
6.072000000000000455e+02 2.222992088504909813e-01
6.073999999999999773e+02 2.217086234859812488e-01
6.076000000000000227e+02 2.210998398675983190e-01
6.077999999999999545e+02 2.204763193893761464e-01
6.080000000000000000e+02 2.198335512989162965e-01
6.082000000000000455e+02 2.191666956220417739e-01
6.083999999999999773e+02 2.184770758993009321e-01
6.086000000000000227e+02 2.177579890276912788e-01
6.087999999999999545e+02 2.170051637697010816e-01
6.090000000000000000e+02 2.162200656837544310e-01
6.092000000000000455e+02 2.153961604447093281e-01
6.093999999999999773e+02 2.145313486435550809e-01
6.096000000000000227e+02 2.136287363350973245e-01
6.097999999999999545e+02 2.126862259826516888e-01
6.100000000000000000e+02 2.117014983057779742e-01
6.102000000000000455e+02 2.106764510451032690e-01
6.103999999999999773e+02 2.096205368472696395e-01
6.106000000000000227e+02 2.085323140853484747e-01
6.107999999999999545e+02 2.074103471507810492e-01
6.110000000000000000e+02 2.062642595840611659e-01
6.112000000000000455e+02 2.050923211085059761e-01
6.113999999999999773e+02 2.038971473973197612e-01
6.116000000000000227e+02 2.026924200840022616e-01
6.117999999999999545e+02 2.014794723920208530e-01
6.120000000000000000e+02 2.002669805027779693e-01
6.122000000000000455e+02 1.990717880224061320e-01
6.123999999999999773e+02 1.978963667172285168e-01
6.126000000000000227e+02 1.967508993433560727e-01
6.127999999999999545e+02 1.956492172553482567e-01
6.130000000000000000e+02 1.945913273661880882e-01
6.132000000000000455e+02 1.935826771129101065e-01
6.133999999999999773e+02 1.926283736415886627e-01
6.136000000000000227e+02 1.917233500986293693e-01
6.137999999999999545e+02 1.908626662730062429e-01
6.140000000000000000e+02 1.900454569893927081e-01
6.142000000000000455e+02 1.892746648793887654e-01
6.143999999999999773e+02 1.885457144187039635e-01
6.146000000000000227e+02 1.878572266390727274e-01
6.147999999999999545e+02 1.872121712107014391e-01
6.150000000000000000e+02 1.866039829607195888e-01
6.152000000000000455e+02 1.860291662352845099e-01
6.153999999999999773e+02 1.854867920258125025e-01
6.156000000000000227e+02 1.849696819367684375e-01
6.157999999999999545e+02 1.844758094771879464e-01
6.160000000000000000e+02 1.840048481522679746e-01
6.162000000000000455e+02 1.835517756926726696e-01
6.163999999999999773e+02 1.831177544439583083e-01
6.166000000000000227e+02 1.827060244020009550e-01
6.167999999999999545e+02 1.823174764981105589e-01
6.170000000000000000e+02 1.819521982592053333e-01
6.172000000000000455e+02 1.816101875799342458e-01
6.173999999999999773e+02 1.812901044614827761e-01
6.176000000000000227e+02 1.809841378492365871e-01
6.177999999999999545e+02 1.806847872908854125e-01
6.180000000000000000e+02 1.803856624133935715e-01
6.182000000000000455e+02 1.800779774218103368e-01
6.183999999999999773e+02 1.797575810041452116e-01
6.186000000000000227e+02 1.794225331947049695e-01
6.187999999999999545e+02 1.790679140979092310e-01
6.190000000000000000e+02 1.786936606693345642e-01
6.192000000000000455e+02 1.783006363678188710e-01
6.193999999999999773e+02 1.778868409893615554e-01
6.196000000000000227e+02 1.774541797872911664e-01
6.197999999999999545e+02 1.770021431378401011e-01
6.200000000000000000e+02 1.765253879701982886e-01
6.202000000000000455e+02 1.760216580400019437e-01
6.203999999999999773e+02 1.754871862546156236e-01
6.206000000000000227e+02 1.749158286700500387e-01
6.207999999999999545e+02 1.743025400698063609e-01
6.210000000000000000e+02 1.736481950339533453e-01
6.212000000000000455e+02 1.729554680355173957e-01
6.213999999999999773e+02 1.722210280177720321e-01
6.216000000000000227e+02 1.714482938944348334e-01
6.217999999999999545e+02 1.706405256711118479e-01
6.220000000000000000e+02 1.697933384134275581e-01
6.222000000000000455e+02 1.689121435479975231e-01
6.223999999999999773e+02 1.680004437068905732e-01
6.226000000000000227e+02 1.670544387462386537e-01
6.227999999999999545e+02 1.660820661596974779e-01
6.230000000000000000e+02 1.650881119348370230e-01
6.232000000000000455e+02 1.640737656814723056e-01
6.233999999999999773e+02 1.630562467284540629e-01
6.236000000000000227e+02 1.620486210555374396e-01
6.237999999999999545e+02 1.610605492319241439e-01
6.240000000000000000e+02 1.601102497530235147e-01
6.242000000000000455e+02 1.592081571285479669e-01
6.243999999999999773e+02 1.583580423203745924e-01
6.246000000000000227e+02 1.575624655870612179e-01
6.247999999999999545e+02 1.568264571890313486e-01
6.250000000000000000e+02 1.561508024293800645e-01
6.252000000000000455e+02 1.555286433054920148e-01
6.253999999999999773e+02 1.549582349056845276e-01
6.256000000000000227e+02 1.544349984490598349e-01
6.257999999999999545e+02 1.539505566683158078e-01
6.260000000000000000e+02 1.535048063686119124e-01
6.262000000000000455e+02 1.530962817250297592e-01
6.263999999999999773e+02 1.527214975112415052e-01
6.266000000000000227e+02 1.523803305595038127e-01
6.267999999999999545e+02 1.520677801465806500e-01
6.270000000000000000e+02 1.517768576242256862e-01
6.272000000000000455e+02 1.515044683215523158e-01
6.273999999999999773e+02 1.512459743794851152e-01
6.276000000000000227e+02 1.509977333019303647e-01
6.277999999999999545e+02 1.507593129466751336e-01
6.280000000000000000e+02 1.505284777830940834e-01
6.282000000000000455e+02 1.503017779650630548e-01
6.283999999999999773e+02 1.500756319008427764e-01
6.286000000000000227e+02 1.498480390662824402e-01
6.287999999999999545e+02 1.496151675713244811e-01
6.290000000000000000e+02 1.493710410569448477e-01
6.292000000000000455e+02 1.491096398941445522e-01
6.293999999999999773e+02 1.488201320999658905e-01
6.296000000000000227e+02 1.484905323769304952e-01
6.297999999999999545e+02 1.481148003717338568e-01
6.300000000000000000e+02 1.476872443239709565e-01
6.302000000000000455e+02 1.472064695222380648e-01
6.303999999999999773e+02 1.466789844271904897e-01
6.306000000000000227e+02 1.461080030378994199e-01
6.307999999999999545e+02 1.454991201829839986e-01
6.310000000000000000e+02 1.448631228283760730e-01
6.312000000000000455e+02 1.442082756078437999e-01
6.313999999999999773e+02 1.435422492037319309e-01
6.316000000000000227e+02 1.428744116327148039e-01
6.317999999999999545e+02 1.422187199969389970e-01
6.320000000000000000e+02 1.415838203798454598e-01
6.322000000000000455e+02 1.409758861403943020e-01
6.323999999999999773e+02 1.404076177966559202e-01
6.326000000000000227e+02 1.398869360100624126e-01
6.327999999999999545e+02 1.394199131877277287e-01
6.330000000000000000e+02 1.390149626681898287e-01
6.332000000000000455e+02 1.386721427213245816e-01
6.333999999999999773e+02 1.383882797430818767e-01
6.336000000000000227e+02 1.381604172582934220e-01
6.337999999999999545e+02 1.379808272480770870e-01
6.340000000000000000e+02 1.378419532447705820e-01
6.342000000000000455e+02 1.377379599886076889e-01
6.343999999999999773e+02 1.376618263260720176e-01
6.346000000000000227e+02 1.376085292024354645e-01
6.347999999999999545e+02 1.375752844366508465e-01
6.350000000000000000e+02 1.375600189924982009e-01
6.352000000000000455e+02 1.375614475308551687e-01
6.353999999999999773e+02 1.375783239947293013e-01
6.356000000000000227e+02 1.376080445399489316e-01
6.357999999999999545e+02 1.376439341047146492e-01
6.360000000000000000e+02 1.376760554039646589e-01
6.362000000000000455e+02 1.376925555130698309e-01
6.363999999999999773e+02 1.376828696024527954e-01
6.366000000000000227e+02 1.376383421963583709e-01
6.367999999999999545e+02 1.375522194233493589e-01
6.370000000000000000e+02 1.374188461825137098e-01
6.372000000000000455e+02 1.372353537258006739e-01
6.373999999999999773e+02 1.370007294847831181e-01
6.376000000000000227e+02 1.367125775145826838e-01
6.377999999999999545e+02 1.363709641104708103e-01
6.380000000000000000e+02 1.359766601569126210e-01
6.382000000000000455e+02 1.355281095498505062e-01
6.383999999999999773e+02 1.350290208348884635e-01
6.386000000000000227e+02 1.344853880123105805e-01
6.387999999999999545e+02 1.339023318715862332e-01
6.390000000000000000e+02 1.332878056701198854e-01
6.392000000000000455e+02 1.326547228882401508e-01
6.393999999999999773e+02 1.320191645816310710e-01
6.396000000000000227e+02 1.313887101094258492e-01
6.397999999999999545e+02 1.307726862449260230e-01
6.400000000000000000e+02 1.301817601794624524e-01
6.402000000000000455e+02 1.296161889527989719e-01
6.403999999999999773e+02 1.290764425667416393e-01
6.406000000000000227e+02 1.285612156488797619e-01
6.407999999999999545e+02 1.280603266925984529e-01
6.410000000000000000e+02 1.275674589298188832e-01
6.412000000000000455e+02 1.270755629995233282e-01
6.413999999999999773e+02 1.265713024770875605e-01
6.416000000000000227e+02 1.260473964773375644e-01
6.417999999999999545e+02 1.254957382408682098e-01
6.420000000000000000e+02 1.249042041393802205e-01
6.422000000000000455e+02 1.242677704714060111e-01
6.423999999999999773e+02 1.235831835547253343e-01
6.426000000000000227e+02 1.228467705761477624e-01
6.427999999999999545e+02 1.220563459757285085e-01
6.430000000000000000e+02 1.212170483787092939e-01
6.432000000000000455e+02 1.203367953070455104e-01
6.433999999999999773e+02 1.194161255218558482e-01
6.436000000000000227e+02 1.184656800768470186e-01
6.437999999999999545e+02 1.174982756181788962e-01
6.440000000000000000e+02 1.165177300219385481e-01
6.442000000000000455e+02 1.155378860565863391e-01
6.443999999999999773e+02 1.145707925575182584e-01
6.446000000000000227e+02 1.136193350167096494e-01
6.447999999999999545e+02 1.126961958689556148e-01
6.450000000000000000e+02 1.118103186260608339e-01
6.452000000000000455e+02 1.109641371797694259e-01
6.453999999999999773e+02 1.101689962548287188e-01
6.456000000000000227e+02 1.094313236789889177e-01
6.457999999999999545e+02 1.087504914329193162e-01
6.460000000000000000e+02 1.081243831240126518e-01
6.462000000000000455e+02 1.075513567472102666e-01
6.463999999999999773e+02 1.070270418184483124e-01
6.466000000000000227e+02 1.065405120240038722e-01
6.467999999999999545e+02 1.060854390313671208e-01
6.470000000000000000e+02 1.056550879963862599e-01
6.472000000000000455e+02 1.052383970397540447e-01
6.473999999999999773e+02 1.048309648142303624e-01
6.476000000000000227e+02 1.044289026235837442e-01
6.477999999999999545e+02 1.040266236952778617e-01
6.480000000000000000e+02 1.036233752274887954e-01
6.482000000000000455e+02 1.032149080700442423e-01
6.483999999999999773e+02 1.027937838945577470e-01
6.486000000000000227e+02 1.023573126547059620e-01
6.487999999999999545e+02 1.018995299078163802e-01
6.490000000000000000e+02 1.014144600363237753e-01
6.492000000000000455e+02 1.009039965877769618e-01
6.493999999999999773e+02 1.003733601145080367e-01
6.496000000000000227e+02 9.983061487815222956e-02
6.497999999999999545e+02 9.928745094051599773e-02
6.500000000000000000e+02 9.875999980848360060e-02
6.502000000000000455e+02 9.826242741052367002e-02
6.503999999999999773e+02 9.780443271356252521e-02
6.506000000000000227e+02 9.739818330335900387e-02
6.507999999999999545e+02 9.705043875163908706e-02
6.510000000000000000e+02 9.676159280393091533e-02
6.512000000000000455e+02 9.653237046444688996e-02
6.513999999999999773e+02 9.635967788631061293e-02
6.516000000000000227e+02 9.623763637794742476e-02
6.517999999999999545e+02 9.616125153105671564e-02
6.520000000000000000e+02 9.612496244251597655e-02
6.522000000000000455e+02 9.612277967023083458e-02
6.523999999999999773e+02 9.614815337417692565e-02
6.526000000000000227e+02 9.619023087924692683e-02
6.527999999999999545e+02 9.623449785751649055e-02
6.530000000000000000e+02 9.626409157542765993e-02
6.532000000000000455e+02 9.626329009112039037e-02
6.533999999999999773e+02 9.621732553569325996e-02
6.536000000000000227e+02 9.611293276707552624e-02
6.537999999999999545e+02 9.594059341663510598e-02
6.540000000000000000e+02 9.569284406147664235e-02
6.542000000000000455e+02 9.536621846763629340e-02
6.543999999999999773e+02 9.496591754026696697e-02
6.546000000000000227e+02 9.449807596667540721e-02
6.547999999999999545e+02 9.397212332326905504e-02
6.550000000000000000e+02 9.340443621799528195e-02
6.552000000000000455e+02 9.280439129211645599e-02
6.553999999999999773e+02 9.218049206133648033e-02
6.556000000000000227e+02 9.154485003296029821e-02
6.557999999999999545e+02 9.090270608458927981e-02
6.560000000000000000e+02 9.026196277490673714e-02
6.562000000000000455e+02 8.963508331741039392e-02
6.563999999999999773e+02 8.902683679256825910e-02
6.566000000000000227e+02 8.844487488394989216e-02
6.567999999999999545e+02 8.789984408022752382e-02
6.570000000000000000e+02 8.739715595971071782e-02
6.572000000000000455e+02 8.694023025991305664e-02
6.573999999999999773e+02 8.653199965702593199e-02
6.576000000000000227e+02 8.617518748222659231e-02
6.577999999999999545e+02 8.586692759931069396e-02
6.580000000000000000e+02 8.560217897808876375e-02
6.582000000000000455e+02 8.537703786229539071e-02
6.583999999999999773e+02 8.518611979212836749e-02
6.586000000000000227e+02 8.502631965166815298e-02
6.587999999999999545e+02 8.489792573156768052e-02
6.590000000000000000e+02 8.479923999175198457e-02
6.592000000000000455e+02 8.472819097145600775e-02
6.593999999999999773e+02 8.468289016884031351e-02
6.596000000000000227e+02 8.466110612435544247e-02
6.597999999999999545e+02 8.466033373689582642e-02
6.600000000000000000e+02 8.467739080220920700e-02
6.602000000000000455e+02 8.470778276301553500e-02
6.603999999999999773e+02 8.474684680070966591e-02
6.606000000000000227e+02 8.478950229472456690e-02
6.607999999999999545e+02 8.482999420588652195e-02
6.610000000000000000e+02 8.486358993756550062e-02
6.612000000000000455e+02 8.488702087108555838e-02
6.613999999999999773e+02 8.489869448353225267e-02
6.616000000000000227e+02 8.489842828137306174e-02
6.617999999999999545e+02 8.488612149105666249e-02
6.620000000000000000e+02 8.486115528963118770e-02
6.622000000000000455e+02 8.482230280803260136e-02
6.623999999999999773e+02 8.476799275501721576e-02
6.626000000000000227e+02 8.469597041983288610e-02
6.627999999999999545e+02 8.460276975699572433e-02
6.630000000000000000e+02 8.448674052878867025e-02
6.632000000000000455e+02 8.434717654506000695e-02
6.633999999999999773e+02 8.418300797053381024e-02
6.636000000000000227e+02 8.399534835081717832e-02
6.637999999999999545e+02 8.378595125902364715e-02
6.640000000000000000e+02 8.355581398955139183e-02
6.642000000000000455e+02 8.330523887382962345e-02
6.643999999999999773e+02 8.303511184946518742e-02
6.646000000000000227e+02 8.274625961976878052e-02
6.647999999999999545e+02 8.243569495467793773e-02
6.650000000000000000e+02 8.210391990856388822e-02
6.652000000000000455e+02 8.175471538667275495e-02
6.653999999999999773e+02 8.139023185533594829e-02
6.656000000000000227e+02 8.101790864564682726e-02
6.657999999999999545e+02 8.064706349244891992e-02
6.660000000000000000e+02 8.028312654038606555e-02
6.662000000000000455e+02 7.993418652356186482e-02
6.663999999999999773e+02 7.960700750702055795e-02
6.666000000000000227e+02 7.930368608338372871e-02
6.667999999999999545e+02 7.902730616728749491e-02
6.670000000000000000e+02 7.877808960411161743e-02
6.672000000000000455e+02 7.855235660282060273e-02
6.673999999999999773e+02 7.834785508961955580e-02
6.676000000000000227e+02 7.816108890499685879e-02
6.677999999999999545e+02 7.798682273340856730e-02
6.680000000000000000e+02 7.781946993265088930e-02
6.682000000000000455e+02 7.765341478329010338e-02
6.683999999999999773e+02 7.748173968660858335e-02
6.686000000000000227e+02 7.729464680202989546e-02
6.687999999999999545e+02 7.708465781010991058e-02
6.690000000000000000e+02 7.684502597069958751e-02
6.692000000000000455e+02 7.656818339723100997e-02
6.693999999999999773e+02 7.625045848677809712e-02
6.696000000000000227e+02 7.588777186055895019e-02
6.697999999999999545e+02 7.547470009206849739e-02
6.700000000000000000e+02 7.501272630164858291e-02
6.702000000000000455e+02 7.450318563899598068e-02
6.703999999999999773e+02 7.394706995598225585e-02
6.706000000000000227e+02 7.335206244156919353e-02
6.707999999999999545e+02 7.272007474325746512e-02
6.710000000000000000e+02 7.204956132513423706e-02
6.712000000000000455e+02 7.134446063229954449e-02
6.713999999999999773e+02 7.060573549611028066e-02
6.716000000000000227e+02 6.983237893633804927e-02
6.717999999999999545e+02 6.902489858039213833e-02
6.720000000000000000e+02 6.819003861788312804e-02
6.722000000000000455e+02 6.733180817752683345e-02
6.723999999999999773e+02 6.644851348778749167e-02
6.726000000000000227e+02 6.555033622969405616e-02
6.727999999999999545e+02 6.464530108123073271e-02
6.730000000000000000e+02 6.373758190222764131e-02
6.732000000000000455e+02 6.284295934623727875e-02
6.733999999999999773e+02 6.197030699595682673e-02
6.736000000000000227e+02 6.112422500149954085e-02
6.737999999999999545e+02 6.032009197869086375e-02
6.740000000000000000e+02 5.956732351364654732e-02
6.742000000000000455e+02 5.887357179524599360e-02
6.743999999999999773e+02 5.825192864126808173e-02
6.746000000000000227e+02 5.770337730462071074e-02
6.747999999999999545e+02 5.722391792910330038e-02
6.750000000000000000e+02 5.681071532536100671e-02
6.752000000000000455e+02 5.645638099511279817e-02
6.753999999999999773e+02 5.615242458086357191e-02
6.756000000000000227e+02 5.589109729619864270e-02
6.757999999999999545e+02 5.566463310612222715e-02
6.760000000000000000e+02 5.546151696278101700e-02
6.762000000000000455e+02 5.526792221541983186e-02
6.764000000000000909e+02 5.507349791433998470e-02
6.766000000000000227e+02 5.486927049703862330e-02
6.767999999999999545e+02 5.464872220043281992e-02
6.770000000000000000e+02 5.440970100241646068e-02
6.772000000000000455e+02 5.414900495881656145e-02
6.774000000000000909e+02 5.386547187683972393e-02
6.776000000000000227e+02 5.356294925045928385e-02
6.777999999999999545e+02 5.324563858527712329e-02
6.780000000000000000e+02 5.291982460055580373e-02
6.782000000000000455e+02 5.259343377277005821e-02
6.784000000000000909e+02 5.226914101846830141e-02
6.786000000000000227e+02 5.194573368935580249e-02
6.787999999999999545e+02 5.161990532780581092e-02
6.790000000000000000e+02 5.128889551190225771e-02
6.792000000000000455e+02 5.094780282494618812e-02
6.794000000000000909e+02 5.059116271328720216e-02
6.796000000000000227e+02 5.021579203334451680e-02
6.797999999999999545e+02 4.981305389912953074e-02
6.800000000000000000e+02 4.937456908829672420e-02
6.802000000000000455e+02 4.889835594727747620e-02
6.804000000000000909e+02 4.838110979253226751e-02
6.806000000000000227e+02 4.782429744851871695e-02
6.807999999999999545e+02 4.723602056164456775e-02
6.810000000000000000e+02 4.661836448483663853e-02
6.812000000000000455e+02 4.597786094522211126e-02
6.814000000000000909e+02 4.532612046839853276e-02
6.816000000000000227e+02 4.466834557846357384e-02
6.817999999999999545e+02 4.401483305736312440e-02
6.820000000000000000e+02 4.337959937815386718e-02
6.822000000000000455e+02 4.277192060501397441e-02
6.824000000000000909e+02 4.219793948879108081e-02
6.826000000000000227e+02 4.166228772758453353e-02
6.827999999999999545e+02 4.116824362123817915e-02
6.830000000000000000e+02 4.070990545271215011e-02
6.832000000000000455e+02 4.027792516971864106e-02
6.834000000000000909e+02 3.986257072824156422e-02
6.836000000000000227e+02 3.944582825794126085e-02
6.837999999999999545e+02 3.901157104825153654e-02
6.840000000000000000e+02 3.854854457086479003e-02
6.842000000000000455e+02 3.804357588673704105e-02
6.844000000000000909e+02 3.749123184381844553e-02
6.846000000000000227e+02 3.689240669383152260e-02
6.847999999999999545e+02 3.624587721233214765e-02
6.850000000000000000e+02 3.555859131270443924e-02
6.852000000000000455e+02 3.484040614913622852e-02
6.854000000000000909e+02 3.409632307220301223e-02
6.856000000000000227e+02 3.334193604384034365e-02
6.857999999999999545e+02 3.259625892844946610e-02
6.860000000000000000e+02 3.187451685676202795e-02
6.862000000000000455e+02 3.119128994662125065e-02
6.864000000000000909e+02 3.056285572467144773e-02
6.866000000000000227e+02 3.000548396400000775e-02
6.867999999999999545e+02 2.952557555641624476e-02
6.870000000000000000e+02 2.912700687500953053e-02
6.872000000000000455e+02 2.881100616189910188e-02
6.874000000000000909e+02 2.856958337433795556e-02
6.876000000000000227e+02 2.839160271125534124e-02
6.877999999999999545e+02 2.826066356160975360e-02
6.880000000000000000e+02 2.815011179814313688e-02
6.882000000000000455e+02 2.803152039887023966e-02
6.884000000000000909e+02 2.787625106014902931e-02
6.886000000000000227e+02 2.765617435495462337e-02
6.887999999999999545e+02 2.734715889425223811e-02
6.890000000000000000e+02 2.692983041579568096e-02
6.892000000000000455e+02 2.639000885141852201e-02
6.894000000000000909e+02 2.571884596546744964e-02
6.896000000000000227e+02 2.491797759542725005e-02
6.897999999999999545e+02 2.399700014835647044e-02
6.900000000000000000e+02 2.296208200632627455e-02
6.902000000000000455e+02 2.183261370567256276e-02
6.904000000000000909e+02 2.063433756866562760e-02
6.906000000000000227e+02 1.938252498038385216e-02
6.907999999999999545e+02 1.810631057711988012e-02
6.910000000000000000e+02 1.683867029970372020e-02
6.912000000000000455e+02 1.560394592277222943e-02
6.914000000000000909e+02 1.443821908999317130e-02
6.916000000000000227e+02 1.337142738357704683e-02
6.917999999999999545e+02 1.241756348277655957e-02
6.920000000000000000e+02 1.159568169429371805e-02
6.922000000000000455e+02 1.091496722592582257e-02
6.924000000000000909e+02 1.037197730896421456e-02
6.926000000000000227e+02 9.964592886593386795e-03
6.927999999999999545e+02 9.683879472495786692e-03
6.930000000000000000e+02 9.514180449782987450e-03
6.932000000000000455e+02 9.437886641065172666e-03
6.934000000000000909e+02 9.434921719384396430e-03
6.936000000000000227e+02 9.485550572441917364e-03
6.937999999999999545e+02 9.573914260686659100e-03
6.940000000000000000e+02 9.686673449643355346e-03
6.942000000000000455e+02 9.812604726208522948e-03
6.944000000000000909e+02 9.942641932742916216e-03
6.946000000000000227e+02 1.007017243517204994e-02
6.947999999999999545e+02 1.019300179862198986e-02
6.950000000000000000e+02 1.031379647065435237e-02
6.952000000000000455e+02 1.043797333350043877e-02
6.954000000000000909e+02 1.057553018896841869e-02
6.956000000000000227e+02 1.073960418345435222e-02
6.957999999999999545e+02 1.094210618788218035e-02
6.960000000000000000e+02 1.119486994502712912e-02
6.962000000000000455e+02 1.150952407944211449e-02
6.964000000000000909e+02 1.189537340868308639e-02
6.966000000000000227e+02 1.234798131850003110e-02
6.967999999999999545e+02 1.286164928766010164e-02
6.970000000000000000e+02 1.343856836371092392e-02
6.972000000000000455e+02 1.406820767245493820e-02
6.974000000000000909e+02 1.473479676302816288e-02
6.976000000000000227e+02 1.542362934513645881e-02
6.977999999999999545e+02 1.611840249799638761e-02
6.980000000000000000e+02 1.680172795487529930e-02
6.982000000000000455e+02 1.745555697162105499e-02
6.984000000000000909e+02 1.806112785322168401e-02
6.986000000000000227e+02 1.860010389500073996e-02
6.987999999999999545e+02 1.905505595983610426e-02
6.990000000000000000e+02 1.940743400787376532e-02
6.992000000000000455e+02 1.964267962702538617e-02
6.994000000000000909e+02 1.975344653315661697e-02
6.996000000000000227e+02 1.973567819640974913e-02
6.997999999999999545e+02 1.958925159645098432e-02
7.000000000000000000e+02 1.931909829436505993e-02
7.002000000000000455e+02 1.893554090203488846e-02
7.004000000000000909e+02 1.845297271182732429e-02
7.006000000000000227e+02 1.788907780788506416e-02
7.007999999999999545e+02 1.726286202572254944e-02
7.010000000000000000e+02 1.659307435826272090e-02
7.012000000000000455e+02 1.589741623920496241e-02
7.014000000000000909e+02 1.519274091371749374e-02
7.016000000000000227e+02 1.449465836640057882e-02
7.017999999999999545e+02 1.381711803182664525e-02
7.020000000000000000e+02 1.317201091316458350e-02
7.022000000000000455e+02 1.256900181213856278e-02
7.024000000000000909e+02 1.201527027432556377e-02
7.026000000000000227e+02 1.151546587970485314e-02
7.027999999999999545e+02 1.107162981826885842e-02
7.030000000000000000e+02 1.068370168827743188e-02
7.032000000000000455e+02 1.035259809132951792e-02
7.034000000000000909e+02 1.007649102481211062e-02
7.036000000000000227e+02 9.849702267218490501e-03
7.037999999999999545e+02 9.666484099836253341e-03
7.040000000000000000e+02 9.522720973441320749e-03
7.042000000000000455e+02 9.416611298896893426e-03
7.044000000000000909e+02 9.348401794262025180e-03
7.046000000000000227e+02 9.318662015022920533e-03
7.047999999999999545e+02 9.327644740372441692e-03
7.050000000000000000e+02 9.375582199377055156e-03
7.052000000000000455e+02 9.463228397346810580e-03
7.054000000000000909e+02 9.592137310041819187e-03
7.056000000000000227e+02 9.764729252021301167e-03
7.057999999999999545e+02 9.981580821292060715e-03
7.060000000000000000e+02 1.023992331092189213e-02
7.062000000000000455e+02 1.053231078277590271e-02
7.064000000000000909e+02 1.084826149700478422e-02
7.066000000000000227e+02 1.117516823538649770e-02
7.067999999999999545e+02 1.149951967401549764e-02
7.070000000000000000e+02 1.180787919250106226e-02
7.072000000000000455e+02 1.208608997203302650e-02
7.074000000000000909e+02 1.231579249362004837e-02
7.076000000000000227e+02 1.247981444610073674e-02
7.077999999999999545e+02 1.256422203375758342e-02
7.080000000000000000e+02 1.255888437962202585e-02
7.082000000000000455e+02 1.245746918838362173e-02
7.084000000000000909e+02 1.225723602992978209e-02
7.086000000000000227e+02 1.195847839712288474e-02
7.087999999999999545e+02 1.156441668237403325e-02
7.090000000000000000e+02 1.108142891053505615e-02
7.092000000000000455e+02 1.051986929244816751e-02
7.094000000000000909e+02 9.893622411903018124e-03
7.096000000000000227e+02 9.219405963474425203e-03
7.097999999999999545e+02 8.515257675633932516e-03
7.100000000000000000e+02 7.798073361896268145e-03
7.102000000000000455e+02 7.082933130293902861e-03
7.104000000000000909e+02 6.383067140658260294e-03
7.106000000000000227e+02 5.710982173870397111e-03
7.107999999999999545e+02 5.078313149645729066e-03
7.110000000000000000e+02 4.494444152192959840e-03
7.112000000000000455e+02 3.963984635505982297e-03
7.114000000000000909e+02 3.487897086345553756e-03
7.116000000000000227e+02 3.067203628174534208e-03
7.117999999999999545e+02 2.699541801165977056e-03
7.120000000000000000e+02 2.380499047883495676e-03
7.122000000000000455e+02 2.108303422623001439e-03
7.124000000000000909e+02 1.882571484549852700e-03
7.126000000000000227e+02 1.703815013960301682e-03
7.127999999999999545e+02 1.573193539603082993e-03
7.130000000000000000e+02 1.492002468383024725e-03
7.132000000000000455e+02 1.461728013828797728e-03
7.134000000000000909e+02 1.484350094178014078e-03
7.136000000000000227e+02 1.561239257869570822e-03
7.137999999999999545e+02 1.692578138689695283e-03
7.140000000000000000e+02 1.876653499683658645e-03
7.142000000000000455e+02 2.111344325604711403e-03
7.144000000000000909e+02 2.394067580914714059e-03
7.146000000000000227e+02 2.720884469326172346e-03
7.147999999999999545e+02 3.085154631086464011e-03
7.150000000000000000e+02 3.478377615523877038e-03
7.152000000000000455e+02 3.891483906680364303e-03
7.154000000000000909e+02 4.309782951379354486e-03
7.156000000000000227e+02 4.714647913989599044e-03
7.157999999999999545e+02 5.087488381253468285e-03
7.160000000000000000e+02 5.409653377420424285e-03
7.162000000000000455e+02 5.663886025410723793e-03
7.164000000000000909e+02 5.836931655519630828e-03
7.166000000000000227e+02 5.919412418457231304e-03
7.167999999999999545e+02 5.905931534679939761e-03
7.170000000000000000e+02 5.795895006010930162e-03
7.172000000000000455e+02 5.592581623261768699e-03
7.174000000000000909e+02 5.302311486628694462e-03
7.176000000000000227e+02 4.934057689136430586e-03
7.177999999999999545e+02 4.499824819923353529e-03
7.180000000000000000e+02 4.014196552285147560e-03
7.182000000000000455e+02 3.493877872525347379e-03
7.184000000000000909e+02 2.955761646839380561e-03
7.186000000000000227e+02 2.416811423331315795e-03
7.187999999999999545e+02 1.894295723908461220e-03
7.190000000000000000e+02 1.405313800728746811e-03
7.192000000000000455e+02 9.662998038118985515e-04
7.194000000000000909e+02 5.924088872319340773e-04
7.196000000000000227e+02 2.978555960500028931e-04
7.197999999999999545e+02 9.620398757104954199e-05
7.200000000000000000e+02 0.000000000000000000e+00
7.202000000000000455e+02 1.610899160959339635e-05
7.204000000000000909e+02 1.462125872379148187e-04
7.206000000000000227e+02 3.871272253665638662e-04
7.207999999999999545e+02 7.298210537879334893e-04
7.210000000000000000e+02 1.160376424647981998e-03
7.212000000000000455e+02 1.660736473663242639e-03
7.214000000000000909e+02 2.211838538732094784e-03
7.216000000000000227e+02 2.795098106555957834e-03
7.217999999999999545e+02 3.393474917419709701e-03
7.220000000000000000e+02 3.990634159283211468e-03
7.222000000000000455e+02 4.570690483122956220e-03
7.224000000000000909e+02 5.118198718188460110e-03
7.226000000000000227e+02 5.618594479042741431e-03
7.227999999999999545e+02 6.057802925844458543e-03
7.230000000000000000e+02 6.422115406484603731e-03
7.232000000000000455e+02 6.699787332460378254e-03
7.234000000000000909e+02 6.882141054287859404e-03
7.236000000000000227e+02 6.964853067253180471e-03
7.237999999999999545e+02 6.947895252285163185e-03
7.240000000000000000e+02 6.835858035316421007e-03
7.242000000000000455e+02 6.638866521675486007e-03
7.244000000000000909e+02 6.372518874184437271e-03
7.246000000000000227e+02 6.055727215595103734e-03
7.247999999999999545e+02 5.708970919749630467e-03
7.250000000000000000e+02 5.351205561261972166e-03
7.252000000000000455e+02 4.999424912413581897e-03
7.254000000000000909e+02 4.668337691718984009e-03
7.256000000000000227e+02 4.370549246050558015e-03
7.257999999999999545e+02 4.116862915900722231e-03
7.260000000000000000e+02 3.916018487132221990e-03
7.262000000000000455e+02 3.773326935633475668e-03
7.264000000000000909e+02 3.691057606138573120e-03
7.266000000000000227e+02 3.668897395182283121e-03
7.267999999999999545e+02 3.706621577071854499e-03
7.270000000000000000e+02 3.803307484197463503e-03
7.272000000000000455e+02 3.955433881132717523e-03
7.274000000000000909e+02 4.150775061753149246e-03
7.276000000000000227e+02 4.370188300460897159e-03
7.277999999999999545e+02 4.589560442941704489e-03
7.280000000000000000e+02 4.786248578469396407e-03
7.282000000000000455e+02 4.939323320335552159e-03
7.284000000000000909e+02 5.030187058753060776e-03
7.286000000000000227e+02 5.045727804648587195e-03
7.287999999999999545e+02 4.977746826943131933e-03
7.290000000000000000e+02 4.822942708042157224e-03
7.292000000000000455e+02 4.582873420664258964e-03
7.294000000000000909e+02 4.263304198715098942e-03
7.296000000000000227e+02 3.874314271324693845e-03
7.297999999999999545e+02 3.430653403148708949e-03
7.300000000000000000e+02 2.948441764393906674e-03
7.302000000000000455e+02 2.443516801543715259e-03
7.304000000000000909e+02 1.931428378672418516e-03
7.306000000000000227e+02 1.431515134294329954e-03
7.307999999999999545e+02 9.687955470910626079e-04
7.310000000000000000e+02 5.720225262083462577e-04
7.312000000000000455e+02 2.690522669330738283e-04
7.314000000000000909e+02 8.407793070619066578e-05
7.316000000000000227e+02 3.525540590943314784e-05
7.317999999999999545e+02 1.347592613521547092e-04
7.320000000000000000e+02 3.879572470712541613e-04
7.322000000000000455e+02 7.911939361749297179e-04
7.324000000000000909e+02 1.335968688006276611e-03
7.326000000000000227e+02 2.009085080685977728e-03
7.327999999999999545e+02 2.786929223408341361e-03
7.330000000000000000e+02 3.638362194130946581e-03
7.332000000000000455e+02 4.528159783857762903e-03
7.334000000000000909e+02 5.425975605752879696e-03
7.336000000000000227e+02 6.307377766192891547e-03
7.337999999999999545e+02 7.153235035755395148e-03
7.340000000000000000e+02 7.946123774294388403e-03
7.342000000000000455e+02 8.669416414172018831e-03
7.344000000000000909e+02 9.307640322563750720e-03
7.346000000000000227e+02 9.848628590383568318e-03
7.347999999999999545e+02 1.028513318551431757e-02
7.350000000000000000e+02 1.061518033621583652e-02
7.352000000000000455e+02 1.084116126431554014e-02
7.354000000000000909e+02 1.096812711370759308e-02
7.356000000000000227e+02 1.100343742783680030e-02
7.357999999999999545e+02 1.095749703516453455e-02
7.360000000000000000e+02 1.084650236579488315e-02
7.362000000000000455e+02 1.069302628629603853e-02
7.364000000000000909e+02 1.052484251236100038e-02
7.366000000000000227e+02 1.036933054215696814e-02
7.367999999999999545e+02 1.025086010661035822e-02
7.370000000000000000e+02 1.018841539711203351e-02
7.372000000000000455e+02 1.019980775647584548e-02
7.374000000000000909e+02 1.030195876682734463e-02
7.376000000000000227e+02 1.050801388858409353e-02
7.377999999999999545e+02 1.082540004121366507e-02
7.380000000000000000e+02 1.125477635061338834e-02
7.382000000000000455e+02 1.178835695177439004e-02
7.384000000000000909e+02 1.241327795486999071e-02
7.386000000000000227e+02 1.311425652363687813e-02
7.387999999999999545e+02 1.387771357646903556e-02
7.390000000000000000e+02 1.469203742818387358e-02
7.392000000000000455e+02 1.554697384894580467e-02
7.394000000000000909e+02 1.643207005909166560e-02
7.396000000000000227e+02 1.733418922879675222e-02
7.397999999999999545e+02 1.823647646484437279e-02
7.400000000000000000e+02 1.911748176308725178e-02
7.402000000000000455e+02 1.995883074516555805e-02
7.404000000000000909e+02 2.074478995818260230e-02
7.406000000000000227e+02 2.145797591334866125e-02
7.407999999999999545e+02 2.208679585336833368e-02
7.410000000000000000e+02 2.262553837680935861e-02
7.412000000000000455e+02 2.307209277997731081e-02
7.414000000000000909e+02 2.343292521246096577e-02
7.416000000000000227e+02 2.372296684405801950e-02
7.417999999999999545e+02 2.396394311089992957e-02
7.420000000000000000e+02 2.417788834736310163e-02
7.422000000000000455e+02 2.438399136476715467e-02
7.424000000000000909e+02 2.459488348258758936e-02
7.426000000000000227e+02 2.481677762386356317e-02
7.427999999999999545e+02 2.505085966764538513e-02
7.430000000000000000e+02 2.529495731585599747e-02
7.432000000000000455e+02 2.554457298580500163e-02
7.434000000000000909e+02 2.579264446476942085e-02
7.436000000000000227e+02 2.602857200127198234e-02
7.437999999999999545e+02 2.624071415909004154e-02
7.440000000000000000e+02 2.641850533977506410e-02
7.442000000000000455e+02 2.655529470051801177e-02
7.444000000000000909e+02 2.664836556436445472e-02
7.446000000000000227e+02 2.669806718632003473e-02
7.447999999999999545e+02 2.670695404512152260e-02
7.450000000000000000e+02 2.667921062731480955e-02
7.452000000000000455e+02 2.662022769570591973e-02
7.454000000000000909e+02 2.653647401411803400e-02
7.456000000000000227e+02 2.643704003619600298e-02
7.457999999999999545e+02 2.633441718500618631e-02
7.460000000000000000e+02 2.624562609601466603e-02
7.462000000000000455e+02 2.619031910230611854e-02
7.464000000000000909e+02 2.618849981289618489e-02
7.466000000000000227e+02 2.625782265717252831e-02
7.467999999999999545e+02 2.641211734672636521e-02
7.470000000000000000e+02 2.666244128441439681e-02
7.472000000000000455e+02 2.701798418194330254e-02
7.474000000000000909e+02 2.748392486820311342e-02
7.476000000000000227e+02 2.805954588230709368e-02
7.477999999999999545e+02 2.873562175249960368e-02
7.480000000000000000e+02 2.949719517368118091e-02
7.482000000000000455e+02 3.032635612743724354e-02
7.484000000000000909e+02 3.120519393756892440e-02
7.486000000000000227e+02 3.212198992275708959e-02
7.487999999999999545e+02 3.306618724516593305e-02
7.490000000000000000e+02 3.402324691363887987e-02
7.492000000000000455e+02 3.498444827074248531e-02
7.494000000000000909e+02 3.594376009019074891e-02
7.496000000000000227e+02 3.689436235509902656e-02
7.497999999999999545e+02 3.783414302573158416e-02
7.500000000000000000e+02 3.876458022629591244e-02
