4.000000000000000000e+02 5.355428500160296368e-01
4.001999999999999886e+02 5.324031660760394358e-01
4.003999999999999773e+02 5.293787730774228706e-01
4.006000000000000227e+02 5.264629838338160672e-01
4.008000000000000114e+02 5.236309977888720102e-01
4.010000000000000000e+02 5.208792610101643517e-01
4.011999999999999886e+02 5.182138233659412396e-01
4.013999999999999773e+02 5.156326781362321476e-01
4.016000000000000227e+02 5.131171290520571970e-01
4.018000000000000114e+02 5.106658952336554647e-01
4.020000000000000000e+02 5.082864896813736877e-01
4.021999999999999886e+02 5.059783201717986678e-01
4.023999999999999773e+02 5.037229183609158722e-01
4.026000000000000227e+02 5.015271311279204669e-01
4.028000000000000114e+02 4.993910524657108052e-01
4.030000000000000000e+02 4.972972577050628895e-01
4.031999999999999886e+02 4.952491045307547135e-01
4.033999999999999773e+02 4.932523268593461130e-01
4.036000000000000227e+02 4.913018139152843800e-01
4.038000000000000114e+02 4.893843538541868265e-01
4.040000000000000000e+02 4.875011592991545517e-01
4.041999999999999886e+02 4.856578407020282762e-01
4.043999999999999773e+02 4.838446269813383993e-01
4.046000000000000227e+02 4.820464269470279839e-01
4.048000000000000114e+02 4.802991367102982245e-01
4.050000000000000000e+02 4.785825917861175616e-01
4.051999999999999886e+02 4.768686055708565852e-01
4.053999999999999773e+02 4.751724862365517277e-01
4.056000000000000227e+02 4.734810810955770166e-01
4.058000000000000114e+02 4.717957430880322378e-01
4.060000000000000000e+02 4.701246802418678206e-01
4.061999999999999886e+02 4.684561372335843132e-01
4.063999999999999773e+02 4.668000801404314504e-01
4.066000000000000227e+02 4.651576172013265897e-01
4.068000000000000114e+02 4.635202038146434278e-01
4.070000000000000000e+02 4.619008165247990294e-01
4.071999999999999886e+02 4.602938121157467699e-01
4.073999999999999773e+02 4.586970609958295197e-01
4.076000000000000227e+02 4.571217011462055946e-01
4.078000000000000114e+02 4.555563990238025163e-01
4.080000000000000000e+02 4.540042919458903148e-01
4.081999999999999886e+02 4.524697476006134811e-01
4.083999999999999773e+02 4.509402808906861071e-01
4.086000000000000227e+02 4.494234778295282395e-01
4.088000000000000114e+02 4.479155887935052371e-01
4.090000000000000000e+02 4.464062391417849551e-01
4.091999999999999886e+02 4.449037635211208208e-01
4.093999999999999773e+02 4.433983742467158540e-01
4.096000000000000227e+02 4.418875891311397908e-01
4.098000000000000114e+02 4.403804029446040103e-01
4.100000000000000000e+02 4.388661126826918779e-01
4.101999999999999886e+02 4.373505824683761034e-01
4.103999999999999773e+02 4.358384963073121954e-01
4.106000000000000227e+02 4.343207979304303246e-01
4.108000000000000114e+02 4.328097733280546477e-01
4.110000000000000000e+02 4.313051811938360403e-01
4.111999999999999886e+02 4.298036690905306378e-01
4.113999999999999773e+02 4.283192585343927328e-01
4.116000000000000227e+02 4.268466214574553330e-01
4.118000000000000114e+02 4.253891041650771920e-01
4.120000000000000000e+02 4.239578849174288067e-01
4.121999999999999886e+02 4.225451635034470077e-01
4.123999999999999773e+02 4.211592166986902197e-01
4.126000000000000227e+02 4.198037626293962266e-01
4.128000000000000114e+02 4.184705300560331853e-01
4.130000000000000000e+02 4.171694627795732302e-01
4.131999999999999886e+02 4.158976842198918167e-01
4.133999999999999773e+02 4.146514165406222086e-01
4.136000000000000227e+02 4.134396994603158348e-01
4.138000000000000114e+02 4.122545611603574689e-01
4.140000000000000000e+02 4.110966866447579027e-01
4.141999999999999886e+02 4.099712672258320478e-01
4.143999999999999773e+02 4.088697477616147768e-01
4.146000000000000227e+02 4.077980093515918281e-01
4.148000000000000114e+02 4.067571891968375097e-01
4.150000000000000000e+02 4.057411053111092958e-01
4.151999999999999886e+02 4.047572174894595309e-01
4.153999999999999773e+02 4.038024841386109731e-01
4.156000000000000227e+02 4.028755741982738003e-01
4.158000000000000114e+02 4.019843873121630717e-01
4.160000000000000000e+02 4.011245139576601892e-01
4.161999999999999886e+02 4.002991711354975113e-01
4.163999999999999773e+02 3.995134590973416500e-01
4.166000000000000227e+02 3.987634556860278900e-01
4.168000000000000114e+02 3.980554797836415859e-01
4.170000000000000000e+02 3.973913846864836064e-01
4.171999999999999886e+02 3.967688330943673902e-01
4.173999999999999773e+02 3.961932352248954681e-01
4.176000000000000227e+02 3.956624747054653946e-01
4.178000000000000114e+02 3.951753034580396395e-01
4.180000000000000000e+02 3.947341968965074610e-01
4.181999999999999886e+02 3.943346218363524280e-01
4.183999999999999773e+02 3.939752230299556346e-01
4.186000000000000227e+02 3.936543339871318437e-01
4.188000000000000114e+02 3.933662730816460673e-01
4.190000000000000000e+02 3.931097689601313339e-01
4.191999999999999886e+02 3.928817616981691296e-01
4.193999999999999773e+02 3.926782203768720003e-01
4.196000000000000227e+02 3.924979700309006447e-01
4.198000000000000114e+02 3.923375686480132796e-01
4.200000000000000000e+02 3.921942660336998898e-01
4.201999999999999886e+02 3.920666997678728394e-01
4.203999999999999773e+02 3.919524676786590445e-01
4.206000000000000227e+02 3.918497458511931431e-01
4.208000000000000114e+02 3.917579302806318831e-01
4.210000000000000000e+02 3.916774603757068318e-01
4.211999999999999886e+02 3.916086090882676118e-01
4.213999999999999773e+02 3.915526338490002423e-01
4.216000000000000227e+02 3.915107318118771773e-01
4.218000000000000114e+02 3.914826063530317257e-01
4.220000000000000000e+02 3.914673189123892838e-01
4.221999999999999886e+02 3.914631756437664811e-01
4.223999999999999773e+02 3.914679345157624502e-01
4.226000000000000227e+02 3.914793005388784719e-01
4.228000000000000114e+02 3.914949155182975149e-01
4.230000000000000000e+02 3.915123542021068936e-01
4.231999999999999886e+02 3.915293095622431330e-01
4.233999999999999773e+02 3.915439796831866048e-01
4.236000000000000227e+02 3.915543995032962354e-01
4.238000000000000114e+02 3.915586654045584702e-01
4.240000000000000000e+02 3.915553008540908486e-01
4.241999999999999886e+02 3.915432706999066315e-01
4.243999999999999773e+02 3.915217483591323933e-01
4.246000000000000227e+02 3.914904874387628020e-01
4.248000000000000114e+02 3.914503096022808881e-01
4.250000000000000000e+02 3.914024137318213303e-01
4.251999999999999886e+02 3.913489770495061637e-01
4.253999999999999773e+02 3.912927611851874654e-01
4.256000000000000227e+02 3.912357858249792542e-01
4.258000000000000114e+02 3.911804668207246594e-01
4.260000000000000000e+02 3.911286749810888308e-01
4.261999999999999886e+02 3.910812114897350700e-01
4.263999999999999773e+02 3.910386961278121687e-01
4.266000000000000227e+02 3.910006859712500393e-01
4.268000000000000114e+02 3.909662273030559687e-01
4.270000000000000000e+02 3.909345919088784704e-01
4.271999999999999886e+02 3.909047960887063744e-01
4.273999999999999773e+02 3.908764704946628421e-01
4.276000000000000227e+02 3.908498645345100941e-01
4.278000000000000114e+02 3.908252694752145096e-01
4.280000000000000000e+02 3.908029987511703607e-01
4.281999999999999886e+02 3.907830244508548323e-01
4.283999999999999773e+02 3.907650057001738619e-01
4.286000000000000227e+02 3.907487861993406142e-01
4.288000000000000114e+02 3.907338635402410887e-01
4.290000000000000000e+02 3.907201021006718178e-01
4.291999999999999886e+02 3.907083348669558864e-01
4.293999999999999773e+02 3.906999084358907526e-01
4.296000000000000227e+02 3.906962920386680138e-01
4.298000000000000114e+02 3.906987487330784714e-01
4.300000000000000000e+02 3.907079879989902027e-01
4.301999999999999886e+02 3.907238299725661057e-01
4.303999999999999773e+02 3.907453149975729234e-01
4.306000000000000227e+02 3.907706643261809054e-01
4.308000000000000114e+02 3.907973047782673515e-01
4.310000000000000000e+02 3.908235345350367651e-01
4.311999999999999886e+02 3.908480043347807298e-01
4.313999999999999773e+02 3.908692511896816324e-01
4.316000000000000227e+02 3.908859570423484087e-01
4.318000000000000114e+02 3.908971003236798580e-01
4.320000000000000000e+02 3.909018023095528482e-01
4.321999999999999886e+02 3.908991355413935498e-01
4.323999999999999773e+02 3.908881264037015746e-01
4.326000000000000227e+02 3.908679688094360283e-01
4.328000000000000114e+02 3.908381962446270119e-01
4.330000000000000000e+02 3.907986356625407498e-01
4.331999999999999886e+02 3.907483816669852783e-01
4.333999999999999773e+02 3.906868418631276318e-01
4.336000000000000227e+02 3.906136948688135324e-01
4.338000000000000114e+02 3.905275713429739448e-01
4.340000000000000000e+02 3.904276505532415786e-01
4.341999999999999886e+02 3.903127326973614419e-01
4.343999999999999773e+02 3.901811450160640460e-01
4.346000000000000227e+02 3.900334067795734327e-01
4.348000000000000114e+02 3.898685356687083270e-01
4.350000000000000000e+02 3.896853967614001268e-01
4.351999999999999886e+02 3.894848636876707682e-01
4.353999999999999773e+02 3.892661500842277134e-01
4.356000000000000227e+02 3.890293575688881234e-01
4.358000000000000114e+02 3.887776342688882281e-01
4.360000000000000000e+02 3.885173345333206019e-01
4.361999999999999886e+02 3.882494161228892682e-01
4.363999999999999773e+02 3.879746041414969815e-01
4.366000000000000227e+02 3.876972186454764047e-01
4.368000000000000114e+02 3.874232210818396305e-01
4.370000000000000000e+02 3.871572058042431208e-01
4.371999999999999886e+02 3.869025804629596665e-01
4.373999999999999773e+02 3.866628107751317600e-01
4.376000000000000227e+02 3.864397561339165121e-01
4.378000000000000114e+02 3.862354331562204979e-01
4.380000000000000000e+02 3.860523663550889939e-01
4.381999999999999886e+02 3.858906980508532980e-01
4.383999999999999773e+02 3.857502557907575014e-01
4.386000000000000227e+02 3.856303613891204352e-01
4.388000000000000114e+02 3.855287842898795225e-01
4.390000000000000000e+02 3.854431444961236020e-01
4.391999999999999886e+02 3.853701235728309027e-01
4.393999999999999773e+02 3.853051328669690467e-01
4.396000000000000227e+02 3.852432887381293525e-01
4.398000000000000114e+02 3.851794357772672095e-01
4.400000000000000000e+02 3.851081675527747161e-01
4.401999999999999886e+02 3.850241403792781236e-01
4.403999999999999773e+02 3.849237559006279397e-01
4.406000000000000227e+02 3.848042398232257577e-01
4.408000000000000114e+02 3.846632857636448355e-01
4.410000000000000000e+02 3.845000223833632824e-01
4.411999999999999886e+02 3.843136347007789499e-01
4.413999999999999773e+02 3.841041145541927437e-01
4.416000000000000227e+02 3.838734259297455487e-01
4.418000000000000114e+02 3.836226336752709964e-01
4.420000000000000000e+02 3.833529283473322002e-01
4.421999999999999886e+02 3.830663602487772157e-01
4.423999999999999773e+02 3.827653714077638991e-01
4.426000000000000227e+02 3.824519820186123020e-01
4.428000000000000114e+02 3.821293751831704166e-01
4.430000000000000000e+02 3.818034916268913115e-01
4.431999999999999886e+02 3.814777649078509025e-01
4.433999999999999773e+02 3.811549232490177852e-01
4.436000000000000227e+02 3.808374736092793311e-01
4.438000000000000114e+02 3.805250872520225536e-01
4.440000000000000000e+02 3.802182088573172747e-01
4.441999999999999886e+02 3.799168197405635161e-01
4.443999999999999773e+02 3.796181036395931407e-01
4.446000000000000227e+02 3.793203467693200270e-01
4.448000000000000114e+02 3.790214166474923374e-01
4.450000000000000000e+02 3.787188700973957434e-01
4.451999999999999886e+02 3.784133011964174731e-01
4.453999999999999773e+02 3.781040153862019193e-01
4.456000000000000227e+02 3.777893793089148744e-01
4.458000000000000114e+02 3.774686146425291211e-01
4.460000000000000000e+02 3.771407271165014286e-01
4.461999999999999886e+02 3.768036960132332691e-01
4.463999999999999773e+02 3.764554409873536733e-01
4.466000000000000227e+02 3.760972103734376848e-01
4.468000000000000114e+02 3.757289420873349828e-01
4.470000000000000000e+02 3.753503447479259458e-01
4.471999999999999886e+02 3.749631761318149570e-01
4.473999999999999773e+02 3.745675676004202592e-01
4.476000000000000227e+02 3.741651350874143356e-01
4.478000000000000114e+02 3.737590098617065149e-01
4.480000000000000000e+02 3.733488203336106648e-01
4.481999999999999886e+02 3.729350510517887574e-01
4.483999999999999773e+02 3.725181190861392988e-01
4.486000000000000227e+02 3.720967112914423947e-01
4.488000000000000114e+02 3.716728290859065975e-01
4.490000000000000000e+02 3.712475960071140446e-01
4.491999999999999886e+02 3.708201045196579670e-01
4.493999999999999773e+02 3.703911847219480968e-01
4.496000000000000227e+02 3.699619437486462159e-01
4.498000000000000114e+02 3.695323348833489674e-01
4.500000000000000000e+02 3.691007934563717008e-01
4.501999999999999886e+02 3.686688428486849523e-01
4.503999999999999773e+02 3.682366960039857307e-01
4.506000000000000227e+02 3.678023349435978750e-01
4.508000000000000114e+02 3.673656849118212553e-01
4.510000000000000000e+02 3.669252386584290204e-01
4.511999999999999886e+02 3.664802938619415307e-01
4.513999999999999773e+02 3.660334253038185492e-01
4.516000000000000227e+02 3.655840215114915526e-01
4.518000000000000114e+02 3.651311403000133682e-01
4.520000000000000000e+02 3.646749019736302833e-01
4.521999999999999886e+02 3.642151182763839201e-01
4.523999999999999773e+02 3.637498420010724653e-01
4.526000000000000227e+02 3.632781478834106736e-01
4.528000000000000114e+02 3.628025237990477048e-01
4.530000000000000000e+02 3.623226033995028961e-01
4.531999999999999886e+02 3.618388531407261688e-01
4.533999999999999773e+02 3.613531253070734750e-01
4.536000000000000227e+02 3.608649407510149398e-01
4.538000000000000114e+02 3.603769038258428092e-01
4.540000000000000000e+02 3.598914925439107848e-01
4.541999999999999886e+02 3.594071219088790237e-01
4.543999999999999773e+02 3.589239055910909415e-01
4.546000000000000227e+02 3.584410559839661947e-01
4.548000000000000114e+02 3.579574325707871596e-01
4.550000000000000000e+02 3.574762066401158123e-01
4.551999999999999886e+02 3.569980591550523386e-01
4.553999999999999773e+02 3.565226588035137478e-01
4.556000000000000227e+02 3.560516220277492594e-01
4.558000000000000114e+02 3.555864598946572586e-01
4.560000000000000000e+02 3.551269329145274600e-01
4.561999999999999886e+02 3.546722182620179464e-01
4.563999999999999773e+02 3.542247322142944022e-01
4.566000000000000227e+02 3.537837406884195568e-01
4.568000000000000114e+02 3.533473138936479296e-01
4.570000000000000000e+02 3.529152440506032606e-01
4.571999999999999886e+02 3.524856807071048981e-01
4.573999999999999773e+02 3.520587672709632465e-01
4.576000000000000227e+02 3.516362123285010077e-01
4.578000000000000114e+02 3.512162610912237803e-01
4.580000000000000000e+02 3.507981635848256285e-01
4.581999999999999886e+02 3.503820709991555260e-01
4.583999999999999773e+02 3.499675345443581942e-01
4.586000000000000227e+02 3.495521518715643539e-01
4.588000000000000114e+02 3.491355674473618498e-01
4.590000000000000000e+02 3.487191702471109656e-01
4.591999999999999886e+02 3.483014241419719603e-01
4.593999999999999773e+02 3.478823935230175302e-01
4.596000000000000227e+02 3.474625887801569002e-01
4.598000000000000114e+02 3.470417332615960415e-01
4.600000000000000000e+02 3.466231895785854000e-01
4.601999999999999886e+02 3.462085973677753725e-01
4.603999999999999773e+02 3.457972355978650714e-01
4.606000000000000227e+02 3.453900971203150427e-01
4.608000000000000114e+02 3.449861411272281964e-01
4.610000000000000000e+02 3.445844044266481165e-01
4.611999999999999886e+02 3.441857705404247625e-01
4.613999999999999773e+02 3.437876702855692246e-01
4.616000000000000227e+02 3.433874604341829451e-01
4.618000000000000114e+02 3.429836748272268587e-01
4.620000000000000000e+02 3.425748252043026576e-01
4.621999999999999886e+02 3.421580820412888357e-01
4.623999999999999773e+02 3.417318857137007782e-01
4.626000000000000227e+02 3.412974487669327983e-01
4.628000000000000114e+02 3.408528258174493564e-01
4.630000000000000000e+02 3.403973139187672081e-01
4.631999999999999886e+02 3.399318280572636852e-01
4.633999999999999773e+02 3.394556447342646499e-01
4.636000000000000227e+02 3.389715600051280697e-01
4.638000000000000114e+02 3.384826366857426883e-01
4.640000000000000000e+02 3.379893222160620936e-01
4.641999999999999886e+02 3.374947699103321708e-01
4.643999999999999773e+02 3.370012924584532277e-01
4.646000000000000227e+02 3.365109458333566672e-01
4.648000000000000114e+02 3.360296049293959308e-01
4.650000000000000000e+02 3.355600376494911607e-01
4.651999999999999886e+02 3.351037424000310461e-01
4.653999999999999773e+02 3.346635316862521248e-01
4.656000000000000227e+02 3.342417392029480849e-01
4.658000000000000114e+02 3.338389526602898449e-01
4.660000000000000000e+02 3.334550140068237578e-01
4.661999999999999886e+02 3.330914722031258490e-01
4.663999999999999773e+02 3.327470328932599641e-01
4.666000000000000227e+02 3.324196798340927073e-01
4.668000000000000114e+02 3.321086740428130790e-01
4.670000000000000000e+02 3.318116202316139240e-01
4.671999999999999886e+02 3.315274872396585804e-01
4.673999999999999773e+02 3.312561547230394310e-01
4.676000000000000227e+02 3.309952257378037666e-01
4.678000000000000114e+02 3.307434610585983092e-01
4.680000000000000000e+02 3.304996433683161094e-01
4.681999999999999886e+02 3.302616546374909090e-01
4.683999999999999773e+02 3.300292285953340676e-01
4.686000000000000227e+02 3.298012188786021981e-01
4.688000000000000114e+02 3.295757187382828968e-01
4.690000000000000000e+02 3.293525034026810183e-01
4.691999999999999886e+02 3.291322783959148568e-01
4.693999999999999773e+02 3.289155285209335866e-01
4.696000000000000227e+02 3.287022398620364494e-01
4.698000000000000114e+02 3.284941409742379581e-01
4.700000000000000000e+02 3.282921724128158858e-01
4.701999999999999886e+02 3.280964963140210466e-01
4.703999999999999773e+02 3.279083232840892537e-01
4.706000000000000227e+02 3.277282119179156794e-01
4.708000000000000114e+02 3.275568696636695920e-01
4.710000000000000000e+02 3.273954964636699438e-01
4.711999999999999886e+02 3.272434199867265692e-01
4.713999999999999773e+02 3.271000279700616575e-01
4.716000000000000227e+02 3.269653026371015514e-01
4.718000000000000114e+02 3.268392166895712769e-01
4.720000000000000000e+02 3.267210055457574480e-01
4.721999999999999886e+02 3.266100266856462597e-01
4.723999999999999773e+02 3.265062129882080888e-01
4.726000000000000227e+02 3.264086764367692406e-01
4.728000000000000114e+02 3.263168497600457130e-01
4.730000000000000000e+02 3.262305563988136536e-01
4.731999999999999886e+02 3.261493554089577307e-01
4.733999999999999773e+02 3.260730830438656191e-01
4.736000000000000227e+02 3.260013893201338941e-01
4.738000000000000114e+02 3.259335868029161754e-01
4.740000000000000000e+02 3.258698143203691555e-01
4.741999999999999886e+02 3.258107553449378635e-01
4.743999999999999773e+02 3.257576851154380115e-01
4.746000000000000227e+02 3.257126806160947630e-01
4.748000000000000114e+02 3.256775578692139295e-01
4.750000000000000000e+02 3.256541945149425410e-01
4.751999999999999886e+02 3.256447582469724211e-01
4.753999999999999773e+02 3.256510686086228068e-01
4.756000000000000227e+02 3.256749214413260929e-01
4.758000000000000114e+02 3.257178889415992540e-01
4.760000000000000000e+02 3.257807720122055661e-01
4.761999999999999886e+02 3.258639746063587972e-01
4.763999999999999773e+02 3.259675701454412544e-01
4.766000000000000227e+02 3.260915406026269059e-01
4.768000000000000114e+02 3.262365908995688013e-01
4.770000000000000000e+02 3.264023957949769850e-01
4.771999999999999886e+02 3.265880964681016074e-01
4.773999999999999773e+02 3.267940003287167494e-01
4.776000000000000227e+02 3.270199219537796020e-01
4.778000000000000114e+02 3.272652770524010490e-01
4.780000000000000000e+02 3.275297770463994618e-01
4.781999999999999886e+02 3.278147325264659240e-01
4.783999999999999773e+02 3.281201327506242937e-01
4.786000000000000227e+02 3.284457203540139814e-01
4.788000000000000114e+02 3.287940388261669789e-01
4.790000000000000000e+02 3.291669838779884283e-01
4.791999999999999886e+02 3.295675526114838494e-01
4.793999999999999773e+02 3.300001490243548719e-01
4.796000000000000227e+02 3.304658210930088713e-01
4.798000000000000114e+02 3.309680027949173375e-01
4.800000000000000000e+02 3.315118527060487152e-01
4.801999999999999886e+02 3.321005519374246040e-01
4.803999999999999773e+02 3.327398017463927826e-01
4.806000000000000227e+02 3.334329331989302481e-01
4.808000000000000114e+02 3.341795449931694861e-01
4.810000000000000000e+02 3.349846710375166126e-01
4.811999999999999886e+02 3.358525340477241383e-01
4.813999999999999773e+02 3.367849670199086765e-01
4.816000000000000227e+02 3.377831551717579428e-01
4.818000000000000114e+02 3.388522854784854488e-01
4.820000000000000000e+02 3.399934030489787928e-01
4.821999999999999886e+02 3.412017131840870965e-01
4.823999999999999773e+02 3.424816535266071993e-01
4.826000000000000227e+02 3.438348196799486112e-01
4.828000000000000114e+02 3.452616335487718180e-01
4.830000000000000000e+02 3.467679097279600664e-01
4.831999999999999886e+02 3.483475092990067634e-01
4.833999999999999773e+02 3.499968352376890968e-01
4.836000000000000227e+02 3.517213525580128453e-01
4.838000000000000114e+02 3.535186936925762691e-01
4.840000000000000000e+02 3.553920654002802326e-01
4.841999999999999886e+02 3.573435504831177223e-01
4.843999999999999773e+02 3.593610979679006667e-01
4.846000000000000227e+02 3.614467298553859509e-01
4.848000000000000114e+02 3.636053203277024859e-01
4.850000000000000000e+02 3.658356774807313139e-01
4.851999999999999886e+02 3.681358549346274156e-01
4.853999999999999773e+02 3.705114956378245394e-01
4.856000000000000227e+02 3.729652216556434419e-01
4.858000000000000114e+02 3.754825443030380128e-01
4.860000000000000000e+02 3.780675585688450524e-01
4.861999999999999886e+02 3.807253057281584363e-01
4.863999999999999773e+02 3.834537171298239011e-01
4.866000000000000227e+02 3.862637523691200281e-01
4.868000000000000114e+02 3.891496301920993051e-01
4.870000000000000000e+02 3.921009002180186331e-01
4.871999999999999886e+02 3.951289088771308688e-01
4.873999999999999773e+02 3.982371849603825731e-01
4.876000000000000227e+02 4.014237428602073221e-01
4.878000000000000114e+02 4.046891734173478916e-01
4.880000000000000000e+02 4.080461159041706698e-01
4.881999999999999886e+02 4.114859745984738582e-01
4.883999999999999773e+02 4.149950799828484582e-01
4.886000000000000227e+02 4.185854124522799258e-01
4.888000000000000114e+02 4.222545996644294641e-01
4.890000000000000000e+02 4.260053751174538994e-01
4.891999999999999886e+02 4.298475121137537158e-01
4.893999999999999773e+02 4.337587769522743830e-01
4.896000000000000227e+02 4.377377116803060630e-01
4.898000000000000114e+02 4.417947808810048227e-01
4.900000000000000000e+02 4.459242615820210309e-01
4.901999999999999886e+02 4.501394759279386260e-01
4.903999999999999773e+02 4.544390037705551277e-01
4.906000000000000227e+02 4.588020110075592961e-01
4.908000000000000114e+02 4.632432442010843698e-01
4.910000000000000000e+02 4.677729233186059821e-01
4.911999999999999886e+02 4.723912998058675261e-01
4.913999999999999773e+02 4.771006991149581711e-01
4.916000000000000227e+02 4.819222494479928898e-01
4.918000000000000114e+02 4.868575413467301494e-01
4.920000000000000000e+02 4.918864607916111908e-01
4.921999999999999886e+02 4.970291437689176028e-01
4.923999999999999773e+02 5.022925320118953874e-01
4.926000000000000227e+02 5.076803301289819492e-01
4.928000000000000114e+02 5.132159368085102980e-01
4.930000000000000000e+02 5.188775415955324544e-01
4.931999999999999886e+02 5.246558113423940295e-01
4.933999999999999773e+02 5.305714692458907145e-01
4.936000000000000227e+02 5.366176610705132299e-01
4.938000000000000114e+02 5.428080565209983943e-01
4.940000000000000000e+02 5.491499620425172035e-01
4.941999999999999886e+02 5.556068246716958647e-01
4.943999999999999773e+02 5.621889736526511916e-01
4.946000000000000227e+02 5.689120821599343847e-01
4.948000000000000114e+02 5.757729127370190270e-01
4.950000000000000000e+02 5.827689954532948580e-01
4.951999999999999886e+02 5.899237881098637892e-01
4.953999999999999773e+02 5.972494786118287546e-01
4.956000000000000227e+02 6.047099729174795213e-01
4.958000000000000114e+02 6.123258418785084700e-01
4.960000000000000000e+02 6.201161109838562169e-01
4.961999999999999886e+02 6.280812624995025795e-01
4.963999999999999773e+02 6.362589683597491552e-01
4.966000000000000227e+02 6.446333077498520581e-01
4.968000000000000114e+02 6.531784130947921874e-01
4.970000000000000000e+02 6.619272458201178599e-01
4.971999999999999886e+02 6.708869364798240031e-01
4.973999999999999773e+02 6.800496709593603084e-01
4.976000000000000227e+02 6.894162990712574546e-01
4.978000000000000114e+02 6.990193432098563697e-01
4.980000000000000000e+02 7.088246991706761424e-01
4.981999999999999886e+02 7.187882233254435649e-01
4.983999999999999773e+02 7.289338942879332039e-01
4.986000000000000227e+02 7.392413072129080387e-01
4.988000000000000114e+02 7.497059182257285181e-01
4.990000000000000000e+02 7.603352412397059723e-01
4.991999999999999886e+02 7.710467087709965694e-01
4.993999999999999773e+02 7.818185925808761594e-01
4.996000000000000227e+02 7.926542000783524111e-01
4.998000000000000114e+02 8.035124097135091237e-01
5.000000000000000000e+02 8.144000869866780956e-01
5.001999999999999886e+02 8.252781726610747270e-01
5.003999999999999773e+02 8.360614473822173265e-01
5.006000000000000227e+02 8.467513341719902220e-01
5.008000000000000114e+02 8.573303906372234939e-01
5.010000000000000000e+02 8.677570678658096393e-01
5.011999999999999886e+02 8.779968123990442574e-01
5.013999999999999773e+02 8.880507136201492013e-01
5.016000000000000227e+02 8.978749509754143654e-01
5.018000000000000114e+02 9.073886122411967126e-01
5.020000000000000000e+02 9.165928211226802569e-01
5.021999999999999886e+02 9.254626812856198148e-01
5.023999999999999773e+02 9.339671356949563741e-01
5.026000000000000227e+02 9.421033903686094613e-01
5.028000000000000114e+02 9.498036007042288675e-01
5.030000000000000000e+02 9.570247054166881595e-01
5.031999999999999886e+02 9.637656357430315346e-01
5.033999999999999773e+02 9.699908171715013738e-01
5.036000000000000227e+02 9.756850856882999246e-01
5.038000000000000114e+02 9.808291627824646808e-01
5.040000000000000000e+02 9.853725044483101492e-01
5.041999999999999886e+02 9.893092640812349847e-01
5.043999999999999773e+02 9.926381494126298444e-01
5.046000000000000227e+02 9.953471503161148703e-01
5.048000000000000114e+02 9.974336093679208037e-01
5.050000000000000000e+02 9.989011300045840258e-01
5.051999999999999886e+02 9.997548691326051395e-01
5.053999999999999773e+02 1.000000000000000000e+00
5.056000000000000227e+02 9.996533138316636702e-01
5.058000000000000114e+02 9.987372090476189790e-01
5.060000000000000000e+02 9.972737101660202885e-01
5.061999999999999886e+02 9.952807970786715641e-01
5.063999999999999773e+02 9.927947635973822793e-01
5.066000000000000227e+02 9.898551689048972202e-01
5.068000000000000114e+02 9.864879500002570190e-01
5.070000000000000000e+02 9.827256672341607713e-01
5.071999999999999886e+02 9.786062356731487499e-01
5.073999999999999773e+02 9.741631905051056917e-01
5.076000000000000227e+02 9.694122113014489450e-01
5.078000000000000114e+02 9.644021108956427613e-01
5.080000000000000000e+02 9.591814803642176868e-01
5.081999999999999886e+02 9.537646777042279034e-01
5.083999999999999773e+02 9.481880783154893466e-01
5.086000000000000227e+02 9.424747466328724510e-01
5.088000000000000114e+02 9.366420825362129499e-01
5.090000000000000000e+02 9.307534037003815097e-01
5.091999999999999886e+02 9.248335876771608399e-01
5.093999999999999773e+02 9.188949398198060781e-01
5.096000000000000227e+02 9.129703768860568669e-01
5.098000000000000114e+02 9.070643544295736715e-01
5.100000000000000000e+02 9.012074705285424425e-01
5.101999999999999886e+02 8.954495984744642589e-01
5.103999999999999773e+02 8.897918558179376269e-01
5.106000000000000227e+02 8.842458857197496025e-01
5.108000000000000114e+02 8.788337867131527092e-01
5.110000000000000000e+02 8.735717612106242980e-01
5.111999999999999886e+02 8.684558993564447382e-01
5.113999999999999773e+02 8.635048797493248829e-01
5.116000000000000227e+02 8.587505872709398913e-01
5.118000000000000114e+02 8.541820486206316287e-01
5.120000000000000000e+02 8.498019723834852046e-01
5.122000000000000455e+02 8.456133370500276136e-01
5.123999999999999773e+02 8.416053719310618852e-01
5.126000000000000227e+02 8.377990564243594784e-01
5.127999999999999545e+02 8.342003773405677336e-01
5.130000000000000000e+02 8.307973189015909199e-01
5.132000000000000455e+02 8.275963799950396549e-01
5.133999999999999773e+02 8.245936452096324087e-01
5.136000000000000227e+02 8.217910588481683876e-01
5.137999999999999545e+02 8.192083959286030614e-01
5.140000000000000000e+02 8.168433799385216298e-01
5.142000000000000455e+02 8.146950780729955710e-01
5.143999999999999773e+02 8.127707066304127315e-01
5.146000000000000227e+02 8.110760516588564339e-01
5.147999999999999545e+02 8.096138719829508723e-01
5.150000000000000000e+02 8.083910802154383735e-01
5.152000000000000455e+02 8.074215891649247911e-01
5.153999999999999773e+02 8.067092089697185386e-01
5.156000000000000227e+02 8.062581763612407526e-01
5.157999999999999545e+02 8.060758506826348757e-01
5.160000000000000000e+02 8.061678952171668078e-01
5.162000000000000455e+02 8.065363531923934737e-01
5.163999999999999773e+02 8.071816857816955793e-01
5.166000000000000227e+02 8.081046333148266259e-01
5.167999999999999545e+02 8.093051947066014495e-01
5.170000000000000000e+02 8.107807789023967482e-01
5.172000000000000455e+02 8.125302565961678436e-01
5.173999999999999773e+02 8.145605084350940883e-01
5.176000000000000227e+02 8.168624917147021547e-01
5.177999999999999545e+02 8.194284357695065246e-01
5.180000000000000000e+02 8.222647095607006351e-01
5.182000000000000455e+02 8.253668655158797884e-01
5.183999999999999773e+02 8.287398340780055550e-01
5.186000000000000227e+02 8.323881253209367559e-01
5.187999999999999545e+02 8.362862506512769301e-01
5.190000000000000000e+02 8.404328754298850956e-01
5.192000000000000455e+02 8.448300444560732370e-01
5.193999999999999773e+02 8.494659497765228995e-01
5.196000000000000227e+02 8.543493530488978083e-01
5.197999999999999545e+02 8.594605386974525363e-01
5.200000000000000000e+02 8.647630902426417521e-01
5.202000000000000455e+02 8.702574629749521007e-01
5.203999999999999773e+02 8.759303609828731352e-01
5.206000000000000227e+02 8.817556982246985697e-01
5.207999999999999545e+02 8.877086340934142727e-01
5.210000000000000000e+02 8.937840612983366517e-01
5.212000000000000455e+02 8.999416506561769280e-01
5.213999999999999773e+02 9.061259684472272591e-01
5.216000000000000227e+02 9.123336443458702760e-01
5.217999999999999545e+02 9.185409209678382370e-01
5.220000000000000000e+02 9.247265450532873299e-01
5.222000000000000455e+02 9.308834421812693938e-01
5.223999999999999773e+02 9.369527151720963287e-01
5.226000000000000227e+02 9.428997970127896977e-01
5.227999999999999545e+02 9.487153401236124717e-01
5.230000000000000000e+02 9.543658660923357573e-01
5.232000000000000455e+02 9.598148651105893325e-01
5.233999999999999773e+02 9.650368147167379673e-01
5.236000000000000227e+02 9.700125761599471819e-01
5.237999999999999545e+02 9.746843026877103355e-01
5.240000000000000000e+02 9.790171704531966945e-01
5.242000000000000455e+02 9.829969567986437395e-01
5.243999999999999773e+02 9.865886411715509841e-01
5.246000000000000227e+02 9.897669344608286401e-01
5.247999999999999545e+02 9.924989958667969070e-01
5.250000000000000000e+02 9.947380766261211260e-01
5.252000000000000455e+02 9.964655959995336598e-01
5.253999999999999773e+02 9.976649147643841253e-01
5.256000000000000227e+02 9.983166615343458394e-01
5.257999999999999545e+02 9.984087214039292224e-01
5.260000000000000000e+02 9.979364626896851664e-01
5.262000000000000455e+02 9.969019135945171861e-01
5.263999999999999773e+02 9.953128117139962150e-01
5.266000000000000227e+02 9.931810126274411843e-01
5.267999999999999545e+02 9.905256461395252066e-01
5.270000000000000000e+02 9.873640432903995068e-01
5.272000000000000455e+02 9.837005030114707171e-01
5.273999999999999773e+02 9.795694365824085814e-01
5.276000000000000227e+02 9.750018145942205283e-01
5.277999999999999545e+02 9.700071673588576138e-01
5.280000000000000000e+02 9.646157768597811710e-01
5.282000000000000455e+02 9.588404513407134955e-01
5.283999999999999773e+02 9.526966383017998474e-01
5.286000000000000227e+02 9.462461611272924289e-01
5.287999999999999545e+02 9.395061304489107368e-01
5.290000000000000000e+02 9.324886481804008920e-01
5.292000000000000455e+02 9.252234365472026267e-01
5.293999999999999773e+02 9.177039542308290665e-01
5.296000000000000227e+02 9.099665426270260316e-01
5.297999999999999545e+02 9.020641504088636742e-01
5.300000000000000000e+02 8.939916277480435269e-01
5.302000000000000455e+02 8.857658925952945905e-01
5.303999999999999773e+02 8.774198584009162971e-01
5.306000000000000227e+02 8.689798544832867400e-01
5.307999999999999545e+02 8.604397332592113035e-01
5.310000000000000000e+02 8.518428078983122376e-01
5.312000000000000455e+02 8.432470303984672677e-01
5.313999999999999773e+02 8.346422458964449786e-01
5.316000000000000227e+02 8.260495989190392851e-01
5.317999999999999545e+02 8.174803459046111609e-01
5.320000000000000000e+02 8.089249515319906214e-01
5.322000000000000455e+02 8.004430168969206560e-01
5.323999999999999773e+02 7.920523498957142694e-01
5.326000000000000227e+02 7.837366560664780213e-01
5.327999999999999545e+02 7.755093541060972262e-01
5.330000000000000000e+02 7.673859475165178967e-01
5.332000000000000455e+02 7.593610568445758879e-01
5.333999999999999773e+02 7.514197504178645737e-01
5.336000000000000227e+02 7.436101647306603279e-01
5.337999999999999545e+02 7.359406825436088928e-01
5.340000000000000000e+02 7.283937893625345161e-01
5.342000000000000455e+02 7.209863796653626089e-01
5.343999999999999773e+02 7.137045996426214511e-01
5.346000000000000227e+02 7.065589996257928274e-01
5.347999999999999545e+02 6.995968797688294494e-01
5.350000000000000000e+02 6.928057970989922598e-01
5.352000000000000455e+02 6.861872994737134857e-01
5.353999999999999773e+02 6.797506690595812584e-01
5.356000000000000227e+02 6.734795990489953477e-01
5.357999999999999545e+02 6.674050699410761789e-01
5.360000000000000000e+02 6.615461421534162278e-01
5.362000000000000455e+02 6.558838407529380410e-01
5.363999999999999773e+02 6.504210675228340177e-01
5.366000000000000227e+02 6.451644762645558639e-01
5.367999999999999545e+02 6.401105676990204163e-01
5.370000000000000000e+02 6.352427335479841064e-01
5.372000000000000455e+02 6.305791912315769077e-01
5.373999999999999773e+02 6.261265611824778921e-01
5.376000000000000227e+02 6.218627892270996993e-01
5.377999999999999545e+02 6.177869832851753396e-01
5.380000000000000000e+02 6.138869484528243214e-01
5.382000000000000455e+02 6.101532556592311751e-01
5.383999999999999773e+02 6.066048877477014933e-01
5.386000000000000227e+02 6.032339623215695612e-01
5.387999999999999545e+02 6.000324195191473198e-01
5.390000000000000000e+02 5.970043404180913615e-01
5.392000000000000455e+02 5.941410107860557455e-01
5.393999999999999773e+02 5.914506859106640757e-01
5.396000000000000227e+02 5.889453619073420354e-01
5.397999999999999545e+02 5.866153704890486598e-01
5.400000000000000000e+02 5.844588053535655359e-01
5.402000000000000455e+02 5.824768907365185378e-01
5.403999999999999773e+02 5.806675633645458356e-01
5.406000000000000227e+02 5.790233281087765471e-01
5.407999999999999545e+02 5.775460177254397864e-01
5.410000000000000000e+02 5.762389142758913563e-01
5.412000000000000455e+02 5.750935533302131697e-01
5.413999999999999773e+02 5.741069644331197042e-01
5.416000000000000227e+02 5.732762312335726307e-01
5.417999999999999545e+02 5.725964857800843744e-01
5.420000000000000000e+02 5.720677723470881659e-01
5.422000000000000455e+02 5.716855437919087235e-01
5.423999999999999773e+02 5.714423087993185657e-01
5.426000000000000227e+02 5.713327101336370673e-01
5.427999999999999545e+02 5.713506377940348324e-01
5.430000000000000000e+02 5.714907328420858468e-01
5.432000000000000455e+02 5.717481818074221511e-01
5.433999999999999773e+02 5.721152668894872173e-01
5.436000000000000227e+02 5.725850780310276500e-01
5.437999999999999545e+02 5.731502414388751632e-01
5.440000000000000000e+02 5.738006681574912005e-01
5.442000000000000455e+02 5.745275997635130860e-01
5.443999999999999773e+02 5.753172565415837214e-01
5.446000000000000227e+02 5.761505734334243511e-01
5.447999999999999545e+02 5.770128629603313852e-01
5.450000000000000000e+02 5.778860780062257119e-01
5.452000000000000455e+02 5.787512399126066853e-01
5.453999999999999773e+02 5.795923286783567496e-01
5.456000000000000227e+02 5.803864305291088765e-01
5.457999999999999545e+02 5.811158044252270338e-01
5.460000000000000000e+02 5.817670825244202204e-01
5.462000000000000455e+02 5.823123719618111815e-01
5.463999999999999773e+02 5.827453952244726620e-01
5.466000000000000227e+02 5.830683224824507738e-01
5.467999999999999545e+02 5.832656401986970884e-01
5.470000000000000000e+02 5.833275868979183043e-01
5.472000000000000455e+02 5.832468631975239459e-01
5.473999999999999773e+02 5.830143804146659114e-01
5.476000000000000227e+02 5.826255866449427945e-01
5.477999999999999545e+02 5.820772912912883790e-01
5.480000000000000000e+02 5.813667338453955002e-01
5.482000000000000455e+02 5.804945266038803453e-01
5.483999999999999773e+02 5.794588672611087343e-01
5.486000000000000227e+02 5.782582372601322573e-01
5.487999999999999545e+02 5.769001373185241865e-01
5.490000000000000000e+02 5.753874093532845846e-01
5.492000000000000455e+02 5.737171053988340264e-01
5.493999999999999773e+02 5.718843506686281941e-01
5.496000000000000227e+02 5.698958797474303895e-01
5.497999999999999545e+02 5.677580043091150497e-01
5.500000000000000000e+02 5.654668022751581091e-01
5.502000000000000455e+02 5.630158578754627108e-01
5.503999999999999773e+02 5.604104430770612266e-01
5.506000000000000227e+02 5.576663083418503808e-01
5.507999999999999545e+02 5.547837964935385946e-01
5.510000000000000000e+02 5.517569290078955246e-01
5.512000000000000455e+02 5.485856252732798088e-01
5.513999999999999773e+02 5.452906144778913999e-01
5.516000000000000227e+02 5.418749067302746081e-01
5.517999999999999545e+02 5.383349490735168663e-01
5.520000000000000000e+02 5.346802363339842046e-01
5.522000000000000455e+02 5.309055891043849007e-01
5.523999999999999773e+02 5.270152839628863273e-01
5.526000000000000227e+02 5.230358331647356751e-01
5.527999999999999545e+02 5.189704206709183643e-01
5.530000000000000000e+02 5.148126762969784664e-01
5.532000000000000455e+02 5.105625195608106681e-01
5.533999999999999773e+02 5.062469958644042478e-01
5.536000000000000227e+02 5.018781606454907340e-01
5.537999999999999545e+02 4.974492265273263158e-01
5.540000000000000000e+02 4.929543843118381341e-01
5.542000000000000455e+02 4.884140723101111359e-01
5.543999999999999773e+02 4.838518811811902687e-01
5.546000000000000227e+02 4.792641250402599473e-01
5.547999999999999545e+02 4.746433638349373263e-01
5.550000000000000000e+02 4.700002489900948488e-01
5.552000000000000455e+02 4.653662631750706269e-01
5.553999999999999773e+02 4.607390227507821012e-01
5.556000000000000227e+02 4.561188564447357097e-01
5.557999999999999545e+02 4.515165332693483746e-01
5.560000000000000000e+02 4.469221348229774904e-01
5.562000000000000455e+02 4.423481282906429057e-01
5.563999999999999773e+02 4.378185839533239032e-01
5.566000000000000227e+02 4.333265710146262939e-01
5.567999999999999545e+02 4.288607704832144152e-01
5.570000000000000000e+02 4.244238407214766529e-01
5.572000000000000455e+02 4.200414169057525293e-01
5.573999999999999773e+02 4.157137625899240962e-01
5.576000000000000227e+02 4.114286321449770467e-01
5.577999999999999545e+02 4.071794097016670499e-01
5.580000000000000000e+02 4.029863811380959282e-01
5.582000000000000455e+02 3.988593705880394413e-01
5.583999999999999773e+02 3.947874885314420212e-01
5.586000000000000227e+02 3.907614634085647132e-01
5.587999999999999545e+02 3.867945301133223213e-01
5.590000000000000000e+02 3.829064711314148495e-01
5.592000000000000455e+02 3.790887841344817710e-01
5.593999999999999773e+02 3.753445499044635869e-01
5.596000000000000227e+02 3.716780891747040183e-01
5.597999999999999545e+02 3.680805185208221308e-01
5.600000000000000000e+02 3.645665646218622102e-01
5.602000000000000455e+02 3.611465256764208598e-01
5.603999999999999773e+02 3.578083830893822870e-01
5.606000000000000227e+02 3.545401569972946865e-01
5.607999999999999545e+02 3.513446107528179763e-01
5.610000000000000000e+02 3.482337891787205542e-01
5.612000000000000455e+02 3.451987895488515812e-01
5.613999999999999773e+02 3.422270055276252498e-01
5.616000000000000227e+02 3.393137610363787249e-01
5.617999999999999545e+02 3.364709608809124397e-01
5.620000000000000000e+02 3.336963084342547403e-01
5.622000000000000455e+02 3.309783807417642221e-01
5.623999999999999773e+02 3.283096552251514311e-01
5.626000000000000227e+02 3.256995529365334097e-01
5.627999999999999545e+02 3.231545607287355515e-01
5.630000000000000000e+02 3.206674015897298946e-01
5.632000000000000455e+02 3.182322815986962650e-01
5.633999999999999773e+02 3.158565672473064856e-01
5.636000000000000227e+02 3.135554050954119654e-01
5.637999999999999545e+02 3.113267481897079025e-01
5.640000000000000000e+02 3.091732300268487665e-01
5.642000000000000455e+02 3.071000193559977887e-01
5.643999999999999773e+02 3.051031931047683554e-01
5.646000000000000227e+02 3.031900074172706461e-01
5.647999999999999545e+02 3.013677417013250759e-01
5.650000000000000000e+02 2.996303009470399070e-01
5.652000000000000455e+02 2.979710451781689695e-01
5.653999999999999773e+02 2.963892562881532688e-01
5.656000000000000227e+02 2.948895806943193643e-01
5.657999999999999545e+02 2.934662524207971024e-01
5.660000000000000000e+02 2.921110185489643740e-01
5.662000000000000455e+02 2.908186429921178484e-01
5.663999999999999773e+02 2.895910045159703627e-01
5.666000000000000227e+02 2.884242481687985804e-01
5.667999999999999545e+02 2.873092445060315137e-01
5.670000000000000000e+02 2.862380128555669367e-01
5.672000000000000455e+02 2.852090613931096419e-01
5.673999999999999773e+02 2.842209907817037084e-01
5.676000000000000227e+02 2.832670582011136973e-01
5.677999999999999545e+02 2.823456662673009543e-01
5.680000000000000000e+02 2.814550129898801267e-01
5.682000000000000455e+02 2.805912463792125666e-01
5.683999999999999773e+02 2.797566269384879623e-01
5.686000000000000227e+02 2.789508389514536724e-01
5.687999999999999545e+02 2.781692159657098151e-01
5.690000000000000000e+02 2.774075000542456926e-01
5.692000000000000455e+02 2.766653096738841411e-01
5.693999999999999773e+02 2.759431489245001701e-01
5.696000000000000227e+02 2.752369806816720721e-01
5.697999999999999545e+02 2.745423948006224246e-01
5.700000000000000000e+02 2.738577039639908950e-01
5.702000000000000455e+02 2.731851811073384151e-01
5.703999999999999773e+02 2.725238272297715314e-01
5.706000000000000227e+02 2.718709002127322472e-01
5.707999999999999545e+02 2.712241287031156300e-01
5.710000000000000000e+02 2.705848268221653363e-01
5.712000000000000455e+02 2.699515170835077305e-01
5.713999999999999773e+02 2.693200019921908606e-01
5.716000000000000227e+02 2.686890382604167904e-01
5.717999999999999545e+02 2.680558312331020043e-01
5.720000000000000000e+02 2.674181906252812158e-01
5.722000000000000455e+02 2.667786457929819943e-01
5.723999999999999773e+02 2.661364251319199847e-01
5.726000000000000227e+02 2.654886068525533216e-01
5.727999999999999545e+02 2.648329001803932936e-01
5.730000000000000000e+02 2.641710941009354219e-01
5.732000000000000455e+02 2.635032983226842651e-01
5.733999999999999773e+02 2.628251244809218234e-01
5.736000000000000227e+02 2.621306300042989812e-01
5.737999999999999545e+02 2.614166959232963050e-01
5.740000000000000000e+02 2.606819739341751929e-01
5.742000000000000455e+02 2.599211554822358772e-01
5.743999999999999773e+02 2.591279024588239999e-01
5.746000000000000227e+02 2.582983041991342432e-01
5.747999999999999545e+02 2.574336997820272921e-01
5.750000000000000000e+02 2.565301377311107189e-01
5.752000000000000455e+02 2.555826583322535206e-01
5.753999999999999773e+02 2.545891742585917883e-01
5.756000000000000227e+02 2.535437401993846929e-01
5.757999999999999545e+02 2.524444437489686832e-01
5.760000000000000000e+02 2.512948280784279564e-01
5.762000000000000455e+02 2.500918549467119334e-01
5.763999999999999773e+02 2.488311331094109624e-01
5.766000000000000227e+02 2.475118502609067184e-01
5.767999999999999545e+02 2.461425767591901015e-01
5.770000000000000000e+02 2.447314474977902998e-01
5.772000000000000455e+02 2.432816082207276132e-01
5.773999999999999773e+02 2.417902405206613647e-01
5.776000000000000227e+02 2.402685065775440054e-01
5.777999999999999545e+02 2.387250633206260964e-01
5.780000000000000000e+02 2.371545070756170270e-01
5.782000000000000455e+02 2.355687922658183386e-01
5.783999999999999773e+02 2.339739092867200720e-01
5.786000000000000227e+02 2.323633968767883640e-01
5.787999999999999545e+02 2.307491449451619658e-01
5.790000000000000000e+02 2.291327473389545843e-01
5.792000000000000455e+02 2.275066797435733590e-01
5.793999999999999773e+02 2.258820815115455405e-01
5.796000000000000227e+02 2.242561638675862890e-01
5.797999999999999545e+02 2.226210175209991371e-01
5.800000000000000000e+02 2.209862040328965382e-01
5.802000000000000455e+02 2.193449555721235233e-01
5.803999999999999773e+02 2.176894968094673088e-01
5.806000000000000227e+02 2.160277687316717876e-01
5.807999999999999545e+02 2.143579902920265123e-01
5.810000000000000000e+02 2.126742779568066566e-01
5.812000000000000455e+02 2.109745183398494817e-01
5.813999999999999773e+02 2.092702578078171616e-01
5.816000000000000227e+02 2.075635990883992477e-01
5.817999999999999545e+02 2.058484784644522836e-01
5.820000000000000000e+02 2.041393076316314614e-01
5.822000000000000455e+02 2.024377526504332336e-01
5.823999999999999773e+02 2.007395551300996395e-01
5.826000000000000227e+02 1.990596713826308095e-01
5.827999999999999545e+02 1.973967199251717708e-01
5.830000000000000000e+02 1.957474134283066214e-01
5.832000000000000455e+02 1.941252039258137274e-01
5.833999999999999773e+02 1.925252734693504719e-01
5.836000000000000227e+02 1.909452844688172279e-01
5.837999999999999545e+02 1.893965087268567049e-01
5.840000000000000000e+02 1.878715662309710932e-01
5.842000000000000455e+02 1.863677935515066775e-01
5.843999999999999773e+02 1.848922737793069482e-01
5.846000000000000227e+02 1.834404203771974884e-01
5.847999999999999545e+02 1.820049408104599253e-01
5.850000000000000000e+02 1.805825965578229109e-01
5.852000000000000455e+02 1.791799520636783993e-01
5.853999999999999773e+02 1.777917572320465156e-01
5.856000000000000227e+02 1.764116939166205655e-01
5.857999999999999545e+02 1.750481832200662113e-01
5.860000000000000000e+02 1.736957074754249264e-01
5.862000000000000455e+02 1.723507484312106208e-01
5.863999999999999773e+02 1.710227442077913440e-01
5.866000000000000227e+02 1.697057556030442393e-01
5.867999999999999545e+02 1.683981812981731330e-01
5.870000000000000000e+02 1.671072541437746695e-01
5.872000000000000455e+02 1.658246751377383810e-01
5.873999999999999773e+02 1.645493577460801771e-01
5.876000000000000227e+02 1.632877385917899105e-01
5.877999999999999545e+02 1.620364562306919332e-01
5.880000000000000000e+02 1.607904705494838660e-01
5.882000000000000455e+02 1.595490140334494267e-01
5.883999999999999773e+02 1.583193631405611923e-01
5.886000000000000227e+02 1.570972902567174534e-01
5.887999999999999545e+02 1.558800099144906637e-01
5.890000000000000000e+02 1.546768029490128427e-01
5.892000000000000455e+02 1.534837911772274077e-01
5.893999999999999773e+02 1.523006955203409230e-01
5.896000000000000227e+02 1.511364475397833362e-01
5.897999999999999545e+02 1.499863679147322437e-01
5.900000000000000000e+02 1.488533375012373039e-01
5.902000000000000455e+02 1.477478895303930562e-01
5.903999999999999773e+02 1.466673547815682266e-01
5.906000000000000227e+02 1.456166000237364699e-01
5.907999999999999545e+02 1.446031128920997055e-01
5.910000000000000000e+02 1.436219697587987065e-01
5.912000000000000455e+02 1.426758928086751532e-01
5.913999999999999773e+02 1.417688881247247956e-01
5.916000000000000227e+02 1.408969380357859014e-01
5.917999999999999545e+02 1.400550567376449007e-01
5.920000000000000000e+02 1.392412253091138419e-01
5.922000000000000455e+02 1.384558325440328197e-01
5.923999999999999773e+02 1.376901412017073612e-01
5.926000000000000227e+02 1.369394470731085944e-01
5.927999999999999545e+02 1.362042072596882925e-01
5.930000000000000000e+02 1.354762958489542091e-01
5.932000000000000455e+02 1.347527614586363220e-01
5.933999999999999773e+02 1.340334756069494204e-01
5.936000000000000227e+02 1.333105323731767766e-01
5.937999999999999545e+02 1.325837816181170969e-01
5.940000000000000000e+02 1.318549266427440914e-01
5.942000000000000455e+02 1.311190941600468840e-01
5.943999999999999773e+02 1.303801509916854839e-01
5.946000000000000227e+02 1.296416629198665904e-01
5.947999999999999545e+02 1.289015062585443516e-01
5.950000000000000000e+02 1.281663228669232546e-01
5.952000000000000455e+02 1.274424634047522653e-01
5.953999999999999773e+02 1.267321373226519832e-01
5.956000000000000227e+02 1.260374626764868833e-01
5.957999999999999545e+02 1.253635441939533191e-01
5.960000000000000000e+02 1.247152714280705260e-01
5.962000000000000455e+02 1.240895895262347920e-01
5.963999999999999773e+02 1.234881817954493893e-01
5.966000000000000227e+02 1.229133502950479767e-01
5.967999999999999545e+02 1.223601806100203387e-01
5.970000000000000000e+02 1.218290197605183117e-01
5.972000000000000455e+02 1.213196390548927500e-01
5.973999999999999773e+02 1.208265693029759724e-01
5.976000000000000227e+02 1.203499638968994062e-01
5.977999999999999545e+02 1.198881059565410356e-01
5.980000000000000000e+02 1.194350549856362520e-01
5.982000000000000455e+02 1.189892849106529010e-01
5.983999999999999773e+02 1.185480837909205221e-01
5.986000000000000227e+02 1.181064736411821248e-01
5.987999999999999545e+02 1.176601002867299073e-01
5.990000000000000000e+02 1.172082240149192461e-01
5.992000000000000455e+02 1.167508103197950203e-01
5.993999999999999773e+02 1.162840010427289850e-01
5.996000000000000227e+02 1.158088828541456866e-01
5.997999999999999545e+02 1.153265174812101584e-01
6.000000000000000000e+02 1.148333525175357223e-01
6.002000000000000455e+02 1.143315862684380069e-01
6.003999999999999773e+02 1.138219396178995479e-01
6.006000000000000227e+02 1.133009753764552541e-01
6.007999999999999545e+02 1.127715220106953187e-01
6.010000000000000000e+02 1.122339152796084927e-01
6.012000000000000455e+02 1.116858015474330723e-01
6.013999999999999773e+02 1.111313345855121926e-01
6.016000000000000227e+02 1.105703305283289584e-01
6.017999999999999545e+02 1.100003387221689388e-01
6.020000000000000000e+02 1.094245593236392450e-01
6.022000000000000455e+02 1.088435188249423924e-01
6.023999999999999773e+02 1.082555755516237950e-01
6.026000000000000227e+02 1.076596540635819249e-01
6.027999999999999545e+02 1.070591224722181600e-01
6.030000000000000000e+02 1.064555132267840376e-01
6.032000000000000455e+02 1.058462319352942299e-01
6.033999999999999773e+02 1.052361209785877688e-01
6.036000000000000227e+02 1.046277325438061678e-01
6.037999999999999545e+02 1.040200796839178821e-01
6.040000000000000000e+02 1.034191435732460251e-01
6.042000000000000455e+02 1.028260210605699970e-01
6.043999999999999773e+02 1.022386864449337379e-01
6.046000000000000227e+02 1.016616393383040634e-01
6.047999999999999545e+02 1.010938329905613914e-01
6.050000000000000000e+02 1.005330780705172428e-01
6.052000000000000455e+02 9.998309388877289761e-02
6.053999999999999773e+02 9.944164392993712354e-02
6.056000000000000227e+02 9.890660030622501486e-02
6.057999999999999545e+02 9.838048361445472789e-02
6.060000000000000000e+02 9.786203481410238325e-02
6.062000000000000455e+02 9.734841273790295624e-02
6.063999999999999773e+02 9.683744201528411699e-02
6.066000000000000227e+02 9.632984765774434133e-02
6.067999999999999545e+02 9.582220964927051776e-02
6.070000000000000000e+02 9.530879185894251815e-02
6.072000000000000455e+02 9.479023084872363614e-02
6.073999999999999773e+02 9.426344617972702566e-02
6.076000000000000227e+02 9.372518733157042536e-02
6.077999999999999545e+02 9.317912991042744120e-02
6.080000000000000000e+02 9.262408675722991203e-02
6.082000000000000455e+02 9.205951805595409543e-02
6.083999999999999773e+02 9.149018088562804740e-02
6.086000000000000227e+02 9.091431356969097155e-02
6.087999999999999545e+02 9.033185491401225786e-02
6.090000000000000000e+02 8.974687670024998620e-02
6.092000000000000455e+02 8.915606305041236246e-02
6.093999999999999773e+02 8.855852631356175841e-02
6.096000000000000227e+02 8.795677254376346732e-02
6.097999999999999545e+02 8.734930323559615684e-02
6.100000000000000000e+02 8.673385858825194417e-02
6.102000000000000455e+02 8.611008660864480357e-02
6.103999999999999773e+02 8.548148751421009994e-02
6.106000000000000227e+02 8.484538639247549141e-02
6.107999999999999545e+02 8.419888501274552794e-02
6.110000000000000000e+02 8.354477618136174621e-02
6.112000000000000455e+02 8.287879169026059201e-02
6.113999999999999773e+02 8.219908601079653487e-02
6.116000000000000227e+02 8.151021648062782565e-02
6.117999999999999545e+02 8.080899433607846571e-02
6.120000000000000000e+02 8.009630046965439398e-02
6.122000000000000455e+02 7.937800404107582530e-02
6.123999999999999773e+02 7.865268297933827868e-02
6.126000000000000227e+02 7.792537649628424046e-02
6.127999999999999545e+02 7.720456754151373835e-02
6.130000000000000000e+02 7.649065743501338999e-02
6.132000000000000455e+02 7.578930820556936676e-02
6.133999999999999773e+02 7.510730351273277317e-02
6.136000000000000227e+02 7.444541461290929418e-02
6.137999999999999545e+02 7.380357107157731189e-02
6.140000000000000000e+02 7.318403559101338551e-02
6.142000000000000455e+02 7.259133163922495968e-02
6.143999999999999773e+02 7.202269558269983052e-02
6.146000000000000227e+02 7.147676667660926575e-02
6.147999999999999545e+02 7.095492821077394041e-02
6.150000000000000000e+02 7.045140299624338964e-02
6.152000000000000455e+02 6.996328951857695710e-02
6.153999999999999773e+02 6.948955894149159984e-02
6.156000000000000227e+02 6.902288251191771029e-02
6.157999999999999545e+02 6.855956852202427232e-02
6.160000000000000000e+02 6.809671009465784186e-02
6.162000000000000455e+02 6.762682889932072894e-02
6.163999999999999773e+02 6.714793990799174106e-02
6.166000000000000227e+02 6.666016154867453192e-02
6.167999999999999545e+02 6.616215414723806976e-02
6.170000000000000000e+02 6.565346585253400979e-02
6.172000000000000455e+02 6.513678016646519409e-02
6.173999999999999773e+02 6.461701432034608339e-02
6.176000000000000227e+02 6.409415026666150095e-02
6.177999999999999545e+02 6.357201208619747690e-02
6.180000000000000000e+02 6.305728078533233416e-02
6.182000000000000455e+02 6.255018025082992317e-02
6.183999999999999773e+02 6.205442380527288748e-02
6.186000000000000227e+02 6.157448000470875510e-02
6.187999999999999545e+02 6.110890841185254857e-02
6.190000000000000000e+02 6.066054196429989526e-02
6.192000000000000455e+02 6.023178295299454199e-02
6.193999999999999773e+02 5.981991110229301772e-02
6.196000000000000227e+02 5.942585119549783496e-02
6.197999999999999545e+02 5.904845262119626931e-02
6.200000000000000000e+02 5.868223459776531620e-02
6.202000000000000455e+02 5.832500786176365859e-02
6.203999999999999773e+02 5.797384962511237944e-02
6.206000000000000227e+02 5.762395319773882391e-02
6.207999999999999545e+02 5.727051758519468433e-02
6.210000000000000000e+02 5.691073088293913812e-02
6.212000000000000455e+02 5.654210050472682075e-02
6.213999999999999773e+02 5.615954073496094018e-02
6.216000000000000227e+02 5.576319315599646137e-02
6.217999999999999545e+02 5.535446119896503953e-02
6.220000000000000000e+02 5.493152322121181569e-02
6.222000000000000455e+02 5.449795686074744572e-02
6.223999999999999773e+02 5.405699534221119346e-02
6.226000000000000227e+02 5.360876777826242834e-02
6.227999999999999545e+02 5.315902469447991024e-02
6.230000000000000000e+02 5.271205787334781734e-02
6.232000000000000455e+02 5.226995791883785186e-02
6.233999999999999773e+02 5.184034776263660854e-02
6.236000000000000227e+02 5.142735421752268887e-02
6.237999999999999545e+02 5.103244063658188973e-02
6.240000000000000000e+02 5.066072111663916244e-02
6.242000000000000455e+02 5.031483717437513353e-02
6.243999999999999773e+02 4.999507877870596612e-02
6.246000000000000227e+02 4.970101983858476319e-02
6.247999999999999545e+02 4.943242158519485507e-02
6.250000000000000000e+02 4.918713008451285063e-02
6.252000000000000455e+02 4.896017495184568774e-02
6.253999999999999773e+02 4.874860991997870263e-02
6.256000000000000227e+02 4.854837864138469850e-02
6.257999999999999545e+02 4.835382853056290064e-02
6.260000000000000000e+02 4.816205713375716624e-02
6.262000000000000455e+02 4.796859530138606470e-02
6.263999999999999773e+02 4.776778434946298002e-02
6.266000000000000227e+02 4.755664277832683667e-02
6.267999999999999545e+02 4.733154602736684702e-02
6.270000000000000000e+02 4.708975825452749175e-02
6.272000000000000455e+02 4.683211027290062889e-02
6.273999999999999773e+02 4.655760801617533223e-02
6.276000000000000227e+02 4.626631840662267375e-02
6.277999999999999545e+02 4.596196829193531508e-02
6.280000000000000000e+02 4.564735563377614325e-02
6.282000000000000455e+02 4.532470398501033809e-02
6.283999999999999773e+02 4.499665439644030124e-02
6.286000000000000227e+02 4.466804402668052287e-02
6.287999999999999545e+02 4.434101287316002254e-02
6.290000000000000000e+02 4.401543473954414726e-02
6.292000000000000455e+02 4.369423524173572659e-02
6.293999999999999773e+02 4.337800550768756980e-02
6.296000000000000227e+02 4.306681747693445056e-02
6.297999999999999545e+02 4.276453106235848789e-02
6.300000000000000000e+02 4.247144110281424190e-02
6.302000000000000455e+02 4.218722725489203879e-02
6.303999999999999773e+02 4.191428165692479696e-02
6.306000000000000227e+02 4.165212122291084978e-02
6.307999999999999545e+02 4.140047396909081467e-02
6.310000000000000000e+02 4.116072104690780831e-02
6.312000000000000455e+02 4.093182515866139459e-02
6.313999999999999773e+02 4.071191422293250067e-02
6.316000000000000227e+02 4.049948938679231308e-02
6.317999999999999545e+02 4.029448431286539178e-02
6.320000000000000000e+02 4.009579154676986418e-02
6.322000000000000455e+02 3.990238523590219910e-02
6.323999999999999773e+02 3.971618686004736720e-02
6.326000000000000227e+02 3.953719815356892403e-02
6.327999999999999545e+02 3.936464567126403413e-02
6.330000000000000000e+02 3.919888766981859118e-02
6.332000000000000455e+02 3.903841930874377142e-02
6.333999999999999773e+02 3.888203250084148327e-02
6.336000000000000227e+02 3.872998397898978068e-02
6.337999999999999545e+02 3.858068278125811879e-02
6.340000000000000000e+02 3.843341283175336770e-02
6.342000000000000455e+02 3.828886596128393272e-02
6.343999999999999773e+02 3.814643414981420261e-02
6.346000000000000227e+02 3.800665549830987283e-02
6.347999999999999545e+02 3.787101808278948989e-02
6.350000000000000000e+02 3.773999114961008872e-02
6.352000000000000455e+02 3.761354897143556059e-02
6.353999999999999773e+02 3.749141234559179303e-02
6.356000000000000227e+02 3.737293955664101885e-02
6.357999999999999545e+02 3.725542311848534932e-02
6.360000000000000000e+02 3.713596547622146499e-02
6.362000000000000455e+02 3.701276408698357667e-02
6.363999999999999773e+02 3.688270165903346359e-02
6.366000000000000227e+02 3.674322727867881944e-02
6.367999999999999545e+02 3.659279979242413550e-02
6.370000000000000000e+02 3.642855149727335790e-02
6.372000000000000455e+02 3.624950555283910220e-02
6.373999999999999773e+02 3.605625721524378241e-02
6.376000000000000227e+02 3.584783436306270693e-02
6.377999999999999545e+02 3.562542815624639841e-02
6.380000000000000000e+02 3.539101964771245584e-02
6.382000000000000455e+02 3.514460346211421837e-02
6.383999999999999773e+02 3.488878327267003893e-02
6.386000000000000227e+02 3.462700005842217488e-02
6.387999999999999545e+02 3.436144109732753443e-02
6.390000000000000000e+02 3.409438691714359454e-02
6.392000000000000455e+02 3.382930127247713720e-02
6.393999999999999773e+02 3.357035029022398254e-02
6.396000000000000227e+02 3.331824976873272448e-02
6.397999999999999545e+02 3.307464303442006481e-02
6.400000000000000000e+02 3.284207521691092507e-02
6.402000000000000455e+02 3.261940324708997169e-02
6.403999999999999773e+02 3.240603548292508157e-02
6.406000000000000227e+02 3.220122250311169276e-02
6.407999999999999545e+02 3.200137077420849713e-02
6.410000000000000000e+02 3.180476915127369159e-02
6.412000000000000455e+02 3.160974445279507439e-02
6.413999999999999773e+02 3.141249689132882134e-02
6.416000000000000227e+02 3.121179053375795417e-02
6.417999999999999545e+02 3.100639816395564866e-02
6.420000000000000000e+02 3.079386165912105164e-02
6.422000000000000455e+02 3.057433040642157374e-02
6.423999999999999773e+02 3.034827796052608218e-02
6.426000000000000227e+02 3.011577048929113543e-02
6.427999999999999545e+02 2.987771764662758289e-02
6.430000000000000000e+02 2.963696921186258215e-02
6.432000000000000455e+02 2.939696199205393476e-02
6.433999999999999773e+02 2.915904386909275170e-02
6.436000000000000227e+02 2.892746074408920551e-02
6.437999999999999545e+02 2.870719958314992340e-02
6.440000000000000000e+02 2.850072904478812008e-02
6.442000000000000455e+02 2.831196807734948778e-02
6.443999999999999773e+02 2.814409282459576223e-02
6.446000000000000227e+02 2.799793910579581602e-02
6.447999999999999545e+02 2.787481483938647128e-02
6.450000000000000000e+02 2.777450055831513429e-02
6.452000000000000455e+02 2.769488671853412992e-02
6.453999999999999773e+02 2.763450730179641338e-02
6.456000000000000227e+02 2.759086444555841275e-02
6.457999999999999545e+02 2.756012838514383667e-02
6.460000000000000000e+02 2.753775657149055284e-02
6.462000000000000455e+02 2.751912205022818275e-02
6.463999999999999773e+02 2.749941790442256631e-02
6.466000000000000227e+02 2.747335096885346675e-02
6.467999999999999545e+02 2.743540203075616954e-02
6.470000000000000000e+02 2.737985165385434239e-02
6.472000000000000455e+02 2.730113806000324453e-02
6.473999999999999773e+02 2.719588143936280122e-02
6.476000000000000227e+02 2.706149125568282909e-02
6.477999999999999545e+02 2.689609684314790000e-02
6.480000000000000000e+02 2.670133476415445517e-02
6.482000000000000455e+02 2.647893952431224635e-02
6.483999999999999773e+02 2.623082413462430804e-02
6.486000000000000227e+02 2.596215621239270424e-02
6.487999999999999545e+02 2.567658896658689405e-02
6.490000000000000000e+02 2.537762402546120399e-02
6.492000000000000455e+02 2.507201656758980754e-02
6.493999999999999773e+02 2.476427925634321764e-02
6.496000000000000227e+02 2.445728134020505595e-02
6.497999999999999545e+02 2.415399714259375968e-02
6.500000000000000000e+02 2.385955631814925398e-02
6.502000000000000455e+02 2.357755306493250838e-02
6.503999999999999773e+02 2.330876250596450663e-02
6.506000000000000227e+02 2.305634787466915789e-02
6.507999999999999545e+02 2.282130480563278330e-02
6.510000000000000000e+02 2.260199715810594021e-02
6.512000000000000455e+02 2.239829612037086068e-02
6.513999999999999773e+02 2.220792860519925707e-02
6.516000000000000227e+02 2.202757667290884333e-02
6.517999999999999545e+02 2.185622845384417937e-02
6.520000000000000000e+02 2.169102058298008270e-02
6.522000000000000455e+02 2.152876294779301064e-02
6.523999999999999773e+02 2.136811204892292287e-02
6.526000000000000227e+02 2.120667584562563671e-02
6.527999999999999545e+02 2.104277503739092683e-02
6.530000000000000000e+02 2.087644734419514744e-02
6.532000000000000455e+02 2.070678382689862540e-02
6.533999999999999773e+02 2.053273508412873163e-02
6.536000000000000227e+02 2.035397015015686165e-02
6.537999999999999545e+02 2.017191092338082095e-02
6.540000000000000000e+02 1.998697014223736051e-02
6.542000000000000455e+02 1.979921750942372979e-02
6.543999999999999773e+02 1.961109850234140153e-02
6.546000000000000227e+02 1.942327104475608315e-02
6.547999999999999545e+02 1.923597205204063965e-02
6.550000000000000000e+02 1.905145010192617339e-02
6.552000000000000455e+02 1.887064412821614495e-02
6.553999999999999773e+02 1.869485506093204741e-02
6.556000000000000227e+02 1.852680223643780183e-02
6.557999999999999545e+02 1.836695348185707344e-02
6.560000000000000000e+02 1.821642437137389187e-02
6.562000000000000455e+02 1.807784219925639285e-02
6.564000000000000909e+02 1.795248298666037023e-02
6.566000000000000227e+02 1.784250201783055961e-02
6.567999999999999545e+02 1.775069649544341530e-02
6.570000000000000000e+02 1.767817288872172710e-02
6.572000000000000455e+02 1.762520839878679510e-02
6.574000000000000909e+02 1.759149648900867891e-02
6.576000000000000227e+02 1.757612669016925255e-02
6.577999999999999545e+02 1.757761477175266013e-02
6.580000000000000000e+02 1.759386696695544247e-02
6.582000000000000455e+02 1.762215528101203701e-02
6.584000000000000909e+02 1.765953447198172557e-02
6.586000000000000227e+02 1.770300182557011867e-02
6.587999999999999545e+02 1.774974560807072305e-02
6.590000000000000000e+02 1.779778480718834793e-02
6.592000000000000455e+02 1.784465100793514170e-02
6.594000000000000909e+02 1.788719197360037760e-02
6.596000000000000227e+02 1.792239152492412779e-02
6.597999999999999545e+02 1.794705423489640142e-02
6.600000000000000000e+02 1.795837676975828648e-02
6.602000000000000455e+02 1.795505020872154370e-02
6.604000000000000909e+02 1.793700608958708267e-02
6.606000000000000227e+02 1.790540110695280213e-02
6.607999999999999545e+02 1.786258017202459886e-02
6.610000000000000000e+02 1.781084157525749181e-02
6.612000000000000455e+02 1.775282313921892202e-02
6.614000000000000909e+02 1.769157654825750936e-02
6.616000000000000227e+02 1.762925719961220411e-02
6.617999999999999545e+02 1.756779117110843225e-02
6.620000000000000000e+02 1.750880412051918772e-02
6.622000000000000455e+02 1.745256080153726949e-02
6.624000000000000909e+02 1.739954420128422483e-02
6.626000000000000227e+02 1.735063522555369692e-02
6.627999999999999545e+02 1.730662554265194331e-02
6.630000000000000000e+02 1.726859165949025388e-02
6.632000000000000455e+02 1.723707039329088961e-02
6.634000000000000909e+02 1.721108413721570557e-02
6.636000000000000227e+02 1.718922672242508692e-02
6.637999999999999545e+02 1.716981469120909196e-02
6.640000000000000000e+02 1.715093720926709822e-02
6.642000000000000455e+02 1.713077909815299490e-02
6.644000000000000909e+02 1.710768349765327129e-02
6.646000000000000227e+02 1.707997371903919800e-02
6.647999999999999545e+02 1.704536709665264646e-02
6.650000000000000000e+02 1.700204487345253340e-02
6.652000000000000455e+02 1.694878808855005206e-02
6.654000000000000909e+02 1.688460742361152025e-02
6.656000000000000227e+02 1.680961516291882077e-02
6.657999999999999545e+02 1.672392984743460015e-02
6.660000000000000000e+02 1.662620912236269233e-02
6.662000000000000455e+02 1.651590378026880634e-02
6.664000000000000909e+02 1.639257465194633376e-02
6.666000000000000227e+02 1.625545627279589844e-02
6.667999999999999545e+02 1.610574243583721629e-02
6.670000000000000000e+02 1.594437688848774487e-02
6.672000000000000455e+02 1.577157023796847343e-02
6.674000000000000909e+02 1.558986032184696453e-02
6.676000000000000227e+02 1.540212773018329213e-02
6.677999999999999545e+02 1.521113413555360942e-02
6.680000000000000000e+02 1.502032140774811446e-02
6.682000000000000455e+02 1.483410596051892676e-02
6.684000000000000909e+02 1.465620958509698465e-02
6.686000000000000227e+02 1.448737376861347799e-02
6.687999999999999545e+02 1.432935066720822728e-02
6.690000000000000000e+02 1.418382880428404116e-02
6.692000000000000455e+02 1.405115433823413314e-02
6.694000000000000909e+02 1.393298752867967033e-02
6.696000000000000227e+02 1.383019160673390480e-02
6.697999999999999545e+02 1.374173518721102764e-02
6.700000000000000000e+02 1.366649666148692793e-02
6.702000000000000455e+02 1.360196510022863500e-02
6.704000000000000909e+02 1.354435598165993314e-02
6.706000000000000227e+02 1.349042414435949570e-02
6.707999999999999545e+02 1.343629411903653377e-02
6.710000000000000000e+02 1.337780968111609153e-02
6.712000000000000455e+02 1.331169839108279490e-02
6.714000000000000909e+02 1.323536907913436603e-02
6.716000000000000227e+02 1.314705825510159229e-02
6.717999999999999545e+02 1.304618341166198861e-02
6.720000000000000000e+02 1.293365395530004722e-02
6.722000000000000455e+02 1.281011272680391937e-02
6.724000000000000909e+02 1.267525598708335588e-02
6.726000000000000227e+02 1.253054228880535678e-02
6.727999999999999545e+02 1.237725037968760190e-02
6.730000000000000000e+02 1.221648028814421513e-02
6.732000000000000455e+02 1.205199527010832918e-02
6.734000000000000909e+02 1.188690098935698929e-02
6.736000000000000227e+02 1.172383640376001811e-02
6.737999999999999545e+02 1.156710762946137026e-02
6.740000000000000000e+02 1.141936606810254815e-02
6.742000000000000455e+02 1.128244935789637915e-02
6.744000000000000909e+02 1.115877123311234329e-02
6.746000000000000227e+02 1.104791003794397368e-02
6.747999999999999545e+02 1.094814314418272351e-02
6.750000000000000000e+02 1.085770065153529931e-02
6.752000000000000455e+02 1.077350006001212557e-02
6.754000000000000909e+02 1.069187980380786190e-02
6.756000000000000227e+02 1.060928410329451017e-02
6.757999999999999545e+02 1.052311084385381020e-02
6.760000000000000000e+02 1.043042309526126706e-02
6.762000000000000455e+02 1.032814213483685892e-02
6.764000000000000909e+02 1.021435872639039552e-02
6.766000000000000227e+02 1.008656754860936915e-02
6.767999999999999545e+02 9.942555532134260757e-03
6.770000000000000000e+02 9.781915561594850886e-03
6.772000000000000455e+02 9.602844702433391971e-03
6.774000000000000909e+02 9.404622458792151474e-03
6.776000000000000227e+02 9.189792595352404975e-03
6.777999999999999545e+02 8.960572964097621163e-03
6.780000000000000000e+02 8.721076880419089544e-03
6.782000000000000455e+02 8.477884679610634897e-03
6.784000000000000909e+02 8.236140736068275209e-03
6.786000000000000227e+02 8.000663883783093455e-03
6.787999999999999545e+02 7.776650757355934446e-03
6.790000000000000000e+02 7.569910436069875528e-03
6.792000000000000455e+02 7.383498761249623725e-03
6.794000000000000909e+02 7.219119242012092194e-03
6.796000000000000227e+02 7.080298115306297123e-03
6.797999999999999545e+02 6.968645681050039155e-03
6.800000000000000000e+02 6.884709157129789356e-03
6.802000000000000455e+02 6.829306517801636035e-03
6.804000000000000909e+02 6.802594997183950346e-03
6.806000000000000227e+02 6.803908846082431551e-03
6.807999999999999545e+02 6.831496834748041792e-03
6.810000000000000000e+02 6.881810651890190624e-03
6.812000000000000455e+02 6.949709654987271980e-03
6.814000000000000909e+02 7.028981395566185827e-03
6.816000000000000227e+02 7.113556212447661939e-03
6.817999999999999545e+02 7.197037031334125277e-03
6.820000000000000000e+02 7.273378290199215834e-03
6.822000000000000455e+02 7.338348517646166996e-03
6.824000000000000909e+02 7.388598446051868746e-03
6.826000000000000227e+02 7.421349208481620684e-03
6.827999999999999545e+02 7.434400057905881341e-03
6.830000000000000000e+02 7.426739529959279495e-03
6.832000000000000455e+02 7.398293204780266759e-03
6.834000000000000909e+02 7.349422233377843512e-03
6.836000000000000227e+02 7.279475573080420453e-03
6.837999999999999545e+02 7.188499870340914893e-03
6.840000000000000000e+02 7.077891726660054394e-03
6.842000000000000455e+02 6.949704046198217251e-03
6.844000000000000909e+02 6.808748270344777698e-03
6.846000000000000227e+02 6.661977336472487375e-03
6.847999999999999545e+02 6.515962568413212475e-03
6.850000000000000000e+02 6.378059952317391770e-03
6.852000000000000455e+02 6.254559161184431067e-03
6.854000000000000909e+02 6.148199475147505567e-03
6.856000000000000227e+02 6.061556436279709470e-03
6.857999999999999545e+02 5.996230027596848380e-03
6.860000000000000000e+02 5.951691965335426451e-03
6.862000000000000455e+02 5.925563347100002397e-03
6.864000000000000909e+02 5.914349689804430758e-03
6.866000000000000227e+02 5.914000178565860869e-03
6.867999999999999545e+02 5.920716122479328242e-03
6.870000000000000000e+02 5.931140084229235242e-03
6.872000000000000455e+02 5.942340656844955979e-03
6.874000000000000909e+02 5.951600629826231566e-03
6.876000000000000227e+02 5.955576018501123996e-03
6.877999999999999545e+02 5.950196789717806384e-03
6.880000000000000000e+02 5.930910476869302034e-03
6.882000000000000455e+02 5.893950194623619535e-03
6.884000000000000909e+02 5.836591502333825059e-03
6.886000000000000227e+02 5.757370728181175450e-03
6.887999999999999545e+02 5.656539117680199277e-03
6.890000000000000000e+02 5.535475017917484974e-03
6.892000000000000455e+02 5.396530310309478710e-03
6.894000000000000909e+02 5.243765190837994770e-03
6.896000000000000227e+02 5.083172750659150675e-03
6.897999999999999545e+02 4.921562902428357721e-03
6.900000000000000000e+02 4.763453747877248803e-03
6.902000000000000455e+02 4.612840966798920431e-03
6.904000000000000909e+02 4.472459201368483329e-03
6.906000000000000227e+02 4.341937599080111614e-03
6.907999999999999545e+02 4.221705061989052855e-03
6.910000000000000000e+02 4.112142003272680792e-03
6.912000000000000455e+02 4.012166738667172737e-03
6.914000000000000909e+02 3.921315401781792602e-03
6.916000000000000227e+02 3.838678135671305669e-03
6.917999999999999545e+02 3.762360812978097352e-03
6.920000000000000000e+02 3.691272667511894066e-03
6.922000000000000455e+02 3.623712885752626046e-03
6.924000000000000909e+02 3.557123544488582402e-03
6.926000000000000227e+02 3.489420698020854247e-03
6.927999999999999545e+02 3.418267529462866786e-03
6.930000000000000000e+02 3.341061383373358871e-03
6.932000000000000455e+02 3.255453346446775514e-03
6.934000000000000909e+02 3.160412391766059294e-03
6.936000000000000227e+02 3.055568487250959024e-03
6.937999999999999545e+02 2.940447926888458026e-03
6.940000000000000000e+02 2.816346124369204559e-03
6.942000000000000455e+02 2.684763759817150337e-03
6.944000000000000909e+02 2.546547781525506770e-03
6.946000000000000227e+02 2.404662309495222104e-03
6.947999999999999545e+02 2.261823285597035649e-03
6.950000000000000000e+02 2.120063374975385100e-03
6.952000000000000455e+02 1.983632795474702532e-03
6.954000000000000909e+02 1.856573196990563652e-03
6.956000000000000227e+02 1.742688263137821044e-03
6.957999999999999545e+02 1.647168665696870527e-03
6.960000000000000000e+02 1.574045716119306911e-03
6.962000000000000455e+02 1.526519449592860390e-03
6.964000000000000909e+02 1.507891412953222317e-03
6.966000000000000227e+02 1.519397816895434782e-03
6.967999999999999545e+02 1.561166638366089706e-03
6.970000000000000000e+02 1.633132274079387471e-03
6.972000000000000455e+02 1.734112345892633222e-03
6.974000000000000909e+02 1.861889823749294940e-03
6.976000000000000227e+02 2.013322490465573652e-03
6.977999999999999545e+02 2.185025025286956284e-03
6.980000000000000000e+02 2.373454141094944424e-03
6.982000000000000455e+02 2.574666048275840117e-03
6.984000000000000909e+02 2.782955033040439025e-03
6.986000000000000227e+02 2.991457348298952063e-03
6.987999999999999545e+02 3.192438182774994491e-03
6.990000000000000000e+02 3.376840430769645525e-03
6.992000000000000455e+02 3.536679092924615957e-03
6.994000000000000909e+02 3.666537242308079078e-03
6.996000000000000227e+02 3.762287351663872077e-03
6.997999999999999545e+02 3.821133799992863182e-03
7.000000000000000000e+02 3.841837200718740963e-03
7.002000000000000455e+02 3.824616179247690775e-03
7.004000000000000909e+02 3.771140965082144924e-03
7.006000000000000227e+02 3.684612937508546793e-03
7.007999999999999545e+02 3.569397954994857260e-03
7.010000000000000000e+02 3.430129424218913113e-03
7.012000000000000455e+02 3.271263760571577455e-03
7.014000000000000909e+02 3.097222873664934404e-03
7.016000000000000227e+02 2.913131283465030322e-03
7.017999999999999545e+02 2.725239955439107565e-03
7.020000000000000000e+02 2.540746918176713456e-03
7.022000000000000455e+02 2.366989088247945742e-03
7.024000000000000909e+02 2.210843163016917769e-03
7.026000000000000227e+02 2.077838879409492530e-03
7.027999999999999545e+02 1.971945266399761313e-03
7.030000000000000000e+02 1.895579284281318421e-03
7.032000000000000455e+02 1.850440651995851260e-03
7.034000000000000909e+02 1.836937438964698650e-03
7.036000000000000227e+02 1.853894517220319553e-03
7.037999999999999545e+02 1.898884844640834693e-03
7.040000000000000000e+02 1.968491376573516891e-03
7.042000000000000455e+02 2.058639066587390244e-03
7.044000000000000909e+02 2.165694030995910825e-03
7.046000000000000227e+02 2.286258802827332605e-03
7.047999999999999545e+02 2.416893197829245426e-03
7.050000000000000000e+02 2.553444003923853196e-03
7.052000000000000455e+02 2.690910239776779511e-03
7.054000000000000909e+02 2.823462926099154502e-03
7.056000000000000227e+02 2.944813104258525108e-03
7.057999999999999545e+02 3.049101149303981313e-03
7.060000000000000000e+02 3.131303594477067177e-03
7.062000000000000455e+02 3.187426877028791752e-03
7.064000000000000909e+02 3.214303294917437211e-03
7.066000000000000227e+02 3.209703287941533846e-03
7.067999999999999545e+02 3.172924388246976812e-03
7.070000000000000000e+02 3.104628243317573890e-03
7.072000000000000455e+02 3.006897060566679405e-03
7.074000000000000909e+02 2.883498656939018773e-03
7.076000000000000227e+02 2.738013510050943834e-03
7.077999999999999545e+02 2.573579115045229737e-03
7.080000000000000000e+02 2.394077483012448278e-03
7.082000000000000455e+02 2.204087586823871153e-03
7.084000000000000909e+02 2.008955396044949642e-03
7.086000000000000227e+02 1.815099351473074742e-03
7.087999999999999545e+02 1.629742064355631497e-03
7.090000000000000000e+02 1.460433959713697098e-03
7.092000000000000455e+02 1.313925142930372257e-03
7.094000000000000909e+02 1.195865193451304837e-03
7.096000000000000227e+02 1.110580268927112467e-03
7.097999999999999545e+02 1.060607732597560393e-03
7.100000000000000000e+02 1.046922889429881135e-03
7.102000000000000455e+02 1.069293869598933033e-03
7.104000000000000909e+02 1.126955158400929540e-03
7.106000000000000227e+02 1.218754027210187073e-03
7.107999999999999545e+02 1.342924556029231886e-03
7.110000000000000000e+02 1.496452936431331244e-03
7.112000000000000455e+02 1.676281486273804161e-03
7.114000000000000909e+02 1.879010264399042125e-03
7.116000000000000227e+02 2.099472966475182233e-03
7.117999999999999545e+02 2.332542622392591841e-03
7.120000000000000000e+02 2.573085310107926446e-03
7.122000000000000455e+02 2.814892500407240213e-03
7.124000000000000909e+02 3.052203897336967613e-03
7.126000000000000227e+02 3.279830521528376112e-03
7.127999999999999545e+02 3.492646260925748314e-03
7.130000000000000000e+02 3.685049610399380917e-03
7.132000000000000455e+02 3.851081441952645176e-03
7.134000000000000909e+02 3.984858680214109841e-03
7.136000000000000227e+02 4.080452657397259063e-03
7.137999999999999545e+02 4.132187849413327708e-03
7.140000000000000000e+02 4.135401956741417348e-03
7.142000000000000455e+02 4.087484399964838762e-03
7.144000000000000909e+02 3.987664691887559537e-03
7.146000000000000227e+02 3.836506518885809697e-03
7.147999999999999545e+02 3.636139970249342712e-03
7.150000000000000000e+02 3.390122729612046748e-03
7.152000000000000455e+02 3.103496304391103328e-03
7.154000000000000909e+02 2.784812485432185559e-03
7.156000000000000227e+02 2.444328255574859839e-03
7.157999999999999545e+02 2.090739376557196761e-03
7.160000000000000000e+02 1.733641274674162930e-03
7.162000000000000455e+02 1.383672770120213547e-03
7.164000000000000909e+02 1.052103023103662409e-03
7.166000000000000227e+02 7.503216202738881074e-04
7.167999999999999545e+02 4.892028407674157541e-04
7.170000000000000000e+02 2.781030280348662886e-04
7.172000000000000455e+02 1.239518394933167332e-04
7.174000000000000909e+02 3.095984578424731211e-05
7.176000000000000227e+02 0.000000000000000000e+00
7.177999999999999545e+02 2.919921344106450478e-05
7.180000000000000000e+02 1.141963569815844049e-04
7.182000000000000455e+02 2.479207212791442109e-04
7.184000000000000909e+02 4.206732862120709051e-04
7.186000000000000227e+02 6.211679338095208629e-04
7.187999999999999545e+02 8.377972062959281908e-04
7.190000000000000000e+02 1.060378460825961216e-03
7.192000000000000455e+02 1.280403374634985847e-03
7.194000000000000909e+02 1.491390222572793519e-03
7.196000000000000227e+02 1.689705025456198243e-03
7.197999999999999545e+02 1.873049041917761691e-03
7.200000000000000000e+02 2.038871854697708701e-03
7.202000000000000455e+02 2.185820604065261564e-03
7.204000000000000909e+02 2.313477112505714361e-03
7.206000000000000227e+02 2.422082900625862831e-03
7.207999999999999545e+02 2.513423523515450481e-03
7.210000000000000000e+02 2.590432808210136554e-03
7.212000000000000455e+02 2.656818691414965673e-03
7.214000000000000909e+02 2.717016547573298819e-03
7.216000000000000227e+02 2.776206857190194940e-03
7.217999999999999545e+02 2.840266195487858251e-03
7.220000000000000000e+02 2.914223466230534722e-03
7.222000000000000455e+02 3.001387099702617148e-03
7.224000000000000909e+02 3.102442610404884584e-03
7.226000000000000227e+02 3.215772997160061975e-03
7.227999999999999545e+02 3.338014725215810840e-03
7.230000000000000000e+02 3.464481618479837381e-03
7.232000000000000455e+02 3.590741388718755259e-03
7.234000000000000909e+02 3.713679855008306888e-03
7.236000000000000227e+02 3.832247347401521610e-03
7.237999999999999545e+02 3.945760642591842129e-03
7.240000000000000000e+02 4.054344469389342155e-03
7.242000000000000455e+02 4.159392872685425263e-03
7.244000000000000909e+02 4.262266841288358220e-03
7.246000000000000227e+02 4.364020824907288015e-03
7.247999999999999545e+02 4.465231752640864624e-03
7.250000000000000000e+02 4.565846527357741817e-03
7.252000000000000455e+02 4.665055341383004747e-03
7.254000000000000909e+02 4.761113734343221625e-03
7.256000000000000227e+02 4.851422784145519550e-03
7.257999999999999545e+02 4.933454835831811193e-03
7.260000000000000000e+02 5.005483551669435635e-03
7.262000000000000455e+02 5.066847864417763254e-03
7.264000000000000909e+02 5.117395955805472373e-03
7.266000000000000227e+02 5.157015297430790103e-03
7.267999999999999545e+02 5.184925972469505914e-03
7.270000000000000000e+02 5.199871744341688119e-03
7.272000000000000455e+02 5.200321065683105592e-03
7.274000000000000909e+02 5.184932520477562694e-03
7.276000000000000227e+02 5.152752529693480077e-03
7.277999999999999545e+02 5.103479414187804888e-03
7.280000000000000000e+02 5.038104583758940339e-03
7.282000000000000455e+02 4.958900313843894909e-03
7.284000000000000909e+02 4.869336681608096504e-03
7.286000000000000227e+02 4.773195545149730087e-03
7.287999999999999545e+02 4.675159153681648048e-03
7.290000000000000000e+02 4.580948908220536589e-03
7.292000000000000455e+02 4.495738355375041885e-03
7.294000000000000909e+02 4.423741780243326677e-03
7.296000000000000227e+02 4.368046775413755335e-03
7.297999999999999545e+02 4.330950467553396251e-03
7.300000000000000000e+02 4.313941489905020153e-03
7.302000000000000455e+02 4.317586798572759996e-03
7.304000000000000909e+02 4.341420664538822756e-03
7.306000000000000227e+02 4.384136509787568345e-03
7.307999999999999545e+02 4.443709374671199995e-03
7.310000000000000000e+02 4.517772430759487735e-03
7.312000000000000455e+02 4.604056260726509427e-03
7.314000000000000909e+02 4.700512120653681930e-03
7.316000000000000227e+02 4.804989900232283645e-03
7.317999999999999545e+02 4.915658362402359691e-03
7.320000000000000000e+02 5.030956095555860590e-03
7.322000000000000455e+02 5.148544526203075594e-03
7.324000000000000909e+02 5.266526738558468396e-03
7.326000000000000227e+02 5.383982980382837243e-03
7.327999999999999545e+02 5.500808979357695895e-03
7.330000000000000000e+02 5.617129126563806529e-03
7.332000000000000455e+02 5.733004147934158724e-03
7.334000000000000909e+02 5.848229423093690219e-03
7.336000000000000227e+02 5.963536424879091295e-03
7.337999999999999545e+02 6.081025918198985046e-03
7.340000000000000000e+02 6.203902452821492830e-03
7.342000000000000455e+02 6.335756029221086168e-03
7.344000000000000909e+02 6.480065005462069296e-03
7.346000000000000227e+02 6.639372484785638871e-03
7.347999999999999545e+02 6.815731483804606840e-03
7.350000000000000000e+02 7.010877344357607961e-03
7.352000000000000455e+02 7.226230706721406376e-03
7.354000000000000909e+02 7.462463696662482819e-03
7.356000000000000227e+02 7.719497208399350371e-03
7.357999999999999545e+02 7.996953113220779327e-03
7.360000000000000000e+02 8.293535322259262127e-03
7.362000000000000455e+02 8.607308260489209342e-03
7.364000000000000909e+02 8.937112429869185914e-03
7.366000000000000227e+02 9.280819662774233980e-03
7.367999999999999545e+02 9.635495039587559790e-03
7.370000000000000000e+02 9.999352836743372053e-03
7.372000000000000455e+02 1.036880109728299457e-02
7.374000000000000909e+02 1.073828702121334445e-02
7.376000000000000227e+02 1.110223227719412883e-02
7.377999999999999545e+02 1.145477365930982518e-02
7.380000000000000000e+02 1.178971314125700463e-02
7.382000000000000455e+02 1.210061952554719600e-02
7.384000000000000909e+02 1.238089115603729223e-02
7.386000000000000227e+02 1.262380339861664952e-02
7.387999999999999545e+02 1.282264516300245412e-02
7.390000000000000000e+02 1.297188173364530878e-02
7.392000000000000455e+02 1.306779471176663064e-02
7.394000000000000909e+02 1.310938903490930889e-02
7.396000000000000227e+02 1.309714416079404455e-02
7.397999999999999545e+02 1.303236822873522771e-02
7.400000000000000000e+02 1.291654622252352662e-02
7.402000000000000455e+02 1.275110229500492007e-02
7.404000000000000909e+02 1.253841491051095949e-02
7.406000000000000227e+02 1.228407314399771778e-02
7.407999999999999545e+02 1.199374584827808329e-02
7.410000000000000000e+02 1.167332914017211488e-02
7.412000000000000455e+02 1.133077774080040560e-02
7.414000000000000909e+02 1.097522342171551417e-02
7.416000000000000227e+02 1.061633393489706118e-02
7.417999999999999545e+02 1.026356975221022656e-02
7.420000000000000000e+02 9.926452631531378079e-03
7.422000000000000455e+02 9.614178486755053932e-03
7.424000000000000909e+02 9.334617918673846979e-03
7.426000000000000227e+02 9.092955432995380657e-03
7.427999999999999545e+02 8.891978355931992248e-03
7.430000000000000000e+02 8.732751329239731367e-03
7.432000000000000455e+02 8.615164875304639341e-03
7.434000000000000909e+02 8.537975053762213162e-03
7.436000000000000227e+02 8.498527768517541783e-03
7.437999999999999545e+02 8.493130963270707767e-03
7.440000000000000000e+02 8.517416904451131920e-03
7.442000000000000455e+02 8.566753186851841159e-03
7.444000000000000909e+02 8.636883342930369578e-03
7.446000000000000227e+02 8.724378973251956104e-03
7.447999999999999545e+02 8.827185734674126635e-03
7.450000000000000000e+02 8.943341065206025092e-03
7.452000000000000455e+02 9.071012214133162416e-03
7.454000000000000909e+02 9.208799259192235534e-03
7.456000000000000227e+02 9.354490434695375209e-03
7.457999999999999545e+02 9.505478165681254671e-03
7.460000000000000000e+02 9.659616412568941893e-03
7.462000000000000455e+02 9.815697367598541848e-03
7.464000000000000909e+02 9.973356969185243406e-03
7.466000000000000227e+02 1.013298624117758145e-02
7.467999999999999545e+02 1.029562507800878962e-02
7.470000000000000000e+02 1.046246080888224746e-02
7.472000000000000455e+02 1.063417900291368547e-02
7.474000000000000909e+02 1.081041556992449852e-02
7.476000000000000227e+02 1.098981591375358322e-02
7.477999999999999545e+02 1.117003949863329577e-02
7.480000000000000000e+02 1.134781765310807766e-02
7.482000000000000455e+02 1.151938252955023168e-02
7.484000000000000909e+02 1.168097028625966413e-02
7.486000000000000227e+02 1.182969357894739920e-02
7.487999999999999545e+02 1.196311049303524013e-02
7.490000000000000000e+02 1.207889271192772417e-02
7.492000000000000455e+02 1.217649147248514585e-02
7.494000000000000909e+02 1.225681761793692530e-02
7.496000000000000227e+02 1.232203673582085018e-02
7.497999999999999545e+02 1.237646822583061273e-02
7.500000000000000000e+02 1.242559588070090565e-02
