4.200000000000000000e+02 1.000000000000000000e+00
4.201999999999999886e+02 9.965319943858252927e-01
4.203999999999999773e+02 9.931882138747630817e-01
4.206000000000000227e+02 9.899510194536891294e-01
4.208000000000000114e+02 9.868231921225869563e-01
4.210000000000000000e+02 9.838211726813023139e-01
4.211999999999999886e+02 9.809253687641033004e-01
4.213999999999999773e+02 9.781414560112575707e-01
4.216000000000000227e+02 9.754752003656413928e-01
4.218000000000000114e+02 9.728972513382181386e-01
4.220000000000000000e+02 9.704106902867374318e-01
4.221999999999999886e+02 9.680006514331257472e-01
4.223999999999999773e+02 9.656403922326464162e-01
4.226000000000000227e+02 9.633342245448741625e-01
4.228000000000000114e+02 9.610592746091900507e-01
4.230000000000000000e+02 9.588022630653668665e-01
4.231999999999999886e+02 9.565676189736229684e-01
4.233999999999999773e+02 9.543311967624370507e-01
4.236000000000000227e+02 9.520947015360328169e-01
4.238000000000000114e+02 9.498605367758378160e-01
4.240000000000000000e+02 9.476116239952513398e-01
4.241999999999999886e+02 9.453630708909245284e-01
4.243999999999999773e+02 9.431125528614372477e-01
4.246000000000000227e+02 9.408536277814778526e-01
4.248000000000000114e+02 9.386078210659705157e-01
4.250000000000000000e+02 9.363693843386401428e-01
4.251999999999999886e+02 9.341467192804208119e-01
4.253999999999999773e+02 9.319609427465117557e-01
4.256000000000000227e+02 9.298017224779790979e-01
4.258000000000000114e+02 9.276797243384473646e-01
4.260000000000000000e+02 9.255971924171013665e-01
4.261999999999999886e+02 9.235361727707465107e-01
4.263999999999999773e+02 9.215046005505761473e-01
4.266000000000000227e+02 9.194872653475457680e-01
4.268000000000000114e+02 9.174655750989386682e-01
4.270000000000000000e+02 9.154427839624189600e-01
4.271999999999999886e+02 9.133981466782855607e-01
4.273999999999999773e+02 9.113300136620704484e-01
4.276000000000000227e+02 9.092483820731399602e-01
4.278000000000000114e+02 9.071409692787330004e-01
4.280000000000000000e+02 9.050218235139932954e-01
4.281999999999999886e+02 9.028962048854052291e-01
4.283999999999999773e+02 9.007569441740890248e-01
4.286000000000000227e+02 8.986282143511133969e-01
4.288000000000000114e+02 8.965134576458905213e-01
4.290000000000000000e+02 8.944212893626486416e-01
4.291999999999999886e+02 8.923826851450462616e-01
4.293999999999999773e+02 8.904015778663720848e-01
4.296000000000000227e+02 8.884974034754898886e-01
4.298000000000000114e+02 8.866912771686641381e-01
4.300000000000000000e+02 8.849788116532509852e-01
4.301999999999999886e+02 8.833737642087878816e-01
4.303999999999999773e+02 8.818755908801366727e-01
4.306000000000000227e+02 8.804700315168753066e-01
4.308000000000000114e+02 8.791587857956115748e-01
4.310000000000000000e+02 8.779295739615188277e-01
4.311999999999999886e+02 8.767735135225466214e-01
4.313999999999999773e+02 8.756897224306952054e-01
4.316000000000000227e+02 8.746577936430059985e-01
4.318000000000000114e+02 8.736667832615792051e-01
4.320000000000000000e+02 8.727057921904034510e-01
4.321999999999999886e+02 8.717532565332913874e-01
4.323999999999999773e+02 8.708026407111791878e-01
4.326000000000000227e+02 8.698433009830942586e-01
4.328000000000000114e+02 8.688647232314640201e-01
4.330000000000000000e+02 8.678701724037990450e-01
4.331999999999999886e+02 8.668503786678167788e-01
4.333999999999999773e+02 8.658021127834439890e-01
4.336000000000000227e+02 8.647295010286975003e-01
4.338000000000000114e+02 8.636231382412552504e-01
4.340000000000000000e+02 8.624849691862895851e-01
4.341999999999999886e+02 8.613138691638043687e-01
4.343999999999999773e+02 8.600993314359443032e-01
4.346000000000000227e+02 8.588497702741361151e-01
4.348000000000000114e+02 8.575632099335335212e-01
4.350000000000000000e+02 8.562372199661696381e-01
4.351999999999999886e+02 8.548851957170405802e-01
4.353999999999999773e+02 8.535062704490102847e-01
4.356000000000000227e+02 8.521026430002490715e-01
4.358000000000000114e+02 8.506913463981550239e-01
4.360000000000000000e+02 8.493022024124096125e-01
4.361999999999999886e+02 8.479349330047063482e-01
4.363999999999999773e+02 8.465882054953969282e-01
4.366000000000000227e+02 8.452799566273391241e-01
4.368000000000000114e+02 8.440348220297683168e-01
4.370000000000000000e+02 8.428712303139389572e-01
4.371999999999999886e+02 8.418033345728739292e-01
4.373999999999999773e+02 8.408478872666514947e-01
4.376000000000000227e+02 8.400166553668491076e-01
4.378000000000000114e+02 8.393210744272264767e-01
4.380000000000000000e+02 8.387726801684013411e-01
4.381999999999999886e+02 8.383730934463363704e-01
4.383999999999999773e+02 8.381206657957755990e-01
4.386000000000000227e+02 8.380115369789655766e-01
4.388000000000000114e+02 8.380378718495106183e-01
4.390000000000000000e+02 8.381876879270240277e-01
4.391999999999999886e+02 8.384447482118493333e-01
4.393999999999999773e+02 8.387888901266782327e-01
4.396000000000000227e+02 8.391974872787512085e-01
4.398000000000000114e+02 8.396466643704124655e-01
4.400000000000000000e+02 8.401127248971128614e-01
4.401999999999999886e+02 8.405733078027680660e-01
4.403999999999999773e+02 8.410050749991557772e-01
4.406000000000000227e+02 8.413885823229546590e-01
4.408000000000000114e+02 8.417106864703590707e-01
4.410000000000000000e+02 8.419619742116446481e-01
4.411999999999999886e+02 8.421382871076661392e-01
4.413999999999999773e+02 8.422393414911999443e-01
4.416000000000000227e+02 8.422664520537267441e-01
4.418000000000000114e+02 8.422233141398959289e-01
4.420000000000000000e+02 8.421143944462234909e-01
4.421999999999999886e+02 8.419443829619446262e-01
4.423999999999999773e+02 8.417195639014705133e-01
4.426000000000000227e+02 8.414473891600838806e-01
4.428000000000000114e+02 8.411373930984659131e-01
4.430000000000000000e+02 8.408018189822805688e-01
4.431999999999999886e+02 8.404503670015922578e-01
4.433999999999999773e+02 8.400919233994023072e-01
4.436000000000000227e+02 8.397343693543648513e-01
4.438000000000000114e+02 8.393801760546530932e-01
4.440000000000000000e+02 8.390302437357628484e-01
4.441999999999999886e+02 8.386830615369781361e-01
4.443999999999999773e+02 8.383331654937783428e-01
4.446000000000000227e+02 8.379776903076031624e-01
4.448000000000000114e+02 8.376150605983315733e-01
4.450000000000000000e+02 8.372450515563566453e-01
4.451999999999999886e+02 8.368720250658530091e-01
4.453999999999999773e+02 8.364990058666723627e-01
4.456000000000000227e+02 8.361275592683272695e-01
4.458000000000000114e+02 8.357594209216160364e-01
4.460000000000000000e+02 8.353948994229416503e-01
4.461999999999999886e+02 8.350321776442253263e-01
4.463999999999999773e+02 8.346681450433819371e-01
4.466000000000000227e+02 8.343012447886010152e-01
4.468000000000000114e+02 8.339276927982089971e-01
4.470000000000000000e+02 8.335429460106446031e-01
4.471999999999999886e+02 8.331440299774102165e-01
4.473999999999999773e+02 8.327252633639037338e-01
4.476000000000000227e+02 8.322812329885761473e-01
4.478000000000000114e+02 8.318068561539669892e-01
4.480000000000000000e+02 8.312928069486955618e-01
4.481999999999999886e+02 8.307322694379910555e-01
4.483999999999999773e+02 8.301199256493214662e-01
4.486000000000000227e+02 8.294500224039205172e-01
4.488000000000000114e+02 8.287241511159704199e-01
4.490000000000000000e+02 8.279440252443773796e-01
4.491999999999999886e+02 8.271092620120937822e-01
4.493999999999999773e+02 8.262230983580736154e-01
4.496000000000000227e+02 8.252901817384163952e-01
4.498000000000000114e+02 8.243131170192004031e-01
4.500000000000000000e+02 8.232912840858742642e-01
4.501999999999999886e+02 8.222326225684905010e-01
4.503999999999999773e+02 8.211430201369610549e-01
4.506000000000000227e+02 8.200236875669982828e-01
4.508000000000000114e+02 8.188802116540111475e-01
4.510000000000000000e+02 8.177135666642374456e-01
4.511999999999999886e+02 8.165258692990782219e-01
4.513999999999999773e+02 8.153265582330622152e-01
4.516000000000000227e+02 8.141147625061447846e-01
4.518000000000000114e+02 8.128870305154066722e-01
4.520000000000000000e+02 8.116414586079144788e-01
4.521999999999999886e+02 8.103749518971620214e-01
4.523999999999999773e+02 8.090797452744777907e-01
4.526000000000000227e+02 8.077518463181975195e-01
4.528000000000000114e+02 8.063984699492957597e-01
4.530000000000000000e+02 8.050208911576595128e-01
4.531999999999999886e+02 8.036237946047539715e-01
4.533999999999999773e+02 8.022156263131348108e-01
4.536000000000000227e+02 8.007965459913064521e-01
4.538000000000000114e+02 7.993744776742628400e-01
4.540000000000000000e+02 7.979565431349582294e-01
4.541999999999999886e+02 7.965385353145141289e-01
4.543999999999999773e+02 7.951225883295722774e-01
4.546000000000000227e+02 7.937101650940253661e-01
4.548000000000000114e+02 7.923035332067478453e-01
4.550000000000000000e+02 7.909184141071258223e-01
4.551999999999999886e+02 7.895636086470664283e-01
4.553999999999999773e+02 7.882450407630099409e-01
4.556000000000000227e+02 7.869737261939090400e-01
4.558000000000000114e+02 7.857573253344881659e-01
4.560000000000000000e+02 7.845957336492124234e-01
4.561999999999999886e+02 7.834844003799965595e-01
4.563999999999999773e+02 7.824249308932693658e-01
4.566000000000000227e+02 7.814105421160504328e-01
4.568000000000000114e+02 7.804320044901454922e-01
4.570000000000000000e+02 7.794859829085482028e-01
4.571999999999999886e+02 7.785676518113860967e-01
4.573999999999999773e+02 7.776761942025238739e-01
4.576000000000000227e+02 7.768126301330234851e-01
4.578000000000000114e+02 7.759688121340957423e-01
4.580000000000000000e+02 7.751384828264491489e-01
4.581999999999999886e+02 7.743168279693902756e-01
4.583999999999999773e+02 7.734965373037797631e-01
4.586000000000000227e+02 7.726644490111027608e-01
4.588000000000000114e+02 7.718121224447208606e-01
4.590000000000000000e+02 7.709366482183634961e-01
4.591999999999999886e+02 7.700316384695246041e-01
4.593999999999999773e+02 7.690957140539531611e-01
4.596000000000000227e+02 7.681300953798860798e-01
4.598000000000000114e+02 7.671361286753665132e-01
4.600000000000000000e+02 7.661234699218295585e-01
4.601999999999999886e+02 7.650961603085959517e-01
4.603999999999999773e+02 7.640519945195414220e-01
4.606000000000000227e+02 7.629950363276382097e-01
4.608000000000000114e+02 7.619261506832120112e-01
4.610000000000000000e+02 7.608478176206983079e-01
4.611999999999999886e+02 7.597682146832300809e-01
4.613999999999999773e+02 7.586880681081016320e-01
4.616000000000000227e+02 7.576099381365940522e-01
4.618000000000000114e+02 7.565411395047076937e-01
4.620000000000000000e+02 7.554895503464865714e-01
4.621999999999999886e+02 7.544607868262489525e-01
4.623999999999999773e+02 7.534635084619175638e-01
4.626000000000000227e+02 7.525114687239972122e-01
4.628000000000000114e+02 7.516070061602160290e-01
4.630000000000000000e+02 7.507525072977533354e-01
4.631999999999999886e+02 7.499527527221315770e-01
4.633999999999999773e+02 7.492083683090198232e-01
4.636000000000000227e+02 7.485212643163140500e-01
4.638000000000000114e+02 7.478907116580632009e-01
4.640000000000000000e+02 7.473103042260317297e-01
4.641999999999999886e+02 7.467761025643001593e-01
4.643999999999999773e+02 7.462819635660091766e-01
4.646000000000000227e+02 7.458202653800096726e-01
4.648000000000000114e+02 7.453876538674135688e-01
4.650000000000000000e+02 7.449792295239788809e-01
4.651999999999999886e+02 7.445898184848316337e-01
4.653999999999999773e+02 7.442162039569926169e-01
4.656000000000000227e+02 7.438567403048277349e-01
4.658000000000000114e+02 7.435106079555506842e-01
4.660000000000000000e+02 7.431779192342461426e-01
4.661999999999999886e+02 7.428603061914704764e-01
4.663999999999999773e+02 7.425588404320835334e-01
4.666000000000000227e+02 7.422763636527612841e-01
4.668000000000000114e+02 7.420191088482663844e-01
4.670000000000000000e+02 7.417928562765168099e-01
4.671999999999999886e+02 7.416050738179834623e-01
4.673999999999999773e+02 7.414647701222680798e-01
4.676000000000000227e+02 7.413801263853799783e-01
4.678000000000000114e+02 7.413582366557823766e-01
4.680000000000000000e+02 7.414031788040126303e-01
4.681999999999999886e+02 7.415143667146492090e-01
4.683999999999999773e+02 7.416872990845772007e-01
4.686000000000000227e+02 7.419157733434731394e-01
4.688000000000000114e+02 7.421933243287810456e-01
4.690000000000000000e+02 7.425144908573206859e-01
4.691999999999999886e+02 7.428760756957201172e-01
4.693999999999999773e+02 7.432765198494869496e-01
4.696000000000000227e+02 7.437142781256196322e-01
4.698000000000000114e+02 7.441843467128264056e-01
4.700000000000000000e+02 7.446845146450099540e-01
4.701999999999999886e+02 7.452155260095123523e-01
4.703999999999999773e+02 7.457769892141838941e-01
4.706000000000000227e+02 7.463706748334130170e-01
4.708000000000000114e+02 7.469955318429366553e-01
4.710000000000000000e+02 7.476451185933882249e-01
4.711999999999999886e+02 7.483165784361075490e-01
4.713999999999999773e+02 7.490060719074488338e-01
4.716000000000000227e+02 7.497078540390490486e-01
4.718000000000000114e+02 7.504164519171530046e-01
4.720000000000000000e+02 7.511275767527502145e-01
4.721999999999999886e+02 7.518331643331178649e-01
4.723999999999999773e+02 7.525198623350719540e-01
4.726000000000000227e+02 7.531799477297486112e-01
4.728000000000000114e+02 7.538061350673557204e-01
4.730000000000000000e+02 7.543910743048464207e-01
4.731999999999999886e+02 7.549296533702852807e-01
4.733999999999999773e+02 7.554114911577999303e-01
4.736000000000000227e+02 7.558272860516828118e-01
4.738000000000000114e+02 7.561739072255643235e-01
4.740000000000000000e+02 7.564500361687304109e-01
4.741999999999999886e+02 7.566593557110891100e-01
4.743999999999999773e+02 7.568103769366095745e-01
4.746000000000000227e+02 7.569138017910558291e-01
4.748000000000000114e+02 7.569816208344115616e-01
4.750000000000000000e+02 7.570257232919386237e-01
4.751999999999999886e+02 7.570570185671160468e-01
4.753999999999999773e+02 7.570858042732754312e-01
4.756000000000000227e+02 7.571217998572137287e-01
4.758000000000000114e+02 7.571726809824921300e-01
4.760000000000000000e+02 7.572416955010711215e-01
4.761999999999999886e+02 7.573296157627698033e-01
4.763999999999999773e+02 7.574368763326770893e-01
4.766000000000000227e+02 7.575648275147295330e-01
4.768000000000000114e+02 7.577152283264223520e-01
4.770000000000000000e+02 7.578878190273188320e-01
4.771999999999999886e+02 7.580805211659904508e-01
4.773999999999999773e+02 7.582908533021492925e-01
4.776000000000000227e+02 7.585136011515561938e-01
4.778000000000000114e+02 7.587418622285589942e-01
4.780000000000000000e+02 7.589687623446519371e-01
4.781999999999999886e+02 7.591896845618933964e-01
4.783999999999999773e+02 7.593991419744345883e-01
4.786000000000000227e+02 7.595914103591229205e-01
4.788000000000000114e+02 7.597634342634663751e-01
4.790000000000000000e+02 7.599143967801263999e-01
4.791999999999999886e+02 7.600447445602395158e-01
4.793999999999999773e+02 7.601550004748117706e-01
4.796000000000000227e+02 7.602439106033246352e-01
4.798000000000000114e+02 7.603108631828200403e-01
4.800000000000000000e+02 7.603562218738183498e-01
4.801999999999999886e+02 7.603806572166672550e-01
4.803999999999999773e+02 7.603863016863359192e-01
4.806000000000000227e+02 7.603772749986418278e-01
4.808000000000000114e+02 7.603598541185618842e-01
4.810000000000000000e+02 7.603418530674811437e-01
4.811999999999999886e+02 7.603304270095718742e-01
4.813999999999999773e+02 7.603315288660376092e-01
4.816000000000000227e+02 7.603502703862486944e-01
4.818000000000000114e+02 7.603918871874233432e-01
4.820000000000000000e+02 7.604598354651190828e-01
4.821999999999999886e+02 7.605548339158532123e-01
4.823999999999999773e+02 7.606767030495333870e-01
4.826000000000000227e+02 7.608236118550205651e-01
4.828000000000000114e+02 7.609917400362704587e-01
4.830000000000000000e+02 7.611752164342935334e-01
4.831999999999999886e+02 7.613667568900578386e-01
4.833999999999999773e+02 7.615593598589993629e-01
4.836000000000000227e+02 7.617461267412678483e-01
4.838000000000000114e+02 7.619162087703347241e-01
4.840000000000000000e+02 7.620569298485504461e-01
4.841999999999999886e+02 7.621551607309215992e-01
4.843999999999999773e+02 7.621986913211046266e-01
4.846000000000000227e+02 7.621791969984902382e-01
4.848000000000000114e+02 7.620913936869246896e-01
4.850000000000000000e+02 7.619323631311637479e-01
4.851999999999999886e+02 7.617017569522334108e-01
4.853999999999999773e+02 7.613996804569304055e-01
4.856000000000000227e+02 7.610292822394980616e-01
4.858000000000000114e+02 7.606008667717167882e-01
4.860000000000000000e+02 7.601261793290918778e-01
4.861999999999999886e+02 7.596176700580733465e-01
4.863999999999999773e+02 7.590873114722745951e-01
4.866000000000000227e+02 7.585431255379636584e-01
4.868000000000000114e+02 7.579980608800153119e-01
4.870000000000000000e+02 7.574682508297190253e-01
4.871999999999999886e+02 7.569669668140267538e-01
4.873999999999999773e+02 7.565072836290875902e-01
4.876000000000000227e+02 7.561005726041737374e-01
4.878000000000000114e+02 7.557551032543217140e-01
4.880000000000000000e+02 7.554758094217660647e-01
4.881999999999999886e+02 7.552662424004642494e-01
4.883999999999999773e+02 7.551275284821444833e-01
4.886000000000000227e+02 7.550560072820007296e-01
4.888000000000000114e+02 7.550434299361999946e-01
4.890000000000000000e+02 7.550769514626418655e-01
4.891999999999999886e+02 7.551401523186563880e-01
4.893999999999999773e+02 7.552166626377794234e-01
4.896000000000000227e+02 7.552916320646952952e-01
4.898000000000000114e+02 7.553516267279413166e-01
4.900000000000000000e+02 7.553843147391539059e-01
4.901999999999999886e+02 7.553800882087404744e-01
4.903999999999999773e+02 7.553341702940855606e-01
4.906000000000000227e+02 7.552479330858612450e-01
4.908000000000000114e+02 7.551288727527205591e-01
4.910000000000000000e+02 7.549890135546165615e-01
4.911999999999999886e+02 7.548433482046850163e-01
4.913999999999999773e+02 7.547083228655075970e-01
4.916000000000000227e+02 7.546010228188164692e-01
4.918000000000000114e+02 7.545404428014795828e-01
4.920000000000000000e+02 7.545478698817943419e-01
4.921999999999999886e+02 7.546452178582164771e-01
4.923999999999999773e+02 7.548523125364310360e-01
4.926000000000000227e+02 7.551870744958339987e-01
4.928000000000000114e+02 7.556654213663422937e-01
4.930000000000000000e+02 7.562942430326989873e-01
4.931999999999999886e+02 7.570754635886035588e-01
4.933999999999999773e+02 7.580064861859792114e-01
4.936000000000000227e+02 7.590739539410591430e-01
4.938000000000000114e+02 7.602625160784211023e-01
4.940000000000000000e+02 7.615505656863905681e-01
4.941999999999999886e+02 7.629048986331786741e-01
4.943999999999999773e+02 7.643018582614709011e-01
4.946000000000000227e+02 7.657218142299572206e-01
4.948000000000000114e+02 7.671463079399591933e-01
4.950000000000000000e+02 7.685634319441042583e-01
4.951999999999999886e+02 7.699704995592728807e-01
4.953999999999999773e+02 7.713655206267258091e-01
4.956000000000000227e+02 7.727390990124984871e-01
4.958000000000000114e+02 7.740937966000847048e-01
4.960000000000000000e+02 7.754332284713510992e-01
4.961999999999999886e+02 7.767585625216282263e-01
4.963999999999999773e+02 7.780780915432067291e-01
4.966000000000000227e+02 7.793914555600867100e-01
4.968000000000000114e+02 7.806956429913652906e-01
4.970000000000000000e+02 7.819956751166715625e-01
4.971999999999999886e+02 7.832938955039964180e-01
4.973999999999999773e+02 7.845938614609428985e-01
4.976000000000000227e+02 7.859026045785763026e-01
4.978000000000000114e+02 7.872273732254528866e-01
4.980000000000000000e+02 7.885584705103585446e-01
4.981999999999999886e+02 7.898780682264848751e-01
4.983999999999999773e+02 7.911738078354347836e-01
4.986000000000000227e+02 7.924276247917888538e-01
4.988000000000000114e+02 7.936242899439954757e-01
4.990000000000000000e+02 7.947523420963411578e-01
4.991999999999999886e+02 7.957939507296240000e-01
4.993999999999999773e+02 7.967423639562002391e-01
4.996000000000000227e+02 7.975988189941763951e-01
4.998000000000000114e+02 7.983653612012256984e-01
5.000000000000000000e+02 7.990521086772586212e-01
5.001999999999999886e+02 7.996677383450966348e-01
5.003999999999999773e+02 8.002158044097624767e-01
5.006000000000000227e+02 8.006993650469147461e-01
5.008000000000000114e+02 8.011203385371018504e-01
5.010000000000000000e+02 8.014828520746899443e-01
5.011999999999999886e+02 8.017971105462603498e-01
5.013999999999999773e+02 8.020774309628105891e-01
5.016000000000000227e+02 8.023375057282169376e-01
5.018000000000000114e+02 8.025895754494809520e-01
5.020000000000000000e+02 8.028479524821280355e-01
5.021999999999999886e+02 8.031266044834788342e-01
5.023999999999999773e+02 8.034384155148225348e-01
5.026000000000000227e+02 8.037934214550650491e-01
5.028000000000000114e+02 8.041909093488880389e-01
5.030000000000000000e+02 8.046245211167823985e-01
5.031999999999999886e+02 8.050852009389136699e-01
5.033999999999999773e+02 8.055614839151680195e-01
5.036000000000000227e+02 8.060443977462906640e-01
5.038000000000000114e+02 8.065246498164204692e-01
5.040000000000000000e+02 8.069896710586530464e-01
5.041999999999999886e+02 8.074307096777555426e-01
5.043999999999999773e+02 8.078396553024370652e-01
5.046000000000000227e+02 8.082083565184783325e-01
5.048000000000000114e+02 8.085315210638801542e-01
5.050000000000000000e+02 8.088054711295931121e-01
5.051999999999999886e+02 8.090251410127488052e-01
5.053999999999999773e+02 8.091822077390151691e-01
5.056000000000000227e+02 8.092705257137576824e-01
5.058000000000000114e+02 8.092885404500335111e-01
5.060000000000000000e+02 8.092398430171401369e-01
5.061999999999999886e+02 8.091321147535758262e-01
5.063999999999999773e+02 8.089740195982541016e-01
5.066000000000000227e+02 8.087737447867254792e-01
5.068000000000000114e+02 8.085383878957547177e-01
5.070000000000000000e+02 8.082748641821272395e-01
5.071999999999999886e+02 8.079892741583999394e-01
5.073999999999999773e+02 8.076857283228280338e-01
5.076000000000000227e+02 8.073646851416843573e-01
5.078000000000000114e+02 8.070254905762029862e-01
5.080000000000000000e+02 8.066656777370218023e-01
5.081999999999999886e+02 8.062811179052613575e-01
5.083999999999999773e+02 8.058730420134568861e-01
5.086000000000000227e+02 8.054441217757084548e-01
5.088000000000000114e+02 8.049970486699767891e-01
5.090000000000000000e+02 8.045355812073524682e-01
5.091999999999999886e+02 8.040591070035840726e-01
5.093999999999999773e+02 8.035666035382453831e-01
5.096000000000000227e+02 8.030607012567785308e-01
5.098000000000000114e+02 8.025428923614634780e-01
5.100000000000000000e+02 8.020172366495946781e-01
5.101999999999999886e+02 8.014884653003033765e-01
5.103999999999999773e+02 8.009543863527256446e-01
5.106000000000000227e+02 8.004128957913327902e-01
5.108000000000000114e+02 7.998643545744369421e-01
5.110000000000000000e+02 7.993114444461769663e-01
5.111999999999999886e+02 7.987545657569851132e-01
5.113999999999999773e+02 7.981926254733330284e-01
5.116000000000000227e+02 7.976208101333491785e-01
5.118000000000000114e+02 7.970257921619572361e-01
5.120000000000000000e+02 7.963964209260474547e-01
5.122000000000000455e+02 7.957214671940018302e-01
5.123999999999999773e+02 7.949869230969183187e-01
5.126000000000000227e+02 7.941830995710867924e-01
5.127999999999999545e+02 7.932980021247086899e-01
5.130000000000000000e+02 7.923189363368978722e-01
5.132000000000000455e+02 7.912414227836411795e-01
5.133999999999999773e+02 7.900597897552171789e-01
5.136000000000000227e+02 7.887743648984967271e-01
5.137999999999999545e+02 7.873956530010715049e-01
5.140000000000000000e+02 7.859243343440647234e-01
5.142000000000000455e+02 7.843606525975115318e-01
5.143999999999999773e+02 7.827097248387712147e-01
5.146000000000000227e+02 7.809821021008461761e-01
5.147999999999999545e+02 7.791881184190231346e-01
5.150000000000000000e+02 7.773464007305663781e-01
5.152000000000000455e+02 7.754861674661992499e-01
5.153999999999999773e+02 7.736187375633797325e-01
5.156000000000000227e+02 7.717553297084596142e-01
5.157999999999999545e+02 7.699075144388393133e-01
5.160000000000000000e+02 7.680735129656541815e-01
5.162000000000000455e+02 7.662583376056024687e-01
5.163999999999999773e+02 7.644623426395233956e-01
5.166000000000000227e+02 7.626715483742988466e-01
5.167999999999999545e+02 7.608757873924575366e-01
5.170000000000000000e+02 7.590668931000269515e-01
5.172000000000000455e+02 7.572351341321279516e-01
5.173999999999999773e+02 7.553669994122791387e-01
5.176000000000000227e+02 7.534621651952080335e-01
5.177999999999999545e+02 7.515186031554251800e-01
5.180000000000000000e+02 7.495225258611027952e-01
5.182000000000000455e+02 7.474719216714250658e-01
5.183999999999999773e+02 7.453621037019405593e-01
5.186000000000000227e+02 7.431902358052836499e-01
5.187999999999999545e+02 7.409731935871515240e-01
5.190000000000000000e+02 7.387175718876136665e-01
5.192000000000000455e+02 7.364309224633385220e-01
5.193999999999999773e+02 7.341308462022824166e-01
5.196000000000000227e+02 7.318242905547908128e-01
5.197999999999999545e+02 7.295301666574917077e-01
5.200000000000000000e+02 7.272729791752706729e-01
5.202000000000000455e+02 7.250557586045746072e-01
5.203999999999999773e+02 7.228813647532350561e-01
5.206000000000000227e+02 7.207522585462611264e-01
5.207999999999999545e+02 7.186645904446449240e-01
5.210000000000000000e+02 7.166008724608086133e-01
5.212000000000000455e+02 7.145547499990134721e-01
5.213999999999999773e+02 7.125373598305548839e-01
5.216000000000000227e+02 7.105726476955636084e-01
5.217999999999999545e+02 7.087063450269140974e-01
5.220000000000000000e+02 7.069821042637927100e-01
5.222000000000000455e+02 7.054257495582859638e-01
5.223999999999999773e+02 7.040641177897053460e-01
5.226000000000000227e+02 7.029060573050868177e-01
5.227999999999999545e+02 7.019435596527556775e-01
5.230000000000000000e+02 7.011662642651257382e-01
5.232000000000000455e+02 7.005562452204003865e-01
5.233999999999999773e+02 7.000880591652574036e-01
5.236000000000000227e+02 6.997302022524853893e-01
5.237999999999999545e+02 6.994483325510628680e-01
5.240000000000000000e+02 6.992046970962787489e-01
5.242000000000000455e+02 6.989582062870232093e-01
5.243999999999999773e+02 6.986621638725719619e-01
5.246000000000000227e+02 6.982433475219884667e-01
5.247999999999999545e+02 6.976152433699092104e-01
5.250000000000000000e+02 6.966940898549638383e-01
5.252000000000000455e+02 6.954109870442749530e-01
5.253999999999999773e+02 6.937178791108623566e-01
5.256000000000000227e+02 6.915841117035467223e-01
5.257999999999999545e+02 6.889922703807456195e-01
5.260000000000000000e+02 6.859692165841952960e-01
5.262000000000000455e+02 6.825603476810762071e-01
5.263999999999999773e+02 6.788138949540093448e-01
5.266000000000000227e+02 6.748072789169549113e-01
5.267999999999999545e+02 6.706342013808354041e-01
5.270000000000000000e+02 6.663812526554353521e-01
5.272000000000000455e+02 6.621038730159849450e-01
5.273999999999999773e+02 6.578754194883476014e-01
5.276000000000000227e+02 6.537582098722902746e-01
5.277999999999999545e+02 6.497870936327465596e-01
5.280000000000000000e+02 6.460093200833307847e-01
5.282000000000000455e+02 6.424578857294236389e-01
5.283999999999999773e+02 6.391591930968977264e-01
5.286000000000000227e+02 6.361549395543921737e-01
5.287999999999999545e+02 6.334507827489671561e-01
5.290000000000000000e+02 6.310357367235159831e-01
5.292000000000000455e+02 6.288963742376888488e-01
5.293999999999999773e+02 6.269988855807259176e-01
5.296000000000000227e+02 6.253095643643807877e-01
5.297999999999999545e+02 6.237916892682291437e-01
5.300000000000000000e+02 6.223943172055267370e-01
5.302000000000000455e+02 6.210904757025771383e-01
5.303999999999999773e+02 6.198710588202074323e-01
5.306000000000000227e+02 6.187323830223542265e-01
5.307999999999999545e+02 6.176628147501842525e-01
5.310000000000000000e+02 6.166560231093938249e-01
5.312000000000000455e+02 6.157069323460950816e-01
5.313999999999999773e+02 6.148002458030452644e-01
5.316000000000000227e+02 6.139252831343090522e-01
5.317999999999999545e+02 6.130727804512222656e-01
5.320000000000000000e+02 6.122332098717526705e-01
5.322000000000000455e+02 6.114031437493436805e-01
5.323999999999999773e+02 6.105720481122651755e-01
5.326000000000000227e+02 6.097227625986553212e-01
5.327999999999999545e+02 6.088388560385286086e-01
5.330000000000000000e+02 6.079059306926130057e-01
5.332000000000000455e+02 6.069091999664504300e-01
5.333999999999999773e+02 6.058359754066724445e-01
5.336000000000000227e+02 6.046886056334865867e-01
5.337999999999999545e+02 6.034699542971425634e-01
5.340000000000000000e+02 6.021842347972357068e-01
5.342000000000000455e+02 6.008437600260381206e-01
5.343999999999999773e+02 5.994571116099384200e-01
5.346000000000000227e+02 5.980388405520813411e-01
5.347999999999999545e+02 5.966104681424271305e-01
5.350000000000000000e+02 5.951796281950706424e-01
5.352000000000000455e+02 5.937538199466401156e-01
5.353999999999999773e+02 5.923397018140157400e-01
5.356000000000000227e+02 5.909379863442054681e-01
5.357999999999999545e+02 5.895608942825901755e-01
5.360000000000000000e+02 5.882185521371867676e-01
5.362000000000000455e+02 5.869124329097815673e-01
5.363999999999999773e+02 5.856475499896692805e-01
5.366000000000000227e+02 5.844283021407452594e-01
5.367999999999999545e+02 5.832556470529297599e-01
5.370000000000000000e+02 5.821265257950613004e-01
5.372000000000000455e+02 5.810428028141436663e-01
5.373999999999999773e+02 5.800005843521314208e-01
5.376000000000000227e+02 5.789872581855866063e-01
5.377999999999999545e+02 5.779955298139378694e-01
5.380000000000000000e+02 5.770169587834296232e-01
5.382000000000000455e+02 5.760461687613173121e-01
5.383999999999999773e+02 5.750875336080389921e-01
5.386000000000000227e+02 5.741403755374444584e-01
5.387999999999999545e+02 5.732060220529204830e-01
5.390000000000000000e+02 5.722905892443186371e-01
5.392000000000000455e+02 5.713967945834111939e-01
5.393999999999999773e+02 5.705319478983499337e-01
5.396000000000000227e+02 5.697023636433280469e-01
5.397999999999999545e+02 5.689038504218367764e-01
5.400000000000000000e+02 5.681308120873169720e-01
5.402000000000000455e+02 5.673768825305829377e-01
5.403999999999999773e+02 5.666341493511138916e-01
5.406000000000000227e+02 5.658927904409684073e-01
5.407999999999999545e+02 5.651495181038591609e-01
5.410000000000000000e+02 5.644047422346853971e-01
5.412000000000000455e+02 5.636571724450746279e-01
5.413999999999999773e+02 5.629124682353874309e-01
5.416000000000000227e+02 5.621781963831944395e-01
5.417999999999999545e+02 5.614619163767260446e-01
5.420000000000000000e+02 5.607752466275969239e-01
5.422000000000000455e+02 5.601217768476484116e-01
5.423999999999999773e+02 5.594987205173413969e-01
5.426000000000000227e+02 5.589034440666166281e-01
5.427999999999999545e+02 5.583347849049563605e-01
5.430000000000000000e+02 5.577933247522293136e-01
5.432000000000000455e+02 5.572824851955481273e-01
5.433999999999999773e+02 5.568107689059060839e-01
5.436000000000000227e+02 5.563846858665764117e-01
5.437999999999999545e+02 5.560092804999073879e-01
5.440000000000000000e+02 5.556900585880624188e-01
5.442000000000000455e+02 5.554263378085267933e-01
5.443999999999999773e+02 5.552124463098147000e-01
5.446000000000000227e+02 5.550374899664636263e-01
5.447999999999999545e+02 5.548822640653855442e-01
5.450000000000000000e+02 5.547254061863332586e-01
5.452000000000000455e+02 5.545455002023780278e-01
5.453999999999999773e+02 5.543227764915645839e-01
5.456000000000000227e+02 5.540453420891857661e-01
5.457999999999999545e+02 5.537015607235977743e-01
5.460000000000000000e+02 5.532815292498589610e-01
5.462000000000000455e+02 5.527908105406273975e-01
5.463999999999999773e+02 5.522193411110808414e-01
5.466000000000000227e+02 5.515510316920685385e-01
5.467999999999999545e+02 5.507840959585924567e-01
5.470000000000000000e+02 5.499111154953708613e-01
5.472000000000000455e+02 5.489212297570665866e-01
5.473999999999999773e+02 5.478068431793844395e-01
5.476000000000000227e+02 5.465762598059495936e-01
5.477999999999999545e+02 5.452438987053459529e-01
5.480000000000000000e+02 5.438271474718122667e-01
5.482000000000000455e+02 5.423534732621320131e-01
5.483999999999999773e+02 5.408477961749642571e-01
5.486000000000000227e+02 5.393335337581832700e-01
5.487999999999999545e+02 5.378423683611818218e-01
5.490000000000000000e+02 5.363972590184761247e-01
5.492000000000000455e+02 5.350131140778380257e-01
5.493999999999999773e+02 5.337024774651821790e-01
5.496000000000000227e+02 5.324800398767365328e-01
5.497999999999999545e+02 5.313559176799027561e-01
5.500000000000000000e+02 5.303315667356048868e-01
5.502000000000000455e+02 5.294102527788264734e-01
5.503999999999999773e+02 5.285988262725868081e-01
5.506000000000000227e+02 5.279041123043292094e-01
5.507999999999999545e+02 5.273201647251849478e-01
5.510000000000000000e+02 5.268340140732640231e-01
5.512000000000000455e+02 5.264285449148099483e-01
5.513999999999999773e+02 5.260839181516887564e-01
5.516000000000000227e+02 5.257770801371992597e-01
5.517999999999999545e+02 5.254850174019446429e-01
5.520000000000000000e+02 5.251882739441184889e-01
5.522000000000000455e+02 5.248661626601196506e-01
5.523999999999999773e+02 5.245008394961835352e-01
5.526000000000000227e+02 5.240806509897356635e-01
5.527999999999999545e+02 5.235972817346968844e-01
5.530000000000000000e+02 5.230440998038631273e-01
5.532000000000000455e+02 5.224161874596151556e-01
5.533999999999999773e+02 5.217120541284867574e-01
5.536000000000000227e+02 5.209285567264433370e-01
5.537999999999999545e+02 5.200617015034877388e-01
5.540000000000000000e+02 5.191118912520104045e-01
5.542000000000000455e+02 5.180900596337177921e-01
5.543999999999999773e+02 5.170116709782667241e-01
5.546000000000000227e+02 5.158887702534888930e-01
5.547999999999999545e+02 5.147329193873203534e-01
5.550000000000000000e+02 5.135604771152844084e-01
5.552000000000000455e+02 5.123931778944041948e-01
5.553999999999999773e+02 5.112431089843734178e-01
5.556000000000000227e+02 5.101204373280542326e-01
5.557999999999999545e+02 5.090348497027987751e-01
5.560000000000000000e+02 5.079882448136484596e-01
5.562000000000000455e+02 5.069857430452698877e-01
5.563999999999999773e+02 5.060338893731093357e-01
5.566000000000000227e+02 5.051314897347345401e-01
5.567999999999999545e+02 5.042760496680905868e-01
5.570000000000000000e+02 5.034665617929974246e-01
5.572000000000000455e+02 5.027038903515186341e-01
5.573999999999999773e+02 5.019812893308306379e-01
5.576000000000000227e+02 5.012886381887936560e-01
5.577999999999999545e+02 5.006171601161174545e-01
5.580000000000000000e+02 4.999636671174687574e-01
5.582000000000000455e+02 4.993248344838527308e-01
5.583999999999999773e+02 4.986965269533853440e-01
5.586000000000000227e+02 4.980798293110947905e-01
5.587999999999999545e+02 4.974833174284482018e-01
5.590000000000000000e+02 4.969193550169362372e-01
5.592000000000000455e+02 4.963969485687352856e-01
5.593999999999999773e+02 4.959255607399991606e-01
5.596000000000000227e+02 4.955135566526325253e-01
5.597999999999999545e+02 4.951659222795557480e-01
5.600000000000000000e+02 4.948869998980353069e-01
5.602000000000000455e+02 4.946773916371057234e-01
5.603999999999999773e+02 4.945324613375648437e-01
5.606000000000000227e+02 4.944470012649327395e-01
5.607999999999999545e+02 4.944143714896329089e-01
5.610000000000000000e+02 4.944260614644850338e-01
5.612000000000000455e+02 4.944721624405618576e-01
5.613999999999999773e+02 4.945432445735708504e-01
5.616000000000000227e+02 4.946294168859540763e-01
5.617999999999999545e+02 4.947180258253318641e-01
5.620000000000000000e+02 4.947965130302805492e-01
5.622000000000000455e+02 4.948540142128442509e-01
5.623999999999999773e+02 4.948828194270100123e-01
5.626000000000000227e+02 4.948793738741368853e-01
5.627999999999999545e+02 4.948440103359021958e-01
5.630000000000000000e+02 4.947806902797179940e-01
5.632000000000000455e+02 4.946962108898428911e-01
5.633999999999999773e+02 4.946011514428448885e-01
5.636000000000000227e+02 4.945095302735685316e-01
5.637999999999999545e+02 4.944365088015265086e-01
5.640000000000000000e+02 4.943966113674485574e-01
5.642000000000000455e+02 4.944019294824232857e-01
5.643999999999999773e+02 4.944595906129049534e-01
5.646000000000000227e+02 4.945713852535064126e-01
5.647999999999999545e+02 4.947365957885753174e-01
5.650000000000000000e+02 4.949548529827588195e-01
5.652000000000000455e+02 4.952263848825325110e-01
5.653999999999999773e+02 4.955485325077530478e-01
5.656000000000000227e+02 4.959144022743464109e-01
5.657999999999999545e+02 4.963171537341427575e-01
5.660000000000000000e+02 4.967493003197983037e-01
5.662000000000000455e+02 4.972012811490071349e-01
5.663999999999999773e+02 4.976592297358516936e-01
5.666000000000000227e+02 4.981112543458104946e-01
5.667999999999999545e+02 4.985477222943515696e-01
5.670000000000000000e+02 4.989591775435814336e-01
5.672000000000000455e+02 4.993360785701102533e-01
5.673999999999999773e+02 4.996733333839438740e-01
5.676000000000000227e+02 4.999742177571894208e-01
5.677999999999999545e+02 5.002444863300552491e-01
5.680000000000000000e+02 5.004896613226966773e-01
5.682000000000000455e+02 5.007127320254765035e-01
5.683999999999999773e+02 5.009103926786357963e-01
5.686000000000000227e+02 5.010786409339972325e-01
5.687999999999999545e+02 5.012149244402447357e-01
5.690000000000000000e+02 5.013178436873034771e-01
5.692000000000000455e+02 5.013868881308211067e-01
5.693999999999999773e+02 5.014234135614273891e-01
5.696000000000000227e+02 5.014320838900721000e-01
5.697999999999999545e+02 5.014180933904504034e-01
5.700000000000000000e+02 5.013875171928998675e-01
5.702000000000000455e+02 5.013481977245387577e-01
5.703999999999999773e+02 5.013096781333565843e-01
5.706000000000000227e+02 5.012802410331286262e-01
5.707999999999999545e+02 5.012652071128458342e-01
5.710000000000000000e+02 5.012674290231192709e-01
5.712000000000000455e+02 5.012896366275797488e-01
5.713999999999999773e+02 5.013355388562561465e-01
5.716000000000000227e+02 5.014104621556800812e-01
5.717999999999999545e+02 5.015215862850066486e-01
5.720000000000000000e+02 5.016771415772036669e-01
5.722000000000000455e+02 5.018852554204206173e-01
5.723999999999999773e+02 5.021543405340384014e-01
5.726000000000000227e+02 5.024924010350969583e-01
5.727999999999999545e+02 5.029054606616473189e-01
5.730000000000000000e+02 5.033931447815768179e-01
5.732000000000000455e+02 5.039512668831783726e-01
5.733999999999999773e+02 5.045731565284760078e-01
5.736000000000000227e+02 5.052485878579484613e-01
5.737999999999999545e+02 5.059629723086622732e-01
5.740000000000000000e+02 5.067003225091991636e-01
5.742000000000000455e+02 5.074502987150817379e-01
5.743999999999999773e+02 5.082018434325122902e-01
5.746000000000000227e+02 5.089402910367299970e-01
5.747999999999999545e+02 5.096463730025883043e-01
5.750000000000000000e+02 5.103060526494822557e-01
5.752000000000000455e+02 5.109057277806563491e-01
5.753999999999999773e+02 5.114280807599097534e-01
5.756000000000000227e+02 5.118596677057900557e-01
5.757999999999999545e+02 5.121888208669208575e-01
5.760000000000000000e+02 5.124056131283644122e-01
5.762000000000000455e+02 5.125069619699944568e-01
5.763999999999999773e+02 5.124949583302070844e-01
5.766000000000000227e+02 5.123771560641539047e-01
5.767999999999999545e+02 5.121687775208541016e-01
5.770000000000000000e+02 5.118900175050111745e-01
5.772000000000000455e+02 5.115627113805070181e-01
5.773999999999999773e+02 5.112075602204249059e-01
5.776000000000000227e+02 5.108502196479195456e-01
5.777999999999999545e+02 5.105158780495225868e-01
5.780000000000000000e+02 5.102241740339782394e-01
5.782000000000000455e+02 5.099923696883794655e-01
5.783999999999999773e+02 5.098321455445015138e-01
5.786000000000000227e+02 5.097480596308170409e-01
5.787999999999999545e+02 5.097400393623724435e-01
5.790000000000000000e+02 5.098033987580596893e-01
5.792000000000000455e+02 5.099284485334005801e-01
5.793999999999999773e+02 5.100997363297429255e-01
5.796000000000000227e+02 5.102989236281570973e-01
5.797999999999999545e+02 5.105051799202550145e-01
5.800000000000000000e+02 5.106950790103997884e-01
5.802000000000000455e+02 5.108483486506235627e-01
5.803999999999999773e+02 5.109468328754517286e-01
5.806000000000000227e+02 5.109734173451175865e-01
5.807999999999999545e+02 5.109162931355946125e-01
5.810000000000000000e+02 5.107694847573075458e-01
5.812000000000000455e+02 5.105339623620965828e-01
5.813999999999999773e+02 5.102203553524389257e-01
5.816000000000000227e+02 5.098423464087448176e-01
5.817999999999999545e+02 5.094160622086398860e-01
5.820000000000000000e+02 5.089655210442050048e-01
5.822000000000000455e+02 5.085134819214227608e-01
5.823999999999999773e+02 5.080822552210942922e-01
5.826000000000000227e+02 5.076988018678737502e-01
5.827999999999999545e+02 5.073852734437400702e-01
5.830000000000000000e+02 5.071601535298518870e-01
5.832000000000000455e+02 5.070401517458162921e-01
5.833999999999999773e+02 5.070331768832521124e-01
5.836000000000000227e+02 5.071414543467857028e-01
5.837999999999999545e+02 5.073643077238824128e-01
5.840000000000000000e+02 5.076993170543309120e-01
5.842000000000000455e+02 5.081364853086088873e-01
5.843999999999999773e+02 5.086574645104544601e-01
5.846000000000000227e+02 5.092422866166405049e-01
5.847999999999999545e+02 5.098706786119493461e-01
5.850000000000000000e+02 5.105205145757980567e-01
5.852000000000000455e+02 5.111650120180949441e-01
5.853999999999999773e+02 5.117840951337794264e-01
5.856000000000000227e+02 5.123605582658700142e-01
5.857999999999999545e+02 5.128738544497530860e-01
5.860000000000000000e+02 5.133115686864209160e-01
5.862000000000000455e+02 5.136651160201245458e-01
5.863999999999999773e+02 5.139265455466793808e-01
5.866000000000000227e+02 5.140952043982279784e-01
5.867999999999999545e+02 5.141698695673023733e-01
5.870000000000000000e+02 5.141454394572316788e-01
5.872000000000000455e+02 5.140172351942249307e-01
5.873999999999999773e+02 5.137859651713264642e-01
5.876000000000000227e+02 5.134574186077167646e-01
5.877999999999999545e+02 5.130380839246875269e-01
5.880000000000000000e+02 5.125333061565452430e-01
5.882000000000000455e+02 5.119501550587117755e-01
5.883999999999999773e+02 5.113009584150377540e-01
5.886000000000000227e+02 5.105916328267352533e-01
5.887999999999999545e+02 5.098293926574174462e-01
5.890000000000000000e+02 5.090290903650306342e-01
5.892000000000000455e+02 5.081979409861201447e-01
5.893999999999999773e+02 5.073438919960983062e-01
5.896000000000000227e+02 5.064776758169483584e-01
5.897999999999999545e+02 5.055986296790453416e-01
5.900000000000000000e+02 5.047163804010779131e-01
5.902000000000000455e+02 5.038515706598432065e-01
5.903999999999999773e+02 5.030159893570615992e-01
5.906000000000000227e+02 5.022232570350925185e-01
5.907999999999999545e+02 5.014854024585259085e-01
5.910000000000000000e+02 5.008037849654860540e-01
5.912000000000000455e+02 5.001843933833673983e-01
5.913999999999999773e+02 4.996326667194581073e-01
5.916000000000000227e+02 4.991459222593576106e-01
5.917999999999999545e+02 4.987186902823019796e-01
5.920000000000000000e+02 4.983436877750508920e-01
5.922000000000000455e+02 4.980105270249998162e-01
5.923999999999999773e+02 4.977003248361885901e-01
5.926000000000000227e+02 4.973963033352354901e-01
5.927999999999999545e+02 4.970868013521763662e-01
5.930000000000000000e+02 4.967600923816120062e-01
5.932000000000000455e+02 4.964050840360213490e-01
5.933999999999999773e+02 4.960098323697462175e-01
5.936000000000000227e+02 4.955593161853771855e-01
5.937999999999999545e+02 4.950471467102602330e-01
5.940000000000000000e+02 4.944711174021112488e-01
5.942000000000000455e+02 4.938272036847131119e-01
5.943999999999999773e+02 4.931214692251068565e-01
5.946000000000000227e+02 4.923622201480764571e-01
5.947999999999999545e+02 4.915561742119209376e-01
5.950000000000000000e+02 4.907233935569461081e-01
5.952000000000000455e+02 4.898873099186346614e-01
5.953999999999999773e+02 4.890702223477731425e-01
5.956000000000000227e+02 4.882961814389470967e-01
5.957999999999999545e+02 4.875887275897598516e-01
5.960000000000000000e+02 4.869662125414829235e-01
5.962000000000000455e+02 4.864344822672745927e-01
5.963999999999999773e+02 4.860011123148426093e-01
5.966000000000000227e+02 4.856720067624849535e-01
5.967999999999999545e+02 4.854431378905914030e-01
5.970000000000000000e+02 4.853074905350899804e-01
5.972000000000000455e+02 4.852547845095136481e-01
5.973999999999999773e+02 4.852706010301097717e-01
5.976000000000000227e+02 4.853393255747607826e-01
5.977999999999999545e+02 4.854435070787545548e-01
5.980000000000000000e+02 4.855630835474453177e-01
5.982000000000000455e+02 4.856748347544276867e-01
5.983999999999999773e+02 4.857547476696250088e-01
5.986000000000000227e+02 4.857785875948235632e-01
5.987999999999999545e+02 4.857217028110146773e-01
5.990000000000000000e+02 4.855656040431370890e-01
5.992000000000000455e+02 4.852971910147906298e-01
5.993999999999999773e+02 4.849059661375261232e-01
5.996000000000000227e+02 4.843880729422231357e-01
5.997999999999999545e+02 4.837410576683747188e-01
6.000000000000000000e+02 4.829606391568492807e-01
6.002000000000000455e+02 4.820550013678877033e-01
6.003999999999999773e+02 4.810312168425653900e-01
6.006000000000000227e+02 4.798910273591452391e-01
6.007999999999999545e+02 4.786516424239171119e-01
6.010000000000000000e+02 4.773249162142140234e-01
6.012000000000000455e+02 4.759165543990547809e-01
6.013999999999999773e+02 4.744467939537136414e-01
6.016000000000000227e+02 4.729252023556185236e-01
6.017999999999999545e+02 4.713566855291954072e-01
6.020000000000000000e+02 4.697615834858484551e-01
6.022000000000000455e+02 4.681522246770568607e-01
6.023999999999999773e+02 4.665346542849763689e-01
6.026000000000000227e+02 4.649165381572128442e-01
6.027999999999999545e+02 4.633174340741635922e-01
6.030000000000000000e+02 4.617525074195820145e-01
6.032000000000000455e+02 4.602264734403835322e-01
6.033999999999999773e+02 4.587630959254301311e-01
6.036000000000000227e+02 4.573812470777615657e-01
6.037999999999999545e+02 4.560900026719565958e-01
6.040000000000000000e+02 4.549093681438736159e-01
6.042000000000000455e+02 4.538473068102023000e-01
6.043999999999999773e+02 4.529033345502817554e-01
6.046000000000000227e+02 4.520874937337271415e-01
6.047999999999999545e+02 4.513978653906899341e-01
6.050000000000000000e+02 4.508261484098986527e-01
6.052000000000000455e+02 4.503685896496130714e-01
6.053999999999999773e+02 4.500150017431097660e-01
6.056000000000000227e+02 4.497534722524487161e-01
6.057999999999999545e+02 4.495739334659117903e-01
6.060000000000000000e+02 4.494615632343404998e-01
6.062000000000000455e+02 4.493981984871899260e-01
6.063999999999999773e+02 4.493626214308773514e-01
6.066000000000000227e+02 4.493284722905053763e-01
6.067999999999999545e+02 4.492661191600447745e-01
6.070000000000000000e+02 4.491463348695300950e-01
6.072000000000000455e+02 4.489468925391099652e-01
6.073999999999999773e+02 4.486500055322925062e-01
6.076000000000000227e+02 4.482449984346404404e-01
6.077999999999999545e+02 4.477326689049370145e-01
6.080000000000000000e+02 4.471158041169099318e-01
6.082000000000000455e+02 4.464027807871325804e-01
6.083999999999999773e+02 4.456096548881788855e-01
6.086000000000000227e+02 4.447432496512457312e-01
6.087999999999999545e+02 4.438114297192882196e-01
6.090000000000000000e+02 4.428254285445034077e-01
6.092000000000000455e+02 4.417827881303902360e-01
6.093999999999999773e+02 4.406855228390154089e-01
6.096000000000000227e+02 4.395426482248816491e-01
6.097999999999999545e+02 4.383584457211732177e-01
6.100000000000000000e+02 4.371355050124226538e-01
6.102000000000000455e+02 4.358780739175085461e-01
6.103999999999999773e+02 4.345940221331857090e-01
6.106000000000000227e+02 4.332753038420225078e-01
6.107999999999999545e+02 4.319103199446948649e-01
6.110000000000000000e+02 4.304957173402962356e-01
6.112000000000000455e+02 4.290105607998190851e-01
6.113999999999999773e+02 4.274402497868044493e-01
6.116000000000000227e+02 4.257870979585702265e-01
6.117999999999999545e+02 4.240389835921269390e-01
6.120000000000000000e+02 4.221994008131443876e-01
6.122000000000000455e+02 4.202896834499305623e-01
6.123999999999999773e+02 4.183176153682542919e-01
6.126000000000000227e+02 4.163120970136697241e-01
6.127999999999999545e+02 4.143132539303507889e-01
6.130000000000000000e+02 4.123394697905994888e-01
6.132000000000000455e+02 4.104225992913659304e-01
6.133999999999999773e+02 4.085964322715554542e-01
6.136000000000000227e+02 4.068771591823698297e-01
6.137999999999999545e+02 4.052778317329343016e-01
6.140000000000000000e+02 4.038151688955353702e-01
6.142000000000000455e+02 4.025087460276287055e-01
6.143999999999999773e+02 4.013595422646387134e-01
6.146000000000000227e+02 4.003665593644606946e-01
6.147999999999999545e+02 3.995293310257512776e-01
6.150000000000000000e+02 3.988286994216739267e-01
6.152000000000000455e+02 3.982433047818357830e-01
6.153999999999999773e+02 3.977495801372944451e-01
6.156000000000000227e+02 3.973111702095712960e-01
6.157999999999999545e+02 3.968922110904615774e-01
6.160000000000000000e+02 3.964565165904458954e-01
6.162000000000000455e+02 3.959643799043082724e-01
6.163999999999999773e+02 3.953866009189269115e-01
6.166000000000000227e+02 3.947041185144635200e-01
6.167999999999999545e+02 3.939064588190826499e-01
6.170000000000000000e+02 3.929905367051113041e-01
6.172000000000000455e+02 3.919640722755908246e-01
6.173999999999999773e+02 3.908438209702361221e-01
6.176000000000000227e+02 3.896415592227017166e-01
6.177999999999999545e+02 3.883825120385285823e-01
6.180000000000000000e+02 3.871011421577579825e-01
6.182000000000000455e+02 3.858167827005035133e-01
6.183999999999999773e+02 3.845572301215147148e-01
6.186000000000000227e+02 3.833518378365732282e-01
6.187999999999999545e+02 3.822148250281496851e-01
6.190000000000000000e+02 3.811678506522539478e-01
6.192000000000000455e+02 3.802285327071842080e-01
6.193999999999999773e+02 3.793984190620122710e-01
6.196000000000000227e+02 3.786805359356807954e-01
6.197999999999999545e+02 3.780674466853207183e-01
6.200000000000000000e+02 3.775359375020532204e-01
6.202000000000000455e+02 3.770618041346682769e-01
6.203999999999999773e+02 3.766179449832157133e-01
6.206000000000000227e+02 3.761736819675947086e-01
6.207999999999999545e+02 3.756963093460145564e-01
6.210000000000000000e+02 3.751541752089025961e-01
6.212000000000000455e+02 3.745166627262428993e-01
6.213999999999999773e+02 3.737545361194596905e-01
6.216000000000000227e+02 3.728557809878707552e-01
6.217999999999999545e+02 3.718162557320076056e-01
6.220000000000000000e+02 3.706305489929317409e-01
6.222000000000000455e+02 3.693148720475104008e-01
6.223999999999999773e+02 3.678887050137437109e-01
6.226000000000000227e+02 3.663665384812188619e-01
6.227999999999999545e+02 3.647850813756645105e-01
6.230000000000000000e+02 3.631779955004655891e-01
6.232000000000000455e+02 3.615728731469523005e-01
6.233999999999999773e+02 3.600171014376495893e-01
6.236000000000000227e+02 3.585442697247666066e-01
6.237999999999999545e+02 3.571768021447537245e-01
6.240000000000000000e+02 3.559484301649429860e-01
6.242000000000000455e+02 3.548822160071442022e-01
6.243999999999999773e+02 3.539903565629756721e-01
6.246000000000000227e+02 3.532783624775043263e-01
6.247999999999999545e+02 3.527438208113871099e-01
6.250000000000000000e+02 3.523742343496393814e-01
6.252000000000000455e+02 3.521463820170613879e-01
6.253999999999999773e+02 3.520344813954787155e-01
6.256000000000000227e+02 3.520095521766879454e-01
6.257999999999999545e+02 3.520397234235277950e-01
6.260000000000000000e+02 3.520938374674447702e-01
6.262000000000000455e+02 3.521392359684950013e-01
6.263999999999999773e+02 3.521425391974321029e-01
6.266000000000000227e+02 3.520733370685752983e-01
6.267999999999999545e+02 3.519065834255398206e-01
6.270000000000000000e+02 3.516239148951648685e-01
6.272000000000000455e+02 3.512145373736658693e-01
6.273999999999999773e+02 3.506677281443160710e-01
6.276000000000000227e+02 3.499788458647294931e-01
6.277999999999999545e+02 3.491547241082788022e-01
6.280000000000000000e+02 3.482047705213045519e-01
6.282000000000000455e+02 3.471379873488276702e-01
6.283999999999999773e+02 3.459645234292557658e-01
6.286000000000000227e+02 3.447049641609071791e-01
6.287999999999999545e+02 3.433718916345670502e-01
6.290000000000000000e+02 3.419718781140408947e-01
6.292000000000000455e+02 3.405264481838378154e-01
6.293999999999999773e+02 3.390485583479758702e-01
6.296000000000000227e+02 3.375505467025946005e-01
6.297999999999999545e+02 3.360626794876422907e-01
6.300000000000000000e+02 3.345973598904535828e-01
6.302000000000000455e+02 3.331637783836597921e-01
6.303999999999999773e+02 3.317842517295948590e-01
6.306000000000000227e+02 3.304662920623637201e-01
6.307999999999999545e+02 3.292174138937742911e-01
6.310000000000000000e+02 3.280519528060993339e-01
6.312000000000000455e+02 3.269711046952565314e-01
6.313999999999999773e+02 3.259718792611618343e-01
6.316000000000000227e+02 3.250522507955770912e-01
6.317999999999999545e+02 3.242129391350882517e-01
6.320000000000000000e+02 3.234478885244961299e-01
6.322000000000000455e+02 3.227490049541628658e-01
6.323999999999999773e+02 3.221177190978641303e-01
6.326000000000000227e+02 3.215466486638737797e-01
6.327999999999999545e+02 3.210235175280741760e-01
6.330000000000000000e+02 3.205384204887382626e-01
6.332000000000000455e+02 3.200774521127299765e-01
6.333999999999999773e+02 3.196294362713477111e-01
6.336000000000000227e+02 3.191896814839080831e-01
6.337999999999999545e+02 3.187508563498200886e-01
6.340000000000000000e+02 3.183120084713992326e-01
6.342000000000000455e+02 3.178797598671961877e-01
6.343999999999999773e+02 3.174573407114422707e-01
6.346000000000000227e+02 3.170505175345621485e-01
6.347999999999999545e+02 3.166668875857550636e-01
6.350000000000000000e+02 3.163104391982212160e-01
6.352000000000000455e+02 3.159827013039610555e-01
6.353999999999999773e+02 3.156833515493224218e-01
6.356000000000000227e+02 3.154100106302620277e-01
6.357999999999999545e+02 3.151550800371687444e-01
6.360000000000000000e+02 3.149097282163393352e-01
6.362000000000000455e+02 3.146663253877725053e-01
6.363999999999999773e+02 3.144124939465423596e-01
6.366000000000000227e+02 3.141346730989705294e-01
6.367999999999999545e+02 3.138190513718615016e-01
6.370000000000000000e+02 3.134476996369595092e-01
6.372000000000000455e+02 3.130073350328873572e-01
6.373999999999999773e+02 3.124892703575124497e-01
6.376000000000000227e+02 3.118829464183668354e-01
6.377999999999999545e+02 3.111864897872725910e-01
6.380000000000000000e+02 3.104027212123681156e-01
6.382000000000000455e+02 3.095316738372420051e-01
6.383999999999999773e+02 3.085859002835415477e-01
6.386000000000000227e+02 3.075824088600742079e-01
6.387999999999999545e+02 3.065336720987066332e-01
6.390000000000000000e+02 3.054514400863150292e-01
6.392000000000000455e+02 3.043518386216382265e-01
6.393999999999999773e+02 3.032534505761328991e-01
6.396000000000000227e+02 3.021587699918903969e-01
6.397999999999999545e+02 3.010743050339924620e-01
6.400000000000000000e+02 3.000111881518399137e-01
6.402000000000000455e+02 2.989660283578519651e-01
6.403999999999999773e+02 2.979398611277230824e-01
6.406000000000000227e+02 2.969338596788642648e-01
6.407999999999999545e+02 2.959356635331521490e-01
6.410000000000000000e+02 2.949417946763824849e-01
6.412000000000000455e+02 2.939476085929875748e-01
6.413999999999999773e+02 2.929357123125488904e-01
6.416000000000000227e+02 2.918995717276269830e-01
6.417999999999999545e+02 2.908323451804661897e-01
6.420000000000000000e+02 2.897218961224183875e-01
6.422000000000000455e+02 2.885705975058802664e-01
6.423999999999999773e+02 2.873838386332547845e-01
6.426000000000000227e+02 2.861665815320802442e-01
6.427999999999999545e+02 2.849302720857271876e-01
6.430000000000000000e+02 2.836967879282820126e-01
6.432000000000000455e+02 2.824907522046320452e-01
6.433999999999999773e+02 2.813251887877812329e-01
6.436000000000000227e+02 2.802257875908426565e-01
6.437999999999999545e+02 2.792203614928282507e-01
6.440000000000000000e+02 2.783226692422887116e-01
6.442000000000000455e+02 2.775510013572892176e-01
6.443999999999999773e+02 2.769203881654127009e-01
6.446000000000000227e+02 2.764362732887036267e-01
6.447999999999999545e+02 2.761039706223168411e-01
6.450000000000000000e+02 2.759216945641784768e-01
6.452000000000000455e+02 2.758786173827248445e-01
6.453999999999999773e+02 2.759616658937587563e-01
6.456000000000000227e+02 2.761515870403695727e-01
6.457999999999999545e+02 2.764223879244652737e-01
6.460000000000000000e+02 2.767428814070199694e-01
6.462000000000000455e+02 2.770777008010947284e-01
6.463999999999999773e+02 2.773903246653662280e-01
6.466000000000000227e+02 2.776461287658354427e-01
6.467999999999999545e+02 2.778064656016596690e-01
6.470000000000000000e+02 2.778326362604201516e-01
6.472000000000000455e+02 2.776912147952908527e-01
6.473999999999999773e+02 2.773591558866943529e-01
6.476000000000000227e+02 2.768198711047340499e-01
6.477999999999999545e+02 2.760641184068787224e-01
6.480000000000000000e+02 2.751007986860365406e-01
6.482000000000000455e+02 2.739414856176602964e-01
6.483999999999999773e+02 2.726015049976197591e-01
6.486000000000000227e+02 2.711152797547257132e-01
6.487999999999999545e+02 2.695101522060093235e-01
6.490000000000000000e+02 2.678141304012859325e-01
6.492000000000000455e+02 2.660749103548882832e-01
6.493999999999999773e+02 2.643278569404554079e-01
6.496000000000000227e+02 2.625985755386773257e-01
6.497999999999999545e+02 2.609118860765821668e-01
6.500000000000000000e+02 2.593022050343753993e-01
6.502000000000000455e+02 2.577945304843123342e-01
6.503999999999999773e+02 2.563977967415866921e-01
6.506000000000000227e+02 2.551318198650616709e-01
6.507999999999999545e+02 2.540032418475487996e-01
6.510000000000000000e+02 2.530026574744653201e-01
6.512000000000000455e+02 2.521254279458278180e-01
6.513999999999999773e+02 2.513549561395230780e-01
6.516000000000000227e+02 2.506675375691199692e-01
6.517999999999999545e+02 2.500475702138445500e-01
6.520000000000000000e+02 2.494719422584628366e-01
6.522000000000000455e+02 2.489160018619585302e-01
6.523999999999999773e+02 2.483622883015146610e-01
6.526000000000000227e+02 2.477916646145758572e-01
6.527999999999999545e+02 2.471897965395321028e-01
6.530000000000000000e+02 2.465508031775590636e-01
6.532000000000000455e+02 2.458671965666435200e-01
6.533999999999999773e+02 2.451315554466988733e-01
6.536000000000000227e+02 2.443400637402689812e-01
6.537999999999999545e+02 2.434990532399037011e-01
6.540000000000000000e+02 2.426112448539443633e-01
6.542000000000000455e+02 2.416785690016003130e-01
6.543999999999999773e+02 2.407149092695988202e-01
6.546000000000000227e+02 2.397264025705326262e-01
6.547999999999999545e+02 2.387181032665247338e-01
6.550000000000000000e+02 2.377053919993946107e-01
6.552000000000000455e+02 2.366949859357149188e-01
6.553999999999999773e+02 2.356947389689212913e-01
6.556000000000000227e+02 2.347202064096609031e-01
6.557999999999999545e+02 2.337756768854745704e-01
6.560000000000000000e+02 2.328693857872286554e-01
6.562000000000000455e+02 2.320173726502823552e-01
6.563999999999999773e+02 2.312263811038355876e-01
6.566000000000000227e+02 2.305105449668852502e-01
6.567999999999999545e+02 2.298903983903246573e-01
6.570000000000000000e+02 2.293773844113761173e-01
6.572000000000000455e+02 2.289791781815105620e-01
6.573999999999999773e+02 2.287014227184086534e-01
6.576000000000000227e+02 2.285475987454006486e-01
6.577999999999999545e+02 2.285153860759031597e-01
6.580000000000000000e+02 2.285967906810043304e-01
6.582000000000000455e+02 2.287789493082851011e-01
6.583999999999999773e+02 2.290479861529227390e-01
6.586000000000000227e+02 2.293887362841163513e-01
6.587999999999999545e+02 2.297855509961645726e-01
6.590000000000000000e+02 2.302268209407903332e-01
6.592000000000000455e+02 2.306958188736815130e-01
6.593999999999999773e+02 2.311701539733221344e-01
6.596000000000000227e+02 2.316292218334879138e-01
6.597999999999999545e+02 2.320465936230682868e-01
6.600000000000000000e+02 2.323939513742788732e-01
6.602000000000000455e+02 2.326506326478002540e-01
6.603999999999999773e+02 2.328013284944985273e-01
6.606000000000000227e+02 2.328359592470025385e-01
6.607999999999999545e+02 2.327502533875349944e-01
6.610000000000000000e+02 2.325438077178684781e-01
6.612000000000000455e+02 2.322216499353755292e-01
6.613999999999999773e+02 2.317939427128132002e-01
6.616000000000000227e+02 2.312681318505266925e-01
6.617999999999999545e+02 2.306550664660134420e-01
6.620000000000000000e+02 2.299680279602095423e-01
6.622000000000000455e+02 2.292121725539032484e-01
6.623999999999999773e+02 2.283989114489057559e-01
6.626000000000000227e+02 2.275443628554985886e-01
6.627999999999999545e+02 2.266599538877381304e-01
6.630000000000000000e+02 2.257660654987690418e-01
6.632000000000000455e+02 2.248813992807714157e-01
6.633999999999999773e+02 2.240096944905493881e-01
6.636000000000000227e+02 2.231598763080667736e-01
6.637999999999999545e+02 2.223397860744601440e-01
6.640000000000000000e+02 2.215503674815822166e-01
6.642000000000000455e+02 2.207912587351160694e-01
6.643999999999999773e+02 2.200643452029076852e-01
6.646000000000000227e+02 2.193715090070086082e-01
6.647999999999999545e+02 2.187031164762232027e-01
6.650000000000000000e+02 2.180530088347718276e-01
6.652000000000000455e+02 2.174185675089953806e-01
6.653999999999999773e+02 2.167912744747101106e-01
6.656000000000000227e+02 2.161691434276816759e-01
6.657999999999999545e+02 2.155500233184462489e-01
6.660000000000000000e+02 2.149206403494184348e-01
6.662000000000000455e+02 2.142722667614929966e-01
6.663999999999999773e+02 2.135966315089588563e-01
6.666000000000000227e+02 2.128828246701839899e-01
6.667999999999999545e+02 2.121301303024101248e-01
6.670000000000000000e+02 2.113370528303877560e-01
6.672000000000000455e+02 2.104987855955873510e-01
6.673999999999999773e+02 2.096221723354062261e-01
6.676000000000000227e+02 2.087157151783571585e-01
6.677999999999999545e+02 2.077869663045701365e-01
6.680000000000000000e+02 2.068457919288596014e-01
6.682000000000000455e+02 2.059053865239881820e-01
6.683999999999999773e+02 2.049743287478436315e-01
6.686000000000000227e+02 2.040462206510312571e-01
6.687999999999999545e+02 2.031228255198364030e-01
6.690000000000000000e+02 2.022079314328655286e-01
6.692000000000000455e+02 2.013004167810596712e-01
6.693999999999999773e+02 2.004105443877821635e-01
6.696000000000000227e+02 1.995445802741582231e-01
6.697999999999999545e+02 1.986977210780816183e-01
6.700000000000000000e+02 1.978694704111944869e-01
6.702000000000000455e+02 1.970493731162492324e-01
6.703999999999999773e+02 1.962179939761926617e-01
6.706000000000000227e+02 1.953654317001138618e-01
6.707999999999999545e+02 1.944752513682238282e-01
6.710000000000000000e+02 1.935295702685344565e-01
6.712000000000000455e+02 1.925246707039414140e-01
6.713999999999999773e+02 1.914591861699380670e-01
6.716000000000000227e+02 1.903337866627541897e-01
6.717999999999999545e+02 1.891543683018164779e-01
6.720000000000000000e+02 1.879366786931743194e-01
6.722000000000000455e+02 1.866902215021221945e-01
6.723999999999999773e+02 1.854119933585365032e-01
6.726000000000000227e+02 1.841128715743465538e-01
6.727999999999999545e+02 1.827983416425429386e-01
6.730000000000000000e+02 1.814672019268466219e-01
6.732000000000000455e+02 1.801363034538039365e-01
6.733999999999999773e+02 1.788146683287436534e-01
6.736000000000000227e+02 1.775066819054377520e-01
6.737999999999999545e+02 1.762320609382557746e-01
6.740000000000000000e+02 1.749992486687232951e-01
6.742000000000000455e+02 1.738125545198069000e-01
6.743999999999999773e+02 1.726839884915423451e-01
6.746000000000000227e+02 1.716052593536339932e-01
6.747999999999999545e+02 1.705613914535433484e-01
6.750000000000000000e+02 1.695417002459909950e-01
6.752000000000000455e+02 1.685269897209716317e-01
6.753999999999999773e+02 1.674955571904016005e-01
6.756000000000000227e+02 1.664292817602663066e-01
6.757999999999999545e+02 1.653212227076325813e-01
6.760000000000000000e+02 1.641595973738950442e-01
6.762000000000000455e+02 1.629304302471733801e-01
6.764000000000000909e+02 1.616340608804491263e-01
6.766000000000000227e+02 1.602608487664462511e-01
6.767999999999999545e+02 1.587994397782181988e-01
6.770000000000000000e+02 1.572529322597023826e-01
6.772000000000000455e+02 1.556080045949600199e-01
6.774000000000000909e+02 1.538564658894967796e-01
6.776000000000000227e+02 1.520140439107987018e-01
6.777999999999999545e+02 1.500880879438310223e-01
6.780000000000000000e+02 1.480999224915479084e-01
6.782000000000000455e+02 1.460917259199939477e-01
6.784000000000000909e+02 1.440932998292225875e-01
6.786000000000000227e+02 1.421301483759147555e-01
6.787999999999999545e+02 1.402303576813734576e-01
6.790000000000000000e+02 1.384303085109107045e-01
6.792000000000000455e+02 1.367472702606227219e-01
6.794000000000000909e+02 1.351909635738170745e-01
6.796000000000000227e+02 1.337897003344938052e-01
6.797999999999999545e+02 1.325565438288882347e-01
6.800000000000000000e+02 1.314997247325588314e-01
6.802000000000000455e+02 1.306362000343673502e-01
6.804000000000000909e+02 1.299723607282457227e-01
6.806000000000000227e+02 1.295092960865272258e-01
6.807999999999999545e+02 1.292441154791964530e-01
6.810000000000000000e+02 1.291562693090734515e-01
6.812000000000000455e+02 1.292155061215650713e-01
6.814000000000000909e+02 1.293856015554902539e-01
6.816000000000000227e+02 1.296247363437917632e-01
6.817999999999999545e+02 1.298882773427027792e-01
6.820000000000000000e+02 1.301329457376948773e-01
6.822000000000000455e+02 1.303228766926030902e-01
6.824000000000000909e+02 1.304267127309673147e-01
6.826000000000000227e+02 1.304175428217100030e-01
6.827999999999999545e+02 1.302742272435543636e-01
6.830000000000000000e+02 1.299827873132158862e-01
6.832000000000000455e+02 1.295374326048735480e-01
6.834000000000000909e+02 1.289385526129504522e-01
6.836000000000000227e+02 1.281778889904916785e-01
6.837999999999999545e+02 1.272540180592364456e-01
6.840000000000000000e+02 1.261768513783040058e-01
6.842000000000000455e+02 1.249567101074894465e-01
6.844000000000000909e+02 1.236252876194413874e-01
6.846000000000000227e+02 1.222308925501277982e-01
6.847999999999999545e+02 1.208163691509712145e-01
6.850000000000000000e+02 1.194362712633398604e-01
6.852000000000000455e+02 1.181412274628761833e-01
6.854000000000000909e+02 1.169553400947383609e-01
6.856000000000000227e+02 1.159050890539164713e-01
6.857999999999999545e+02 1.150086975051770599e-01
6.860000000000000000e+02 1.142638218602018974e-01
6.862000000000000455e+02 1.136534517272971834e-01
6.864000000000000909e+02 1.131540034773551862e-01
6.866000000000000227e+02 1.127385602072895204e-01
6.867999999999999545e+02 1.123753358197613350e-01
6.870000000000000000e+02 1.120356100861001486e-01
6.872000000000000455e+02 1.116936980484984215e-01
6.874000000000000909e+02 1.113204948900103769e-01
6.876000000000000227e+02 1.108877428648201990e-01
6.877999999999999545e+02 1.103649969049801255e-01
6.880000000000000000e+02 1.097154696360621573e-01
6.882000000000000455e+02 1.089153281888068786e-01
6.884000000000000909e+02 1.079487369370155103e-01
6.886000000000000227e+02 1.068033079882738656e-01
6.887999999999999545e+02 1.054851389877886486e-01
6.890000000000000000e+02 1.040098923658500513e-01
6.892000000000000455e+02 1.023984442772905706e-01
6.894000000000000909e+02 1.006838483216982161e-01
6.896000000000000227e+02 9.891596933652678503e-02
6.897999999999999545e+02 9.715182878060869831e-02
6.900000000000000000e+02 9.542655984115969159e-02
6.902000000000000455e+02 9.377832964192026055e-02
6.904000000000000909e+02 9.223999469274907215e-02
6.906000000000000227e+02 9.081593539580697094e-02
6.907999999999999545e+02 8.951847043012400862e-02
6.910000000000000000e+02 8.835674746409385993e-02
6.912000000000000455e+02 8.732043385922157175e-02
6.914000000000000909e+02 8.640345343657845900e-02
6.916000000000000227e+02 8.559494865964498156e-02
6.917999999999999545e+02 8.487455301187903089e-02
6.920000000000000000e+02 8.422945929835223833e-02
6.922000000000000455e+02 8.364009371156931605e-02
6.924000000000000909e+02 8.307771761570655056e-02
6.926000000000000227e+02 8.251824178604361126e-02
6.927999999999999545e+02 8.193648190047615743e-02
6.930000000000000000e+02 8.130586291557830025e-02
6.932000000000000455e+02 8.060232741141774848e-02
6.934000000000000909e+02 7.981294251407988760e-02
6.936000000000000227e+02 7.892965091343666362e-02
6.937999999999999545e+02 7.794211582777245406e-02
6.940000000000000000e+02 7.685464613420957269e-02
6.942000000000000455e+02 7.567409469695141055e-02
6.944000000000000909e+02 7.440336270772561489e-02
6.946000000000000227e+02 7.306440987580602175e-02
6.947999999999999545e+02 7.167464633252527972e-02
6.950000000000000000e+02 7.024286872591166409e-02
6.952000000000000455e+02 6.879856412221195539e-02
6.954000000000000909e+02 6.736734795746078530e-02
6.956000000000000227e+02 6.597183445478113639e-02
6.957999999999999545e+02 6.465043851215067361e-02
6.960000000000000000e+02 6.342924784516686121e-02
6.962000000000000455e+02 6.232559709330150882e-02
6.964000000000000909e+02 6.136133912475236901e-02
6.966000000000000227e+02 6.056166223260107256e-02
6.967999999999999545e+02 5.993688502908279397e-02
6.970000000000000000e+02 5.947135998140767182e-02
6.972000000000000455e+02 5.915971081755835859e-02
6.974000000000000909e+02 5.899515948180897307e-02
6.976000000000000227e+02 5.895922969060709423e-02
6.977999999999999545e+02 5.903314962493359797e-02
6.980000000000000000e+02 5.919878170039627463e-02
6.982000000000000455e+02 5.943706024825373690e-02
6.984000000000000909e+02 5.971939618881932227e-02
6.986000000000000227e+02 6.000885531154039748e-02
6.987999999999999545e+02 6.026143335069298473e-02
6.990000000000000000e+02 6.043124049507574841e-02
6.992000000000000455e+02 6.047654430082473331e-02
6.994000000000000909e+02 6.036427503209993578e-02
6.996000000000000227e+02 6.007200250418499171e-02
6.997999999999999545e+02 5.958584432767625311e-02
7.000000000000000000e+02 5.889974924731924966e-02
7.002000000000000455e+02 5.801435462946331889e-02
7.004000000000000909e+02 5.693764591645655154e-02
7.006000000000000227e+02 5.568621906407211081e-02
7.007999999999999545e+02 5.428545964399409535e-02
7.010000000000000000e+02 5.276351399189802005e-02
7.012000000000000455e+02 5.114778543822439544e-02
7.014000000000000909e+02 4.946358162902796812e-02
7.016000000000000227e+02 4.773989021837869717e-02
7.017999999999999545e+02 4.601283189868306256e-02
7.020000000000000000e+02 4.432514132204581209e-02
7.022000000000000455e+02 4.272088937894533145e-02
7.024000000000000909e+02 4.124199293522310544e-02
7.026000000000000227e+02 3.992425221676405150e-02
7.027999999999999545e+02 3.879461027204769014e-02
7.030000000000000000e+02 3.787108660998085574e-02
7.032000000000000455e+02 3.717036049252345209e-02
7.034000000000000909e+02 3.669991081890074114e-02
7.036000000000000227e+02 3.645503892346056013e-02
7.037999999999999545e+02 3.642497637017336198e-02
7.040000000000000000e+02 3.659168657109532208e-02
7.042000000000000455e+02 3.693037666868406038e-02
7.044000000000000909e+02 3.741591548907208936e-02
7.046000000000000227e+02 3.802294323393458353e-02
7.047999999999999545e+02 3.872466559958440829e-02
7.050000000000000000e+02 3.948878467734320830e-02
7.052000000000000455e+02 4.027854218755647780e-02
7.054000000000000909e+02 4.105370575694657076e-02
7.056000000000000227e+02 4.177302924205676671e-02
7.057999999999999545e+02 4.239740697298718247e-02
7.060000000000000000e+02 4.289152213336076824e-02
7.062000000000000455e+02 4.322532906466527991e-02
7.064000000000000909e+02 4.337428271452047068e-02
7.066000000000000227e+02 4.332027181416116951e-02
7.067999999999999545e+02 4.305414120747583923e-02
7.070000000000000000e+02 4.257406256227802555e-02
7.072000000000000455e+02 4.188664671848339738e-02
7.074000000000000909e+02 4.101179995768049202e-02
7.076000000000000227e+02 3.997033105701006117e-02
7.077999999999999545e+02 3.878189269762835623e-02
7.080000000000000000e+02 3.747180791723229293e-02
7.082000000000000455e+02 3.606973746324083213e-02
7.084000000000000909e+02 3.460885263275129825e-02
7.086000000000000227e+02 3.312491603210861169e-02
7.087999999999999545e+02 3.165524459451020400e-02
7.090000000000000000e+02 3.023742748132142097e-02
7.092000000000000455e+02 2.890643809674361617e-02
7.094000000000000909e+02 2.769300930033765859e-02
7.096000000000000227e+02 2.662202150807182685e-02
7.097999999999999545e+02 2.570910987969573722e-02
7.100000000000000000e+02 2.496307989065464639e-02
7.102000000000000455e+02 2.438855109643386226e-02
7.104000000000000909e+02 2.399066459356097997e-02
7.106000000000000227e+02 2.377431544305083286e-02
7.107999999999999545e+02 2.374229522890765678e-02
7.110000000000000000e+02 2.389125249993477931e-02
7.112000000000000455e+02 2.421444551448216631e-02
7.114000000000000909e+02 2.470058005659345884e-02
7.116000000000000227e+02 2.532902209538317670e-02
7.117999999999999545e+02 2.607503817350480604e-02
7.120000000000000000e+02 2.691091169151162837e-02
7.122000000000000455e+02 2.780524016491476083e-02
7.124000000000000909e+02 2.872716710825149594e-02
7.126000000000000227e+02 2.964682776103024289e-02
7.127999999999999545e+02 3.053447495771942702e-02
7.130000000000000000e+02 3.136419138989731542e-02
7.132000000000000455e+02 3.211409701755326557e-02
7.134000000000000909e+02 3.276494890326293180e-02
7.136000000000000227e+02 3.329177046276580315e-02
7.137999999999999545e+02 3.366478405845126781e-02
7.140000000000000000e+02 3.385471273323509972e-02
7.142000000000000455e+02 3.383950592058955487e-02
7.144000000000000909e+02 3.360464968868350638e-02
7.146000000000000227e+02 3.314243011814129586e-02
7.147999999999999545e+02 3.245438801016641700e-02
7.150000000000000000e+02 3.155046831317012690e-02
7.152000000000000455e+02 3.044848197821446723e-02
7.154000000000000909e+02 2.918085242118209979e-02
7.156000000000000227e+02 2.778792389027929383e-02
7.157999999999999545e+02 2.630618544076044479e-02
7.160000000000000000e+02 2.477543647680796948e-02
7.162000000000000455e+02 2.323564714190215139e-02
7.164000000000000909e+02 2.171994946538544774e-02
7.166000000000000227e+02 2.025744573504068349e-02
7.167999999999999545e+02 1.887567079639409715e-02
7.170000000000000000e+02 1.760269671852454643e-02
7.172000000000000455e+02 1.646134006093102203e-02
7.174000000000000909e+02 1.546703996242879652e-02
7.176000000000000227e+02 1.462525297141120673e-02
7.177999999999999545e+02 1.393425870366209532e-02
7.180000000000000000e+02 1.338473253101713119e-02
7.182000000000000455e+02 1.295721285218126746e-02
7.184000000000000909e+02 1.262314331149984488e-02
7.186000000000000227e+02 1.234953751485398307e-02
7.187999999999999545e+02 1.210399811238460459e-02
7.190000000000000000e+02 1.185327007622543304e-02
7.192000000000000455e+02 1.156635180019243217e-02
7.194000000000000909e+02 1.121995746753297329e-02
7.196000000000000227e+02 1.080582037966819342e-02
7.197999999999999545e+02 1.032797275927933682e-02
7.200000000000000000e+02 9.799091007585700522e-03
7.202000000000000455e+02 9.230280305842398711e-03
7.204000000000000909e+02 8.633417060160502449e-03
7.206000000000000227e+02 8.025313549052415577e-03
7.207999999999999545e+02 7.424860581376552075e-03
7.210000000000000000e+02 6.852163931177111637e-03
7.212000000000000455e+02 6.328399422505358134e-03
7.214000000000000909e+02 5.876903002376222644e-03
7.216000000000000227e+02 5.521687258762283251e-03
7.217999999999999545e+02 5.285011666002802436e-03
7.220000000000000000e+02 5.180785037939813001e-03
7.222000000000000455e+02 5.216088295589530084e-03
7.224000000000000909e+02 5.392135819537552562e-03
7.226000000000000227e+02 5.702172158862952450e-03
7.227999999999999545e+02 6.128622506774901793e-03
7.230000000000000000e+02 6.640430481312626157e-03
7.232000000000000455e+02 7.203981193021387862e-03
7.234000000000000909e+02 7.789829525528420978e-03
7.236000000000000227e+02 8.377035341171736385e-03
7.237999999999999545e+02 8.945043794654248398e-03
7.240000000000000000e+02 9.478394309195779452e-03
7.242000000000000455e+02 9.971340307997114336e-03
7.244000000000000909e+02 1.042178465222767109e-02
7.246000000000000227e+02 1.082877571364256573e-02
7.247999999999999545e+02 1.119142140505749450e-02
7.250000000000000000e+02 1.151026854773826158e-02
7.252000000000000455e+02 1.178570991348175216e-02
7.254000000000000909e+02 1.201621595290981205e-02
7.256000000000000227e+02 1.219590499183953285e-02
7.257999999999999545e+02 1.231838893008823689e-02
7.260000000000000000e+02 1.237990916388679273e-02
7.262000000000000455e+02 1.238043221103709429e-02
7.264000000000000909e+02 1.232142631101595075e-02
7.266000000000000227e+02 1.220385734207154495e-02
7.267999999999999545e+02 1.202504142979810703e-02
7.270000000000000000e+02 1.177899760641310141e-02
7.272000000000000455e+02 1.145665527325846408e-02
7.274000000000000909e+02 1.104677439069157857e-02
7.276000000000000227e+02 1.053794998260699188e-02
7.277999999999999545e+02 9.920675376260847458e-03
7.280000000000000000e+02 9.191912220491373423e-03
7.282000000000000455e+02 8.358462572097021329e-03
7.284000000000000909e+02 7.437824011067561795e-03
7.286000000000000227e+02 6.448148773643835527e-03
7.287999999999999545e+02 5.414898354703629769e-03
7.290000000000000000e+02 4.374246315498059139e-03
7.292000000000000455e+02 3.365370764409463152e-03
7.294000000000000909e+02 2.427589522603507306e-03
7.296000000000000227e+02 1.598998452760457293e-03
7.297999999999999545e+02 9.157097361599294671e-04
7.300000000000000000e+02 4.082740173851070000e-04
7.302000000000000455e+02 9.897842353572304042e-05
7.304000000000000909e+02 0.000000000000000000e+00
7.306000000000000227e+02 1.151395238703857072e-04
7.307999999999999545e+02 4.401722428176802013e-04
7.310000000000000000e+02 9.630355818275019740e-04
7.312000000000000455e+02 1.666465719462066749e-03
7.314000000000000909e+02 2.528666109183727757e-03
7.316000000000000227e+02 3.522444996917085350e-03
7.317999999999999545e+02 4.620464620582199686e-03
7.320000000000000000e+02 5.794887867680524086e-03
7.322000000000000455e+02 7.006624432393526725e-03
7.324000000000000909e+02 8.218307688948043796e-03
7.326000000000000227e+02 9.399387119903103438e-03
7.327999999999999545e+02 1.052277200455098254e-02
7.330000000000000000e+02 1.156426844792634093e-02
7.332000000000000455e+02 1.250228779353748133e-02
7.334000000000000909e+02 1.331718126525784258e-02
7.336000000000000227e+02 1.399880871107601378e-02
7.337999999999999545e+02 1.454968341606078380e-02
7.340000000000000000e+02 1.498443559347783539e-02
7.342000000000000455e+02 1.532523206637172522e-02
7.344000000000000909e+02 1.559871388093328828e-02
7.346000000000000227e+02 1.583069240711658041e-02
7.347999999999999545e+02 1.604648809758783476e-02
7.350000000000000000e+02 1.627111662583315480e-02
7.352000000000000455e+02 1.652910354272871599e-02
7.354000000000000909e+02 1.684214577167569143e-02
7.356000000000000227e+02 1.722872375233688511e-02
7.357999999999999545e+02 1.770526588159240453e-02
7.360000000000000000e+02 1.828194406009069073e-02
7.362000000000000455e+02 1.896280487944828133e-02
7.364000000000000909e+02 1.975041558682169920e-02
7.366000000000000227e+02 2.064547850051388217e-02
7.367999999999999545e+02 2.164699019810221309e-02
7.370000000000000000e+02 2.275274835222996020e-02
7.372000000000000455e+02 2.394992411798128537e-02
7.374000000000000909e+02 2.521481473879243901e-02
7.376000000000000227e+02 2.651930197677073928e-02
7.377999999999999545e+02 2.783093535242561062e-02
7.380000000000000000e+02 2.911312058694340635e-02
7.382000000000000455e+02 3.032549992452545154e-02
7.384000000000000909e+02 3.142472512798967499e-02
7.386000000000000227e+02 3.236514290250541714e-02
7.387999999999999545e+02 3.310020465463905937e-02
7.390000000000000000e+02 3.358942602227919100e-02
7.392000000000000455e+02 3.380284710397701148e-02
7.394000000000000909e+02 3.372797891538040216e-02
7.396000000000000227e+02 3.336271045120130924e-02
7.397999999999999545e+02 3.271055530242578807e-02
7.400000000000000000e+02 3.177459085124974270e-02
7.402000000000000455e+02 3.055602803412484775e-02
7.404000000000000909e+02 2.906187749993500644e-02
7.406000000000000227e+02 2.732173204701152797e-02
7.407999999999999545e+02 2.536616912133063048e-02
7.410000000000000000e+02 2.322726837446021861e-02
7.412000000000000455e+02 2.095027011806788533e-02
7.414000000000000909e+02 1.858803697533111671e-02
7.416000000000000227e+02 1.619754204397783059e-02
7.417999999999999545e+02 1.383619494109802200e-02
7.420000000000000000e+02 1.156181556132419679e-02
7.422000000000000455e+02 9.429747654401772830e-03
7.424000000000000909e+02 7.486393379225829599e-03
7.426000000000000227e+02 5.760938928515252702e-03
7.427999999999999545e+02 4.267600975318278263e-03
7.430000000000000000e+02 3.010650488398626361e-03
7.432000000000000455e+02 1.989153734939282190e-03
7.434000000000000909e+02 1.197077280610224460e-03
7.436000000000000227e+02 6.212310291813367925e-04
7.437999999999999545e+02 2.438969161578121683e-04
7.440000000000000000e+02 4.453779804974365670e-05
7.442000000000000455e+02 1.469544703314624594e-06
7.444000000000000909e+02 9.436733431357632006e-05
7.446000000000000227e+02 3.057841563801974452e-04
7.447999999999999545e+02 6.229382867498538603e-04
7.450000000000000000e+02 1.033839037332031719e-03
7.452000000000000455e+02 1.526908348521919005e-03
7.454000000000000909e+02 2.091037742035140382e-03
7.456000000000000227e+02 2.710429465649282030e-03
7.457999999999999545e+02 3.367736090490347067e-03
7.460000000000000000e+02 4.049515676371733854e-03
7.462000000000000455e+02 4.747420936514366516e-03
7.464000000000000909e+02 5.457419630290232145e-03
7.466000000000000227e+02 6.179222108685012219e-03
7.467999999999999545e+02 6.915680975870812548e-03
7.470000000000000000e+02 7.669320679132222984e-03
7.472000000000000455e+02 8.438001596345882926e-03
7.474000000000000909e+02 9.215021141863913301e-03
7.476000000000000227e+02 9.989906463693630154e-03
7.477999999999999545e+02 1.074876918283827580e-02
7.480000000000000000e+02 1.147510009527827682e-02
7.482000000000000455e+02 1.215157257457751168e-02
7.484000000000000909e+02 1.276218043985259849e-02
7.486000000000000227e+02 1.329500750425570942e-02
7.487999999999999545e+02 1.374151804016207450e-02
7.490000000000000000e+02 1.409646326666789094e-02
7.492000000000000455e+02 1.436223647848068954e-02
7.494000000000000909e+02 1.454752136273972096e-02
7.496000000000000227e+02 1.466669094249863602e-02
7.497999999999999545e+02 1.474249949385100615e-02
7.500000000000000000e+02 1.480282675595084863e-02
