4.500000000000000000e+02 2.472612386816456786e-01
4.501999999999999886e+02 2.402475247848206152e-01
4.503999999999999773e+02 2.332484033398356804e-01
4.506000000000000227e+02 2.262938070666593859e-01
4.508000000000000114e+02 2.194429473717559309e-01
4.510000000000000000e+02 2.127333696871637758e-01
4.511999999999999886e+02 2.062127015521890705e-01
4.513999999999999773e+02 1.999738588786585392e-01
4.516000000000000227e+02 1.940587753891155343e-01
4.518000000000000114e+02 1.885017594924178752e-01
4.520000000000000000e+02 1.833469556020567437e-01
4.521999999999999886e+02 1.786196891535463405e-01
4.523999999999999773e+02 1.743166935466421985e-01
4.526000000000000227e+02 1.704298881114114650e-01
4.528000000000000114e+02 1.669659351845629858e-01
4.530000000000000000e+02 1.638967064483800307e-01
4.531999999999999886e+02 1.611937923328413680e-01
4.533999999999999773e+02 1.588408137100683626e-01
4.536000000000000227e+02 1.568150700490698601e-01
4.538000000000000114e+02 1.551076183104150574e-01
4.540000000000000000e+02 1.537075775619313467e-01
4.541999999999999886e+02 1.525819235721682654e-01
4.543999999999999773e+02 1.516906648540569391e-01
4.546000000000000227e+02 1.509789094038749002e-01
4.548000000000000114e+02 1.503777580332242014e-01
4.550000000000000000e+02 1.498187264529759755e-01
4.551999999999999886e+02 1.492356917509747027e-01
4.553999999999999773e+02 1.485708573689857870e-01
4.556000000000000227e+02 1.477811790506148582e-01
4.558000000000000114e+02 1.468376267306888416e-01
4.560000000000000000e+02 1.457209542052730900e-01
4.561999999999999886e+02 1.444250338451388560e-01
4.563999999999999773e+02 1.429671193508665616e-01
4.566000000000000227e+02 1.413632893179869732e-01
4.568000000000000114e+02 1.396315476625648033e-01
4.570000000000000000e+02 1.377992093475875757e-01
4.571999999999999886e+02 1.358929478692535164e-01
4.573999999999999773e+02 1.339564874890763202e-01
4.576000000000000227e+02 1.320471285285087226e-01
4.578000000000000114e+02 1.302076835019752576e-01
4.580000000000000000e+02 1.284780411655017107e-01
4.581999999999999886e+02 1.268897715488845335e-01
4.583999999999999773e+02 1.254561746099062680e-01
4.586000000000000227e+02 1.241684489186823115e-01
4.588000000000000114e+02 1.230070497149071546e-01
4.590000000000000000e+02 1.219418648497516688e-01
4.591999999999999886e+02 1.209227820026057693e-01
4.593999999999999773e+02 1.199037094041297408e-01
4.596000000000000227e+02 1.188462564453422604e-01
4.598000000000000114e+02 1.177217660912479313e-01
4.600000000000000000e+02 1.165268044775187445e-01
4.601999999999999886e+02 1.152664203816895355e-01
4.603999999999999773e+02 1.139501051864889591e-01
4.606000000000000227e+02 1.126001800134727449e-01
4.608000000000000114e+02 1.112390733733495396e-01
4.610000000000000000e+02 1.098941849209840310e-01
4.611999999999999886e+02 1.086008329210900736e-01
4.613999999999999773e+02 1.073800571940535381e-01
4.616000000000000227e+02 1.062480581329267593e-01
4.618000000000000114e+02 1.052193552742621691e-01
4.620000000000000000e+02 1.043021639819323165e-01
4.621999999999999886e+02 1.034967294897909673e-01
4.623999999999999773e+02 1.027982121435856294e-01
4.626000000000000227e+02 1.021975475338714467e-01
4.628000000000000114e+02 1.016728971468447845e-01
4.630000000000000000e+02 1.011998985820262015e-01
4.631999999999999886e+02 1.007556309289393132e-01
4.633999999999999773e+02 1.003175310991866326e-01
4.636000000000000227e+02 9.986975968752827282e-02
4.638000000000000114e+02 9.940003645035330737e-02
4.640000000000000000e+02 9.889681106982579906e-02
4.641999999999999886e+02 9.835498104252407559e-02
4.643999999999999773e+02 9.777298016611110643e-02
4.646000000000000227e+02 9.715387606790557018e-02
4.648000000000000114e+02 9.650939747035439109e-02
4.650000000000000000e+02 9.584736973269142313e-02
4.651999999999999886e+02 9.517337841177314628e-02
4.653999999999999773e+02 9.449469333004546778e-02
4.656000000000000227e+02 9.382033871799552727e-02
4.658000000000000114e+02 9.315724947179233884e-02
4.660000000000000000e+02 9.251061478015143447e-02
4.661999999999999886e+02 9.188689697589440264e-02
4.663999999999999773e+02 9.128556369223535250e-02
4.666000000000000227e+02 9.070202249914008363e-02
4.668000000000000114e+02 9.013045297917134102e-02
4.670000000000000000e+02 8.955933140339952803e-02
4.671999999999999886e+02 8.898056686245450764e-02
4.673999999999999773e+02 8.839017824459059758e-02
4.676000000000000227e+02 8.778265484252523176e-02
4.678000000000000114e+02 8.715770224733129790e-02
4.680000000000000000e+02 8.651779419763294676e-02
4.681999999999999886e+02 8.586591747293274846e-02
4.683999999999999773e+02 8.520926732526080960e-02
4.686000000000000227e+02 8.454994924640261977e-02
4.688000000000000114e+02 8.388469127744664633e-02
4.690000000000000000e+02 8.321134758859065339e-02
4.691999999999999886e+02 8.252663917143449046e-02
4.693999999999999773e+02 8.182537453445798414e-02
4.696000000000000227e+02 8.110319302162566357e-02
4.698000000000000114e+02 8.036842143981276498e-02
4.700000000000000000e+02 7.963131176699152214e-02
4.701999999999999886e+02 7.890084792686330450e-02
4.703999999999999773e+02 7.818674200234490557e-02
4.706000000000000227e+02 7.749329352017302053e-02
4.708000000000000114e+02 7.682439362395183935e-02
4.710000000000000000e+02 7.618659699504375105e-02
4.711999999999999886e+02 7.558104124595040052e-02
4.713999999999999773e+02 7.501193263459914051e-02
4.716000000000000227e+02 7.448855034883021531e-02
4.718000000000000114e+02 7.402234923658027044e-02
4.720000000000000000e+02 7.362526979231358293e-02
4.721999999999999886e+02 7.331196187601093928e-02
4.723999999999999773e+02 7.309979146239238557e-02
4.726000000000000227e+02 7.300033088517877966e-02
4.728000000000000114e+02 7.301909259306037236e-02
4.730000000000000000e+02 7.315617285652387114e-02
4.731999999999999886e+02 7.340662216812972318e-02
4.733999999999999773e+02 7.375782873641129056e-02
4.736000000000000227e+02 7.419195825233161623e-02
4.738000000000000114e+02 7.468760315937550409e-02
4.740000000000000000e+02 7.521786310771036432e-02
4.741999999999999886e+02 7.575444367730804762e-02
4.743999999999999773e+02 7.626731160298858003e-02
4.746000000000000227e+02 7.672293362171934972e-02
4.748000000000000114e+02 7.709710914743422849e-02
4.750000000000000000e+02 7.737415592303407974e-02
4.751999999999999886e+02 7.754533563129700768e-02
4.753999999999999773e+02 7.761095865337512556e-02
4.756000000000000227e+02 7.758024694057698289e-02
4.758000000000000114e+02 7.747177878947349161e-02
4.760000000000000000e+02 7.731415621385254178e-02
4.761999999999999886e+02 7.714156214446563076e-02
4.763999999999999773e+02 7.699146521168880042e-02
4.766000000000000227e+02 7.690245278197745116e-02
4.768000000000000114e+02 7.690985976245016953e-02
4.770000000000000000e+02 7.704162580565519780e-02
4.771999999999999886e+02 7.731617351322532528e-02
4.773999999999999773e+02 7.774034583916784868e-02
4.776000000000000227e+02 7.830537814913572647e-02
4.778000000000000114e+02 7.898592241566555761e-02
4.780000000000000000e+02 7.974171597729735883e-02
4.781999999999999886e+02 8.052622468298989422e-02
4.783999999999999773e+02 8.128540435596638691e-02
4.786000000000000227e+02 8.196432478268814159e-02
4.788000000000000114e+02 8.251868238778822806e-02
4.790000000000000000e+02 8.291029103968736158e-02
4.791999999999999886e+02 8.310930007139946674e-02
4.793999999999999773e+02 8.309673987235136061e-02
4.796000000000000227e+02 8.286451737313539623e-02
4.798000000000000114e+02 8.241319407515422524e-02
4.800000000000000000e+02 8.175240851294701683e-02
4.801999999999999886e+02 8.090276452196067114e-02
4.803999999999999773e+02 7.989330818001663670e-02
4.806000000000000227e+02 7.876995745283647821e-02
4.808000000000000114e+02 7.759651555823303404e-02
4.810000000000000000e+02 7.643437164246433269e-02
4.811999999999999886e+02 7.534350970464807895e-02
4.813999999999999773e+02 7.437786287187736489e-02
4.816000000000000227e+02 7.357584902926923853e-02
4.818000000000000114e+02 7.295692994655106345e-02
4.820000000000000000e+02 7.252510121910921148e-02
4.821999999999999886e+02 7.227078259308548913e-02
4.823999999999999773e+02 7.217013638823718824e-02
4.826000000000000227e+02 7.219665733814713271e-02
4.828000000000000114e+02 7.232662423828532805e-02
4.830000000000000000e+02 7.254135834283534368e-02
4.831999999999999886e+02 7.282385719577275096e-02
4.833999999999999773e+02 7.315786908915632158e-02
4.836000000000000227e+02 7.352631010574543768e-02
4.838000000000000114e+02 7.390718394588442763e-02
4.840000000000000000e+02 7.427778781308186362e-02
4.841999999999999886e+02 7.461685375961887856e-02
4.843999999999999773e+02 7.490686358365936104e-02
4.846000000000000227e+02 7.514154557157430581e-02
4.848000000000000114e+02 7.532352943253763089e-02
4.850000000000000000e+02 7.546193242419974023e-02
4.851999999999999886e+02 7.557094281121079504e-02
4.853999999999999773e+02 7.566432653599047820e-02
4.856000000000000227e+02 7.575137653064513421e-02
4.858000000000000114e+02 7.583340677872739410e-02
4.860000000000000000e+02 7.590534194931253253e-02
4.861999999999999886e+02 7.595828563401098299e-02
4.863999999999999773e+02 7.598222252446429348e-02
4.866000000000000227e+02 7.597020258473061172e-02
4.868000000000000114e+02 7.591971357432125700e-02
4.870000000000000000e+02 7.583139256173204723e-02
4.871999999999999886e+02 7.570637894332624129e-02
4.873999999999999773e+02 7.554385828856687024e-02
4.876000000000000227e+02 7.534048686708966214e-02
4.878000000000000114e+02 7.508942727871180389e-02
4.880000000000000000e+02 7.477853058070797754e-02
4.881999999999999886e+02 7.439768827375874138e-02
4.883999999999999773e+02 7.394077568305097714e-02
4.886000000000000227e+02 7.340636514855033989e-02
4.888000000000000114e+02 7.280394276169353807e-02
4.890000000000000000e+02 7.215085471355961455e-02
4.891999999999999886e+02 7.147152557640898407e-02
4.893999999999999773e+02 7.080113925653082341e-02
4.896000000000000227e+02 7.017280299196043680e-02
4.898000000000000114e+02 6.961608740032847187e-02
4.900000000000000000e+02 6.915883088163327086e-02
4.901999999999999886e+02 6.881908278598004858e-02
4.903999999999999773e+02 6.860427006696726004e-02
4.906000000000000227e+02 6.851071649539178243e-02
4.908000000000000114e+02 6.852309801261430300e-02
4.910000000000000000e+02 6.862283486238807129e-02
4.911999999999999886e+02 6.879078836310800749e-02
4.913999999999999773e+02 6.900843340529078107e-02
4.916000000000000227e+02 6.926252360851184453e-02
4.918000000000000114e+02 6.954434309531702663e-02
4.920000000000000000e+02 6.984932743586286241e-02
4.921999999999999886e+02 7.017749063666296749e-02
4.923999999999999773e+02 7.052583557916132506e-02
4.926000000000000227e+02 7.088643394310792378e-02
4.928000000000000114e+02 7.124618789034642408e-02
4.930000000000000000e+02 7.158539309178225951e-02
4.931999999999999886e+02 7.188748395908381439e-02
4.933999999999999773e+02 7.214508314467438232e-02
4.936000000000000227e+02 7.236055058254138583e-02
4.938000000000000114e+02 7.254664693374207607e-02
4.940000000000000000e+02 7.272365099534726374e-02
4.941999999999999886e+02 7.291527744213843754e-02
4.943999999999999773e+02 7.314591926163259428e-02
4.946000000000000227e+02 7.343410901701867555e-02
4.948000000000000114e+02 7.378812543034475591e-02
4.950000000000000000e+02 7.420430229764475583e-02
4.951999999999999886e+02 7.467288505194079329e-02
4.953999999999999773e+02 7.518008138752921288e-02
4.956000000000000227e+02 7.571040102488274526e-02
4.958000000000000114e+02 7.625736598840635039e-02
4.960000000000000000e+02 7.681833377840360799e-02
4.961999999999999886e+02 7.739158519617266030e-02
4.963999999999999773e+02 7.797745416269220853e-02
4.966000000000000227e+02 7.856921749584104553e-02
4.968000000000000114e+02 7.915453159555313478e-02
4.970000000000000000e+02 7.971889259058154154e-02
4.971999999999999886e+02 8.023967323741228175e-02
4.973999999999999773e+02 8.069153058813208212e-02
4.976000000000000227e+02 8.105151231380340604e-02
4.978000000000000114e+02 8.130375120905850017e-02
4.980000000000000000e+02 8.143912656207243084e-02
4.981999999999999886e+02 8.145582564185772922e-02
4.983999999999999773e+02 8.135973070812341224e-02
4.986000000000000227e+02 8.116040240574216857e-02
4.988000000000000114e+02 8.086880704699324351e-02
4.990000000000000000e+02 8.049744448873860647e-02
4.991999999999999886e+02 8.006246944332301441e-02
4.993999999999999773e+02 7.957639114031159200e-02
4.996000000000000227e+02 7.904930690676653660e-02
4.998000000000000114e+02 7.849196061901386745e-02
5.000000000000000000e+02 7.791334944322804434e-02
5.001999999999999886e+02 7.732612267472541157e-02
5.003999999999999773e+02 7.674644921308655665e-02
5.006000000000000227e+02 7.618641339288143022e-02
5.008000000000000114e+02 7.565957470543244190e-02
5.010000000000000000e+02 7.517979540975847086e-02
5.011999999999999886e+02 7.475744395620408100e-02
5.013999999999999773e+02 7.439553351788652513e-02
5.016000000000000227e+02 7.409125968084327718e-02
5.018000000000000114e+02 7.383580528552351196e-02
5.020000000000000000e+02 7.361232123585023657e-02
5.021999999999999886e+02 7.340476641194051965e-02
5.023999999999999773e+02 7.320115258641168854e-02
5.026000000000000227e+02 7.299557042134949270e-02
5.028000000000000114e+02 7.279121275873493002e-02
5.030000000000000000e+02 7.259584520061569679e-02
5.031999999999999886e+02 7.241883280024215275e-02
5.033999999999999773e+02 7.226931238611164487e-02
5.036000000000000227e+02 7.215064421442933529e-02
5.038000000000000114e+02 7.205963378121239826e-02
5.040000000000000000e+02 7.198748181494071807e-02
5.041999999999999886e+02 7.192333380967996792e-02
5.043999999999999773e+02 7.185890430785739358e-02
5.046000000000000227e+02 7.179045496099127621e-02
5.048000000000000114e+02 7.171831175881399068e-02
5.050000000000000000e+02 7.164383407261186443e-02
5.051999999999999886e+02 7.156732019503686537e-02
5.053999999999999773e+02 7.148628919547060645e-02
5.056000000000000227e+02 7.139486222684640615e-02
5.058000000000000114e+02 7.128700601919042701e-02
5.060000000000000000e+02 7.115892693020427207e-02
5.061999999999999886e+02 7.101124280237705588e-02
5.063999999999999773e+02 7.085125951104070952e-02
5.066000000000000227e+02 7.068957066177501691e-02
5.068000000000000114e+02 7.053522971236042549e-02
5.070000000000000000e+02 7.039168494464208281e-02
5.071999999999999886e+02 7.025471292089446873e-02
5.073999999999999773e+02 7.011273249473044811e-02
5.076000000000000227e+02 6.995029322537964223e-02
5.078000000000000114e+02 6.975747471831356128e-02
5.080000000000000000e+02 6.953324733414152636e-02
5.081999999999999886e+02 6.928719255498386187e-02
5.083999999999999773e+02 6.903970912749611555e-02
5.086000000000000227e+02 6.881552996212947360e-02
5.088000000000000114e+02 6.863874305261855047e-02
5.090000000000000000e+02 6.852743154624663102e-02
5.091999999999999886e+02 6.848637686522511536e-02
5.093999999999999773e+02 6.850793748760604374e-02
5.096000000000000227e+02 6.857515055038254648e-02
5.098000000000000114e+02 6.866765112447546782e-02
5.100000000000000000e+02 6.876678779541056663e-02
5.101999999999999886e+02 6.885966295087193878e-02
5.103999999999999773e+02 6.894318525726433888e-02
5.106000000000000227e+02 6.902084025924305755e-02
5.108000000000000114e+02 6.909914377630631266e-02
5.110000000000000000e+02 6.918407742697821328e-02
5.111999999999999886e+02 6.927669737806040062e-02
5.113999999999999773e+02 6.936936543024289914e-02
5.116000000000000227e+02 6.944500424455490872e-02
5.118000000000000114e+02 6.947936394694551043e-02
5.120000000000000000e+02 6.944686853181947228e-02
5.122000000000000455e+02 6.932583235028970392e-02
5.123999999999999773e+02 6.910402915454544326e-02
5.126000000000000227e+02 6.878535210694702862e-02
5.127999999999999545e+02 6.838522859316512048e-02
5.130000000000000000e+02 6.792711677577191465e-02
5.132000000000000455e+02 6.743878815914793046e-02
5.133999999999999773e+02 6.694078118669223587e-02
5.136000000000000227e+02 6.644523375764772866e-02
5.137999999999999545e+02 6.595546422505162154e-02
5.140000000000000000e+02 6.546152088986399720e-02
5.142000000000000455e+02 6.495055795608971339e-02
5.143999999999999773e+02 6.441393390295885313e-02
5.146000000000000227e+02 6.385240010149338674e-02
5.147999999999999545e+02 6.327419507168370594e-02
5.150000000000000000e+02 6.269412118113736054e-02
5.152000000000000455e+02 6.213006529367417347e-02
5.153999999999999773e+02 6.158926726255288531e-02
5.156000000000000227e+02 6.107181769477152550e-02
5.157999999999999545e+02 6.057132741323312253e-02
5.160000000000000000e+02 6.007361452416763031e-02
5.162000000000000455e+02 5.956878936270367658e-02
5.163999999999999773e+02 5.905215029352362671e-02
5.166000000000000227e+02 5.852436327471973593e-02
5.167999999999999545e+02 5.799687521649560251e-02
5.170000000000000000e+02 5.748574968774747967e-02
5.172000000000000455e+02 5.700553182887293374e-02
5.173999999999999773e+02 5.656264316391742403e-02
5.176000000000000227e+02 5.615756554679088297e-02
5.177999999999999545e+02 5.578416599284603816e-02
5.180000000000000000e+02 5.543081939205876663e-02
5.182000000000000455e+02 5.508977424706890808e-02
5.183999999999999773e+02 5.475533341394483999e-02
5.186000000000000227e+02 5.442426481455717863e-02
5.187999999999999545e+02 5.409802839828374565e-02
5.190000000000000000e+02 5.377726367289595300e-02
5.192000000000000455e+02 5.346185660773764003e-02
5.193999999999999773e+02 5.315060767851605833e-02
5.196000000000000227e+02 5.283639147373182798e-02
5.197999999999999545e+02 5.251046476198231033e-02
5.200000000000000000e+02 5.216348483433447258e-02
5.202000000000000455e+02 5.178475129975754904e-02
5.203999999999999773e+02 5.136845963527628123e-02
5.206000000000000227e+02 5.091462681971694465e-02
5.207999999999999545e+02 5.042819622603324919e-02
5.210000000000000000e+02 4.991567368603558319e-02
5.212000000000000455e+02 4.938841838582209987e-02
5.213999999999999773e+02 4.885984676999523268e-02
5.216000000000000227e+02 4.833825674056258653e-02
5.217999999999999545e+02 4.783042453655670517e-02
5.220000000000000000e+02 4.733871312783158314e-02
5.222000000000000455e+02 4.685964060717112689e-02
5.223999999999999773e+02 4.639010589626870601e-02
5.226000000000000227e+02 4.592411844768370249e-02
5.227999999999999545e+02 4.545489489453310994e-02
5.230000000000000000e+02 4.498109516939088198e-02
5.232000000000000455e+02 4.450664350545036757e-02
5.233999999999999773e+02 4.403865932743473294e-02
5.236000000000000227e+02 4.358626366347152087e-02
5.237999999999999545e+02 4.316119690084520982e-02
5.240000000000000000e+02 4.276976592184280473e-02
5.242000000000000455e+02 4.241195449483748520e-02
5.243999999999999773e+02 4.208458146337839406e-02
5.246000000000000227e+02 4.177952982099256141e-02
5.247999999999999545e+02 4.148872419817107443e-02
5.250000000000000000e+02 4.120820117464688709e-02
5.252000000000000455e+02 4.093788979501992303e-02
5.253999999999999773e+02 4.068472842459659733e-02
5.256000000000000227e+02 4.046140359416108834e-02
5.257999999999999545e+02 4.028200056196980933e-02
5.260000000000000000e+02 4.015868555191805939e-02
5.262000000000000455e+02 4.009730151770613676e-02
5.263999999999999773e+02 4.009512473870592564e-02
5.266000000000000227e+02 4.014409495327465882e-02
5.267999999999999545e+02 4.023394500747524277e-02
5.270000000000000000e+02 4.035423616318732642e-02
5.272000000000000455e+02 4.049597956563687207e-02
5.273999999999999773e+02 4.065074076443044720e-02
5.276000000000000227e+02 4.081305775781608053e-02
5.277999999999999545e+02 4.098206377098319309e-02
5.280000000000000000e+02 4.116017608171695930e-02
5.282000000000000455e+02 4.135320734213729366e-02
5.283999999999999773e+02 4.156815574011839959e-02
5.286000000000000227e+02 4.180977633976803998e-02
5.287999999999999545e+02 4.208276013348970224e-02
5.290000000000000000e+02 4.239052508828551613e-02
5.292000000000000455e+02 4.273519851901650540e-02
5.293999999999999773e+02 4.312160566236315079e-02
5.296000000000000227e+02 4.355630481879731175e-02
5.297999999999999545e+02 4.405462468020275579e-02
5.300000000000000000e+02 4.465580155376139976e-02
5.302000000000000455e+02 4.544394213576353342e-02
5.303999999999999773e+02 4.657153556815420148e-02
5.306000000000000227e+02 4.829199312371500880e-02
5.307999999999999545e+02 5.101255627950269239e-02
5.310000000000000000e+02 5.526425534744994206e-02
5.312000000000000455e+02 6.170039828949086536e-02
5.313999999999999773e+02 7.109465707964865433e-02
5.316000000000000227e+02 8.420663966473970752e-02
5.317999999999999545e+02 1.018034264345824003e-01
5.320000000000000000e+02 1.245963204388962076e-01
5.322000000000000455e+02 1.529492450815418958e-01
5.323999999999999773e+02 1.871599307133944012e-01
5.326000000000000227e+02 2.274378939802164656e-01
5.327999999999999545e+02 2.737207096139557816e-01
5.330000000000000000e+02 3.256938157986966065e-01
5.332000000000000455e+02 3.829775209936454039e-01
5.333999999999999773e+02 4.450328448970593542e-01
5.336000000000000227e+02 5.105092397968111761e-01
5.337999999999999545e+02 5.780740155011218073e-01
5.340000000000000000e+02 6.463352668887256680e-01
5.342000000000000455e+02 7.134085624112711521e-01
5.343999999999999773e+02 7.775475052187575953e-01
5.346000000000000227e+02 8.367890061249765310e-01
5.347999999999999545e+02 8.889441967740943085e-01
5.350000000000000000e+02 9.325145591576978754e-01
5.352000000000000455e+02 9.661972138833129220e-01
5.353999999999999773e+02 9.888989571484529950e-01
5.356000000000000227e+02 1.000000000000000000e+00
5.357999999999999545e+02 9.992525024662359812e-01
5.360000000000000000e+02 9.868182595708717697e-01
5.362000000000000455e+02 9.632703809935402317e-01
5.363999999999999773e+02 9.294725631930648158e-01
5.366000000000000227e+02 8.866272385354606600e-01
5.367999999999999545e+02 8.361018553831911504e-01
5.370000000000000000e+02 7.792511872572692733e-01
5.372000000000000455e+02 7.179616667466584001e-01
5.373999999999999773e+02 6.540069646694575134e-01
5.376000000000000227e+02 5.887863386021939816e-01
5.377999999999999545e+02 5.239012288261601924e-01
5.380000000000000000e+02 4.606488410926039556e-01
5.382000000000000455e+02 4.002026909526952836e-01
5.383999999999999773e+02 3.439326466783628189e-01
5.386000000000000227e+02 2.924702595397909999e-01
5.387999999999999545e+02 2.461509617909377334e-01
5.390000000000000000e+02 2.052403153497804611e-01
5.392000000000000455e+02 1.695960834587279531e-01
5.393999999999999773e+02 1.390823757755331735e-01
5.396000000000000227e+02 1.134677714524842812e-01
5.397999999999999545e+02 9.218121298635817418e-02
5.400000000000000000e+02 7.473132507458400686e-02
5.402000000000000455e+02 6.067364104122652951e-02
5.403999999999999773e+02 4.955611987541837238e-02
5.406000000000000227e+02 4.092467551128137898e-02
5.407999999999999545e+02 3.437383940010244748e-02
5.410000000000000000e+02 2.952159084124120897e-02
5.412000000000000455e+02 2.597442258028304085e-02
5.413999999999999773e+02 2.342694570115458341e-02
5.416000000000000227e+02 2.163857445264251098e-02
5.417999999999999545e+02 2.041613965943224474e-02
5.420000000000000000e+02 1.962138997006731764e-02
5.422000000000000455e+02 1.914104847880395213e-02
5.423999999999999773e+02 1.888239422756022440e-02
5.426000000000000227e+02 1.877773578522450720e-02
5.427999999999999545e+02 1.877384258073559048e-02
5.430000000000000000e+02 1.882904850799591023e-02
5.432000000000000455e+02 1.891215541541007086e-02
5.433999999999999773e+02 1.900104415519940013e-02
5.436000000000000227e+02 1.908133462747373110e-02
5.437999999999999545e+02 1.914434441618406008e-02
5.440000000000000000e+02 1.918514703649679132e-02
5.442000000000000455e+02 1.920213186035522879e-02
5.443999999999999773e+02 1.919512438455792461e-02
5.446000000000000227e+02 1.916424364232465621e-02
5.447999999999999545e+02 1.910964964528033203e-02
5.450000000000000000e+02 1.903267427529487313e-02
5.452000000000000455e+02 1.893566808770787840e-02
5.453999999999999773e+02 1.882173259302113988e-02
5.456000000000000227e+02 1.869611256723104423e-02
5.457999999999999545e+02 1.856520564220285816e-02
5.460000000000000000e+02 1.843732818492418296e-02
5.462000000000000455e+02 1.832566983875327793e-02
5.463999999999999773e+02 1.823897492365799886e-02
5.466000000000000227e+02 1.818338218694776076e-02
5.467999999999999545e+02 1.816699742679350749e-02
5.470000000000000000e+02 1.819387549462940165e-02
5.472000000000000455e+02 1.826483712165308249e-02
5.473999999999999773e+02 1.837861833842131115e-02
5.476000000000000227e+02 1.853180729408169386e-02
5.477999999999999545e+02 1.872143757356503624e-02
5.480000000000000000e+02 1.894606741329692839e-02
5.482000000000000455e+02 1.920495055439573953e-02
5.483999999999999773e+02 1.949916028290080150e-02
5.486000000000000227e+02 1.983006026198563462e-02
5.487999999999999545e+02 2.019544708565177912e-02
5.490000000000000000e+02 2.059209944580181820e-02
5.492000000000000455e+02 2.101601315317866078e-02
5.493999999999999773e+02 2.146150939839097313e-02
5.496000000000000227e+02 2.191880578758527431e-02
5.497999999999999545e+02 2.237810811668792393e-02
5.500000000000000000e+02 2.283303814287635652e-02
5.502000000000000455e+02 2.327979814167715350e-02
5.503999999999999773e+02 2.371483360264511550e-02
5.506000000000000227e+02 2.413492841860531354e-02
5.507999999999999545e+02 2.454087299441443798e-02
5.510000000000000000e+02 2.493427812545575065e-02
5.512000000000000455e+02 2.531578366188422247e-02
5.513999999999999773e+02 2.568403707647461121e-02
5.516000000000000227e+02 2.604109791763515105e-02
5.517999999999999545e+02 2.639138645148459209e-02
5.520000000000000000e+02 2.673941183839871269e-02
5.522000000000000455e+02 2.709143757888185858e-02
5.523999999999999773e+02 2.745190458341687997e-02
5.526000000000000227e+02 2.782132930500408677e-02
5.527999999999999545e+02 2.820110467023618367e-02
5.530000000000000000e+02 2.859440748115093384e-02
5.532000000000000455e+02 2.900619800666779519e-02
5.533999999999999773e+02 2.944251390314078787e-02
5.536000000000000227e+02 2.991234699534750172e-02
5.537999999999999545e+02 3.042594573048672604e-02
5.540000000000000000e+02 3.099000448378770589e-02
5.542000000000000455e+02 3.160344974942499302e-02
5.543999999999999773e+02 3.226163849557706770e-02
5.546000000000000227e+02 3.296204182457431603e-02
5.547999999999999545e+02 3.370343819744246738e-02
5.550000000000000000e+02 3.448290881020493054e-02
5.552000000000000455e+02 3.529595012402659410e-02
5.553999999999999773e+02 3.614690553835819831e-02
5.556000000000000227e+02 3.704123386048145672e-02
5.557999999999999545e+02 3.798291453244854315e-02
5.560000000000000000e+02 3.897773116990389808e-02
5.562000000000000455e+02 4.002158161670946179e-02
5.563999999999999773e+02 4.110241865419755891e-02
5.566000000000000227e+02 4.221025537426773000e-02
5.567999999999999545e+02 4.333724297915540757e-02
5.570000000000000000e+02 4.447624321104694939e-02
5.572000000000000455e+02 4.562097702516643150e-02
5.573999999999999773e+02 4.677691394455345264e-02
5.576000000000000227e+02 4.795447314824927837e-02
5.577999999999999545e+02 4.916110207256231546e-02
5.580000000000000000e+02 5.039134577165571560e-02
5.582000000000000455e+02 5.163820839634822302e-02
5.583999999999999773e+02 5.289745290207250455e-02
5.586000000000000227e+02 5.416408726013238056e-02
5.587999999999999545e+02 5.542764147237402156e-02
5.590000000000000000e+02 5.667858579043887068e-02
5.592000000000000455e+02 5.792106322459660700e-02
5.593999999999999773e+02 5.915958089957568111e-02
5.596000000000000227e+02 6.040048911854380143e-02
5.597999999999999545e+02 6.165410538531553714e-02
5.600000000000000000e+02 6.291796389303831727e-02
5.602000000000000455e+02 6.418638366158042896e-02
5.603999999999999773e+02 6.545774755215326424e-02
5.606000000000000227e+02 6.673148272728816888e-02
5.607999999999999545e+02 6.800504232049928155e-02
5.610000000000000000e+02 6.927674677880382714e-02
5.612000000000000455e+02 7.055643921995888301e-02
5.613999999999999773e+02 7.185523857085511501e-02
5.616000000000000227e+02 7.317857343542089055e-02
5.617999999999999545e+02 7.452045638182608345e-02
5.620000000000000000e+02 7.587968941626320463e-02
5.622000000000000455e+02 7.725969495904008721e-02
5.623999999999999773e+02 7.866419254787862525e-02
5.626000000000000227e+02 8.008951197297477231e-02
5.627999999999999545e+02 8.153461901468884998e-02
5.630000000000000000e+02 8.300687904159809172e-02
5.632000000000000455e+02 8.451479668094789843e-02
5.633999999999999773e+02 8.605810940854667634e-02
5.636000000000000227e+02 8.762945625738485789e-02
5.637999999999999545e+02 8.922855250649529280e-02
5.640000000000000000e+02 9.084865975031172769e-02
5.642000000000000455e+02 9.248102097630941931e-02
5.643999999999999773e+02 9.412703546020910472e-02
5.646000000000000227e+02 9.578376968976583250e-02
5.647999999999999545e+02 9.745104244205124444e-02
5.650000000000000000e+02 9.913962968063422254e-02
5.652000000000000455e+02 1.008578866441571242e-01
5.653999999999999773e+02 1.026030055908869476e-01
5.656000000000000227e+02 1.043610229834102399e-01
5.657999999999999545e+02 1.061274775591405789e-01
5.660000000000000000e+02 1.079025817041140423e-01
5.662000000000000455e+02 1.096854216870515458e-01
5.663999999999999773e+02 1.114665925678816338e-01
5.666000000000000227e+02 1.132458363902824200e-01
5.667999999999999545e+02 1.150323235886709927e-01
5.670000000000000000e+02 1.168369977615673072e-01
5.672000000000000455e+02 1.186610937854150755e-01
5.673999999999999773e+02 1.205059070549889949e-01
5.676000000000000227e+02 1.223810432699948825e-01
5.677999999999999545e+02 1.242846994278201112e-01
5.680000000000000000e+02 1.262148802264488334e-01
5.682000000000000455e+02 1.281733232008914203e-01
5.683999999999999773e+02 1.301494375963913874e-01
5.686000000000000227e+02 1.321400469944839784e-01
5.687999999999999545e+02 1.341527017855453363e-01
5.690000000000000000e+02 1.361929591611141799e-01
5.692000000000000455e+02 1.382527794991135761e-01
5.693999999999999773e+02 1.403194058096131625e-01
5.696000000000000227e+02 1.423922771509965601e-01
5.697999999999999545e+02 1.444741090125494232e-01
5.700000000000000000e+02 1.465613295886706580e-01
5.702000000000000455e+02 1.486395914273730690e-01
5.703999999999999773e+02 1.507048955769723642e-01
5.706000000000000227e+02 1.527582030777031863e-01
5.707999999999999545e+02 1.547985659826818516e-01
5.710000000000000000e+02 1.568147208700408912e-01
5.712000000000000455e+02 1.588064896254980374e-01
5.713999999999999773e+02 1.607843449956985193e-01
5.716000000000000227e+02 1.627499300637329505e-01
5.717999999999999545e+02 1.647093599847221923e-01
5.720000000000000000e+02 1.666673210908891367e-01
5.722000000000000455e+02 1.686157703907926186e-01
5.723999999999999773e+02 1.705588236211492692e-01
5.726000000000000227e+02 1.725078892544895659e-01
5.727999999999999545e+02 1.744715039002227297e-01
5.730000000000000000e+02 1.764424522297004805e-01
5.732000000000000455e+02 1.784148189692574271e-01
5.733999999999999773e+02 1.803928220030246166e-01
5.736000000000000227e+02 1.823838413696537708e-01
5.737999999999999545e+02 1.843873195089670569e-01
5.740000000000000000e+02 1.863976109223195454e-01
5.742000000000000455e+02 1.884187647327786319e-01
5.743999999999999773e+02 1.904547652146449943e-01
5.746000000000000227e+02 1.925021595403308694e-01
5.747999999999999545e+02 1.945456131283113399e-01
5.750000000000000000e+02 1.965845800157012824e-01
5.752000000000000455e+02 1.986220706674863001e-01
5.753999999999999773e+02 2.006540683869005859e-01
5.756000000000000227e+02 2.026841012334476277e-01
5.757999999999999545e+02 2.047104280245513608e-01
5.760000000000000000e+02 2.067246435673074367e-01
5.762000000000000455e+02 2.087346585448026093e-01
5.763999999999999773e+02 2.107506493233168021e-01
5.766000000000000227e+02 2.127753673428741388e-01
5.767999999999999545e+02 2.147955890873647911e-01
5.770000000000000000e+02 2.168005311893960174e-01
5.772000000000000455e+02 2.187887190458227271e-01
5.773999999999999773e+02 2.207689837926462562e-01
5.776000000000000227e+02 2.227342782993931292e-01
5.777999999999999545e+02 2.246810716633395322e-01
5.780000000000000000e+02 2.266226556476223786e-01
5.782000000000000455e+02 2.285484931037175815e-01
5.783999999999999773e+02 2.304542240723788382e-01
5.786000000000000227e+02 2.323504060997693965e-01
5.787999999999999545e+02 2.342242981809424529e-01
5.790000000000000000e+02 2.360726555408943772e-01
5.792000000000000455e+02 2.379010821270139131e-01
5.793999999999999773e+02 2.396938947685844923e-01
5.796000000000000227e+02 2.414536630667196426e-01
5.797999999999999545e+02 2.431920203052686247e-01
5.800000000000000000e+02 2.449039882676199709e-01
5.802000000000000455e+02 2.466006904719617310e-01
5.803999999999999773e+02 2.482921652202168261e-01
5.806000000000000227e+02 2.499690170512054721e-01
5.807999999999999545e+02 2.516295619826988128e-01
5.810000000000000000e+02 2.532765389504362252e-01
5.812000000000000455e+02 2.549110093900189278e-01
5.813999999999999773e+02 2.565240304817663630e-01
5.816000000000000227e+02 2.581177321640670819e-01
5.817999999999999545e+02 2.597039831491000372e-01
5.820000000000000000e+02 2.612778156834127397e-01
5.822000000000000455e+02 2.628474243201265881e-01
5.823999999999999773e+02 2.644266337484678098e-01
5.826000000000000227e+02 2.660095178777094893e-01
5.827999999999999545e+02 2.676002830750991990e-01
5.830000000000000000e+02 2.691990512537613678e-01
5.832000000000000455e+02 2.707844532736350396e-01
5.833999999999999773e+02 2.723514333761984374e-01
5.836000000000000227e+02 2.738957546105814655e-01
5.837999999999999545e+02 2.754064693958572785e-01
5.840000000000000000e+02 2.768971321021058696e-01
5.842000000000000455e+02 2.783781813864305010e-01
5.843999999999999773e+02 2.798490333906741845e-01
5.846000000000000227e+02 2.813164584166027993e-01
5.847999999999999545e+02 2.827863312091336012e-01
5.850000000000000000e+02 2.842573366211545438e-01
5.852000000000000455e+02 2.857154840769995929e-01
5.853999999999999773e+02 2.871564063031519232e-01
5.856000000000000227e+02 2.885760395124846722e-01
5.857999999999999545e+02 2.899572455977637020e-01
5.860000000000000000e+02 2.913046320467376771e-01
5.862000000000000455e+02 2.926288425983084029e-01
5.863999999999999773e+02 2.939343708737588989e-01
5.866000000000000227e+02 2.952406933137362577e-01
5.867999999999999545e+02 2.965562858569641413e-01
5.870000000000000000e+02 2.978714202522079191e-01
5.872000000000000455e+02 2.991845272219688656e-01
5.873999999999999773e+02 3.004853740213040414e-01
5.876000000000000227e+02 3.017578582187783742e-01
5.877999999999999545e+02 3.029998309052832073e-01
5.880000000000000000e+02 3.042131430689350435e-01
5.882000000000000455e+02 3.053979784841575618e-01
5.883999999999999773e+02 3.065505296386814571e-01
5.886000000000000227e+02 3.076832936069076596e-01
5.887999999999999545e+02 3.088100868842904578e-01
5.890000000000000000e+02 3.099322183449815804e-01
5.892000000000000455e+02 3.110557087968929824e-01
5.893999999999999773e+02 3.121760598864560809e-01
5.896000000000000227e+02 3.132749059868710217e-01
5.897999999999999545e+02 3.143477563028744259e-01
5.900000000000000000e+02 3.153881494765653493e-01
5.902000000000000455e+02 3.163881071303014658e-01
5.903999999999999773e+02 3.173553654851007932e-01
5.906000000000000227e+02 3.182917518393899581e-01
5.907999999999999545e+02 3.191973419027803738e-01
5.910000000000000000e+02 3.200847858631238330e-01
5.912000000000000455e+02 3.209608017551019987e-01
5.913999999999999773e+02 3.218289115454041061e-01
5.916000000000000227e+02 3.226944340608780548e-01
5.917999999999999545e+02 3.235573807247293376e-01
5.920000000000000000e+02 3.244118439892227368e-01
5.922000000000000455e+02 3.252493571347012113e-01
5.923999999999999773e+02 3.260735751099768098e-01
5.926000000000000227e+02 3.268861022522495108e-01
5.927999999999999545e+02 3.276846748096781115e-01
5.930000000000000000e+02 3.284763045214344479e-01
5.932000000000000455e+02 3.292622879567654870e-01
5.933999999999999773e+02 3.300412967432751477e-01
5.936000000000000227e+02 3.308217108031792364e-01
5.937999999999999545e+02 3.316027722773921549e-01
5.940000000000000000e+02 3.323807278408758004e-01
5.942000000000000455e+02 3.331583790543981016e-01
5.943999999999999773e+02 3.339307218091298046e-01
5.946000000000000227e+02 3.346953835497372132e-01
5.947999999999999545e+02 3.354586224356591595e-01
5.950000000000000000e+02 3.362183863337788181e-01
5.952000000000000455e+02 3.369722940443084513e-01
5.953999999999999773e+02 3.377214566372899185e-01
5.956000000000000227e+02 3.384676408127617608e-01
5.957999999999999545e+02 3.392089456890887700e-01
5.960000000000000000e+02 3.399423750040616587e-01
5.962000000000000455e+02 3.406708456920265471e-01
5.963999999999999773e+02 3.413879383709287896e-01
5.966000000000000227e+02 3.420841359193736997e-01
5.967999999999999545e+02 3.427579503676307371e-01
5.970000000000000000e+02 3.434023228760730850e-01
5.972000000000000455e+02 3.440106457086519742e-01
5.973999999999999773e+02 3.445816459431079726e-01
5.976000000000000227e+02 3.451081328609235666e-01
5.977999999999999545e+02 3.455869282026381439e-01
5.980000000000000000e+02 3.460225187525851620e-01
5.982000000000000455e+02 3.464178385214256028e-01
5.983999999999999773e+02 3.467790131630286155e-01
5.986000000000000227e+02 3.471152578951215983e-01
5.987999999999999545e+02 3.474339289159684152e-01
5.990000000000000000e+02 3.477382570565908382e-01
5.992000000000000455e+02 3.480307090101862344e-01
5.993999999999999773e+02 3.483182412357176405e-01
5.996000000000000227e+02 3.486063512486777261e-01
5.997999999999999545e+02 3.489008311207024704e-01
6.000000000000000000e+02 3.492095088398110003e-01
6.002000000000000455e+02 3.495363328217268029e-01
6.003999999999999773e+02 3.498853629244800256e-01
6.006000000000000227e+02 3.502613379899213175e-01
6.007999999999999545e+02 3.506604700846240319e-01
6.010000000000000000e+02 3.510780070592658397e-01
6.012000000000000455e+02 3.515089755021602036e-01
6.013999999999999773e+02 3.519417228195134695e-01
6.016000000000000227e+02 3.523663105162530007e-01
6.017999999999999545e+02 3.527744270897874568e-01
6.020000000000000000e+02 3.531561099958206440e-01
6.022000000000000455e+02 3.535079708206780857e-01
6.023999999999999773e+02 3.538315153071162067e-01
6.026000000000000227e+02 3.541295876260270870e-01
6.027999999999999545e+02 3.544033599160303361e-01
6.030000000000000000e+02 3.546545264517952933e-01
6.032000000000000455e+02 3.548862819744090236e-01
6.033999999999999773e+02 3.550994706208437934e-01
6.036000000000000227e+02 3.552967896509098833e-01
6.037999999999999545e+02 3.554828060158208292e-01
6.040000000000000000e+02 3.556577860629568377e-01
6.042000000000000455e+02 3.558207724005995054e-01
6.043999999999999773e+02 3.559708373302186146e-01
6.046000000000000227e+02 3.561079720705733198e-01
6.047999999999999545e+02 3.562378862584311134e-01
6.050000000000000000e+02 3.563691707279426080e-01
6.052000000000000455e+02 3.565088589859217727e-01
6.053999999999999773e+02 3.566631343438980140e-01
6.056000000000000227e+02 3.568353744648881665e-01
6.057999999999999545e+02 3.570249679781263841e-01
6.060000000000000000e+02 3.572308810822493186e-01
6.062000000000000455e+02 3.574515230874549254e-01
6.063999999999999773e+02 3.576838852990179562e-01
6.066000000000000227e+02 3.579218018924603117e-01
6.067999999999999545e+02 3.581613954148521461e-01
6.070000000000000000e+02 3.584020610154164954e-01
6.072000000000000455e+02 3.586448210758432231e-01
6.073999999999999773e+02 3.588949221236761300e-01
6.076000000000000227e+02 3.591572980314849395e-01
6.077999999999999545e+02 3.594297725248001840e-01
6.080000000000000000e+02 3.597083786922979920e-01
6.082000000000000455e+02 3.599857117519548733e-01
6.083999999999999773e+02 3.602496354947756219e-01
6.086000000000000227e+02 3.604906094890162338e-01
6.087999999999999545e+02 3.607001521526473353e-01
6.090000000000000000e+02 3.608706368510077866e-01
6.092000000000000455e+02 3.609992608494207444e-01
6.093999999999999773e+02 3.610852074011011714e-01
6.096000000000000227e+02 3.611294122027108866e-01
6.097999999999999545e+02 3.611364846378533056e-01
6.100000000000000000e+02 3.611089870761187148e-01
6.102000000000000455e+02 3.610461818174025561e-01
6.103999999999999773e+02 3.609442419735105489e-01
6.106000000000000227e+02 3.607976801295036395e-01
6.107999999999999545e+02 3.606019699799506983e-01
6.110000000000000000e+02 3.603556108623692800e-01
6.112000000000000455e+02 3.600571791958450674e-01
6.113999999999999773e+02 3.597109677207382950e-01
6.116000000000000227e+02 3.593292469633944108e-01
6.117999999999999545e+02 3.589235492262730642e-01
6.120000000000000000e+02 3.585072925635158780e-01
6.122000000000000455e+02 3.580940680411949795e-01
6.123999999999999773e+02 3.576891114951329942e-01
6.126000000000000227e+02 3.572959975565775381e-01
6.127999999999999545e+02 3.569154766093701747e-01
6.130000000000000000e+02 3.565405584364662039e-01
6.132000000000000455e+02 3.561678222259730409e-01
6.133999999999999773e+02 3.557966367445866140e-01
6.136000000000000227e+02 3.554262561627627992e-01
6.137999999999999545e+02 3.550583866116793774e-01
6.140000000000000000e+02 3.546991366020097458e-01
6.142000000000000455e+02 3.543582454640760715e-01
6.143999999999999773e+02 3.540383415920946852e-01
6.146000000000000227e+02 3.537373346128341867e-01
6.147999999999999545e+02 3.534490864696016033e-01
6.150000000000000000e+02 3.531613617187432386e-01
6.152000000000000455e+02 3.528639539984657070e-01
6.153999999999999773e+02 3.525491466014303854e-01
6.156000000000000227e+02 3.522081167497738696e-01
6.157999999999999545e+02 3.518397813528142959e-01
6.160000000000000000e+02 3.514490356676571725e-01
6.162000000000000455e+02 3.510429654810054978e-01
6.163999999999999773e+02 3.506354111738624879e-01
6.166000000000000227e+02 3.502401959116052121e-01
6.167999999999999545e+02 3.498648207401179322e-01
6.170000000000000000e+02 3.495107780700971722e-01
6.172000000000000455e+02 3.491766000231322775e-01
6.173999999999999773e+02 3.488590070804317156e-01
6.176000000000000227e+02 3.485519675487818714e-01
6.177999999999999545e+02 3.482532722026455696e-01
6.180000000000000000e+02 3.479641897076042878e-01
6.182000000000000455e+02 3.476835846236705496e-01
6.183999999999999773e+02 3.474139758491538443e-01
6.186000000000000227e+02 3.471596263073828403e-01
6.187999999999999545e+02 3.469216865942231220e-01
6.190000000000000000e+02 3.466999521969091891e-01
6.192000000000000455e+02 3.464887021203649220e-01
6.193999999999999773e+02 3.462730836163264714e-01
6.196000000000000227e+02 3.460359427743024963e-01
6.197999999999999545e+02 3.457587098905302025e-01
6.200000000000000000e+02 3.454237731237483899e-01
6.202000000000000455e+02 3.450236565285643708e-01
6.203999999999999773e+02 3.445569035338444941e-01
6.206000000000000227e+02 3.440254419332729463e-01
6.207999999999999545e+02 3.434328211783232998e-01
6.210000000000000000e+02 3.427872569726111429e-01
6.212000000000000455e+02 3.420968691770374659e-01
6.213999999999999773e+02 3.413614462940612881e-01
6.216000000000000227e+02 3.405862274808699741e-01
6.217999999999999545e+02 3.397751034456667485e-01
6.220000000000000000e+02 3.389233373994515741e-01
6.222000000000000455e+02 3.380376282081706263e-01
6.223999999999999773e+02 3.371263359867439635e-01
6.226000000000000227e+02 3.361947367418183785e-01
6.227999999999999545e+02 3.352609118276416722e-01
6.230000000000000000e+02 3.343378969357391761e-01
6.232000000000000455e+02 3.334299610683529314e-01
6.233999999999999773e+02 3.325463345406580173e-01
6.236000000000000227e+02 3.316853293330707109e-01
6.237999999999999545e+02 3.308388459646171009e-01
6.240000000000000000e+02 3.300091046393524019e-01
6.242000000000000455e+02 3.291960823925361712e-01
6.243999999999999773e+02 3.283973224551083869e-01
6.246000000000000227e+02 3.276113078786784261e-01
6.247999999999999545e+02 3.268411796264356628e-01
6.250000000000000000e+02 3.260867359147814892e-01
6.252000000000000455e+02 3.253400794863136047e-01
6.253999999999999773e+02 3.245983197557885114e-01
6.256000000000000227e+02 3.238521731920291913e-01
6.257999999999999545e+02 3.230851424764062396e-01
6.260000000000000000e+02 3.222921162104471771e-01
6.262000000000000455e+02 3.214671403883096468e-01
6.263999999999999773e+02 3.206058105412710191e-01
6.266000000000000227e+02 3.197187083365923277e-01
6.267999999999999545e+02 3.188101679927038412e-01
6.270000000000000000e+02 3.178823414201441544e-01
6.272000000000000455e+02 3.169450576697466770e-01
6.273999999999999773e+02 3.159953496040680543e-01
6.276000000000000227e+02 3.150271734880475960e-01
6.277999999999999545e+02 3.140403877292586299e-01
6.280000000000000000e+02 3.130283406271073821e-01
6.282000000000000455e+02 3.119840119477097495e-01
6.283999999999999773e+02 3.109064025819172628e-01
6.286000000000000227e+02 3.098077314383710368e-01
6.287999999999999545e+02 3.086954660091741909e-01
6.290000000000000000e+02 3.075734490861687376e-01
6.292000000000000455e+02 3.064601085885310661e-01
6.293999999999999773e+02 3.053642328214780655e-01
6.296000000000000227e+02 3.042887439707828157e-01
6.297999999999999545e+02 3.032437908241054081e-01
6.300000000000000000e+02 3.022244182109827260e-01
6.302000000000000455e+02 3.012223398741405989e-01
6.303999999999999773e+02 3.002385965965738146e-01
6.306000000000000227e+02 2.992656477332757969e-01
6.307999999999999545e+02 2.982994019297475763e-01
6.310000000000000000e+02 2.973446629999305091e-01
6.312000000000000455e+02 2.963989661173211942e-01
6.313999999999999773e+02 2.954569044874770234e-01
6.316000000000000227e+02 2.945145682377053320e-01
6.317999999999999545e+02 2.935746393861574655e-01
6.320000000000000000e+02 2.926308702537940287e-01
6.322000000000000455e+02 2.916719188720108824e-01
6.323999999999999773e+02 2.906944960911609366e-01
6.326000000000000227e+02 2.896881634097985270e-01
6.327999999999999545e+02 2.886463427430982498e-01
6.330000000000000000e+02 2.875793068938772290e-01
6.332000000000000455e+02 2.864895323403109928e-01
6.333999999999999773e+02 2.853819163739337306e-01
6.336000000000000227e+02 2.842689963406828668e-01
6.337999999999999545e+02 2.831490095552753328e-01
6.340000000000000000e+02 2.820249646597950965e-01
6.342000000000000455e+02 2.809070796347937216e-01
6.343999999999999773e+02 2.797902005645060419e-01
6.346000000000000227e+02 2.786730435872076250e-01
6.347999999999999545e+02 2.775586976601719935e-01
6.350000000000000000e+02 2.764436766851586791e-01
6.352000000000000455e+02 2.753276964907115931e-01
6.353999999999999773e+02 2.742173556040584659e-01
6.356000000000000227e+02 2.731257427661975545e-01
6.357999999999999545e+02 2.720495066514443394e-01
6.360000000000000000e+02 2.709805673955110739e-01
6.362000000000000455e+02 2.699145529745640704e-01
6.363999999999999773e+02 2.688319245144821235e-01
6.366000000000000227e+02 2.677168979148743522e-01
6.367999999999999545e+02 2.665625329380266750e-01
6.370000000000000000e+02 2.653502936043858895e-01
6.372000000000000455e+02 2.640736631135768286e-01
6.373999999999999773e+02 2.627374485341932853e-01
6.376000000000000227e+02 2.613381509957847237e-01
6.377999999999999545e+02 2.598881612315549483e-01
6.380000000000000000e+02 2.584035514220082153e-01
6.382000000000000455e+02 2.568807314918278850e-01
6.383999999999999773e+02 2.553238096234152210e-01
6.386000000000000227e+02 2.537359411934381748e-01
6.387999999999999545e+02 2.521089959439837824e-01
6.390000000000000000e+02 2.504364658733369553e-01
6.392000000000000455e+02 2.487247025385110888e-01
6.393999999999999773e+02 2.469924373075520763e-01
6.396000000000000227e+02 2.452439279334963917e-01
6.397999999999999545e+02 2.434934453279728461e-01
6.400000000000000000e+02 2.417628139073994820e-01
6.402000000000000455e+02 2.400499855692914131e-01
6.403999999999999773e+02 2.383630161797823943e-01
6.406000000000000227e+02 2.367118160205291533e-01
6.407999999999999545e+02 2.350825594051152989e-01
6.410000000000000000e+02 2.334750948468776177e-01
6.412000000000000455e+02 2.318910043464268433e-01
6.413999999999999773e+02 2.303189560315855033e-01
6.416000000000000227e+02 2.287687119926196666e-01
6.417999999999999545e+02 2.272480181635927188e-01
6.420000000000000000e+02 2.257501281863326936e-01
6.422000000000000455e+02 2.242806036570987871e-01
6.423999999999999773e+02 2.228389257285753877e-01
6.426000000000000227e+02 2.214131855911250779e-01
6.427999999999999545e+02 2.199918608703476941e-01
6.430000000000000000e+02 2.185753163194068260e-01
6.432000000000000455e+02 2.171686361850471425e-01
6.433999999999999773e+02 2.157643363812187520e-01
6.436000000000000227e+02 2.143673575580649637e-01
6.437999999999999545e+02 2.129837989095407225e-01
6.440000000000000000e+02 2.116050114262076065e-01
6.442000000000000455e+02 2.102361117557269010e-01
6.443999999999999773e+02 2.088787279635153926e-01
6.446000000000000227e+02 2.075209377252089649e-01
6.447999999999999545e+02 2.061689427446835032e-01
6.450000000000000000e+02 2.048267249391423628e-01
6.452000000000000455e+02 2.034913673634973774e-01
6.453999999999999773e+02 2.021748434875192402e-01
6.456000000000000227e+02 2.008850488557837044e-01
6.457999999999999545e+02 1.996223164123329952e-01
6.460000000000000000e+02 1.983862311378632726e-01
6.462000000000000455e+02 1.971808171774566687e-01
6.463999999999999773e+02 1.960063045161578033e-01
6.466000000000000227e+02 1.948491422969711451e-01
6.467999999999999545e+02 1.937083036194311436e-01
6.470000000000000000e+02 1.925844099696943923e-01
6.472000000000000455e+02 1.914709743088889027e-01
6.473999999999999773e+02 1.903772733261384908e-01
6.476000000000000227e+02 1.893087147719372254e-01
6.477999999999999545e+02 1.882595218668907944e-01
6.480000000000000000e+02 1.872312422503574492e-01
6.482000000000000455e+02 1.862153196981298497e-01
6.483999999999999773e+02 1.851946824211757603e-01
6.486000000000000227e+02 1.841626253767679189e-01
6.487999999999999545e+02 1.831022140808182541e-01
6.490000000000000000e+02 1.819932395796566849e-01
6.492000000000000455e+02 1.808297257744799214e-01
6.493999999999999773e+02 1.796072215462331534e-01
6.496000000000000227e+02 1.783230132116775946e-01
6.497999999999999545e+02 1.769798019166232139e-01
6.500000000000000000e+02 1.755913984540758421e-01
6.502000000000000455e+02 1.741639066116837664e-01
6.503999999999999773e+02 1.726897765936984130e-01
6.506000000000000227e+02 1.711753434171410793e-01
6.507999999999999545e+02 1.696182148016922853e-01
6.510000000000000000e+02 1.680084015107721207e-01
6.512000000000000455e+02 1.663577390771339148e-01
6.513999999999999773e+02 1.646693169784032296e-01
6.516000000000000227e+02 1.629453082852626022e-01
6.517999999999999545e+02 1.612127713761047632e-01
6.520000000000000000e+02 1.594851783425894065e-01
6.522000000000000455e+02 1.577734303621672884e-01
6.523999999999999773e+02 1.561009035501284281e-01
6.526000000000000227e+02 1.544666517187632260e-01
6.527999999999999545e+02 1.528666076067197455e-01
6.530000000000000000e+02 1.513070348379157715e-01
6.532000000000000455e+02 1.497819309291767709e-01
6.533999999999999773e+02 1.482831904053242278e-01
6.536000000000000227e+02 1.468090703283879417e-01
6.537999999999999545e+02 1.453720499637610741e-01
6.540000000000000000e+02 1.439769993476076593e-01
6.542000000000000455e+02 1.426247189181817643e-01
6.543999999999999773e+02 1.413301811110093675e-01
6.546000000000000227e+02 1.400936341796071016e-01
6.547999999999999545e+02 1.389093093078820895e-01
6.550000000000000000e+02 1.377810966171931217e-01
6.552000000000000455e+02 1.367006145371625347e-01
6.553999999999999773e+02 1.356624510677553463e-01
6.556000000000000227e+02 1.346748746137557684e-01
6.557999999999999545e+02 1.337365435346950793e-01
6.560000000000000000e+02 1.328505142484050217e-01
6.562000000000000455e+02 1.320275882024130321e-01
6.563999999999999773e+02 1.312685642789924445e-01
6.566000000000000227e+02 1.305766559624745027e-01
6.567999999999999545e+02 1.299570124614378153e-01
6.570000000000000000e+02 1.294057012543308738e-01
6.572000000000000455e+02 1.289164932415998444e-01
6.573999999999999773e+02 1.284832495125244056e-01
6.576000000000000227e+02 1.281003943970168979e-01
6.577999999999999545e+02 1.277582448450249597e-01
6.580000000000000000e+02 1.274476683074537153e-01
6.582000000000000455e+02 1.271635865850955782e-01
6.583999999999999773e+02 1.268960964300582805e-01
6.586000000000000227e+02 1.266350578304014374e-01
6.587999999999999545e+02 1.263723887153384851e-01
6.590000000000000000e+02 1.260984055220582267e-01
6.592000000000000455e+02 1.258061557033464672e-01
6.593999999999999773e+02 1.254907196529987390e-01
6.596000000000000227e+02 1.251432324327990397e-01
6.597999999999999545e+02 1.247563579337220702e-01
6.600000000000000000e+02 1.243238191606785420e-01
6.602000000000000455e+02 1.238374862807094801e-01
6.603999999999999773e+02 1.232896807162843916e-01
6.606000000000000227e+02 1.226772415993435533e-01
6.607999999999999545e+02 1.220040200176775308e-01
6.610000000000000000e+02 1.212695758467378648e-01
6.612000000000000455e+02 1.204782362813315161e-01
6.613999999999999773e+02 1.196429098275283570e-01
6.616000000000000227e+02 1.187701995400229915e-01
6.617999999999999545e+02 1.178720523799299119e-01
6.620000000000000000e+02 1.169649804981477137e-01
6.622000000000000455e+02 1.160524592213007383e-01
6.623999999999999773e+02 1.151418064138603342e-01
6.626000000000000227e+02 1.142416554758122899e-01
6.627999999999999545e+02 1.133494699436599085e-01
6.630000000000000000e+02 1.124705521811706493e-01
6.632000000000000455e+02 1.116109810980106115e-01
6.633999999999999773e+02 1.107672979316718792e-01
6.636000000000000227e+02 1.099449105870028698e-01
6.637999999999999545e+02 1.091495762572863848e-01
6.640000000000000000e+02 1.083801185295533154e-01
6.642000000000000455e+02 1.076337998199155821e-01
6.643999999999999773e+02 1.069088631957553631e-01
6.646000000000000227e+02 1.062018261566596983e-01
6.647999999999999545e+02 1.054962130233925155e-01
6.650000000000000000e+02 1.047774972399335008e-01
6.652000000000000455e+02 1.040334856681764258e-01
6.653999999999999773e+02 1.032461176032658523e-01
6.656000000000000227e+02 1.024102065645724757e-01
6.657999999999999545e+02 1.015277993495332098e-01
6.660000000000000000e+02 1.005976737702371504e-01
6.662000000000000455e+02 9.963263208596494225e-02
6.663999999999999773e+02 9.864640143516559267e-02
6.666000000000000227e+02 9.764343828890978405e-02
6.667999999999999545e+02 9.663638952884318067e-02
6.670000000000000000e+02 9.563141837032483605e-02
6.672000000000000455e+02 9.462451678605536542e-02
6.673999999999999773e+02 9.362131311314422777e-02
6.676000000000000227e+02 9.262556040412872616e-02
6.677999999999999545e+02 9.163741668732973411e-02
6.680000000000000000e+02 9.066062683031131386e-02
6.682000000000000455e+02 8.970708074986805114e-02
6.683999999999999773e+02 8.878889193410312297e-02
6.686000000000000227e+02 8.790637362153336243e-02
6.687999999999999545e+02 8.706424722532664362e-02
6.690000000000000000e+02 8.626402667042594452e-02
6.692000000000000455e+02 8.549660397768507614e-02
6.693999999999999773e+02 8.476036546372615887e-02
6.696000000000000227e+02 8.405122722720181905e-02
6.697999999999999545e+02 8.335873674868406191e-02
6.700000000000000000e+02 8.268086305548576209e-02
6.702000000000000455e+02 8.201260655090540641e-02
6.703999999999999773e+02 8.134605933165812985e-02
6.706000000000000227e+02 8.068343354570049752e-02
6.707999999999999545e+02 8.002434761128850160e-02
6.710000000000000000e+02 7.936832094520905601e-02
6.712000000000000455e+02 7.872422701944155332e-02
6.713999999999999773e+02 7.809829957633872277e-02
6.716000000000000227e+02 7.749427175955454772e-02
6.717999999999999545e+02 7.691596652093513065e-02
6.720000000000000000e+02 7.636806381117113018e-02
6.722000000000000455e+02 7.584869384276544946e-02
6.723999999999999773e+02 7.534664872824820003e-02
6.726000000000000227e+02 7.485455149233341543e-02
6.727999999999999545e+02 7.436322483673710182e-02
6.730000000000000000e+02 7.386211588106311732e-02
6.732000000000000455e+02 7.334949660741911515e-02
6.733999999999999773e+02 7.282238462364293285e-02
6.736000000000000227e+02 7.227738696775648508e-02
6.737999999999999545e+02 7.171767306244701545e-02
6.740000000000000000e+02 7.114121622543759238e-02
6.742000000000000455e+02 7.054487380985066669e-02
6.743999999999999773e+02 6.993088929798088604e-02
6.746000000000000227e+02 6.929479875963322211e-02
6.747999999999999545e+02 6.863299972247659253e-02
6.750000000000000000e+02 6.794869540561890298e-02
6.752000000000000455e+02 6.724394208717147936e-02
6.753999999999999773e+02 6.652161650084482958e-02
6.756000000000000227e+02 6.578764837276265820e-02
6.757999999999999545e+02 6.505316826651463824e-02
6.760000000000000000e+02 6.432350876602838108e-02
6.762000000000000455e+02 6.360010030369808720e-02
6.763999999999999773e+02 6.289198230508910581e-02
6.766000000000000227e+02 6.220240867595984435e-02
6.767999999999999545e+02 6.153253329259816828e-02
6.770000000000000000e+02 6.088921636662684295e-02
6.772000000000000455e+02 6.026989166831527023e-02
6.773999999999999773e+02 5.966981357939276503e-02
6.776000000000000227e+02 5.908872840324649184e-02
6.777999999999999545e+02 5.852023123584893655e-02
6.780000000000000000e+02 5.796018531008020891e-02
6.782000000000000455e+02 5.740986761954607054e-02
6.783999999999999773e+02 5.686654112794107402e-02
6.786000000000000227e+02 5.632710727877763418e-02
6.787999999999999545e+02 5.579062902325389317e-02
6.790000000000000000e+02 5.526008292075843681e-02
6.792000000000000455e+02 5.473393393323545270e-02
6.793999999999999773e+02 5.420947274549007405e-02
6.796000000000000227e+02 5.369044370961804230e-02
6.797999999999999545e+02 5.317519094230233750e-02
6.800000000000000000e+02 5.266175672799473101e-02
6.802000000000000455e+02 5.215367901936854983e-02
6.803999999999999773e+02 5.164964194968582611e-02
6.806000000000000227e+02 5.114823354344846112e-02
6.807999999999999545e+02 5.064917356462812770e-02
6.810000000000000000e+02 5.014227198626927673e-02
6.812000000000000455e+02 4.961842057046127186e-02
6.813999999999999773e+02 4.907187006054229694e-02
6.816000000000000227e+02 4.849314447179947640e-02
6.817999999999999545e+02 4.788104991562382867e-02
6.820000000000000000e+02 4.724176589271327636e-02
6.822000000000000455e+02 4.658112160249409245e-02
6.823999999999999773e+02 4.590409700623705735e-02
6.826000000000000227e+02 4.521647975795348856e-02
6.827999999999999545e+02 4.452539088478937174e-02
6.830000000000000000e+02 4.382872104992642515e-02
6.832000000000000455e+02 4.312368829031887341e-02
6.833999999999999773e+02 4.241135725277265373e-02
6.836000000000000227e+02 4.168341959128821217e-02
6.837999999999999545e+02 4.093738311685083536e-02
6.840000000000000000e+02 4.018016865584885661e-02
6.842000000000000455e+02 3.941450086499136141e-02
6.843999999999999773e+02 3.864958632712476444e-02
6.846000000000000227e+02 3.789690034316783862e-02
6.847999999999999545e+02 3.715505625133209977e-02
6.850000000000000000e+02 3.642362281494638393e-02
6.852000000000000455e+02 3.569956597012369920e-02
6.853999999999999773e+02 3.497063191106560692e-02
6.856000000000000227e+02 3.423427305288843925e-02
6.857999999999999545e+02 3.349200209060115840e-02
6.860000000000000000e+02 3.274326034251134193e-02
6.862000000000000455e+02 3.198948329284248548e-02
6.863999999999999773e+02 3.123885264682585081e-02
6.866000000000000227e+02 3.050512497694915504e-02
6.867999999999999545e+02 2.979439742782846040e-02
6.870000000000000000e+02 2.911409914933426463e-02
6.872000000000000455e+02 2.847097341326808653e-02
6.873999999999999773e+02 2.785918019191119949e-02
6.876000000000000227e+02 2.727587965515618912e-02
6.877999999999999545e+02 2.672014603155218812e-02
6.880000000000000000e+02 2.618684040959225884e-02
6.882000000000000455e+02 2.567705499281830450e-02
6.883999999999999773e+02 2.519161167439889701e-02
6.886000000000000227e+02 2.472484928066868981e-02
6.887999999999999545e+02 2.427484493488708470e-02
6.890000000000000000e+02 2.383977566421293173e-02
6.892000000000000455e+02 2.341562194318229373e-02
6.893999999999999773e+02 2.299877135006763232e-02
6.896000000000000227e+02 2.258675124519268773e-02
6.897999999999999545e+02 2.217666604541172759e-02
6.900000000000000000e+02 2.176107314458138736e-02
6.902000000000000455e+02 2.133769731369413933e-02
6.903999999999999773e+02 2.090798155356514074e-02
6.906000000000000227e+02 2.047108737516605340e-02
6.907999999999999545e+02 2.003175072711035551e-02
6.910000000000000000e+02 1.959568834957978872e-02
6.912000000000000455e+02 1.916435264190450433e-02
6.913999999999999773e+02 1.874347100010421985e-02
6.916000000000000227e+02 1.833806715528723402e-02
6.917999999999999545e+02 1.794978313234862552e-02
6.920000000000000000e+02 1.758364294214543461e-02
6.922000000000000455e+02 1.723988996281966557e-02
6.923999999999999773e+02 1.691278075473101952e-02
6.926000000000000227e+02 1.659867916959997108e-02
6.927999999999999545e+02 1.629345897221818121e-02
6.930000000000000000e+02 1.599264152063118241e-02
6.932000000000000455e+02 1.569351433562299683e-02
6.933999999999999773e+02 1.539633016447175366e-02
6.936000000000000227e+02 1.510205977313528597e-02
6.937999999999999545e+02 1.481009265935161537e-02
6.940000000000000000e+02 1.452345412079975723e-02
6.942000000000000455e+02 1.424530702279285313e-02
6.943999999999999773e+02 1.397668928019642036e-02
6.946000000000000227e+02 1.372169996247714352e-02
6.947999999999999545e+02 1.348110493599158355e-02
6.950000000000000000e+02 1.325064221131432886e-02
6.952000000000000455e+02 1.302725349929979674e-02
6.953999999999999773e+02 1.280722469877026981e-02
6.956000000000000227e+02 1.258665785376168397e-02
6.957999999999999545e+02 1.236374030358983363e-02
6.960000000000000000e+02 1.213383939279687011e-02
6.962000000000000455e+02 1.189078882824979970e-02
6.963999999999999773e+02 1.163080491871279487e-02
6.966000000000000227e+02 1.135747866148745580e-02
6.967999999999999545e+02 1.107369878224585477e-02
6.970000000000000000e+02 1.077589361002890232e-02
6.972000000000000455e+02 1.046696638841453780e-02
6.973999999999999773e+02 1.015094554097204296e-02
6.976000000000000227e+02 9.828399386605330898e-03
6.977999999999999545e+02 9.499169946414101617e-03
6.980000000000000000e+02 9.163585912590449523e-03
6.982000000000000455e+02 8.822876111974752716e-03
6.983999999999999773e+02 8.477199405002374885e-03
6.986000000000000227e+02 8.125314042421200034e-03
6.987999999999999545e+02 7.765393536441454400e-03
6.990000000000000000e+02 7.401143163172418937e-03
6.992000000000000455e+02 7.038706082677194560e-03
6.993999999999999773e+02 6.684547347295464841e-03
6.996000000000000227e+02 6.345752286308722033e-03
6.997999999999999545e+02 6.027624929529819091e-03
7.000000000000000000e+02 5.731802697677144606e-03
7.002000000000000455e+02 5.455399221190613233e-03
7.003999999999999773e+02 5.192323408424733694e-03
7.006000000000000227e+02 4.934430541415700533e-03
7.007999999999999545e+02 4.674761285690025824e-03
7.010000000000000000e+02 4.408217773483453367e-03
7.012000000000000455e+02 4.132067146913277235e-03
7.013999999999999773e+02 3.846399462869563336e-03
7.016000000000000227e+02 3.554175796122006122e-03
7.017999999999999545e+02 3.261198303230533873e-03
7.020000000000000000e+02 2.974703145837726426e-03
7.022000000000000455e+02 2.700712350050146499e-03
7.023999999999999773e+02 2.442505044786634234e-03
7.026000000000000227e+02 2.200173923901632429e-03
7.027999999999999545e+02 1.971780731802098320e-03
7.030000000000000000e+02 1.754540884277012254e-03
7.032000000000000455e+02 1.547998596633675924e-03
7.033999999999999773e+02 1.352639624671640034e-03
7.036000000000000227e+02 1.169350106163193894e-03
7.037999999999999545e+02 1.000051154525544118e-03
7.040000000000000000e+02 8.459979366761614635e-04
7.042000000000000455e+02 7.070958903998310471e-04
7.043999999999999773e+02 5.824381020167232036e-04
7.046000000000000227e+02 4.712232142735492597e-04
7.047999999999999545e+02 3.730304527410483167e-04
7.050000000000000000e+02 2.874040528915557200e-04
7.052000000000000455e+02 2.135765583196081189e-04
7.053999999999999773e+02 1.506481774254632899e-04
7.056000000000000227e+02 9.865357092346588492e-05
7.057999999999999545e+02 5.803834842771331954e-05
7.060000000000000000e+02 2.915172727206272508e-05
7.062000000000000455e+02 1.120604704445445512e-05
7.064000000000000909e+02 2.383042616510221198e-06
7.066000000000000227e+02 0.000000000000000000e+00
7.067999999999999545e+02 1.004471312451597934e-06
7.070000000000000000e+02 3.205704374160010933e-06
7.072000000000000455e+02 5.905425073716065595e-06
7.074000000000000909e+02 1.047840443767898015e-05
7.076000000000000227e+02 1.921941282386383193e-05
7.077999999999999545e+02 3.446024704909822522e-05
7.080000000000000000e+02 5.708895133297127504e-05
7.082000000000000455e+02 8.742102075223811902e-05
7.084000000000000909e+02 1.253563665490436377e-04
7.086000000000000227e+02 1.699077973140507313e-04
7.087999999999999545e+02 2.184372910361082000e-04
7.090000000000000000e+02 2.669202227109422165e-04
7.092000000000000455e+02 3.113552054531078445e-04
7.094000000000000909e+02 3.484793082790035705e-04
7.096000000000000227e+02 3.762154398496514950e-04
7.097999999999999545e+02 3.944316643325179164e-04
7.100000000000000000e+02 4.049258488474644221e-04
7.102000000000000455e+02 4.109592093787071553e-04
7.104000000000000909e+02 4.160891075345269849e-04
7.106000000000000227e+02 4.228158628234383442e-04
7.107999999999999545e+02 4.322877817161608271e-04
7.110000000000000000e+02 4.443458568593501449e-04
7.112000000000000455e+02 4.574836746890551236e-04
7.114000000000000909e+02 4.688450145410481221e-04
7.116000000000000227e+02 4.742300860156057349e-04
7.117999999999999545e+02 4.700594842885058838e-04
7.120000000000000000e+02 4.546186863882744006e-04
7.122000000000000455e+02 4.300051180459041745e-04
7.124000000000000909e+02 4.028508636290633444e-04
7.126000000000000227e+02 3.834511952805980464e-04
7.127999999999999545e+02 3.837980181229734187e-04
7.130000000000000000e+02 4.141971923612623274e-04
7.132000000000000455e+02 4.818058546989243459e-04
7.134000000000000909e+02 5.888456556986307582e-04
7.136000000000000227e+02 7.334553452906919166e-04
7.137999999999999545e+02 9.110277845480055717e-04
7.140000000000000000e+02 1.116194283424376456e-03
7.142000000000000455e+02 1.345150998158670119e-03
7.144000000000000909e+02 1.596961823013656615e-03
7.146000000000000227e+02 1.875388383290182547e-03
7.147999999999999545e+02 2.187216555970314565e-03
7.150000000000000000e+02 2.541063044655221016e-03
7.152000000000000455e+02 2.945621007925775317e-03
7.154000000000000909e+02 3.402711790460399496e-03
7.156000000000000227e+02 3.908055138206825881e-03
7.157999999999999545e+02 4.453961989191431228e-03
7.160000000000000000e+02 5.028882133975735164e-03
7.162000000000000455e+02 5.620115314361633259e-03
7.164000000000000909e+02 6.218261471764944918e-03
7.166000000000000227e+02 6.819056795061999299e-03
7.167999999999999545e+02 7.423052665600235814e-03
7.170000000000000000e+02 8.035317272981623571e-03
7.172000000000000455e+02 8.663718599492845063e-03
7.174000000000000909e+02 9.316791055588854314e-03
7.176000000000000227e+02 1.000091765095442731e-02
7.177999999999999545e+02 1.071750066752953645e-02
7.180000000000000000e+02 1.146286830604665435e-02
7.182000000000000455e+02 1.222812220556445534e-02
7.184000000000000909e+02 1.300125662262034167e-02
7.186000000000000227e+02 1.376950749874449216e-02
7.187999999999999545e+02 1.452207160646452541e-02
7.190000000000000000e+02 1.525202140200794011e-02
7.192000000000000455e+02 1.595601928922638427e-02
7.194000000000000909e+02 1.663428069956524730e-02
7.196000000000000227e+02 1.729119777250461704e-02
7.197999999999999545e+02 1.793094175642881427e-02
7.200000000000000000e+02 1.855260939040939694e-02
7.202000000000000455e+02 1.915584208729678717e-02
7.204000000000000909e+02 1.973844684721130782e-02
7.206000000000000227e+02 2.029298983827729913e-02
7.207999999999999545e+02 2.081155476793239423e-02
7.210000000000000000e+02 2.128745196354287633e-02
7.212000000000000455e+02 2.171684940940989822e-02
7.214000000000000909e+02 2.210122357013714553e-02
7.216000000000000227e+02 2.244649219342660651e-02
7.217999999999999545e+02 2.276179344132988475e-02
7.220000000000000000e+02 2.305385721539799510e-02
7.222000000000000455e+02 2.332526232320925041e-02
7.224000000000000909e+02 2.357292249295572101e-02
7.226000000000000227e+02 2.378929737400972341e-02
7.227999999999999545e+02 2.396422333604485838e-02
7.230000000000000000e+02 2.408636776290712031e-02
7.232000000000000455e+02 2.414534184851443305e-02
7.234000000000000909e+02 2.413322547238994781e-02
7.236000000000000227e+02 2.404657299580557211e-02
7.237999999999999545e+02 2.388969110446055935e-02
7.240000000000000000e+02 2.367200951127464148e-02
7.242000000000000455e+02 2.340565647313971182e-02
7.244000000000000909e+02 2.310173354833824910e-02
7.246000000000000227e+02 2.276806110463161156e-02
7.247999999999999545e+02 2.240761583777462970e-02
7.250000000000000000e+02 2.202103675301649022e-02
7.252000000000000455e+02 2.160948607274382552e-02
7.254000000000000909e+02 2.117667423232335450e-02
7.256000000000000227e+02 2.072859091144546931e-02
7.257999999999999545e+02 2.027223824024273341e-02
7.260000000000000000e+02 1.981482203922824842e-02
7.262000000000000455e+02 1.936356707709840919e-02
7.264000000000000909e+02 1.892574165360639063e-02
7.266000000000000227e+02 1.850824072206328982e-02
7.267999999999999545e+02 1.811499114557910128e-02
7.270000000000000000e+02 1.774555975549253761e-02
7.272000000000000455e+02 1.739434590624973007e-02
7.274000000000000909e+02 1.705325950096446552e-02
7.276000000000000227e+02 1.671488028050197028e-02
7.277999999999999545e+02 1.637436835026192042e-02
7.280000000000000000e+02 1.602931955881707615e-02
7.282000000000000455e+02 1.568103680083845694e-02
7.284000000000000909e+02 1.533482778380236729e-02
7.286000000000000227e+02 1.499558753970938602e-02
7.287999999999999545e+02 1.467015880044290031e-02
7.290000000000000000e+02 1.436887603058124505e-02
7.292000000000000455e+02 1.410452304409307717e-02
7.294000000000000909e+02 1.388978319903671869e-02
7.296000000000000227e+02 1.373539121965686866e-02
7.297999999999999545e+02 1.364790510012596318e-02
7.300000000000000000e+02 1.363235038972969958e-02
7.302000000000000455e+02 1.369358010186767782e-02
7.304000000000000909e+02 1.383630422755637024e-02
7.306000000000000227e+02 1.406396134906137858e-02
7.307999999999999545e+02 1.437836344801890313e-02
7.310000000000000000e+02 1.478102632531997675e-02
7.312000000000000455e+02 1.527395577324177842e-02
7.314000000000000909e+02 1.585966360583062132e-02
7.316000000000000227e+02 1.653977957851123642e-02
7.317999999999999545e+02 1.731712853584856798e-02
7.320000000000000000e+02 1.819429560164470550e-02
7.322000000000000455e+02 1.916378398147299336e-02
7.324000000000000909e+02 2.021554081022967561e-02
7.326000000000000227e+02 2.133938807503534679e-02
7.327999999999999545e+02 2.252139706301874850e-02
7.330000000000000000e+02 2.374808141038602799e-02
7.332000000000000455e+02 2.500743674519030277e-02
7.334000000000000909e+02 2.628613505394286620e-02
7.336000000000000227e+02 2.757069667788971876e-02
7.337999999999999545e+02 2.884830880786611387e-02
7.340000000000000000e+02 3.010783185762936839e-02
7.342000000000000455e+02 3.133767796273468492e-02
7.344000000000000909e+02 3.252463725090271734e-02
7.346000000000000227e+02 3.365267286093852339e-02
7.347999999999999545e+02 3.470335770464378494e-02
7.350000000000000000e+02 3.565673461450937637e-02
7.352000000000000455e+02 3.649388186852319665e-02
7.354000000000000909e+02 3.720106980143551845e-02
7.356000000000000227e+02 3.777161341968562902e-02
7.357999999999999545e+02 3.820709579372640746e-02
7.360000000000000000e+02 3.851286226085112729e-02
7.362000000000000455e+02 3.869596385804879857e-02
7.364000000000000909e+02 3.876344919685685564e-02
7.366000000000000227e+02 3.872375611384076821e-02
7.367999999999999545e+02 3.858650211748027026e-02
7.370000000000000000e+02 3.836048187244864988e-02
7.372000000000000455e+02 3.805232781143444432e-02
7.374000000000000909e+02 3.766705914112957604e-02
7.376000000000000227e+02 3.721069300004806180e-02
7.377999999999999545e+02 3.669324349309101979e-02
7.380000000000000000e+02 3.612951693890559257e-02
7.382000000000000455e+02 3.553914011355658459e-02
7.384000000000000909e+02 3.494250503932039287e-02
7.386000000000000227e+02 3.435824173526485364e-02
7.387999999999999545e+02 3.379958788942692000e-02
7.390000000000000000e+02 3.327564165527784751e-02
7.392000000000000455e+02 3.279321297760825343e-02
7.394000000000000909e+02 3.236011595553542342e-02
7.396000000000000227e+02 3.198442544657004172e-02
7.397999999999999545e+02 3.167377978073573908e-02
7.400000000000000000e+02 3.143439228500428950e-02
7.402000000000000455e+02 3.127354602837523895e-02
7.404000000000000909e+02 3.120021002711103122e-02
7.406000000000000227e+02 3.122496718179329500e-02
7.407999999999999545e+02 3.135609112058998504e-02
7.410000000000000000e+02 3.159757965621517312e-02
7.412000000000000455e+02 3.194649264299317948e-02
7.414000000000000909e+02 3.239405492475334186e-02
7.416000000000000227e+02 3.292751178028761189e-02
7.417999999999999545e+02 3.353273506864715842e-02
7.420000000000000000e+02 3.419536570065383196e-02
7.422000000000000455e+02 3.490108876005400956e-02
7.424000000000000909e+02 3.563563910153814268e-02
7.426000000000000227e+02 3.638379787684171279e-02
7.427999999999999545e+02 3.713039286476558370e-02
7.430000000000000000e+02 3.786248398467416398e-02
7.432000000000000455e+02 3.856949295768773850e-02
7.434000000000000909e+02 3.924140851669015440e-02
7.436000000000000227e+02 3.986570400574097894e-02
7.437999999999999545e+02 4.042636272273826548e-02
7.440000000000000000e+02 4.090502366820961133e-02
7.442000000000000455e+02 4.128310146497043281e-02
7.444000000000000909e+02 4.154589057818092179e-02
7.446000000000000227e+02 4.168372663389080524e-02
7.447999999999999545e+02 4.169359334294191893e-02
7.450000000000000000e+02 4.158035499220136960e-02
7.452000000000000455e+02 4.135572345464638006e-02
7.454000000000000909e+02 4.103727626696424685e-02
7.456000000000000227e+02 4.064587249923101026e-02
7.457999999999999545e+02 4.020309377909454807e-02
7.460000000000000000e+02 3.972824093753268143e-02
7.462000000000000455e+02 3.923648106143795555e-02
7.464000000000000909e+02 3.873947337504952265e-02
7.466000000000000227e+02 3.824630172082207208e-02
7.467999999999999545e+02 3.776658657528798868e-02
7.470000000000000000e+02 3.731208836958901237e-02
7.472000000000000455e+02 3.689835963171149424e-02
7.474000000000000909e+02 3.654352053294911140e-02
7.476000000000000227e+02 3.626625352012732145e-02
7.477999999999999545e+02 3.608340556013512473e-02
7.480000000000000000e+02 3.600735663006243703e-02
7.482000000000000455e+02 3.604537218420571926e-02
7.484000000000000909e+02 3.619869189217826688e-02
7.486000000000000227e+02 3.646492248049736096e-02
7.487999999999999545e+02 3.683669003047981144e-02
7.490000000000000000e+02 3.729955332478479546e-02
7.492000000000000455e+02 3.783733884270135822e-02
7.494000000000000909e+02 3.843243757427576568e-02
7.496000000000000227e+02 3.906537197570084108e-02
7.497999999999999545e+02 3.971691630446479160e-02
7.500000000000000000e+02 4.036821935058685501e-02
7.502000000000000455e+02 4.100078893551886011e-02
7.504000000000000909e+02 4.159708302606453245e-02
7.506000000000000227e+02 4.214143865150455498e-02
7.507999999999999545e+02 4.262115707910686668e-02
7.510000000000000000e+02 4.302633261475031362e-02
7.512000000000000455e+02 4.334888115355044896e-02
7.514000000000000909e+02 4.358227625370929281e-02
7.516000000000000227e+02 4.372370118439818099e-02
7.517999999999999545e+02 4.377460670718909264e-02
7.520000000000000000e+02 4.374152570403504192e-02
7.522000000000000455e+02 4.363546872092355366e-02
7.524000000000000909e+02 4.347233788307067887e-02
7.526000000000000227e+02 4.327369680161345655e-02
7.527999999999999545e+02 4.306452487293806197e-02
7.530000000000000000e+02 4.286923109735747001e-02
7.532000000000000455e+02 4.270860121605166149e-02
7.534000000000000909e+02 4.259961177378629449e-02
7.536000000000000227e+02 4.255498523555187318e-02
7.537999999999999545e+02 4.258281170417323180e-02
7.540000000000000000e+02 4.268928985876695170e-02
7.542000000000000455e+02 4.288074839846142683e-02
7.544000000000000909e+02 4.316456587514796300e-02
7.546000000000000227e+02 4.354726736616400945e-02
7.547999999999999545e+02 4.403145182336157260e-02
7.550000000000000000e+02 4.461333505565869689e-02
7.552000000000000455e+02 4.528246657897557620e-02
7.554000000000000909e+02 4.602184044426740894e-02
7.556000000000000227e+02 4.680747580949078113e-02
7.557999999999999545e+02 4.760971654360065392e-02
7.560000000000000000e+02 4.839818490492268227e-02
7.562000000000000455e+02 4.914565097071538213e-02
7.564000000000000909e+02 4.983301921735838746e-02
7.566000000000000227e+02 5.044820647192692353e-02
7.567999999999999545e+02 5.098573456578320978e-02
7.570000000000000000e+02 5.144565526025646901e-02
7.572000000000000455e+02 5.182798030099709796e-02
7.574000000000000909e+02 5.213018159966645304e-02
7.576000000000000227e+02 5.234993033607672486e-02
7.577999999999999545e+02 5.248669761348186136e-02
7.580000000000000000e+02 5.254329069040597489e-02
7.582000000000000455e+02 5.252879333679491558e-02
7.584000000000000909e+02 5.245598546129848910e-02
7.586000000000000227e+02 5.234037044921964477e-02
7.587999999999999545e+02 5.220078315078208880e-02
7.590000000000000000e+02 5.205730319234346676e-02
7.592000000000000455e+02 5.192955790401521110e-02
7.594000000000000909e+02 5.183352726281911793e-02
7.596000000000000227e+02 5.178178117235512912e-02
7.597999999999999545e+02 5.178371102166425682e-02
7.600000000000000000e+02 5.184646691763036830e-02
7.602000000000000455e+02 5.197621408423973993e-02
7.604000000000000909e+02 5.217854412686532412e-02
7.606000000000000227e+02 5.245814358825195284e-02
7.607999999999999545e+02 5.281597032987845469e-02
7.610000000000000000e+02 5.324695095401278666e-02
7.612000000000000455e+02 5.373645934015527925e-02
7.614000000000000909e+02 5.426507735044884539e-02
7.616000000000000227e+02 5.481056210615786739e-02
7.617999999999999545e+02 5.534875670572280554e-02
7.620000000000000000e+02 5.586221136814849275e-02
7.622000000000000455e+02 5.634225967617299130e-02
7.624000000000000909e+02 5.678460180990368283e-02
7.626000000000000227e+02 5.718815675211737920e-02
7.627999999999999545e+02 5.755440457586583070e-02
7.630000000000000000e+02 5.788615708303425367e-02
7.632000000000000455e+02 5.818840582256068483e-02
7.634000000000000909e+02 5.846710949472596480e-02
7.636000000000000227e+02 5.872449102806963361e-02
7.637999999999999545e+02 5.896376690085072120e-02
7.640000000000000000e+02 5.918949760861687975e-02
7.642000000000000455e+02 5.940368649266883350e-02
7.644000000000000909e+02 5.960992207691510197e-02
7.646000000000000227e+02 5.981377113578165844e-02
7.647999999999999545e+02 6.001802318702214450e-02
7.650000000000000000e+02 6.022081636329160159e-02
7.652000000000000455e+02 6.041512333165992288e-02
7.654000000000000909e+02 6.059112291358782071e-02
7.656000000000000227e+02 6.073858374225889201e-02
7.657999999999999545e+02 6.084791913435778909e-02
7.660000000000000000e+02 6.090987058176614011e-02
7.662000000000000455e+02 6.091463360194748072e-02
7.664000000000000909e+02 6.085157627782815382e-02
7.666000000000000227e+02 6.071123194359759334e-02
7.667999999999999545e+02 6.048776697415413073e-02
7.670000000000000000e+02 6.018141119672976852e-02
7.672000000000000455e+02 5.979900814278852478e-02
7.674000000000000909e+02 5.935221994755368602e-02
7.676000000000000227e+02 5.885658555977842099e-02
7.677999999999999545e+02 5.832987404471470100e-02
7.680000000000000000e+02 5.779112172920476687e-02
7.682000000000000455e+02 5.725982893350257952e-02
7.684000000000000909e+02 5.675366887974733071e-02
7.686000000000000227e+02 5.628753303663198287e-02
7.687999999999999545e+02 5.587217035528654896e-02
7.690000000000000000e+02 5.551525111295317616e-02
7.692000000000000455e+02 5.522178398954300654e-02
7.694000000000000909e+02 5.499393495175059626e-02
7.696000000000000227e+02 5.483154125015933522e-02
7.697999999999999545e+02 5.473193125935734565e-02
7.700000000000000000e+02 5.468880969704816714e-02
7.702000000000000455e+02 5.469138736170444520e-02
7.704000000000000909e+02 5.472519649104436168e-02
7.706000000000000227e+02 5.477393100421769356e-02
7.707999999999999545e+02 5.482173750469780671e-02
7.710000000000000000e+02 5.485417211904809742e-02
7.712000000000000455e+02 5.485944098028717325e-02
7.714000000000000909e+02 5.482906006699279217e-02
7.716000000000000227e+02 5.475876149491289840e-02
7.717999999999999545e+02 5.465083906024280347e-02
7.720000000000000000e+02 5.451176024540614617e-02
7.722000000000000455e+02 5.435084457620231041e-02
7.724000000000000909e+02 5.417803190940039676e-02
7.726000000000000227e+02 5.400471450900546505e-02
7.727999999999999545e+02 5.384405647063696121e-02
7.730000000000000000e+02 5.371005536593823765e-02
7.732000000000000455e+02 5.361513355411962750e-02
7.734000000000000909e+02 5.356820621326804227e-02
7.736000000000000227e+02 5.357188594475701532e-02
7.737999999999999545e+02 5.362389017799808894e-02
7.740000000000000000e+02 5.371798001935947087e-02
7.742000000000000455e+02 5.384762200936171056e-02
7.744000000000000909e+02 5.400650573608489768e-02
7.746000000000000227e+02 5.418861063869206962e-02
7.747999999999999545e+02 5.438745249213633448e-02
7.750000000000000000e+02 5.459633400011307258e-02
7.752000000000000455e+02 5.480886286051197404e-02
7.754000000000000909e+02 5.502101869672122725e-02
7.756000000000000227e+02 5.523005558993919484e-02
7.757999999999999545e+02 5.543342999950747613e-02
7.760000000000000000e+02 5.563007383460539385e-02
7.762000000000000455e+02 5.581974751070379465e-02
7.764000000000000909e+02 5.600224979981562740e-02
7.766000000000000227e+02 5.617842820847093743e-02
7.767999999999999545e+02 5.635009624428779368e-02
7.770000000000000000e+02 5.651974727159241735e-02
7.772000000000000455e+02 5.668911632221572405e-02
7.774000000000000909e+02 5.685853044046421806e-02
7.776000000000000227e+02 5.702603870280128356e-02
7.777999999999999545e+02 5.718945161238259134e-02
7.780000000000000000e+02 5.734761085601524505e-02
7.782000000000000455e+02 5.750228772564805468e-02
7.784000000000000909e+02 5.765570115175221860e-02
7.786000000000000227e+02 5.780885961169346388e-02
7.787999999999999545e+02 5.795869123812026624e-02
7.790000000000000000e+02 5.809902696036665232e-02
7.792000000000000455e+02 5.822169949780445219e-02
7.794000000000000909e+02 5.831916745633521776e-02
7.796000000000000227e+02 5.838671492237435673e-02
7.797999999999999545e+02 5.842338403518079759e-02
7.800000000000000000e+02 5.843239040830076891e-02
7.802000000000000455e+02 5.842019813510106185e-02
7.804000000000000909e+02 5.839626185652449508e-02
7.806000000000000227e+02 5.837259486015985294e-02
7.807999999999999545e+02 5.836027117378116830e-02
7.810000000000000000e+02 5.836701146437947574e-02
7.812000000000000455e+02 5.839438038205809617e-02
7.814000000000000909e+02 5.843960231182464965e-02
7.816000000000000227e+02 5.849705092296857839e-02
7.817999999999999545e+02 5.856320944513718901e-02
7.820000000000000000e+02 5.863755975795333780e-02
7.822000000000000455e+02 5.872301691929147915e-02
7.824000000000000909e+02 5.882322464589463673e-02
7.826000000000000227e+02 5.894125176394230531e-02
7.827999999999999545e+02 5.907834273753692633e-02
7.830000000000000000e+02 5.923209980953757919e-02
7.832000000000000455e+02 5.939665613181458609e-02
7.834000000000000909e+02 5.956259536014641559e-02
7.836000000000000227e+02 5.971916498249533328e-02
7.837999999999999545e+02 5.985630448092087857e-02
7.840000000000000000e+02 5.996726328877465678e-02
7.842000000000000455e+02 6.005121734239778769e-02
7.844000000000000909e+02 6.011281200371312167e-02
7.846000000000000227e+02 6.016162096589768027e-02
7.847999999999999545e+02 6.020707740413493853e-02
7.850000000000000000e+02 6.025648302589029642e-02
7.852000000000000455e+02 6.031266484833132380e-02
7.854000000000000909e+02 6.037466533480384534e-02
7.856000000000000227e+02 6.043939796026013417e-02
7.857999999999999545e+02 6.050475168622694577e-02
7.860000000000000000e+02 6.057113988468094262e-02
7.862000000000000455e+02 6.064141721844986538e-02
7.864000000000000909e+02 6.071987166876188780e-02
7.866000000000000227e+02 6.081128089434818806e-02
7.867999999999999545e+02 6.092028220824490664e-02
7.870000000000000000e+02 6.105010939641664774e-02
7.872000000000000455e+02 6.120099525005233410e-02
7.874000000000000909e+02 6.136933454094112977e-02
7.876000000000000227e+02 6.154697025123156279e-02
7.877999999999999545e+02 6.172337699581513515e-02
7.880000000000000000e+02 6.188726014510700923e-02
7.882000000000000455e+02 6.203022596071207373e-02
7.884000000000000909e+02 6.214813659122124523e-02
7.886000000000000227e+02 6.224172006888592512e-02
7.887999999999999545e+02 6.231449132647669947e-02
7.890000000000000000e+02 6.236938385091854442e-02
7.892000000000000455e+02 6.240656962961445980e-02
7.894000000000000909e+02 6.242268584767991790e-02
7.896000000000000227e+02 6.241303554004972581e-02
7.897999999999999545e+02 6.237323594710506708e-02
7.900000000000000000e+02 6.230054996766109382e-02
7.902000000000000455e+02 6.219282209218707919e-02
7.904000000000000909e+02 6.204767643844840558e-02
7.906000000000000227e+02 6.186375223395062378e-02
7.907999999999999545e+02 6.164220506073023187e-02
7.910000000000000000e+02 6.138837414873268838e-02
7.912000000000000455e+02 6.110884179896847873e-02
7.914000000000000909e+02 6.080984148581757009e-02
7.916000000000000227e+02 6.049551697636691705e-02
7.917999999999999545e+02 6.016637076009628132e-02
7.920000000000000000e+02 5.982079248694279622e-02
7.922000000000000455e+02 5.945764092199650602e-02
7.924000000000000909e+02 5.907981721263902419e-02
7.926000000000000227e+02 5.869364557344620287e-02
7.927999999999999545e+02 5.830699082598835709e-02
7.930000000000000000e+02 5.792659561300207705e-02
7.932000000000000455e+02 5.755761682870498552e-02
7.934000000000000909e+02 5.720365014583538021e-02
7.936000000000000227e+02 5.686764960110449185e-02
7.937999999999999545e+02 5.655140219964107512e-02
7.940000000000000000e+02 5.625332437145628972e-02
7.942000000000000455e+02 5.596836969776473186e-02
7.944000000000000909e+02 5.568945568779195415e-02
7.946000000000000227e+02 5.541223371592304131e-02
7.947999999999999545e+02 5.513765225720212299e-02
7.950000000000000000e+02 5.487243394177377526e-02
7.952000000000000455e+02 5.462695734473844988e-02
7.954000000000000909e+02 5.440981820866979540e-02
7.956000000000000227e+02 5.422475650336673614e-02
7.957999999999999545e+02 5.406757074377365607e-02
7.960000000000000000e+02 5.392847454687100389e-02
7.962000000000000455e+02 5.379337188340990034e-02
7.964000000000000909e+02 5.364675730323869435e-02
7.966000000000000227e+02 5.347589953848595062e-02
7.967999999999999545e+02 5.327407186325903987e-02
7.970000000000000000e+02 5.304303381100749365e-02
7.972000000000000455e+02 5.279117637540660379e-02
7.974000000000000909e+02 5.253231350584514070e-02
7.976000000000000227e+02 5.228029270212735530e-02
7.977999999999999545e+02 5.204569989902277372e-02
7.980000000000000000e+02 5.183275765221330433e-02
7.982000000000000455e+02 5.163902787191131799e-02
7.984000000000000909e+02 5.145792929482286004e-02
7.986000000000000227e+02 5.128096877454877550e-02
7.987999999999999545e+02 5.110125661448975537e-02
7.990000000000000000e+02 5.091460796659554727e-02
7.992000000000000455e+02 5.072085456516559065e-02
7.994000000000000909e+02 5.052295143678896955e-02
7.996000000000000227e+02 5.032540762433255349e-02
7.997999999999999545e+02 5.013205519058031023e-02
8.000000000000000000e+02 4.994152855684799719e-02
