4.100000000000000000e+02 1.000000000000000000e+00
4.101999999999999886e+02 9.880656963833434059e-01
4.103999999999999773e+02 9.763080149061977853e-01
4.106000000000000227e+02 9.646482688862533239e-01
4.108000000000000114e+02 9.531671322734049934e-01
4.110000000000000000e+02 9.418462395650357699e-01
4.111999999999999886e+02 9.306400883783269018e-01
4.113999999999999773e+02 9.196336942017090399e-01
4.116000000000000227e+02 9.087679023370544007e-01
4.118000000000000114e+02 8.980484487774063052e-01
4.120000000000000000e+02 8.875419635543330132e-01
4.121999999999999886e+02 8.771797395673907038e-01
4.123999999999999773e+02 8.670156661746838411e-01
4.126000000000000227e+02 8.570744291224373645e-01
4.128000000000000114e+02 8.472951995505154654e-01
4.130000000000000000e+02 8.377491451758264374e-01
4.131999999999999886e+02 8.284111964443434672e-01
4.133999999999999773e+02 8.192499955011796064e-01
4.136000000000000227e+02 8.103310990771651623e-01
4.138000000000000114e+02 8.015975826905770152e-01
4.140000000000000000e+02 7.930577469682192904e-01
4.141999999999999886e+02 7.847535315421905189e-01
4.143999999999999773e+02 7.766250526351377026e-01
4.146000000000000227e+02 7.687166018571737203e-01
4.148000000000000114e+02 7.610352900094500272e-01
4.150000000000000000e+02 7.535319706925897032e-01
4.151999999999999886e+02 7.462549626499656030e-01
4.153999999999999773e+02 7.391704754866087468e-01
4.156000000000000227e+02 7.322547531645252628e-01
4.158000000000000114e+02 7.255512485974685566e-01
4.160000000000000000e+02 7.190113807475566610e-01
4.161999999999999886e+02 7.126452316069127324e-01
4.163999999999999773e+02 7.064758702443673100e-01
4.166000000000000227e+02 7.004558009407192420e-01
4.168000000000000114e+02 6.946195324019546202e-01
4.170000000000000000e+02 6.889665660781065792e-01
4.171999999999999886e+02 6.834675718034849412e-01
4.173999999999999773e+02 6.781642536369021368e-01
4.176000000000000227e+02 6.730328691459042112e-01
4.178000000000000114e+02 6.680652302855293323e-01
4.180000000000000000e+02 6.632933263153316661e-01
4.181999999999999886e+02 6.586827033610170856e-01
4.183999999999999773e+02 6.542441765931116260e-01
4.186000000000000227e+02 6.499870165531590471e-01
4.188000000000000114e+02 6.458735451629830093e-01
4.190000000000000000e+02 6.419228636724261250e-01
4.191999999999999886e+02 6.381234268752341565e-01
4.193999999999999773e+02 6.344499773072631577e-01
4.196000000000000227e+02 6.309209416525060066e-01
4.198000000000000114e+02 6.275077248603491142e-01
4.200000000000000000e+02 6.241943232261023544e-01
4.201999999999999886e+02 6.209887438129307879e-01
4.203999999999999773e+02 6.178699363469447592e-01
4.206000000000000227e+02 6.148145704329193162e-01
4.208000000000000114e+02 6.118177649348807146e-01
4.210000000000000000e+02 6.088877215024730560e-01
4.211999999999999886e+02 6.059981053692203856e-01
4.213999999999999773e+02 6.031514434845441919e-01
4.216000000000000227e+02 6.003539070254143573e-01
4.218000000000000114e+02 5.975797937563239737e-01
4.220000000000000000e+02 5.948404333071349859e-01
4.221999999999999886e+02 5.921299461473620296e-01
4.223999999999999773e+02 5.894318022538370672e-01
4.226000000000000227e+02 5.867641659452964564e-01
4.228000000000000114e+02 5.841132652243546941e-01
4.230000000000000000e+02 5.814759791675848666e-01
4.231999999999999886e+02 5.788687481264498391e-01
4.233999999999999773e+02 5.762731398078929645e-01
4.236000000000000227e+02 5.736997307280456981e-01
4.238000000000000114e+02 5.711591505214127507e-01
4.240000000000000000e+02 5.686382296069995013e-01
4.241999999999999886e+02 5.661583696947313227e-01
4.243999999999999773e+02 5.637196106895002723e-01
4.246000000000000227e+02 5.613149569836044517e-01
4.248000000000000114e+02 5.589659765766099575e-01
4.250000000000000000e+02 5.566624663718279242e-01
4.251999999999999886e+02 5.544051353718930653e-01
4.253999999999999773e+02 5.522059971059900541e-01
4.256000000000000227e+02 5.500461246537360349e-01
4.258000000000000114e+02 5.479293680324544003e-01
4.260000000000000000e+02 5.458529025440734816e-01
4.261999999999999886e+02 5.437953269870203776e-01
4.263999999999999773e+02 5.417628413947831456e-01
4.266000000000000227e+02 5.397394370984026635e-01
4.268000000000000114e+02 5.377057914526249816e-01
4.270000000000000000e+02 5.356637863753190842e-01
4.271999999999999886e+02 5.335906580647895581e-01
4.273999999999999773e+02 5.314825026154704757e-01
4.276000000000000227e+02 5.293464874263599240e-01
4.278000000000000114e+02 5.271669359348073458e-01
4.280000000000000000e+02 5.249586593422249647e-01
4.281999999999999886e+02 5.227282217640553119e-01
4.283999999999999773e+02 5.204684405395492153e-01
4.286000000000000227e+02 5.182034862823881038e-01
4.288000000000000114e+02 5.159347233036417624e-01
4.290000000000000000e+02 5.136671670906045595e-01
4.291999999999999886e+02 5.114264744800114393e-01
4.293999999999999773e+02 5.092066211158516875e-01
4.296000000000000227e+02 5.070204297106282176e-01
4.298000000000000114e+02 5.048853950644769384e-01
4.300000000000000000e+02 5.027940214043322698e-01
4.301999999999999886e+02 5.007632818533817032e-01
4.303999999999999773e+02 4.987945506754181135e-01
4.306000000000000227e+02 4.968755144458369410e-01
4.308000000000000114e+02 4.950171809808091572e-01
4.310000000000000000e+02 4.932073190974532451e-01
4.311999999999999886e+02 4.914385815677431713e-01
4.313999999999999773e+02 4.897178666622751808e-01
4.316000000000000227e+02 4.880273019405386159e-01
4.318000000000000114e+02 4.863663494317440050e-01
4.320000000000000000e+02 4.847354851352873584e-01
4.321999999999999886e+02 4.831185763854285997e-01
4.323999999999999773e+02 4.815220858912422353e-01
4.326000000000000227e+02 4.799416357031300318e-01
4.328000000000000114e+02 4.783685463186428954e-01
4.330000000000000000e+02 4.768128764855933399e-01
4.331999999999999886e+02 4.752624005889029557e-01
4.333999999999999773e+02 4.737112962959196261e-01
4.336000000000000227e+02 4.721633971065032909e-01
4.338000000000000114e+02 4.706024440126341801e-01
4.340000000000000000e+02 4.690294464948646658e-01
4.341999999999999886e+02 4.674436149791841300e-01
4.343999999999999773e+02 4.658330641410993733e-01
4.346000000000000227e+02 4.642116098332940144e-01
4.348000000000000114e+02 4.625799122856417700e-01
4.350000000000000000e+02 4.609369196894945730e-01
4.351999999999999886e+02 4.592998671232894625e-01
4.353999999999999773e+02 4.576667044664282646e-01
4.356000000000000227e+02 4.560385170564587032e-01
4.358000000000000114e+02 4.544320947118811738e-01
4.360000000000000000e+02 4.528742302847936219e-01
4.361999999999999886e+02 4.513557201952114739e-01
4.363999999999999773e+02 4.498651288187084374e-01
4.366000000000000227e+02 4.484112643145551913e-01
4.368000000000000114e+02 4.470066199669461282e-01
4.370000000000000000e+02 4.456552000188369611e-01
4.371999999999999886e+02 4.443558593422901604e-01
4.373999999999999773e+02 4.431104093299781943e-01
4.376000000000000227e+02 4.419141243127536200e-01
4.378000000000000114e+02 4.407663004722141564e-01
4.380000000000000000e+02 4.396727640329102793e-01
4.381999999999999886e+02 4.386296099400323611e-01
4.383999999999999773e+02 4.376344138803231476e-01
4.386000000000000227e+02 4.366849954952775059e-01
4.388000000000000114e+02 4.357740605362330211e-01
4.390000000000000000e+02 4.348998779450499175e-01
4.391999999999999886e+02 4.340585669057442364e-01
4.393999999999999773e+02 4.332412608927305731e-01
4.396000000000000227e+02 4.324433649156954607e-01
4.398000000000000114e+02 4.316610606444892251e-01
4.400000000000000000e+02 4.308883761941460500e-01
4.401999999999999886e+02 4.301160347782881921e-01
4.403999999999999773e+02 4.293395941794017623e-01
4.406000000000000227e+02 4.285518753729367081e-01
4.408000000000000114e+02 4.277403830399143514e-01
4.410000000000000000e+02 4.268956250847402156e-01
4.411999999999999886e+02 4.260056224259068380e-01
4.413999999999999773e+02 4.250609261701002728e-01
4.416000000000000227e+02 4.240617044858667195e-01
4.418000000000000114e+02 4.230036877029575981e-01
4.420000000000000000e+02 4.218839155193327417e-01
4.421999999999999886e+02 4.207046408959611017e-01
4.423999999999999773e+02 4.194704469186768536e-01
4.426000000000000227e+02 4.181822403773444163e-01
4.428000000000000114e+02 4.168433891191603569e-01
4.430000000000000000e+02 4.154669919721283855e-01
4.431999999999999886e+02 4.140562270012556056e-01
4.433999999999999773e+02 4.126141889285401820e-01
4.436000000000000227e+02 4.111470863221810546e-01
4.438000000000000114e+02 4.096532741953012868e-01
4.440000000000000000e+02 4.081396603232020914e-01
4.441999999999999886e+02 4.066142609198646340e-01
4.443999999999999773e+02 4.050734058269959137e-01
4.446000000000000227e+02 4.035198850540193671e-01
4.448000000000000114e+02 4.019545316597928908e-01
4.450000000000000000e+02 4.003756778283626971e-01
4.451999999999999886e+02 3.987938206267632735e-01
4.453999999999999773e+02 3.972096368874893368e-01
4.456000000000000227e+02 3.956177165717368882e-01
4.458000000000000114e+02 3.940184851906701757e-01
4.460000000000000000e+02 3.924152058692313982e-01
4.461999999999999886e+02 3.908091629952075707e-01
4.463999999999999773e+02 3.892022926676697026e-01
4.466000000000000227e+02 3.876096432708460715e-01
4.468000000000000114e+02 3.860373265864987524e-01
4.470000000000000000e+02 3.844871860143987963e-01
4.471999999999999886e+02 3.829674469203147025e-01
4.473999999999999773e+02 3.814786493905951148e-01
4.476000000000000227e+02 3.800247697317809537e-01
4.478000000000000114e+02 3.786133139321573582e-01
4.480000000000000000e+02 3.772373700555861076e-01
4.481999999999999886e+02 3.758926893310891582e-01
4.483999999999999773e+02 3.745754258885046206e-01
4.486000000000000227e+02 3.732766293743260411e-01
4.488000000000000114e+02 3.719981664223765416e-01
4.490000000000000000e+02 3.707380165845516884e-01
4.491999999999999886e+02 3.694856453088794512e-01
4.493999999999999773e+02 3.682337054847283353e-01
4.496000000000000227e+02 3.669766325769205917e-01
4.498000000000000114e+02 3.657076534003397272e-01
4.500000000000000000e+02 3.644180924464548443e-01
4.501999999999999886e+02 3.631092523516042947e-01
4.503999999999999773e+02 3.617785293806434210e-01
4.506000000000000227e+02 3.604170223854687993e-01
4.508000000000000114e+02 3.590234850894948870e-01
4.510000000000000000e+02 3.575926975839931465e-01
4.511999999999999886e+02 3.561227755363220449e-01
4.513999999999999773e+02 3.546233838357378820e-01
4.516000000000000227e+02 3.530941920701639036e-01
4.518000000000000114e+02 3.515337228037956341e-01
4.520000000000000000e+02 3.499442822378177609e-01
4.521999999999999886e+02 3.483289559294167059e-01
4.523999999999999773e+02 3.466863638782450296e-01
4.526000000000000227e+02 3.450191875510780215e-01
4.528000000000000114e+02 3.433409043526078341e-01
4.530000000000000000e+02 3.416521818611282790e-01
4.531999999999999886e+02 3.399553272338488585e-01
4.533999999999999773e+02 3.382575400670054799e-01
4.536000000000000227e+02 3.365589743616421159e-01
4.538000000000000114e+02 3.348711939297159823e-01
4.540000000000000000e+02 3.332061367516607198e-01
4.541999999999999886e+02 3.315623630261015919e-01
4.543999999999999773e+02 3.299433393124880931e-01
4.546000000000000227e+02 3.283479756308452790e-01
4.548000000000000114e+02 3.267721626321442585e-01
4.550000000000000000e+02 3.252244872431007128e-01
4.551999999999999886e+02 3.237037584310480942e-01
4.553999999999999773e+02 3.222040792600975867e-01
4.556000000000000227e+02 3.207251356494228989e-01
4.558000000000000114e+02 3.192672448920881312e-01
4.560000000000000000e+02 3.178266940909083571e-01
4.561999999999999886e+02 3.163991244228592792e-01
4.563999999999999773e+02 3.149905161131031917e-01
4.566000000000000227e+02 3.135977715691407042e-01
4.568000000000000114e+02 3.122146912568140031e-01
4.570000000000000000e+02 3.108405537870085333e-01
4.571999999999999886e+02 3.094683411556765074e-01
4.573999999999999773e+02 3.080981545970463698e-01
4.576000000000000227e+02 3.067367202885389887e-01
4.578000000000000114e+02 3.053810202816698016e-01
4.580000000000000000e+02 3.040306495730080716e-01
4.581999999999999886e+02 3.026875609890857244e-01
4.583999999999999773e+02 3.013519553093711445e-01
4.586000000000000227e+02 3.000187491277732099e-01
4.588000000000000114e+02 2.986887974999917761e-01
4.590000000000000000e+02 2.973668196034645050e-01
4.591999999999999886e+02 2.960458772908221015e-01
4.593999999999999773e+02 2.947233014399068263e-01
4.596000000000000227e+02 2.933971750017191349e-01
4.598000000000000114e+02 2.920622836258867094e-01
4.600000000000000000e+02 2.907247269747975094e-01
4.601999999999999886e+02 2.893865030740648270e-01
4.603999999999999773e+02 2.880439957815494889e-01
4.606000000000000227e+02 2.867005055594567531e-01
4.608000000000000114e+02 2.853543958247345413e-01
4.610000000000000000e+02 2.840068491963182451e-01
4.611999999999999886e+02 2.826679638316438870e-01
4.613999999999999773e+02 2.813368194872934991e-01
4.616000000000000227e+02 2.800114154859725812e-01
4.618000000000000114e+02 2.786928738144999751e-01
4.620000000000000000e+02 2.773826359108140238e-01
4.621999999999999886e+02 2.760788156921126779e-01
4.623999999999999773e+02 2.747833834281512289e-01
4.626000000000000227e+02 2.735059528880477986e-01
4.628000000000000114e+02 2.722458320546657373e-01
4.630000000000000000e+02 2.710042240640156419e-01
4.631999999999999886e+02 2.697852692670831831e-01
4.633999999999999773e+02 2.685868175983343598e-01
4.636000000000000227e+02 2.674143037929806455e-01
4.638000000000000114e+02 2.662724581646577215e-01
4.640000000000000000e+02 2.651575447012976539e-01
4.641999999999999886e+02 2.640701045250313794e-01
4.643999999999999773e+02 2.630084494566853892e-01
4.646000000000000227e+02 2.619705966543105502e-01
4.648000000000000114e+02 2.609635281242352889e-01
4.650000000000000000e+02 2.599878102328101459e-01
4.651999999999999886e+02 2.590413476390945324e-01
4.653999999999999773e+02 2.581250470368589567e-01
4.656000000000000227e+02 2.572397965757676763e-01
4.658000000000000114e+02 2.563842739930126124e-01
4.660000000000000000e+02 2.555576384148205427e-01
4.661999999999999886e+02 2.547654754617743045e-01
4.663999999999999773e+02 2.540092695742140472e-01
4.666000000000000227e+02 2.532899788202616631e-01
4.668000000000000114e+02 2.526117966294930128e-01
4.670000000000000000e+02 2.519765320114819573e-01
4.671999999999999886e+02 2.513899382775916513e-01
4.673999999999999773e+02 2.508601266431054189e-01
4.676000000000000227e+02 2.503894998012001216e-01
4.678000000000000114e+02 2.499806136697112491e-01
4.680000000000000000e+02 2.496344116172515282e-01
4.681999999999999886e+02 2.493483026268765723e-01
4.683999999999999773e+02 2.491192323909534323e-01
4.686000000000000227e+02 2.489406311068654010e-01
4.688000000000000114e+02 2.488028381587849558e-01
4.690000000000000000e+02 2.486963885030716581e-01
4.691999999999999886e+02 2.486116601309726337e-01
4.693999999999999773e+02 2.485383291315957088e-01
4.696000000000000227e+02 2.484651775612843894e-01
4.698000000000000114e+02 2.483810241717670508e-01
4.700000000000000000e+02 2.482748444441016666e-01
4.701999999999999886e+02 2.481364504438997864e-01
4.703999999999999773e+02 2.479575826783101400e-01
4.706000000000000227e+02 2.477303631399610517e-01
4.708000000000000114e+02 2.474492607776682951e-01
4.710000000000000000e+02 2.471123683346236610e-01
4.711999999999999886e+02 2.467185947550586123e-01
4.713999999999999773e+02 2.462703473101525986e-01
4.716000000000000227e+02 2.457741810118087011e-01
4.718000000000000114e+02 2.452393922195288400e-01
4.720000000000000000e+02 2.446730924475830626e-01
4.721999999999999886e+02 2.440829110850659400e-01
4.723999999999999773e+02 2.434780417809585817e-01
4.726000000000000227e+02 2.428619595194567993e-01
4.728000000000000114e+02 2.422391224292640144e-01
4.730000000000000000e+02 2.416149275495360349e-01
4.731999999999999886e+02 2.409915158568647908e-01
4.733999999999999773e+02 2.403744812850401869e-01
4.736000000000000227e+02 2.397681495546785946e-01
4.738000000000000114e+02 2.391725872223744997e-01
4.740000000000000000e+02 2.385904460573740060e-01
4.741999999999999886e+02 2.380224790169132021e-01
4.743999999999999773e+02 2.374684900169941326e-01
4.746000000000000227e+02 2.369312741986774884e-01
4.748000000000000114e+02 2.364086121141514563e-01
4.750000000000000000e+02 2.358968127695856287e-01
4.751999999999999886e+02 2.353941228834357802e-01
4.753999999999999773e+02 2.348988494468900179e-01
4.756000000000000227e+02 2.344065045994502827e-01
4.758000000000000114e+02 2.339112407665347171e-01
4.760000000000000000e+02 2.334092455795770960e-01
4.761999999999999886e+02 2.328929628220848536e-01
4.763999999999999773e+02 2.323554086826784826e-01
4.766000000000000227e+02 2.317929219801715124e-01
4.768000000000000114e+02 2.312004555974785658e-01
4.770000000000000000e+02 2.305769098372520143e-01
4.771999999999999886e+02 2.299232084681966104e-01
4.773999999999999773e+02 2.292364758144978809e-01
4.776000000000000227e+02 2.285162126445525743e-01
4.778000000000000114e+02 2.277638540192661321e-01
4.780000000000000000e+02 2.269803533370087223e-01
4.781999999999999886e+02 2.261619848821753431e-01
4.783999999999999773e+02 2.253089876406521863e-01
4.786000000000000227e+02 2.244243378387531518e-01
4.788000000000000114e+02 2.235078606439153681e-01
4.790000000000000000e+02 2.225653489865260515e-01
4.791999999999999886e+02 2.216027192588574946e-01
4.793999999999999773e+02 2.206235684607504854e-01
4.796000000000000227e+02 2.196389727774001321e-01
4.798000000000000114e+02 2.186546682240923245e-01
4.800000000000000000e+02 2.176721145587158790e-01
4.801999999999999886e+02 2.166962282231733317e-01
4.803999999999999773e+02 2.157265744713548483e-01
4.806000000000000227e+02 2.147648952857623417e-01
4.808000000000000114e+02 2.138180131422781072e-01
4.810000000000000000e+02 2.128858702418263416e-01
4.811999999999999886e+02 2.119716473168474502e-01
4.813999999999999773e+02 2.110834428650514571e-01
4.816000000000000227e+02 2.102306782869328705e-01
4.818000000000000114e+02 2.094195656796078719e-01
4.820000000000000000e+02 2.086571438163797865e-01
4.821999999999999886e+02 2.079514324206648279e-01
4.823999999999999773e+02 2.073011396469665868e-01
4.826000000000000227e+02 2.067039423841166568e-01
4.828000000000000114e+02 2.061563498092835178e-01
4.830000000000000000e+02 2.056500172048499608e-01
4.831999999999999886e+02 2.051791992144094412e-01
4.833999999999999773e+02 2.047374084809983619e-01
4.836000000000000227e+02 2.043161943941124159e-01
4.838000000000000114e+02 2.039111836237662290e-01
4.840000000000000000e+02 2.035182610255930336e-01
4.841999999999999886e+02 2.031335628283912620e-01
4.843999999999999773e+02 2.027545893687669742e-01
4.846000000000000227e+02 2.023740998519286960e-01
4.848000000000000114e+02 2.019833216687777211e-01
4.850000000000000000e+02 2.015748221177104393e-01
4.851999999999999886e+02 2.011428286176098479e-01
4.853999999999999773e+02 2.006817067193683857e-01
4.856000000000000227e+02 2.001883388309372847e-01
4.858000000000000114e+02 1.996653695163304876e-01
4.860000000000000000e+02 1.991139554704876857e-01
4.861999999999999886e+02 1.985365007619855071e-01
4.863999999999999773e+02 1.979376231339906589e-01
4.866000000000000227e+02 1.973195235173926254e-01
4.868000000000000114e+02 1.966873468108990552e-01
4.870000000000000000e+02 1.960464350509659170e-01
4.871999999999999886e+02 1.953970465372688592e-01
4.873999999999999773e+02 1.947419819972833754e-01
4.876000000000000227e+02 1.940861753863113714e-01
4.878000000000000114e+02 1.934350292048061248e-01
4.880000000000000000e+02 1.927925831723409644e-01
4.881999999999999886e+02 1.921665886274079582e-01
4.883999999999999773e+02 1.915649586751260736e-01
4.886000000000000227e+02 1.909896914919139432e-01
4.888000000000000114e+02 1.904441223377275338e-01
4.890000000000000000e+02 1.899313492736447173e-01
4.891999999999999886e+02 1.894542350992797497e-01
4.893999999999999773e+02 1.890198485776531656e-01
4.896000000000000227e+02 1.886308628428766399e-01
4.898000000000000114e+02 1.882860631705181309e-01
4.900000000000000000e+02 1.879841594046356423e-01
4.901999999999999886e+02 1.877219766964672854e-01
4.903999999999999773e+02 1.874972079428189886e-01
4.906000000000000227e+02 1.873091186566704092e-01
4.908000000000000114e+02 1.871552256644975765e-01
4.910000000000000000e+02 1.870334836464247197e-01
4.911999999999999886e+02 1.869428684168599475e-01
4.913999999999999773e+02 1.868834519398398508e-01
4.916000000000000227e+02 1.868573687105844761e-01
4.918000000000000114e+02 1.868679203752607598e-01
4.920000000000000000e+02 1.869185498553068703e-01
4.921999999999999886e+02 1.870116241333811546e-01
4.923999999999999773e+02 1.871486700781275492e-01
4.926000000000000227e+02 1.873311729888256227e-01
4.928000000000000114e+02 1.875608907038222861e-01
4.930000000000000000e+02 1.878362526726969350e-01
4.931999999999999886e+02 1.881544346853170069e-01
4.933999999999999773e+02 1.885116613562197174e-01
4.936000000000000227e+02 1.889001651753741129e-01
4.938000000000000114e+02 1.893123810223592829e-01
4.940000000000000000e+02 1.897401841270587031e-01
4.941999999999999886e+02 1.901732400157772340e-01
4.943999999999999773e+02 1.906041804423066754e-01
4.946000000000000227e+02 1.910251812457786913e-01
4.948000000000000114e+02 1.914264928466304361e-01
4.950000000000000000e+02 1.917991421141678476e-01
4.951999999999999886e+02 1.921378172083115232e-01
4.953999999999999773e+02 1.924397363535982619e-01
4.956000000000000227e+02 1.927030467850094908e-01
4.958000000000000114e+02 1.929304336048006108e-01
4.960000000000000000e+02 1.931271933611959091e-01
4.961999999999999886e+02 1.933007050525139825e-01
4.963999999999999773e+02 1.934622806157625385e-01
4.966000000000000227e+02 1.936241380965685321e-01
4.968000000000000114e+02 1.937986552598114365e-01
4.970000000000000000e+02 1.939978139285402359e-01
4.971999999999999886e+02 1.942295897264535998e-01
4.973999999999999773e+02 1.944984644822569664e-01
4.976000000000000227e+02 1.948066092714232644e-01
4.978000000000000114e+02 1.951553697867553783e-01
4.980000000000000000e+02 1.955409204182336769e-01
4.981999999999999886e+02 1.959561467482263952e-01
4.983999999999999773e+02 1.963935698361312099e-01
4.986000000000000227e+02 1.968420611244240115e-01
4.988000000000000114e+02 1.972907005116346923e-01
4.990000000000000000e+02 1.977295270501438773e-01
4.991999999999999886e+02 1.981459758126131454e-01
4.993999999999999773e+02 1.985304514623299210e-01
4.996000000000000227e+02 1.988750239486208049e-01
4.998000000000000114e+02 1.991711071897058205e-01
5.000000000000000000e+02 1.994139227399739644e-01
5.001999999999999886e+02 1.996014275966802864e-01
5.003999999999999773e+02 1.997347535017481857e-01
5.006000000000000227e+02 1.998210461062593091e-01
5.008000000000000114e+02 1.998696832962408854e-01
5.010000000000000000e+02 1.998911956350763186e-01
5.011999999999999886e+02 1.998973149033245189e-01
5.013999999999999773e+02 1.999015265690605447e-01
5.016000000000000227e+02 1.999173289142133492e-01
5.018000000000000114e+02 1.999567346302144610e-01
5.020000000000000000e+02 2.000288143827567144e-01
5.021999999999999886e+02 2.001391367482967809e-01
5.023999999999999773e+02 2.002906231714854934e-01
5.026000000000000227e+02 2.004843925546023198e-01
5.028000000000000114e+02 2.007191848477808127e-01
5.030000000000000000e+02 2.009938407509808678e-01
5.031999999999999886e+02 2.013073240442546930e-01
5.033999999999999773e+02 2.016557600533535610e-01
5.036000000000000227e+02 2.020335636084535924e-01
5.038000000000000114e+02 2.024314953812230977e-01
5.040000000000000000e+02 2.028354034877317968e-01
5.041999999999999886e+02 2.032329956363088941e-01
5.043999999999999773e+02 2.036100846484299731e-01
5.046000000000000227e+02 2.039494438255834707e-01
5.048000000000000114e+02 2.042336054143552015e-01
5.050000000000000000e+02 2.044471488361542522e-01
5.051999999999999886e+02 2.045771981777419757e-01
5.053999999999999773e+02 2.046138177440914308e-01
5.056000000000000227e+02 2.045512497011264252e-01
5.058000000000000114e+02 2.043852800394847236e-01
5.060000000000000000e+02 2.041112833705861773e-01
5.061999999999999886e+02 2.037234234862274063e-01
5.063999999999999773e+02 2.032217888628828351e-01
5.066000000000000227e+02 2.026107216056718674e-01
5.068000000000000114e+02 2.018960459068981916e-01
5.070000000000000000e+02 2.010877905625836903e-01
5.071999999999999886e+02 2.001999161953499085e-01
5.073999999999999773e+02 1.992484547184519283e-01
5.076000000000000227e+02 1.982487742866712865e-01
5.078000000000000114e+02 1.972249435361206893e-01
5.080000000000000000e+02 1.962011471492154102e-01
5.081999999999999886e+02 1.951925607671503582e-01
5.083999999999999773e+02 1.942140679330961739e-01
5.086000000000000227e+02 1.932738117947857270e-01
5.088000000000000114e+02 1.923742695223905064e-01
5.090000000000000000e+02 1.915212241173850083e-01
5.091999999999999886e+02 1.907126003855433849e-01
5.093999999999999773e+02 1.899424126954697145e-01
5.096000000000000227e+02 1.892053881430816320e-01
5.098000000000000114e+02 1.884895957123174925e-01
5.100000000000000000e+02 1.877853167023565972e-01
5.101999999999999886e+02 1.870854062435474974e-01
5.103999999999999773e+02 1.863771743999401986e-01
5.106000000000000227e+02 1.856484131954128369e-01
5.108000000000000114e+02 1.848875509179162269e-01
5.110000000000000000e+02 1.840820097356533624e-01
5.111999999999999886e+02 1.832165514481331470e-01
5.113999999999999773e+02 1.822835670379440998e-01
5.116000000000000227e+02 1.812829866182124605e-01
5.118000000000000114e+02 1.802130550417579691e-01
5.120000000000000000e+02 1.790790805811383057e-01
5.122000000000000455e+02 1.778874033696479229e-01
5.123999999999999773e+02 1.766409131311231229e-01
5.126000000000000227e+02 1.753520980305737220e-01
5.127999999999999545e+02 1.740277327828977649e-01
5.130000000000000000e+02 1.726676238480177039e-01
5.132000000000000455e+02 1.712755239194261037e-01
5.133999999999999773e+02 1.698471245990907652e-01
5.136000000000000227e+02 1.683795788074955446e-01
5.137999999999999545e+02 1.668786453543876502e-01
5.140000000000000000e+02 1.653407133796429562e-01
5.142000000000000455e+02 1.637645559217516811e-01
5.143999999999999773e+02 1.621544677290980008e-01
5.146000000000000227e+02 1.605142640691379352e-01
5.147999999999999545e+02 1.588396462980100066e-01
5.150000000000000000e+02 1.571297671970832144e-01
5.152000000000000455e+02 1.553940670736800034e-01
5.153999999999999773e+02 1.536303407395963883e-01
5.156000000000000227e+02 1.518392764388488136e-01
5.157999999999999545e+02 1.500243310038929245e-01
5.160000000000000000e+02 1.481803762982379369e-01
5.162000000000000455e+02 1.463160940026629608e-01
5.163999999999999773e+02 1.444417470589177133e-01
5.166000000000000227e+02 1.425583915672476998e-01
5.167999999999999545e+02 1.406748723247940591e-01
5.170000000000000000e+02 1.388014787878006084e-01
5.172000000000000455e+02 1.369436819940202943e-01
5.173999999999999773e+02 1.350982430380910371e-01
5.176000000000000227e+02 1.332719109318785400e-01
5.177999999999999545e+02 1.314690957939241289e-01
5.180000000000000000e+02 1.296829372766058475e-01
5.182000000000000455e+02 1.279156440501784953e-01
5.183999999999999773e+02 1.261646273171125321e-01
5.186000000000000227e+02 1.244260163093191540e-01
5.187999999999999545e+02 1.227105928944652868e-01
5.190000000000000000e+02 1.210200397982263421e-01
5.192000000000000455e+02 1.193556996958631822e-01
5.193999999999999773e+02 1.177253991215206491e-01
5.196000000000000227e+02 1.161260285934197500e-01
5.197999999999999545e+02 1.145589833694017762e-01
5.200000000000000000e+02 1.130271981108589840e-01
5.202000000000000455e+02 1.115194023989334593e-01
5.203999999999999773e+02 1.100276105780036429e-01
5.206000000000000227e+02 1.085469381581630616e-01
5.207999999999999545e+02 1.070709101874727787e-01
5.210000000000000000e+02 1.055852978070769138e-01
5.212000000000000455e+02 1.040864141578824870e-01
5.213999999999999773e+02 1.025842064668045645e-01
5.216000000000000227e+02 1.010958917233560628e-01
5.217999999999999545e+02 9.965330148779530384e-02
5.220000000000000000e+02 9.828646180514574726e-02
5.222000000000000455e+02 9.701318593863425543e-02
5.223999999999999773e+02 9.585436357504821536e-02
5.226000000000000227e+02 9.481894972400142785e-02
5.227999999999999545e+02 9.390448521064310994e-02
5.230000000000000000e+02 9.310800166755589524e-02
5.232000000000000455e+02 9.242205621511294378e-02
5.233999999999999773e+02 9.183319140574125461e-02
5.236000000000000227e+02 9.132258737684761929e-02
5.237999999999999545e+02 9.087139039768550586e-02
5.240000000000000000e+02 9.045681808335577501e-02
5.242000000000000455e+02 9.005152831859562779e-02
5.243999999999999773e+02 8.962307385956289063e-02
5.246000000000000227e+02 8.911863314022148985e-02
5.247999999999999545e+02 8.847608611149190838e-02
5.250000000000000000e+02 8.763616301025826949e-02
5.252000000000000455e+02 8.654895540550845701e-02
5.253999999999999773e+02 8.518172182949979021e-02
5.256000000000000227e+02 8.351699467814627242e-02
5.257999999999999545e+02 8.154844235288524756e-02
5.260000000000000000e+02 7.930323946531660229e-02
5.262000000000000455e+02 7.682194088119083386e-02
5.263999999999999773e+02 7.414599760953605179e-02
5.266000000000000227e+02 7.133675914797789341e-02
5.267999999999999545e+02 6.846416488332256189e-02
5.270000000000000000e+02 6.559026806155232592e-02
5.272000000000000455e+02 6.275340969902362676e-02
5.273999999999999773e+02 6.000193226681103942e-02
5.276000000000000227e+02 5.737623438397662645e-02
5.277999999999999545e+02 5.489828826179701110e-02
5.280000000000000000e+02 5.259678925366906982e-02
5.282000000000000455e+02 5.048920077280455443e-02
5.283999999999999773e+02 4.858504416111261714e-02
5.286000000000000227e+02 4.689811551678388368e-02
5.287999999999999545e+02 4.541727089976322490e-02
5.290000000000000000e+02 4.411921530857221274e-02
5.292000000000000455e+02 4.297772517919676988e-02
5.293999999999999773e+02 4.195334679469869127e-02
5.296000000000000227e+02 4.100562245152736957e-02
5.297999999999999545e+02 4.009346543220814602e-02
5.300000000000000000e+02 3.917226323506980273e-02
5.302000000000000455e+02 3.821779717930986336e-02
5.303999999999999773e+02 3.722262985616323072e-02
5.306000000000000227e+02 3.618754066140591336e-02
5.307999999999999545e+02 3.510965620680312621e-02
5.310000000000000000e+02 3.399422758066874412e-02
5.312000000000000455e+02 3.285006132273517176e-02
5.313999999999999773e+02 3.167795119486961630e-02
5.316000000000000227e+02 3.048446509534059531e-02
5.317999999999999545e+02 2.927639902673837696e-02
5.320000000000000000e+02 2.805912971127317093e-02
5.322000000000000455e+02 2.684801106276247726e-02
5.323999999999999773e+02 2.565169602745831848e-02
5.326000000000000227e+02 2.447308645664545215e-02
5.327999999999999545e+02 2.331860113817637442e-02
5.330000000000000000e+02 2.219464852852337175e-02
5.332000000000000455e+02 2.110467879451852907e-02
5.333999999999999773e+02 2.005057514417039541e-02
5.336000000000000227e+02 1.904176058439737557e-02
5.337999999999999545e+02 1.808160112246458631e-02
5.340000000000000000e+02 1.716951554783414935e-02
5.342000000000000455e+02 1.630935502798719350e-02
5.343999999999999773e+02 1.550093459017596806e-02
5.346000000000000227e+02 1.474507008911782151e-02
5.347999999999999545e+02 1.404462785621760426e-02
5.350000000000000000e+02 1.339490309552133010e-02
5.352000000000000455e+02 1.279261234362306585e-02
5.353999999999999773e+02 1.223609224078401822e-02
5.356000000000000227e+02 1.172216692820736254e-02
5.357999999999999545e+02 1.125141182298603458e-02
5.360000000000000000e+02 1.082280518233357490e-02
5.362000000000000455e+02 1.043138720844131312e-02
5.363999999999999773e+02 1.007338017460188487e-02
5.366000000000000227e+02 9.744895871187986280e-03
5.367999999999999545e+02 9.440596560010583796e-03
5.370000000000000000e+02 9.152929716419205830e-03
5.372000000000000455e+02 8.875287973344799658e-03
5.373999999999999773e+02 8.600705884817197097e-03
5.376000000000000227e+02 8.321936837951331850e-03
5.377999999999999545e+02 8.034882056189775190e-03
5.380000000000000000e+02 7.735151235433063675e-03
5.382000000000000455e+02 7.418945596497561121e-03
5.383999999999999773e+02 7.085193551507109125e-03
5.386000000000000227e+02 6.731600462173565821e-03
5.387999999999999545e+02 6.357367342833555868e-03
5.390000000000000000e+02 5.964428143800688288e-03
5.392000000000000455e+02 5.555153668599730442e-03
5.393999999999999773e+02 5.134650614888871742e-03
5.396000000000000227e+02 4.707788377927507074e-03
5.397999999999999545e+02 4.275316890138114619e-03
5.400000000000000000e+02 3.840709752358342603e-03
5.402000000000000455e+02 3.409232955484305279e-03
5.403999999999999773e+02 2.986014988882546971e-03
5.406000000000000227e+02 2.574000694457748584e-03
5.407999999999999545e+02 2.178260526541444999e-03
5.410000000000000000e+02 1.804194401561999865e-03
5.412000000000000455e+02 1.454369480473027094e-03
5.413999999999999773e+02 1.133841067171038929e-03
5.416000000000000227e+02 8.477879014564455341e-04
5.417999999999999545e+02 6.001409998549383021e-04
5.420000000000000000e+02 3.946712596759702099e-04
5.422000000000000455e+02 2.318188062581870402e-04
5.423999999999999773e+02 1.106970079466140300e-04
5.426000000000000227e+02 3.261696881890471312e-05
5.427999999999999545e+02 0.000000000000000000e+00
5.430000000000000000e+02 1.481147698643363993e-05
5.432000000000000455e+02 7.757874711103854347e-05
5.433999999999999773e+02 1.872454622927610386e-04
5.436000000000000227e+02 3.447257316262364183e-04
5.437999999999999545e+02 5.527104675888220306e-04
5.440000000000000000e+02 8.141602220463306202e-04
5.442000000000000455e+02 1.131566654547195823e-03
5.443999999999999773e+02 1.502664959625932229e-03
5.446000000000000227e+02 1.919728669507560605e-03
5.447999999999999545e+02 2.374375305957404994e-03
5.450000000000000000e+02 2.856608596500384307e-03
5.452000000000000455e+02 3.357039815990057671e-03
5.453999999999999773e+02 3.868589132870203957e-03
5.456000000000000227e+02 4.378410844495472798e-03
5.457999999999999545e+02 4.876838364468929522e-03
5.460000000000000000e+02 5.356783252701324653e-03
5.462000000000000455e+02 5.799731101637770926e-03
5.463999999999999773e+02 6.204352443070187961e-03
5.466000000000000227e+02 6.575371748851831233e-03
5.467999999999999545e+02 6.901933610918339207e-03
5.470000000000000000e+02 7.176642587212784044e-03
5.472000000000000455e+02 7.395231627053622074e-03
5.473999999999999773e+02 7.554419652291563363e-03
5.476000000000000227e+02 7.653546790248622403e-03
5.477999999999999545e+02 7.695178444782790027e-03
5.480000000000000000e+02 7.684960283382719429e-03
5.482000000000000455e+02 7.630080496722892874e-03
5.483999999999999773e+02 7.538567439372942901e-03
5.486000000000000227e+02 7.419972335879663865e-03
5.487999999999999545e+02 7.287092265486424733e-03
5.490000000000000000e+02 7.153311572288342454e-03
5.492000000000000455e+02 7.031003803197785271e-03
5.493999999999999773e+02 6.930271542974845642e-03
5.496000000000000227e+02 6.859999892677401054e-03
5.497999999999999545e+02 6.828176135290990253e-03
5.500000000000000000e+02 6.842098714361382998e-03
5.502000000000000455e+02 6.909005551181012471e-03
5.503999999999999773e+02 7.034762995289812332e-03
5.506000000000000227e+02 7.223663305084578219e-03
5.507999999999999545e+02 7.480116070554028961e-03
5.510000000000000000e+02 7.808859561202690681e-03
5.512000000000000455e+02 8.212886431693901951e-03
5.513999999999999773e+02 8.689547260619085930e-03
5.516000000000000227e+02 9.236213116688317057e-03
5.517999999999999545e+02 9.848475876794899470e-03
5.520000000000000000e+02 1.051701497926721754e-02
5.522000000000000455e+02 1.123339151725398846e-02
5.523999999999999773e+02 1.198791028526324277e-02
5.526000000000000227e+02 1.276887887410144314e-02
5.527999999999999545e+02 1.357022403570293419e-02
5.530000000000000000e+02 1.438746068914563241e-02
5.532000000000000455e+02 1.521471914192171378e-02
5.533999999999999773e+02 1.604293965215952342e-02
5.536000000000000227e+02 1.686889295290604218e-02
5.537999999999999545e+02 1.769538846952088337e-02
5.540000000000000000e+02 1.852615210114702538e-02
5.542000000000000455e+02 1.936141258129991591e-02
5.543999999999999773e+02 2.020175347490529502e-02
5.546000000000000227e+02 2.105311955712455343e-02
5.547999999999999545e+02 2.192169768164561189e-02
5.550000000000000000e+02 2.281074194239831807e-02
5.552000000000000455e+02 2.372077871234477831e-02
5.553999999999999773e+02 2.465944247326869176e-02
5.556000000000000227e+02 2.563272165845073558e-02
5.557999999999999545e+02 2.664348668285082197e-02
5.560000000000000000e+02 2.769976029268574752e-02
5.562000000000000455e+02 2.880481463058212621e-02
5.563999999999999773e+02 2.995868333460869823e-02
5.566000000000000227e+02 3.116624366162453266e-02
5.567999999999999545e+02 3.243229284325868655e-02
5.570000000000000000e+02 3.375629276279750596e-02
5.572000000000000455e+02 3.512918186778324348e-02
5.573999999999999773e+02 3.654841536381836509e-02
5.576000000000000227e+02 3.801662189062909175e-02
5.577999999999999545e+02 3.953732649195950549e-02
5.580000000000000000e+02 4.110560177781260455e-02
5.582000000000000455e+02 4.271979026269431129e-02
5.583999999999999773e+02 4.438536862202922817e-02
5.586000000000000227e+02 4.610927446335343766e-02
5.587999999999999545e+02 4.788958134512879411e-02
5.590000000000000000e+02 4.972165848850330222e-02
5.592000000000000455e+02 5.161249862666172222e-02
5.593999999999999773e+02 5.356178968956158692e-02
5.596000000000000227e+02 5.556780313048572534e-02
5.597999999999999545e+02 5.763464911237174693e-02
5.600000000000000000e+02 5.975099602240492580e-02
5.602000000000000455e+02 6.190657340361888084e-02
5.603999999999999773e+02 6.410341714411393887e-02
5.606000000000000227e+02 6.634610878540797563e-02
5.607999999999999545e+02 6.862923422245313654e-02
5.610000000000000000e+02 7.094045017418230958e-02
5.612000000000000455e+02 7.328297079468575059e-02
5.613999999999999773e+02 7.566589662460110333e-02
5.616000000000000227e+02 7.809413092108094534e-02
5.617999999999999545e+02 8.055834440594733525e-02
5.620000000000000000e+02 8.306105429220957126e-02
5.622000000000000455e+02 8.561336937096492017e-02
5.623999999999999773e+02 8.822451333759220859e-02
5.626000000000000227e+02 9.088696373714089116e-02
5.627999999999999545e+02 9.359667370437294021e-02
5.630000000000000000e+02 9.636472359377543095e-02
5.632000000000000455e+02 9.920353179380470010e-02
5.633999999999999773e+02 1.021098841489095493e-01
5.636000000000000227e+02 1.050698921023178883e-01
5.637999999999999545e+02 1.080885074088118181e-01
5.640000000000000000e+02 1.111618749819613533e-01
5.642000000000000455e+02 1.142807432278129670e-01
5.643999999999999773e+02 1.174454326777497476e-01
5.646000000000000227e+02 1.206340932102952651e-01
5.647999999999999545e+02 1.238220593584894724e-01
5.650000000000000000e+02 1.270050434199730682e-01
5.652000000000000455e+02 1.301818958534261828e-01
5.653999999999999773e+02 1.333414011794472886e-01
5.656000000000000227e+02 1.364629620783027741e-01
5.657999999999999545e+02 1.395493003870251214e-01
5.660000000000000000e+02 1.426108957642937825e-01
5.662000000000000455e+02 1.456533382433458645e-01
5.663999999999999773e+02 1.486650143353896725e-01
5.666000000000000227e+02 1.516488120720476396e-01
5.667999999999999545e+02 1.546221675299428444e-01
5.670000000000000000e+02 1.576027485627082836e-01
5.672000000000000455e+02 1.605912284380957289e-01
5.673999999999999773e+02 1.635911190007600657e-01
5.676000000000000227e+02 1.666259787634019329e-01
5.677999999999999545e+02 1.697065816279436368e-01
5.680000000000000000e+02 1.728455525301042239e-01
5.682000000000000455e+02 1.760603460312370749e-01
5.683999999999999773e+02 1.793418676595217032e-01
5.686000000000000227e+02 1.826864126842569491e-01
5.687999999999999545e+02 1.861030211291083425e-01
5.690000000000000000e+02 1.895974864695112450e-01
5.692000000000000455e+02 1.931538603817197497e-01
5.693999999999999773e+02 1.967496465368075709e-01
5.696000000000000227e+02 2.003841645425659956e-01
5.697999999999999545e+02 2.040611780410662157e-01
5.700000000000000000e+02 2.077729804989895124e-01
5.702000000000000455e+02 2.114941119594677954e-01
5.703999999999999773e+02 2.152212013694945747e-01
5.706000000000000227e+02 2.189611403212041729e-01
5.707999999999999545e+02 2.227162976656509863e-01
5.710000000000000000e+02 2.264652568912945974e-01
5.712000000000000455e+02 2.302020224531784454e-01
5.713999999999999773e+02 2.339369290078419372e-01
5.716000000000000227e+02 2.376650603130113504e-01
5.717999999999999545e+02 2.413946303086615675e-01
5.720000000000000000e+02 2.451347345368703190e-01
5.722000000000000455e+02 2.488712671208704041e-01
5.723999999999999773e+02 2.526118545848450858e-01
5.726000000000000227e+02 2.563778778272539083e-01
5.727999999999999545e+02 2.601871836744759081e-01
5.730000000000000000e+02 2.640322920970288867e-01
5.732000000000000455e+02 2.679100927116468411e-01
5.733999999999999773e+02 2.718354841924353060e-01
5.736000000000000227e+02 2.758228073040887574e-01
5.737999999999999545e+02 2.798664648561425272e-01
5.740000000000000000e+02 2.839503535929962519e-01
5.742000000000000455e+02 2.880835320631603413e-01
5.743999999999999773e+02 2.922803184907649676e-01
5.746000000000000227e+02 2.965420509596420895e-01
5.747999999999999545e+02 3.008433347276481262e-01
5.750000000000000000e+02 3.051841424779776490e-01
5.752000000000000455e+02 3.095677709936716093e-01
5.753999999999999773e+02 3.139806634073867841e-01
5.756000000000000227e+02 3.184255012084861169e-01
5.757999999999999545e+02 3.228893817222859286e-01
5.760000000000000000e+02 3.273388240305595276e-01
5.762000000000000455e+02 3.317719482391328634e-01
5.763999999999999773e+02 3.361963884344413289e-01
5.766000000000000227e+02 3.406128073525862554e-01
5.767999999999999545e+02 3.449998088322521750e-01
5.770000000000000000e+02 3.493452715559723920e-01
5.772000000000000455e+02 3.536558376739198373e-01
5.773999999999999773e+02 3.579545464710467972e-01
5.776000000000000227e+02 3.622264528322520216e-01
5.777999999999999545e+02 3.664648522439800660e-01
5.780000000000000000e+02 3.707035786371215558e-01
5.782000000000000455e+02 3.749289731435780926e-01
5.783999999999999773e+02 3.791431041146979264e-01
5.786000000000000227e+02 3.833814269234596672e-01
5.787999999999999545e+02 3.876288852753918546e-01
5.790000000000000000e+02 3.918952982157140053e-01
5.792000000000000455e+02 3.962117027861717933e-01
5.793999999999999773e+02 4.005556286319322812e-01
5.796000000000000227e+02 4.049371733701915277e-01
5.797999999999999545e+02 4.093752742076360307e-01
5.800000000000000000e+02 4.138373081572749856e-01
5.802000000000000455e+02 4.183326813520581999e-01
5.803999999999999773e+02 4.228727667030054427e-01
5.806000000000000227e+02 4.274268228889159804e-01
5.807999999999999545e+02 4.319921128282791511e-01
5.810000000000000000e+02 4.365795486570639428e-01
5.812000000000000455e+02 4.411931849781637882e-01
5.813999999999999773e+02 4.458041671330315592e-01
5.816000000000000227e+02 4.504113713703696842e-01
5.817999999999999545e+02 4.550371590972579483e-01
5.820000000000000000e+02 4.596498020178622634e-01
5.822000000000000455e+02 4.642524813772627157e-01
5.823999999999999773e+02 4.688636281735533151e-01
5.826000000000000227e+02 4.734473918696641137e-01
5.827999999999999545e+02 4.780124607320504482e-01
5.830000000000000000e+02 4.825737414139080750e-01
5.832000000000000455e+02 4.871021215965968820e-01
5.833999999999999773e+02 4.916181545435895361e-01
5.836000000000000227e+02 4.961331661696551931e-01
5.837999999999999545e+02 5.006179437029745216e-01
5.840000000000000000e+02 5.050937791632306162e-01
5.842000000000000455e+02 5.095634168660678753e-01
5.843999999999999773e+02 5.139968005766769599e-01
5.846000000000000227e+02 5.183962515609239485e-01
5.847999999999999545e+02 5.227726363106052210e-01
5.850000000000000000e+02 5.271261409757423966e-01
5.852000000000000455e+02 5.314296089374926924e-01
5.853999999999999773e+02 5.356955213474797750e-01
5.856000000000000227e+02 5.399428199584517252e-01
5.857999999999999545e+02 5.441481026507533070e-01
5.860000000000000000e+02 5.483320045069055571e-01
5.862000000000000455e+02 5.525091124638190632e-01
5.863999999999999773e+02 5.566541770403538036e-01
5.866000000000000227e+02 5.607919267296370691e-01
5.867999999999999545e+02 5.649330404194392585e-01
5.870000000000000000e+02 5.690593840783091384e-01
5.872000000000000455e+02 5.732023381701436548e-01
5.873999999999999773e+02 5.773716455424583449e-01
5.876000000000000227e+02 5.815532714893765220e-01
5.877999999999999545e+02 5.857610985761408928e-01
5.880000000000000000e+02 5.900125500603907724e-01
5.882000000000000455e+02 5.943093800328637100e-01
5.883999999999999773e+02 5.986252146699373444e-01
5.886000000000000227e+02 6.029733776751100560e-01
5.887999999999999545e+02 6.073609662355148320e-01
5.890000000000000000e+02 6.117518750886969947e-01
5.892000000000000455e+02 6.161594233204674698e-01
5.893999999999999773e+02 6.205832309490452170e-01
5.896000000000000227e+02 6.249883108121639941e-01
5.897999999999999545e+02 6.293914746446149788e-01
5.900000000000000000e+02 6.337848720870420394e-01
5.902000000000000455e+02 6.381368546669561326e-01
5.903999999999999773e+02 6.424698360723021251e-01
5.906000000000000227e+02 6.467743486276270604e-01
5.907999999999999545e+02 6.510291786735363795e-01
5.910000000000000000e+02 6.552628412262836433e-01
5.912000000000000455e+02 6.594686801131194320e-01
5.913999999999999773e+02 6.636309986782747972e-01
5.916000000000000227e+02 6.677639596007933775e-01
5.917999999999999545e+02 6.718857922249393821e-01
5.920000000000000000e+02 6.759973355957029639e-01
5.922000000000000455e+02 6.800829146616671483e-01
5.923999999999999773e+02 6.841691445665517568e-01
5.926000000000000227e+02 6.882593259236227112e-01
5.927999999999999545e+02 6.923294032547461230e-01
5.930000000000000000e+02 6.964007916160270817e-01
5.932000000000000455e+02 7.004623568753310936e-01
5.933999999999999773e+02 7.044852996088322161e-01
5.936000000000000227e+02 7.084864251981859429e-01
5.937999999999999545e+02 7.124448744274326506e-01
5.940000000000000000e+02 7.163350366543924652e-01
5.942000000000000455e+02 7.201739866731038386e-01
5.943999999999999773e+02 7.239406235727608996e-01
5.946000000000000227e+02 7.276214971835649470e-01
5.947999999999999545e+02 7.312389558024141589e-01
5.950000000000000000e+02 7.347780994657069353e-01
5.952000000000000455e+02 7.382304365241239008e-01
5.953999999999999773e+02 7.416121973194833572e-01
5.956000000000000227e+02 7.449428818156250687e-01
5.957999999999999545e+02 7.482252435086704789e-01
5.960000000000000000e+02 7.514590791588683372e-01
5.962000000000000455e+02 7.546781304972517423e-01
5.963999999999999773e+02 7.578870686083887254e-01
5.966000000000000227e+02 7.610834816457062724e-01
5.967999999999999545e+02 7.642976800210873334e-01
5.970000000000000000e+02 7.675245098083289808e-01
5.972000000000000455e+02 7.707589247565610480e-01
5.973999999999999773e+02 7.740221938392091161e-01
5.976000000000000227e+02 7.772911664989685665e-01
5.977999999999999545e+02 7.805481639043552189e-01
5.980000000000000000e+02 7.837965445214900573e-01
5.982000000000000455e+02 7.870044468393122550e-01
5.983999999999999773e+02 7.901494119149840012e-01
5.986000000000000227e+02 7.932277926953027469e-01
5.987999999999999545e+02 7.962350524183450240e-01
5.990000000000000000e+02 7.991500444419907812e-01
5.992000000000000455e+02 8.019555992065141581e-01
5.993999999999999773e+02 8.046701534571284453e-01
5.996000000000000227e+02 8.072932257169365133e-01
5.997999999999999545e+02 8.098300861787640637e-01
6.000000000000000000e+02 8.123159628773846119e-01
6.002000000000000455e+02 8.147590533866216900e-01
6.003999999999999773e+02 8.171740978227063357e-01
6.006000000000000227e+02 8.195959376577729438e-01
6.007999999999999545e+02 8.220330080056940103e-01
6.010000000000000000e+02 8.245075296269005483e-01
6.012000000000000455e+02 8.270536403271294690e-01
6.013999999999999773e+02 8.296677347420653437e-01
6.016000000000000227e+02 8.323586515808769626e-01
6.017999999999999545e+02 8.351388072677705665e-01
6.020000000000000000e+02 8.379884612040008340e-01
6.022000000000000455e+02 8.408985605069563274e-01
6.023999999999999773e+02 8.438679166564997391e-01
6.026000000000000227e+02 8.468886443306954392e-01
6.027999999999999545e+02 8.499267776628917082e-01
6.030000000000000000e+02 8.529569318979673964e-01
6.032000000000000455e+02 8.559771386934610371e-01
6.033999999999999773e+02 8.589558540693996713e-01
6.036000000000000227e+02 8.618805832095437491e-01
6.037999999999999545e+02 8.647624297018395856e-01
6.040000000000000000e+02 8.675782823360834728e-01
6.042000000000000455e+02 8.703246389301848573e-01
6.043999999999999773e+02 8.730113751267704059e-01
6.046000000000000227e+02 8.756211889412173210e-01
6.047999999999999545e+02 8.781657704281975452e-01
6.050000000000000000e+02 8.806644619798770224e-01
6.052000000000000455e+02 8.831101779832323251e-01
6.053999999999999773e+02 8.855211489310816919e-01
6.056000000000000227e+02 8.879136056628196272e-01
6.057999999999999545e+02 8.902811146210395377e-01
6.060000000000000000e+02 8.926312132370497476e-01
6.062000000000000455e+02 8.949756202654787218e-01
6.063999999999999773e+02 8.973186133181771940e-01
6.066000000000000227e+02 8.996419685158161261e-01
6.067999999999999545e+02 9.019396945208147942e-01
6.070000000000000000e+02 9.042140918045459275e-01
6.072000000000000455e+02 9.064437271318700473e-01
6.073999999999999773e+02 9.086293055406219343e-01
6.076000000000000227e+02 9.107782603039494829e-01
6.077999999999999545e+02 9.128730568961510583e-01
6.080000000000000000e+02 9.149153095866171537e-01
6.082000000000000455e+02 9.169052490620042128e-01
6.083999999999999773e+02 9.188236384346404328e-01
6.086000000000000227e+02 9.206715028040171056e-01
6.087999999999999545e+02 9.224441665308791283e-01
6.090000000000000000e+02 9.241233011205922665e-01
6.092000000000000455e+02 9.257130186971741503e-01
6.093999999999999773e+02 9.272100978037171037e-01
6.096000000000000227e+02 9.286013381394839783e-01
6.097999999999999545e+02 9.298867916311270854e-01
6.100000000000000000e+02 9.310698323071845417e-01
6.102000000000000455e+02 9.321517581495710747e-01
6.103999999999999773e+02 9.331287618421286734e-01
6.106000000000000227e+02 9.340049250245796575e-01
6.107999999999999545e+02 9.347843734999200516e-01
6.110000000000000000e+02 9.354634792928749887e-01
6.112000000000000455e+02 9.360476625417261110e-01
6.113999999999999773e+02 9.365427730574245047e-01
6.116000000000000227e+02 9.369511704383994832e-01
6.117999999999999545e+02 9.372844573109297972e-01
6.120000000000000000e+02 9.375562811715191236e-01
6.122000000000000455e+02 9.377802965430576121e-01
6.123999999999999773e+02 9.379738260047685294e-01
6.126000000000000227e+02 9.381527050191964534e-01
6.127999999999999545e+02 9.383315603526637405e-01
6.130000000000000000e+02 9.385263020840832748e-01
6.132000000000000455e+02 9.387468293575214062e-01
6.133999999999999773e+02 9.389987234589919352e-01
6.136000000000000227e+02 9.392867818026527926e-01
6.137999999999999545e+02 9.396166819474843779e-01
6.140000000000000000e+02 9.399919913990755216e-01
6.142000000000000455e+02 9.404132764396145872e-01
6.143999999999999773e+02 9.408857329109064915e-01
6.146000000000000227e+02 9.414117660890163330e-01
6.147999999999999545e+02 9.419894987925114815e-01
6.150000000000000000e+02 9.426200957525282531e-01
6.152000000000000455e+02 9.432969390978761526e-01
6.153999999999999773e+02 9.440082475542337370e-01
6.156000000000000227e+02 9.447486270070577508e-01
6.157999999999999545e+02 9.455057255513198422e-01
6.160000000000000000e+02 9.462663792997454415e-01
6.162000000000000455e+02 9.470269983473350583e-01
6.163999999999999773e+02 9.477805472702021117e-01
6.166000000000000227e+02 9.485214359506646264e-01
6.167999999999999545e+02 9.492501433818802958e-01
6.170000000000000000e+02 9.499663155772146705e-01
6.172000000000000455e+02 9.506652667381694233e-01
6.173999999999999773e+02 9.513388205327426572e-01
6.176000000000000227e+02 9.519839074080268526e-01
6.177999999999999545e+02 9.525919327943721537e-01
6.180000000000000000e+02 9.531503905125124909e-01
6.182000000000000455e+02 9.536553006349666184e-01
6.183999999999999773e+02 9.541011903008905781e-01
6.186000000000000227e+02 9.544834232579627598e-01
6.187999999999999545e+02 9.548048762053494842e-01
6.190000000000000000e+02 9.550692209719379155e-01
6.192000000000000455e+02 9.552818866905667949e-01
6.193999999999999773e+02 9.554508832615932201e-01
6.196000000000000227e+02 9.555790903481550247e-01
6.197999999999999545e+02 9.556675108441583522e-01
6.200000000000000000e+02 9.557171754799439478e-01
6.202000000000000455e+02 9.557270609289904018e-01
6.203999999999999773e+02 9.556953332497154507e-01
6.206000000000000227e+02 9.556200365958341658e-01
6.207999999999999545e+02 9.554996216623464766e-01
6.210000000000000000e+02 9.553352122811545888e-01
6.212000000000000455e+02 9.551292919176939122e-01
6.213999999999999773e+02 9.548827564453524763e-01
6.216000000000000227e+02 9.545974309844980077e-01
6.217999999999999545e+02 9.542728453681389444e-01
6.220000000000000000e+02 9.539030181575074430e-01
6.222000000000000455e+02 9.534832098323650085e-01
6.223999999999999773e+02 9.530055818890850183e-01
6.226000000000000227e+02 9.524582297349047932e-01
6.227999999999999545e+02 9.518373705307182631e-01
6.230000000000000000e+02 9.511375038824927408e-01
6.232000000000000455e+02 9.503519603412395877e-01
6.233999999999999773e+02 9.494882335373462379e-01
6.236000000000000227e+02 9.485528693905943554e-01
6.237999999999999545e+02 9.475524205754997098e-01
6.240000000000000000e+02 9.465031133319500301e-01
6.242000000000000455e+02 9.454156746222784902e-01
6.243999999999999773e+02 9.442951981193571376e-01
6.246000000000000227e+02 9.431454645806401915e-01
6.247999999999999545e+02 9.419769777004021183e-01
6.250000000000000000e+02 9.407959724325380968e-01
6.252000000000000455e+02 9.395992452534661643e-01
6.253999999999999773e+02 9.383969669590046525e-01
6.256000000000000227e+02 9.371946834801718751e-01
6.257999999999999545e+02 9.359903735840506833e-01
6.260000000000000000e+02 9.347980260917222450e-01
6.262000000000000455e+02 9.336244354573235427e-01
6.263999999999999773e+02 9.324697197524995929e-01
6.266000000000000227e+02 9.313442372169621342e-01
6.267999999999999545e+02 9.302447617870699403e-01
6.270000000000000000e+02 9.291628438472216978e-01
6.272000000000000455e+02 9.281010683838614161e-01
6.273999999999999773e+02 9.270509361092693634e-01
6.276000000000000227e+02 9.260036191062358535e-01
6.277999999999999545e+02 9.249597085507597072e-01
6.280000000000000000e+02 9.239131177041832732e-01
6.282000000000000455e+02 9.228547598551984921e-01
6.283999999999999773e+02 9.217775829458305648e-01
6.286000000000000227e+02 9.206837154847289373e-01
6.287999999999999545e+02 9.195691352287344023e-01
6.290000000000000000e+02 9.184248454928807259e-01
6.292000000000000455e+02 9.172528411457628872e-01
6.293999999999999773e+02 9.160437697143901659e-01
6.296000000000000227e+02 9.147854090980231945e-01
6.297999999999999545e+02 9.134824129833035711e-01
6.300000000000000000e+02 9.121304812384557481e-01
6.302000000000000455e+02 9.107289236769238183e-01
6.303999999999999773e+02 9.092932315525412701e-01
6.306000000000000227e+02 9.078237822267780643e-01
6.307999999999999545e+02 9.063230485320803442e-01
6.310000000000000000e+02 9.048042330541843370e-01
6.312000000000000455e+02 9.032705421888695962e-01
6.313999999999999773e+02 9.017200085531128506e-01
6.316000000000000227e+02 9.001514313435237113e-01
6.317999999999999545e+02 8.985724048804618613e-01
6.320000000000000000e+02 8.969778773920287218e-01
6.322000000000000455e+02 8.953590205316173112e-01
6.323999999999999773e+02 8.937270816091275050e-01
6.326000000000000227e+02 8.920811174773176644e-01
6.327999999999999545e+02 8.904202611416998092e-01
6.330000000000000000e+02 8.887598829244609533e-01
6.332000000000000455e+02 8.870952184336071689e-01
6.333999999999999773e+02 8.854228346180362808e-01
6.336000000000000227e+02 8.837529116401268148e-01
6.337999999999999545e+02 8.820770782845117619e-01
6.340000000000000000e+02 8.803969716265175327e-01
6.342000000000000455e+02 8.787284421039148752e-01
6.343999999999999773e+02 8.770693849615009974e-01
6.346000000000000227e+02 8.754304028757271539e-01
6.347999999999999545e+02 8.738333782878270339e-01
6.350000000000000000e+02 8.722889632056977094e-01
6.352000000000000455e+02 8.708032756679435771e-01
6.353999999999999773e+02 8.693826361164725958e-01
6.356000000000000227e+02 8.680343146831225321e-01
6.357999999999999545e+02 8.667414193342636297e-01
6.360000000000000000e+02 8.654802083107204780e-01
6.362000000000000455e+02 8.642329599417135633e-01
6.363999999999999773e+02 8.629673566203723833e-01
6.366000000000000227e+02 8.616576384645728837e-01
6.367999999999999545e+02 8.602898875329150208e-01
6.370000000000000000e+02 8.588374851024488388e-01
6.372000000000000455e+02 8.572876621460405744e-01
6.373999999999999773e+02 8.556387296033155510e-01
6.376000000000000227e+02 8.538736082208452371e-01
6.377999999999999545e+02 8.519915280375344180e-01
6.380000000000000000e+02 8.499964687738613689e-01
6.382000000000000455e+02 8.478737488925380816e-01
6.383999999999999773e+02 8.456305807057933333e-01
6.386000000000000227e+02 8.432822189010569236e-01
6.387999999999999545e+02 8.408357680676724621e-01
6.390000000000000000e+02 8.383049805341837857e-01
6.392000000000000455e+02 8.357218415542982948e-01
6.393999999999999773e+02 8.331318275661121486e-01
6.396000000000000227e+02 8.305497267333715739e-01
6.397999999999999545e+02 8.280001900600539866e-01
6.400000000000000000e+02 8.255159279737823708e-01
6.402000000000000455e+02 8.230911994881429106e-01
6.403999999999999773e+02 8.207294293704957555e-01
6.406000000000000227e+02 8.184331958107857741e-01
6.407999999999999545e+02 8.161708680649519820e-01
6.410000000000000000e+02 8.139306994801367434e-01
6.412000000000000455e+02 8.117018462783323063e-01
6.413999999999999773e+02 8.094513055106167254e-01
6.416000000000000227e+02 8.071737346128150525e-01
6.417999999999999545e+02 8.048606193026849320e-01
6.420000000000000000e+02 8.024849987975165577e-01
6.422000000000000455e+02 8.000448349651911872e-01
6.423999999999999773e+02 7.975371086898521700e-01
6.426000000000000227e+02 7.949485509953313489e-01
6.427999999999999545e+02 7.922675136352220759e-01
6.430000000000000000e+02 7.895030836540870567e-01
6.432000000000000455e+02 7.866713236462810066e-01
6.433999999999999773e+02 7.837639440141694891e-01
6.436000000000000227e+02 7.808026784981000334e-01
6.437999999999999545e+02 7.778148716691578590e-01
6.440000000000000000e+02 7.747990035208537352e-01
6.442000000000000455e+02 7.717844627151707604e-01
6.443999999999999773e+02 7.687937678182242829e-01
6.446000000000000227e+02 7.658189375802000320e-01
6.447999999999999545e+02 7.628815948338135700e-01
6.450000000000000000e+02 7.599898232765239792e-01
6.452000000000000455e+02 7.571303261388551142e-01
6.453999999999999773e+02 7.543210249627789743e-01
6.456000000000000227e+02 7.515688803643433280e-01
6.457999999999999545e+02 7.488633221799387840e-01
6.460000000000000000e+02 7.461944114204324130e-01
6.462000000000000455e+02 7.435680791530941969e-01
6.463999999999999773e+02 7.409878027513715493e-01
6.466000000000000227e+02 7.384309463543691221e-01
6.467999999999999545e+02 7.359006778315528852e-01
6.470000000000000000e+02 7.333984872765900720e-01
6.472000000000000455e+02 7.309029260369246384e-01
6.473999999999999773e+02 7.284242582495622509e-01
6.476000000000000227e+02 7.259673085456483932e-01
6.477999999999999545e+02 7.235201879111464729e-01
6.480000000000000000e+02 7.211003278810872441e-01
6.482000000000000455e+02 7.187087609594746684e-01
6.483999999999999773e+02 7.163307556495839279e-01
6.486000000000000227e+02 7.139772733694972340e-01
6.487999999999999545e+02 7.116383519188570483e-01
6.490000000000000000e+02 7.092957424254719978e-01
6.492000000000000455e+02 7.069572387470000052e-01
6.493999999999999773e+02 7.046253786039382572e-01
6.496000000000000227e+02 7.022999671937484312e-01
6.497999999999999545e+02 6.999876640809584716e-01
6.500000000000000000e+02 6.977122466518973498e-01
6.502000000000000455e+02 6.954886835354739949e-01
6.503999999999999773e+02 6.933148749771606001e-01
6.506000000000000227e+02 6.912094109269610875e-01
6.507999999999999545e+02 6.891744926692391360e-01
6.510000000000000000e+02 6.871944205289419738e-01
6.512000000000000455e+02 6.852747626354847021e-01
6.513999999999999773e+02 6.834063927608782230e-01
6.516000000000000227e+02 6.815730738290757262e-01
6.517999999999999545e+02 6.797792505727197065e-01
6.520000000000000000e+02 6.780123982051633469e-01
6.522000000000000455e+02 6.762583508352170147e-01
6.523999999999999773e+02 6.745202226526586520e-01
6.526000000000000227e+02 6.727753587735959551e-01
6.527999999999999545e+02 6.709974654117347725e-01
6.530000000000000000e+02 6.691714253055980333e-01
6.532000000000000455e+02 6.672711784748647235e-01
6.533999999999999773e+02 6.652666255806575224e-01
6.536000000000000227e+02 6.631334064334426515e-01
6.537999999999999545e+02 6.608691758875560041e-01
6.540000000000000000e+02 6.584627403881531116e-01
6.542000000000000455e+02 6.559043190019477887e-01
6.543999999999999773e+02 6.532213863839907431e-01
6.546000000000000227e+02 6.504233249823678786e-01
6.547999999999999545e+02 6.475206553203759485e-01
6.550000000000000000e+02 6.445565390138929818e-01
6.552000000000000455e+02 6.415414695744516838e-01
6.553999999999999773e+02 6.384868465998951859e-01
6.556000000000000227e+02 6.354282204315822025e-01
6.557999999999999545e+02 6.323651795199034531e-01
6.560000000000000000e+02 6.293086824169322746e-01
6.562000000000000455e+02 6.262919790512578855e-01
6.563999999999999773e+02 6.233135804022503779e-01
6.566000000000000227e+02 6.203875863090240195e-01
6.567999999999999545e+02 6.175428212021250030e-01
6.570000000000000000e+02 6.147806928191025255e-01
6.572000000000000455e+02 6.120924361185918761e-01
6.573999999999999773e+02 6.094720924283782981e-01
6.576000000000000227e+02 6.069246988775249818e-01
6.577999999999999545e+02 6.044279209866927349e-01
6.580000000000000000e+02 6.019595044126992978e-01
6.582000000000000455e+02 5.995202239440990954e-01
6.583999999999999773e+02 5.970869766629485209e-01
6.586000000000000227e+02 5.946489296878025854e-01
6.587999999999999545e+02 5.922189106921514901e-01
6.590000000000000000e+02 5.897821845580940581e-01
6.592000000000000455e+02 5.873384452302755632e-01
6.593999999999999773e+02 5.849018677282797896e-01
6.596000000000000227e+02 5.824591765379595332e-01
6.597999999999999545e+02 5.800134298622499074e-01
6.600000000000000000e+02 5.775777434767666030e-01
6.602000000000000455e+02 5.751479155167062984e-01
6.603999999999999773e+02 5.727194066570041597e-01
6.606000000000000227e+02 5.702979634081113414e-01
6.607999999999999545e+02 5.679021954100444969e-01
6.610000000000000000e+02 5.655244473775257186e-01
6.612000000000000455e+02 5.631624551991620820e-01
6.613999999999999773e+02 5.608330883191592342e-01
6.616000000000000227e+02 5.585255575819141338e-01
6.617999999999999545e+02 5.562384930294572705e-01
6.620000000000000000e+02 5.539821843627527054e-01
6.622000000000000455e+02 5.517361382162808692e-01
6.623999999999999773e+02 5.494936015768546733e-01
6.626000000000000227e+02 5.472547242106777787e-01
6.627999999999999545e+02 5.449935037344675326e-01
6.630000000000000000e+02 5.427067224577474258e-01
6.632000000000000455e+02 5.403952832511487170e-01
6.633999999999999773e+02 5.380370872695606765e-01
6.636000000000000227e+02 5.356332137171005980e-01
6.637999999999999545e+02 5.331872056569544327e-01
6.640000000000000000e+02 5.306874651827563349e-01
6.642000000000000455e+02 5.281213148897637710e-01
6.643999999999999773e+02 5.254906926909113096e-01
6.646000000000000227e+02 5.228073605254670575e-01
6.647999999999999545e+02 5.200556979445608574e-01
6.650000000000000000e+02 5.172429545085605040e-01
6.652000000000000455e+02 5.143926274083875372e-01
6.653999999999999773e+02 5.114996688732349472e-01
6.656000000000000227e+02 5.085873566852677774e-01
6.657999999999999545e+02 5.056857892996513559e-01
6.660000000000000000e+02 5.027934025704161591e-01
6.662000000000000455e+02 4.999369714029495704e-01
6.664000000000000909e+02 4.971395066136141128e-01
6.666000000000000227e+02 4.943949208476722257e-01
6.667999999999999545e+02 4.917237738968405214e-01
6.670000000000000000e+02 4.891347159524191412e-01
6.672000000000000455e+02 4.866136849539067777e-01
6.674000000000000909e+02 4.841730327902058484e-01
6.676000000000000227e+02 4.818165070266107741e-01
6.677999999999999545e+02 4.795316049346848297e-01
6.680000000000000000e+02 4.773045890046903605e-01
6.682000000000000455e+02 4.751322007134701209e-01
6.684000000000000909e+02 4.730073254833144225e-01
6.686000000000000227e+02 4.708974842812478911e-01
6.687999999999999545e+02 4.687902589051652358e-01
6.690000000000000000e+02 4.666736970200048851e-01
6.692000000000000455e+02 4.645170666943756466e-01
6.694000000000000909e+02 4.623153483830987343e-01
6.696000000000000227e+02 4.600597055352610432e-01
6.697999999999999545e+02 4.577275811213179502e-01
6.700000000000000000e+02 4.553293641519187140e-01
6.702000000000000455e+02 4.528659125533708307e-01
6.704000000000000909e+02 4.503267980971097928e-01
6.706000000000000227e+02 4.477325198778083215e-01
6.707999999999999545e+02 4.450837693386401894e-01
6.710000000000000000e+02 4.423713012044350745e-01
6.712000000000000455e+02 4.396132059151313110e-01
6.714000000000000909e+02 4.368147289628327434e-01
6.716000000000000227e+02 4.339711343152618528e-01
6.717999999999999545e+02 4.310813029020519327e-01
6.720000000000000000e+02 4.281656560939578471e-01
6.722000000000000455e+02 4.252340423855498486e-01
6.724000000000000909e+02 4.222737212516334826e-01
6.726000000000000227e+02 4.193068069937140319e-01
6.727999999999999545e+02 4.163426310883263648e-01
6.730000000000000000e+02 4.133724747516115405e-01
6.732000000000000455e+02 4.104238542545832757e-01
6.734000000000000909e+02 4.075033996773232969e-01
6.736000000000000227e+02 4.046052172349642317e-01
6.737999999999999545e+02 4.017574470467096814e-01
6.740000000000000000e+02 3.989640924984287906e-01
6.742000000000000455e+02 3.962250129124200160e-01
6.744000000000000909e+02 3.935679164438268818e-01
6.746000000000000227e+02 3.909871058843469305e-01
6.747999999999999545e+02 3.884741382786747188e-01
6.750000000000000000e+02 3.860416526975431473e-01
6.752000000000000455e+02 3.836857280183320618e-01
6.754000000000000909e+02 3.813955482317529233e-01
6.756000000000000227e+02 3.791633426840472221e-01
6.757999999999999545e+02 3.769942961673200532e-01
6.760000000000000000e+02 3.748757300487945421e-01
6.762000000000000455e+02 3.727830991040122499e-01
6.764000000000000909e+02 3.707138210004841672e-01
6.766000000000000227e+02 3.686484024823130645e-01
6.767999999999999545e+02 3.665646363100685812e-01
6.770000000000000000e+02 3.644653416805018753e-01
6.772000000000000455e+02 3.623317995156158378e-01
6.774000000000000909e+02 3.601472333087392674e-01
6.776000000000000227e+02 3.579174722191399427e-01
6.777999999999999545e+02 3.556284247044901869e-01
6.780000000000000000e+02 3.532745515921913437e-01
6.782000000000000455e+02 3.508690537572391466e-01
6.784000000000000909e+02 3.484084763989241385e-01
6.786000000000000227e+02 3.458828628267247574e-01
6.787999999999999545e+02 3.432870066866526293e-01
6.790000000000000000e+02 3.406346278905901803e-01
6.792000000000000455e+02 3.379213444253701959e-01
6.794000000000000909e+02 3.351405367210598674e-01
6.796000000000000227e+02 3.323184598964223357e-01
6.797999999999999545e+02 3.294551877088904845e-01
6.800000000000000000e+02 3.265525692760181120e-01
6.802000000000000455e+02 3.236447687990944289e-01
6.804000000000000909e+02 3.207388547210801022e-01
6.806000000000000227e+02 3.178509699633244590e-01
6.807999999999999545e+02 3.150206590483523583e-01
6.810000000000000000e+02 3.122498944302980473e-01
6.812000000000000455e+02 3.095514524676247770e-01
6.814000000000000909e+02 3.069528643183860872e-01
6.816000000000000227e+02 3.044462074060488854e-01
6.817999999999999545e+02 3.020371378716840138e-01
6.820000000000000000e+02 2.997423160798889374e-01
6.822000000000000455e+02 2.975596007086140360e-01
6.824000000000000909e+02 2.954801289879875337e-01
6.826000000000000227e+02 2.934961607318802845e-01
6.827999999999999545e+02 2.916035117158154444e-01
6.830000000000000000e+02 2.897749700477376678e-01
6.832000000000000455e+02 2.879834770460428239e-01
6.834000000000000909e+02 2.862143982594432812e-01
6.836000000000000227e+02 2.844298040462653887e-01
6.837999999999999545e+02 2.826025185961246189e-01
6.840000000000000000e+02 2.807233959893874475e-01
6.842000000000000455e+02 2.787683582190984000e-01
6.844000000000000909e+02 2.767336339076819085e-01
6.846000000000000227e+02 2.746303040633169545e-01
6.847999999999999545e+02 2.724523685974324927e-01
6.850000000000000000e+02 2.702162163765248204e-01
6.852000000000000455e+02 2.679442709839989223e-01
6.854000000000000909e+02 2.656382055714197610e-01
6.856000000000000227e+02 2.633258794841801254e-01
6.857999999999999545e+02 2.610407835554274802e-01
6.860000000000000000e+02 2.588010312381416322e-01
6.862000000000000455e+02 2.566201617949609437e-01
6.864000000000000909e+02 2.545179988897100509e-01
6.866000000000000227e+02 2.525176204725648743e-01
6.867999999999999545e+02 2.506162657735637178e-01
6.870000000000000000e+02 2.488167745688388277e-01
6.872000000000000455e+02 2.471260155391798996e-01
6.874000000000000909e+02 2.455256454033920288e-01
6.876000000000000227e+02 2.440039732378369297e-01
6.877999999999999545e+02 2.425437684761975188e-01
6.880000000000000000e+02 2.410962003661097086e-01
6.882000000000000455e+02 2.396234270540678613e-01
6.884000000000000909e+02 2.380888633290101641e-01
6.886000000000000227e+02 2.364461419483254168e-01
6.887999999999999545e+02 2.346685872130152006e-01
6.890000000000000000e+02 2.327371664078236035e-01
6.892000000000000455e+02 2.306331895573426327e-01
6.894000000000000909e+02 2.283459736593609624e-01
6.896000000000000227e+02 2.258864449419065168e-01
6.897999999999999545e+02 2.232784553368842018e-01
6.900000000000000000e+02 2.205243341308246452e-01
6.902000000000000455e+02 2.176531830456356342e-01
6.904000000000000909e+02 2.147062355865520245e-01
6.906000000000000227e+02 2.116958150720490983e-01
6.907999999999999545e+02 2.086672926523315819e-01
6.910000000000000000e+02 2.056738808899284954e-01
6.912000000000000455e+02 2.027449671322460178e-01
6.914000000000000909e+02 1.999376005340006424e-01
6.916000000000000227e+02 1.972959842926676477e-01
6.917999999999999545e+02 1.948305999558397617e-01
6.920000000000000000e+02 1.925731397688151825e-01
6.922000000000000455e+02 1.905362715103627314e-01
6.924000000000000909e+02 1.887065817653045818e-01
6.926000000000000227e+02 1.870825878284392008e-01
6.927999999999999545e+02 1.856488004760963040e-01
6.930000000000000000e+02 1.843749476586852287e-01
6.932000000000000455e+02 1.832301595194978372e-01
6.934000000000000909e+02 1.821891847455161806e-01
6.936000000000000227e+02 1.812275495768564115e-01
6.937999999999999545e+02 1.803165467512772568e-01
6.940000000000000000e+02 1.794405765154968024e-01
6.942000000000000455e+02 1.785852182638709151e-01
6.944000000000000909e+02 1.777303435447827040e-01
6.946000000000000227e+02 1.768715245591601093e-01
6.947999999999999545e+02 1.760050200462546788e-01
6.950000000000000000e+02 1.751246420804370985e-01
6.952000000000000455e+02 1.742392871795153675e-01
6.954000000000000909e+02 1.733566406845269414e-01
6.956000000000000227e+02 1.724840099853452435e-01
6.957999999999999545e+02 1.716414639412599252e-01
6.960000000000000000e+02 1.708442423007121014e-01
6.962000000000000455e+02 1.701037175959437819e-01
6.964000000000000909e+02 1.694338860125230717e-01
6.966000000000000227e+02 1.688490067071793665e-01
6.967999999999999545e+02 1.683482496547135387e-01
6.970000000000000000e+02 1.679066001492540428e-01
6.972000000000000455e+02 1.675071944102977661e-01
6.974000000000000909e+02 1.671354815441331021e-01
6.976000000000000227e+02 1.667730854626060799e-01
6.977999999999999545e+02 1.664020866082787375e-01
6.980000000000000000e+02 1.660045888114602131e-01
6.982000000000000455e+02 1.655622712633514348e-01
6.984000000000000909e+02 1.650575086266621583e-01
6.986000000000000227e+02 1.644722046537629712e-01
6.987999999999999545e+02 1.637879656665626737e-01
6.990000000000000000e+02 1.629924409659078421e-01
6.992000000000000455e+02 1.620749387086158622e-01
6.994000000000000909e+02 1.610250109329004198e-01
6.996000000000000227e+02 1.598416759182739177e-01
6.997999999999999545e+02 1.585313549947218736e-01
7.000000000000000000e+02 1.571066046271415995e-01
7.002000000000000455e+02 1.555847390561908294e-01
7.004000000000000909e+02 1.539863915874612743e-01
7.006000000000000227e+02 1.523347967272703218e-01
7.007999999999999545e+02 1.506544108063456455e-01
7.010000000000000000e+02 1.489685762738209296e-01
7.012000000000000455e+02 1.472980167726250234e-01
7.014000000000000909e+02 1.456601793173925852e-01
7.016000000000000227e+02 1.440678819618718409e-01
7.017999999999999545e+02 1.425282245004653447e-01
7.020000000000000000e+02 1.410427821057704256e-01
7.022000000000000455e+02 1.396106312597958921e-01
7.024000000000000909e+02 1.382299953086099653e-01
7.026000000000000227e+02 1.368993710077180681e-01
7.027999999999999545e+02 1.356136608972900726e-01
7.030000000000000000e+02 1.343644865620413076e-01
7.032000000000000455e+02 1.331509412186514807e-01
7.034000000000000909e+02 1.319690688513618926e-01
7.036000000000000227e+02 1.308089264084164038e-01
7.037999999999999545e+02 1.296650816967145070e-01
7.040000000000000000e+02 1.285358752899996015e-01
7.042000000000000455e+02 1.274230708668598055e-01
7.044000000000000909e+02 1.263320969081353773e-01
7.046000000000000227e+02 1.252692876985318782e-01
7.047999999999999545e+02 1.242412829905759353e-01
7.050000000000000000e+02 1.232571082519186428e-01
7.052000000000000455e+02 1.223286571609614737e-01
7.054000000000000909e+02 1.214701698761004034e-01
7.056000000000000227e+02 1.206951924365677054e-01
7.057999999999999545e+02 1.200120689567920618e-01
7.060000000000000000e+02 1.194217498866288474e-01
7.062000000000000455e+02 1.189166336201801372e-01
7.064000000000000909e+02 1.184828812665976311e-01
7.066000000000000227e+02 1.181016308066970277e-01
7.067999999999999545e+02 1.177506306089281390e-01
7.070000000000000000e+02 1.174043099186763695e-01
7.072000000000000455e+02 1.170343352822395266e-01
7.074000000000000909e+02 1.166117067112861228e-01
7.076000000000000227e+02 1.161082296122587093e-01
7.077999999999999545e+02 1.154992067466363015e-01
7.080000000000000000e+02 1.147702210133496464e-01
7.082000000000000455e+02 1.139122655967456793e-01
7.084000000000000909e+02 1.129197575675359166e-01
7.086000000000000227e+02 1.117896010606891227e-01
7.087999999999999545e+02 1.105218638156326288e-01
7.090000000000000000e+02 1.091207417348482450e-01
7.092000000000000455e+02 1.075967686862722705e-01
7.094000000000000909e+02 1.059654460948723370e-01
7.096000000000000227e+02 1.042466609954119244e-01
7.097999999999999545e+02 1.024643684103247049e-01
7.100000000000000000e+02 1.006440281762897015e-01
7.102000000000000455e+02 9.881141505490306787e-02
7.104000000000000909e+02 9.699148499625889763e-02
7.106000000000000227e+02 9.520946164469606954e-02
7.107999999999999545e+02 9.349010826495464388e-02
7.110000000000000000e+02 9.185467894675974909e-02
7.112000000000000455e+02 9.031422571679191547e-02
7.114000000000000909e+02 8.887356837935564413e-02
7.116000000000000227e+02 8.754358261771554017e-02
7.117999999999999545e+02 8.632784051490019483e-02
7.120000000000000000e+02 8.522413752495155981e-02
7.122000000000000455e+02 8.423480214885592510e-02
7.124000000000000909e+02 8.336258453122032119e-02
7.126000000000000227e+02 8.260949849268585388e-02
7.127999999999999545e+02 8.197642032400298540e-02
7.130000000000000000e+02 8.146120593086078610e-02
7.132000000000000455e+02 8.105861359041979797e-02
7.134000000000000909e+02 8.076058441330667692e-02
7.136000000000000227e+02 8.055592107984986538e-02
7.137999999999999545e+02 8.043000904340129320e-02
7.140000000000000000e+02 8.036416730386268525e-02
7.142000000000000455e+02 8.033915320276581451e-02
7.144000000000000909e+02 8.033611527405863650e-02
7.146000000000000227e+02 8.033692207151890696e-02
7.147999999999999545e+02 8.032314737727729026e-02
7.150000000000000000e+02 8.027620860376362411e-02
7.152000000000000455e+02 8.017797236513586612e-02
7.154000000000000909e+02 8.001073294529394142e-02
7.156000000000000227e+02 7.975585521801480116e-02
7.157999999999999545e+02 7.939179030182721974e-02
7.160000000000000000e+02 7.889912852171264424e-02
7.162000000000000455e+02 7.826235161273094321e-02
7.164000000000000909e+02 7.747168237267060276e-02
7.166000000000000227e+02 7.652246386222689989e-02
7.167999999999999545e+02 7.541535760694698109e-02
7.170000000000000000e+02 7.415763666157647316e-02
7.172000000000000455e+02 7.276179631589954622e-02
7.174000000000000909e+02 7.124450368034467018e-02
7.176000000000000227e+02 6.962625923237607262e-02
7.177999999999999545e+02 6.793224957588848978e-02
7.180000000000000000e+02 6.619160240638448378e-02
7.182000000000000455e+02 6.443647095837153060e-02
7.184000000000000909e+02 6.269832127715517511e-02
7.186000000000000227e+02 6.100717712381029112e-02
7.187999999999999545e+02 5.939123633433796706e-02
7.190000000000000000e+02 5.787742724654227483e-02
7.192000000000000455e+02 5.649253469401719491e-02
7.194000000000000909e+02 5.526416638283291466e-02
7.196000000000000227e+02 5.421778958356730793e-02
7.197999999999999545e+02 5.337767634226061458e-02
7.200000000000000000e+02 5.276696706721187291e-02
7.202000000000000455e+02 5.239527993705844072e-02
7.204000000000000909e+02 5.226248200253322262e-02
7.206000000000000227e+02 5.236281476429342080e-02
7.207999999999999545e+02 5.268056525517688521e-02
7.210000000000000000e+02 5.319083088695584355e-02
7.212000000000000455e+02 5.386000017484452590e-02
7.214000000000000909e+02 5.465022489945299544e-02
7.216000000000000227e+02 5.552285896809830423e-02
7.217999999999999545e+02 5.644132222011648270e-02
7.220000000000000000e+02 5.737164608638350288e-02
7.222000000000000455e+02 5.828249271946508991e-02
7.224000000000000909e+02 5.914527784103457836e-02
7.226000000000000227e+02 5.993221972971814193e-02
7.227999999999999545e+02 6.061557814300029545e-02
7.230000000000000000e+02 6.116790050501519360e-02
7.232000000000000455e+02 6.156722901106914669e-02
7.234000000000000909e+02 6.179677941281354336e-02
7.236000000000000227e+02 6.184479992186153047e-02
7.237999999999999545e+02 6.170401197990826175e-02
7.240000000000000000e+02 6.137256147453502148e-02
7.242000000000000455e+02 6.085584186170326509e-02
7.244000000000000909e+02 6.016781969275536435e-02
7.246000000000000227e+02 5.932923654673896707e-02
7.247999999999999545e+02 5.836627285304386153e-02
7.250000000000000000e+02 5.730584059365412264e-02
7.252000000000000455e+02 5.617312315471273410e-02
7.254000000000000909e+02 5.498994572938373238e-02
7.256000000000000227e+02 5.377549129118132376e-02
7.257999999999999545e+02 5.254791277122014548e-02
7.260000000000000000e+02 5.132501882649443542e-02
7.262000000000000455e+02 5.012244297271564730e-02
7.264000000000000909e+02 4.895315332673651210e-02
7.266000000000000227e+02 4.782797506312435470e-02
7.267999999999999545e+02 4.676164637970965654e-02
7.270000000000000000e+02 4.577069783530254149e-02
7.272000000000000455e+02 4.486899732426594817e-02
7.274000000000000909e+02 4.405214567529772141e-02
7.276000000000000227e+02 4.330088670794401268e-02
7.277999999999999545e+02 4.258369283938898131e-02
7.280000000000000000e+02 4.186298002068306046e-02
7.282000000000000455e+02 4.110245172063008851e-02
7.284000000000000909e+02 4.027096787704665531e-02
7.286000000000000227e+02 3.934044055888512997e-02
7.287999999999999545e+02 3.829139711158289355e-02
7.290000000000000000e+02 3.711619612313636629e-02
7.292000000000000455e+02 3.581476039819128654e-02
7.294000000000000909e+02 3.439492495110577780e-02
7.296000000000000227e+02 3.287370913211005996e-02
7.297999999999999545e+02 3.127811119934818807e-02
7.300000000000000000e+02 2.963850310654924866e-02
7.302000000000000455e+02 2.798531780532572191e-02
7.304000000000000909e+02 2.634883351819431244e-02
7.306000000000000227e+02 2.476823850928437307e-02
7.307999999999999545e+02 2.329589469351741118e-02
7.310000000000000000e+02 2.199307485179078508e-02
7.312000000000000455e+02 2.091948435394442099e-02
7.314000000000000909e+02 2.012738971914431949e-02
7.316000000000000227e+02 1.965776821418542541e-02
7.317999999999999545e+02 1.954049002447818748e-02
7.320000000000000000e+02 1.979197542513478833e-02
7.322000000000000455e+02 2.040762370964556427e-02
7.324000000000000909e+02 2.136659470961743343e-02
7.326000000000000227e+02 2.263174387871698390e-02
7.327999999999999545e+02 2.414336427503120663e-02
7.330000000000000000e+02 2.582472990305248114e-02
7.332000000000000455e+02 2.758937642216152328e-02
7.334000000000000909e+02 2.936162414049464653e-02
7.336000000000000227e+02 3.107868629630364601e-02
7.337999999999999545e+02 3.268934505866274987e-02
7.340000000000000000e+02 3.414654907127043226e-02
7.342000000000000455e+02 3.540776233761974007e-02
7.344000000000000909e+02 3.643679874009783659e-02
7.346000000000000227e+02 3.720886592316163810e-02
7.347999999999999545e+02 3.771182196429082034e-02
7.350000000000000000e+02 3.794554831669926659e-02
7.352000000000000455e+02 3.791802891170430873e-02
7.354000000000000909e+02 3.764455938077767433e-02
7.356000000000000227e+02 3.714840575484561896e-02
7.357999999999999545e+02 3.646347582599792497e-02
7.360000000000000000e+02 3.563645051850284490e-02
7.362000000000000455e+02 3.472606395436761417e-02
7.364000000000000909e+02 3.379838013444069755e-02
7.366000000000000227e+02 3.291630578514634364e-02
7.367999999999999545e+02 3.213253741597880270e-02
7.370000000000000000e+02 3.147917393549947568e-02
7.372000000000000455e+02 3.098456745317786087e-02
7.374000000000000909e+02 3.067533341192384827e-02
7.376000000000000227e+02 3.056759487892502999e-02
7.377999999999999545e+02 3.066493842426329386e-02
7.380000000000000000e+02 3.095820379256704682e-02
7.382000000000000455e+02 3.142565813839054423e-02
7.384000000000000909e+02 3.203926157479457942e-02
7.386000000000000227e+02 3.276854010687324514e-02
7.387999999999999545e+02 3.358589186575755559e-02
7.390000000000000000e+02 3.446835458791374512e-02
7.392000000000000455e+02 3.539710098595982846e-02
7.394000000000000909e+02 3.635541530521403664e-02
7.396000000000000227e+02 3.732508710199698709e-02
7.397999999999999545e+02 3.828535560741200966e-02
7.400000000000000000e+02 3.921276444357429253e-02
7.402000000000000455e+02 4.008879759570868617e-02
7.404000000000000909e+02 4.089864864137256889e-02
7.406000000000000227e+02 4.162534345239413819e-02
7.407999999999999545e+02 4.225712783154919605e-02
7.410000000000000000e+02 4.278858267633972590e-02
7.412000000000000455e+02 4.322060529425983399e-02
7.414000000000000909e+02 4.356675273001932996e-02
7.416000000000000227e+02 4.385229088852909268e-02
7.417999999999999545e+02 4.411056959928962018e-02
7.420000000000000000e+02 4.437363132132790544e-02
7.422000000000000455e+02 4.466773241583318899e-02
7.424000000000000909e+02 4.500799822928605587e-02
7.426000000000000227e+02 4.540038495920222655e-02
7.427999999999999545e+02 4.584380484482591944e-02
7.430000000000000000e+02 4.633207130886916186e-02
7.432000000000000455e+02 4.685483950908607420e-02
7.434000000000000909e+02 4.739791637252142170e-02
7.436000000000000227e+02 4.794313480622317686e-02
7.437999999999999545e+02 4.847190492017536961e-02
7.440000000000000000e+02 4.896905467433562698e-02
7.442000000000000455e+02 4.942822203846158197e-02
7.444000000000000909e+02 4.984811283683645428e-02
7.446000000000000227e+02 5.022879259407767027e-02
7.447999999999999545e+02 5.056701220587098838e-02
7.450000000000000000e+02 5.085334719787153179e-02
7.452000000000000455e+02 5.107500432166484777e-02
7.454000000000000909e+02 5.122030511798072311e-02
7.456000000000000227e+02 5.128029043719558450e-02
7.457999999999999545e+02 5.125075493150393208e-02
7.460000000000000000e+02 5.113533755994841695e-02
7.462000000000000455e+02 5.094331781887236066e-02
7.464000000000000909e+02 5.068760418642245108e-02
7.466000000000000227e+02 5.038317067141932781e-02
7.467999999999999545e+02 5.004671755893212032e-02
7.470000000000000000e+02 4.969665424972526807e-02
7.472000000000000455e+02 4.935272020345211896e-02
7.474000000000000909e+02 4.902932568448871431e-02
7.476000000000000227e+02 4.873470931631798675e-02
7.477999999999999545e+02 4.847073254813050180e-02
7.480000000000000000e+02 4.823867118425205491e-02
7.482000000000000455e+02 4.804182705912281304e-02
7.484000000000000909e+02 4.788784410198623775e-02
7.486000000000000227e+02 4.778816050037024837e-02
7.487999999999999545e+02 4.775457242607706460e-02
7.490000000000000000e+02 4.779537298035842902e-02
7.492000000000000455e+02 4.791375661126058561e-02
7.494000000000000909e+02 4.811040331138786985e-02
7.496000000000000227e+02 4.838606548884131359e-02
7.497999999999999545e+02 4.874249176882775730e-02
7.500000000000000000e+02 4.917995838967088168e-02
7.502000000000000455e+02 4.969435712839329750e-02
7.504000000000000909e+02 5.027638618815289534e-02
7.506000000000000227e+02 5.091469558048253991e-02
7.507999999999999545e+02 5.159861332031076553e-02
7.510000000000000000e+02 5.231804458221305659e-02
7.512000000000000455e+02 5.306138256896350547e-02
7.514000000000000909e+02 5.381362803285603263e-02
7.516000000000000227e+02 5.455800198992459549e-02
7.517999999999999545e+02 5.527938065228941295e-02
7.520000000000000000e+02 5.596774412361948253e-02
7.522000000000000455e+02 5.662084900041733371e-02
7.524000000000000909e+02 5.724296753452595005e-02
7.526000000000000227e+02 5.784389393470064367e-02
7.527999999999999545e+02 5.843468770073854957e-02
7.530000000000000000e+02 5.902552220413524037e-02
7.532000000000000455e+02 5.962343532246107414e-02
7.534000000000000909e+02 6.022742922493078133e-02
7.536000000000000227e+02 6.083219408567280134e-02
7.537999999999999545e+02 6.142993975228541736e-02
7.540000000000000000e+02 6.200577262791549110e-02
7.542000000000000455e+02 6.254085944519004181e-02
7.544000000000000909e+02 6.301461732621180256e-02
7.546000000000000227e+02 6.340553967841786043e-02
7.547999999999999545e+02 6.369343062735532968e-02
7.550000000000000000e+02 6.386062098523505315e-02
7.552000000000000455e+02 6.388985555359678881e-02
7.554000000000000909e+02 6.376456086763600262e-02
7.556000000000000227e+02 6.346978764712832288e-02
7.557999999999999545e+02 6.299526368239734275e-02
7.560000000000000000e+02 6.233710999874961939e-02
7.562000000000000455e+02 6.150014203305038951e-02
7.564000000000000909e+02 6.050164441371960744e-02
7.566000000000000227e+02 5.937047081009586696e-02
7.567999999999999545e+02 5.814659155571206411e-02
7.570000000000000000e+02 5.687689502838185612e-02
7.572000000000000455e+02 5.561957439167729278e-02
7.574000000000000909e+02 5.444282630963059172e-02
7.576000000000000227e+02 5.340155767610555576e-02
7.577999999999999545e+02 5.254225699804316446e-02
7.580000000000000000e+02 5.190447602357874113e-02
7.582000000000000455e+02 5.151490294529986746e-02
7.584000000000000909e+02 5.138910361899559631e-02
7.586000000000000227e+02 5.153169624059257548e-02
7.587999999999999545e+02 5.193598935356498469e-02
7.590000000000000000e+02 5.258712210997217723e-02
7.592000000000000455e+02 5.346283388447364837e-02
7.594000000000000909e+02 5.453267828015619795e-02
7.596000000000000227e+02 5.576090653874927333e-02
7.597999999999999545e+02 5.710813702397182778e-02
7.600000000000000000e+02 5.853399225649817683e-02
7.602000000000000455e+02 5.999893070692286640e-02
7.604000000000000909e+02 6.146569682599922063e-02
7.606000000000000227e+02 6.290208203982652901e-02
7.607999999999999545e+02 6.428339995055459832e-02
7.610000000000000000e+02 6.559369882402106555e-02
7.612000000000000455e+02 6.682550386499637451e-02
7.614000000000000909e+02 6.797918799144930802e-02
7.616000000000000227e+02 6.906075480992504567e-02
7.617999999999999545e+02 7.007401991916001327e-02
7.620000000000000000e+02 7.102914514255220801e-02
7.622000000000000455e+02 7.194205487811515531e-02
7.624000000000000909e+02 7.282053190612988725e-02
7.626000000000000227e+02 7.366712796147514841e-02
7.627999999999999545e+02 7.448068197047334749e-02
7.630000000000000000e+02 7.525746512856593129e-02
7.632000000000000455e+02 7.599418187307130368e-02
7.634000000000000909e+02 7.668699073036787384e-02
7.636000000000000227e+02 7.732585527562049754e-02
7.637999999999999545e+02 7.790966019398189168e-02
7.640000000000000000e+02 7.844539738146756591e-02
7.642000000000000455e+02 7.892991651054526159e-02
7.644000000000000909e+02 7.935953940350104485e-02
7.646000000000000227e+02 7.973352142627662675e-02
7.647999999999999545e+02 8.005307758034338472e-02
7.650000000000000000e+02 8.032171795216834498e-02
7.652000000000000455e+02 8.054600730182567836e-02
7.654000000000000909e+02 8.073747676938569651e-02
7.656000000000000227e+02 8.091239202458921920e-02
7.657999999999999545e+02 8.109177667409067647e-02
7.660000000000000000e+02 8.129978754906949656e-02
7.662000000000000455e+02 8.155956916116476052e-02
7.664000000000000909e+02 8.189032556560839338e-02
7.666000000000000227e+02 8.230571766904952458e-02
7.667999999999999545e+02 8.281410490156161652e-02
7.670000000000000000e+02 8.341807434083421680e-02
7.672000000000000455e+02 8.411545064245723458e-02
7.674000000000000909e+02 8.490042286765488166e-02
7.676000000000000227e+02 8.576373522547045547e-02
7.677999999999999545e+02 8.669253593811580838e-02
7.680000000000000000e+02 8.767171472583416836e-02
7.682000000000000455e+02 8.868502971686591241e-02
7.684000000000000909e+02 8.971628895302256879e-02
7.686000000000000227e+02 9.074924559689265258e-02
7.687999999999999545e+02 9.176714720790586644e-02
7.690000000000000000e+02 9.275191442493029015e-02
7.692000000000000455e+02 9.368606559406736367e-02
7.694000000000000909e+02 9.455638319611971154e-02
7.696000000000000227e+02 9.535701769217960755e-02
7.697999999999999545e+02 9.608901152204671336e-02
7.700000000000000000e+02 9.675948261344621826e-02
7.702000000000000455e+02 9.737864388236032454e-02
7.704000000000000909e+02 9.795905093687140575e-02
7.706000000000000227e+02 9.851586173492107856e-02
7.707999999999999545e+02 9.906836410319899699e-02
7.710000000000000000e+02 9.963923037060885834e-02
7.712000000000000455e+02 1.002514957145184127e-01
7.714000000000000909e+02 1.009245084563624301e-01
7.716000000000000227e+02 1.016726251561867744e-01
7.717999999999999545e+02 1.025047995974112808e-01
7.720000000000000000e+02 1.034256562548603875e-01
7.722000000000000455e+02 1.044358376053259041e-01
7.724000000000000909e+02 1.055324341143060868e-01
7.726000000000000227e+02 1.067087150287524960e-01
7.727999999999999545e+02 1.079526944286909040e-01
7.730000000000000000e+02 1.092425580136983654e-01
7.732000000000000455e+02 1.105494748694311746e-01
7.734000000000000909e+02 1.118398738915287183e-01
7.736000000000000227e+02 1.130827572170717554e-01
7.737999999999999545e+02 1.142489253905131369e-01
7.740000000000000000e+02 1.153104029868671360e-01
7.742000000000000455e+02 1.162405526007238565e-01
7.744000000000000909e+02 1.170162705615426929e-01
7.746000000000000227e+02 1.176206278393898408e-01
7.747999999999999545e+02 1.180455264358702544e-01
7.750000000000000000e+02 1.182907791697797723e-01
7.752000000000000455e+02 1.183642068169523942e-01
7.754000000000000909e+02 1.182786964266005353e-01
7.756000000000000227e+02 1.180525882636059148e-01
7.757999999999999545e+02 1.177111452075942782e-01
7.760000000000000000e+02 1.172815063366107746e-01
7.762000000000000455e+02 1.167936121891978846e-01
7.764000000000000909e+02 1.162826868917477136e-01
7.766000000000000227e+02 1.157860557242190030e-01
7.767999999999999545e+02 1.153388891506799685e-01
7.770000000000000000e+02 1.149681048177495779e-01
7.772000000000000455e+02 1.146949390933245522e-01
7.774000000000000909e+02 1.145375787756300334e-01
7.776000000000000227e+02 1.145142790289391532e-01
7.777999999999999545e+02 1.146398170228314778e-01
7.780000000000000000e+02 1.149235360465705735e-01
7.782000000000000455e+02 1.153658187230774401e-01
7.784000000000000909e+02 1.159591378787322158e-01
7.786000000000000227e+02 1.166884525665970590e-01
7.787999999999999545e+02 1.175310019142493667e-01
7.790000000000000000e+02 1.184635629697447096e-01
7.792000000000000455e+02 1.194654176079592983e-01
7.794000000000000909e+02 1.205210527856229452e-01
7.796000000000000227e+02 1.216170888143616319e-01
7.797999999999999545e+02 1.227421880494913159e-01
7.800000000000000000e+02 1.238907485672986197e-01
7.802000000000000455e+02 1.250642070276981599e-01
7.804000000000000909e+02 1.262715159991419644e-01
7.806000000000000227e+02 1.275269936892713118e-01
7.807999999999999545e+02 1.288458315315113289e-01
7.810000000000000000e+02 1.302414889451493363e-01
7.812000000000000455e+02 1.317232167852593061e-01
7.814000000000000909e+02 1.332960512957699351e-01
7.816000000000000227e+02 1.349603683730062620e-01
7.817999999999999545e+02 1.367120485975666933e-01
7.820000000000000000e+02 1.385463665914159204e-01
7.822000000000000455e+02 1.404602748768096765e-01
7.824000000000000909e+02 1.424491726633621558e-01
7.826000000000000227e+02 1.445054370004275612e-01
7.827999999999999545e+02 1.466177483781084812e-01
7.830000000000000000e+02 1.487783039055590728e-01
7.832000000000000455e+02 1.509812836994747776e-01
7.834000000000000909e+02 1.532198759569310675e-01
7.836000000000000227e+02 1.554788680483699392e-01
7.837999999999999545e+02 1.577347091110992694e-01
7.840000000000000000e+02 1.599557405958863809e-01
7.842000000000000455e+02 1.621094946289405869e-01
7.844000000000000909e+02 1.641674238800391039e-01
7.846000000000000227e+02 1.661113275535857636e-01
7.847999999999999545e+02 1.679337290168771701e-01
7.850000000000000000e+02 1.696358540130600001e-01
7.852000000000000455e+02 1.712252283385867768e-01
7.854000000000000909e+02 1.727107383556618081e-01
7.856000000000000227e+02 1.741011882629335816e-01
7.857999999999999545e+02 1.754043368907354516e-01
7.860000000000000000e+02 1.766251331837867256e-01
7.862000000000000455e+02 1.777633889629089137e-01
7.864000000000000909e+02 1.788082810370851816e-01
7.866000000000000227e+02 1.797433600943890986e-01
7.867999999999999545e+02 1.805512150914464764e-01
7.870000000000000000e+02 1.812239246325816344e-01
7.872000000000000455e+02 1.817664798718634234e-01
7.874000000000000909e+02 1.821963818607134911e-01
7.876000000000000227e+02 1.825363880816069928e-01
7.877999999999999545e+02 1.828074905669465622e-01
7.880000000000000000e+02 1.830261975026402366e-01
7.882000000000000455e+02 1.832054421320736537e-01
7.884000000000000909e+02 1.833572839575126345e-01
7.886000000000000227e+02 1.834937002734980671e-01
7.887999999999999545e+02 1.836241869567396268e-01
7.890000000000000000e+02 1.837524466213573127e-01
7.892000000000000455e+02 1.838751550883861163e-01
7.894000000000000909e+02 1.839906731034738896e-01
7.896000000000000227e+02 1.841026810945214920e-01
7.897999999999999545e+02 1.842225912307935420e-01
7.900000000000000000e+02 1.843655341403807602e-01
7.902000000000000455e+02 1.845464654734645382e-01
7.904000000000000909e+02 1.847765799393872033e-01
7.906000000000000227e+02 1.850596835246695326e-01
7.907999999999999545e+02 1.853962982260141112e-01
7.910000000000000000e+02 1.857880361651586265e-01
7.912000000000000455e+02 1.862394525276772350e-01
7.914000000000000909e+02 1.867571679467298351e-01
7.916000000000000227e+02 1.873486990879755787e-01
7.917999999999999545e+02 1.880206570776269404e-01
7.920000000000000000e+02 1.887801921701701691e-01
7.922000000000000455e+02 1.896379606268097096e-01
7.924000000000000909e+02 1.906098156706353408e-01
7.926000000000000227e+02 1.917124474639182730e-01
7.927999999999999545e+02 1.929547141639484653e-01
7.930000000000000000e+02 1.943367627526057795e-01
7.932000000000000455e+02 1.958518613905809169e-01
7.934000000000000909e+02 1.974898785541432944e-01
7.936000000000000227e+02 1.992404410786405566e-01
7.937999999999999545e+02 2.010930514164563920e-01
7.940000000000000000e+02 2.030350342678164666e-01
7.942000000000000455e+02 2.050461619578088368e-01
7.944000000000000909e+02 2.070978690643296705e-01
7.946000000000000227e+02 2.091557965346786396e-01
7.947999999999999545e+02 2.111840278444660490e-01
7.950000000000000000e+02 2.131473569498477383e-01
7.952000000000000455e+02 2.150146047782650061e-01
7.954000000000000909e+02 2.167575294160985211e-01
7.956000000000000227e+02 2.183508646525543773e-01
7.957999999999999545e+02 2.197740685887701051e-01
7.960000000000000000e+02 2.210154815185974286e-01
7.962000000000000455e+02 2.220749335030100524e-01
7.964000000000000909e+02 2.229617996640580746e-01
7.966000000000000227e+02 2.236888450165248066e-01
7.967999999999999545e+02 2.242681197524031556e-01
7.970000000000000000e+02 2.247057415430447902e-01
7.972000000000000455e+02 2.250043938241222952e-01
7.974000000000000909e+02 2.251657191208568387e-01
7.976000000000000227e+02 2.251956249073532312e-01
7.977999999999999545e+02 2.251041419555487588e-01
7.980000000000000000e+02 2.249053878008500651e-01
7.982000000000000455e+02 2.246158518469157372e-01
7.984000000000000909e+02 2.242529987676011582e-01
7.986000000000000227e+02 2.238342718363799111e-01
7.987999999999999545e+02 2.233777048370499674e-01
7.990000000000000000e+02 2.229009206916791608e-01
7.992000000000000455e+02 2.224190612936455536e-01
7.994000000000000909e+02 2.219387111985623162e-01
7.996000000000000227e+02 2.214612498240342009e-01
7.997999999999999545e+02 2.209885383682952675e-01
8.000000000000000000e+02 2.205239837194931385e-01
