4.500000000000000000e+02 1.446318580166033041e-01
4.501999999999999886e+02 1.442565835160107557e-01
4.503999999999999773e+02 1.438895177326363628e-01
4.506000000000000227e+02 1.435297058738490006e-01
4.508000000000000114e+02 1.431761456837593316e-01
4.510000000000000000e+02 1.428255586653311981e-01
4.511999999999999886e+02 1.424739675464389288e-01
4.513999999999999773e+02 1.421184239695069407e-01
4.516000000000000227e+02 1.417530231115035344e-01
4.518000000000000114e+02 1.413745265097658965e-01
4.520000000000000000e+02 1.409841119441414270e-01
4.521999999999999886e+02 1.405836280987341202e-01
4.523999999999999773e+02 1.401742271470343693e-01
4.526000000000000227e+02 1.397595386812017226e-01
4.528000000000000114e+02 1.393474751904635878e-01
4.530000000000000000e+02 1.389386627404309016e-01
4.531999999999999886e+02 1.385308457867126530e-01
4.533999999999999773e+02 1.381224331940553440e-01
4.536000000000000227e+02 1.377142906594662763e-01
4.538000000000000114e+02 1.373117504412302015e-01
4.540000000000000000e+02 1.369194347286986913e-01
4.541999999999999886e+02 1.365361415877867635e-01
4.543999999999999773e+02 1.361608423106790144e-01
4.546000000000000227e+02 1.357912681700765567e-01
4.548000000000000114e+02 1.354239197262357697e-01
4.550000000000000000e+02 1.350562071444288137e-01
4.551999999999999886e+02 1.346816387801182124e-01
4.553999999999999773e+02 1.342929312059833458e-01
4.556000000000000227e+02 1.338867933474544580e-01
4.558000000000000114e+02 1.334647363856525659e-01
4.560000000000000000e+02 1.330299503218816681e-01
4.561999999999999886e+02 1.325865773640396150e-01
4.563999999999999773e+02 1.321412796997511185e-01
4.566000000000000227e+02 1.316992090823062567e-01
4.568000000000000114e+02 1.312661822807388856e-01
4.570000000000000000e+02 1.308506565637922725e-01
4.571999999999999886e+02 1.304571575617129442e-01
4.573999999999999773e+02 1.300883243558382807e-01
4.576000000000000227e+02 1.297447561360177137e-01
4.578000000000000114e+02 1.294220752179479073e-01
4.580000000000000000e+02 1.291154821611036896e-01
4.581999999999999886e+02 1.288211039398736157e-01
4.583999999999999773e+02 1.285363854086560009e-01
4.586000000000000227e+02 1.282603148648705227e-01
4.588000000000000114e+02 1.279927895362698020e-01
4.590000000000000000e+02 1.277331952766724565e-01
4.591999999999999886e+02 1.274782801471167626e-01
4.593999999999999773e+02 1.272261302812549288e-01
4.596000000000000227e+02 1.269758156086510381e-01
4.598000000000000114e+02 1.267266475913789159e-01
4.600000000000000000e+02 1.264803142198712149e-01
4.601999999999999886e+02 1.262365178132479060e-01
4.603999999999999773e+02 1.259921010871335734e-01
4.606000000000000227e+02 1.257438025849743068e-01
4.608000000000000114e+02 1.254889825067733722e-01
4.610000000000000000e+02 1.252275320695310223e-01
4.611999999999999886e+02 1.249621313398114886e-01
4.613999999999999773e+02 1.246910574824698081e-01
4.616000000000000227e+02 1.244123897601684403e-01
4.618000000000000114e+02 1.241267381724755620e-01
4.620000000000000000e+02 1.238378859172189483e-01
4.621999999999999886e+02 1.235476913908608171e-01
4.623999999999999773e+02 1.232573323412510108e-01
4.626000000000000227e+02 1.229689355311327364e-01
4.628000000000000114e+02 1.226828511675958355e-01
4.630000000000000000e+02 1.224001578379666361e-01
4.631999999999999886e+02 1.221228900519799321e-01
4.633999999999999773e+02 1.218521305348276434e-01
4.636000000000000227e+02 1.215896323720541267e-01
4.638000000000000114e+02 1.213360915488477104e-01
4.640000000000000000e+02 1.210900217078460933e-01
4.641999999999999886e+02 1.208515954133083659e-01
4.643999999999999773e+02 1.206218251617519749e-01
4.646000000000000227e+02 1.204018209802739103e-01
4.648000000000000114e+02 1.201921761299869773e-01
4.650000000000000000e+02 1.199918630845756840e-01
4.651999999999999886e+02 1.197998694323233332e-01
4.653999999999999773e+02 1.196160774208421401e-01
4.656000000000000227e+02 1.194378288591272513e-01
4.658000000000000114e+02 1.192621467659800566e-01
4.660000000000000000e+02 1.190881998360718286e-01
4.661999999999999886e+02 1.189195851190437275e-01
4.663999999999999773e+02 1.187589342798989756e-01
4.666000000000000227e+02 1.186071731912713839e-01
4.668000000000000114e+02 1.184641171926803932e-01
4.670000000000000000e+02 1.183298752534048259e-01
4.671999999999999886e+02 1.182054436456406177e-01
4.673999999999999773e+02 1.180913464327056767e-01
4.676000000000000227e+02 1.179851750747143158e-01
4.678000000000000114e+02 1.178868250757533903e-01
4.680000000000000000e+02 1.177977224119812483e-01
4.681999999999999886e+02 1.177194212707003418e-01
4.683999999999999773e+02 1.176542245434796380e-01
4.686000000000000227e+02 1.176050937598605156e-01
4.688000000000000114e+02 1.175751474804230812e-01
4.690000000000000000e+02 1.175669203344535813e-01
4.691999999999999886e+02 1.175832231310236786e-01
4.693999999999999773e+02 1.176258927777161650e-01
4.696000000000000227e+02 1.176944504243366274e-01
4.698000000000000114e+02 1.177859497543817108e-01
4.700000000000000000e+02 1.178973271789217625e-01
4.701999999999999886e+02 1.180261785830023918e-01
4.703999999999999773e+02 1.181705113090106424e-01
4.706000000000000227e+02 1.183288963212406203e-01
4.708000000000000114e+02 1.184978448783248761e-01
4.710000000000000000e+02 1.186710782199800751e-01
4.711999999999999886e+02 1.188458670347202484e-01
4.713999999999999773e+02 1.190231146561698261e-01
4.716000000000000227e+02 1.192058719471030676e-01
4.718000000000000114e+02 1.193971825962313882e-01
4.720000000000000000e+02 1.196018061206181315e-01
4.721999999999999886e+02 1.198251357844607734e-01
4.723999999999999773e+02 1.200725670251957672e-01
4.726000000000000227e+02 1.203514170985005710e-01
4.728000000000000114e+02 1.206690077103486497e-01
4.730000000000000000e+02 1.210326943093971708e-01
4.731999999999999886e+02 1.214505510996974624e-01
4.733999999999999773e+02 1.219252733808830619e-01
4.736000000000000227e+02 1.224580233425120873e-01
4.738000000000000114e+02 1.230507112338222742e-01
4.740000000000000000e+02 1.236998693449575942e-01
4.741999999999999886e+02 1.244014777157171209e-01
4.743999999999999773e+02 1.251485554971477898e-01
4.746000000000000227e+02 1.259245834020067678e-01
4.748000000000000114e+02 1.267136360380725635e-01
4.750000000000000000e+02 1.274992485963740985e-01
4.751999999999999886e+02 1.282626736268162870e-01
4.753999999999999773e+02 1.289852677708098749e-01
4.756000000000000227e+02 1.296495384646777216e-01
4.758000000000000114e+02 1.302371014507662794e-01
4.760000000000000000e+02 1.307256456938879763e-01
4.761999999999999886e+02 1.310972015655815504e-01
4.763999999999999773e+02 1.313381403878703668e-01
4.766000000000000227e+02 1.314385062880301935e-01
4.768000000000000114e+02 1.313931088762213262e-01
4.770000000000000000e+02 1.312006258019718097e-01
4.771999999999999886e+02 1.308641363787033107e-01
4.773999999999999773e+02 1.303926740945755003e-01
4.776000000000000227e+02 1.298010072754918753e-01
4.778000000000000114e+02 1.291090488746830522e-01
4.780000000000000000e+02 1.283402842263060006e-01
4.781999999999999886e+02 1.275175041162454337e-01
4.783999999999999773e+02 1.266706625629445693e-01
4.786000000000000227e+02 1.258352881696986059e-01
4.788000000000000114e+02 1.250458122561899366e-01
4.790000000000000000e+02 1.243398173917268645e-01
4.791999999999999886e+02 1.237530026672374883e-01
4.793999999999999773e+02 1.233163816669712726e-01
4.796000000000000227e+02 1.230612363170437845e-01
4.798000000000000114e+02 1.230126276438701094e-01
4.800000000000000000e+02 1.231884338056725009e-01
4.801999999999999886e+02 1.236013886537622730e-01
4.803999999999999773e+02 1.242595732395092856e-01
4.806000000000000227e+02 1.251566221660680711e-01
4.808000000000000114e+02 1.262676967199498623e-01
4.810000000000000000e+02 1.275616182586043479e-01
4.811999999999999886e+02 1.289976270864508223e-01
4.813999999999999773e+02 1.305246643284805330e-01
4.816000000000000227e+02 1.320836236628099569e-01
4.818000000000000114e+02 1.336179180115141252e-01
4.820000000000000000e+02 1.350649238035467881e-01
4.821999999999999886e+02 1.363553948227558821e-01
4.823999999999999773e+02 1.374358699412941698e-01
4.826000000000000227e+02 1.382590562115445509e-01
4.828000000000000114e+02 1.387836040224433021e-01
4.830000000000000000e+02 1.389797514688630997e-01
4.831999999999999886e+02 1.388300334763104826e-01
4.833999999999999773e+02 1.383318505680205535e-01
4.836000000000000227e+02 1.374990853755598263e-01
4.838000000000000114e+02 1.363601439099415558e-01
4.840000000000000000e+02 1.349480695234966388e-01
4.841999999999999886e+02 1.333051795548072516e-01
4.843999999999999773e+02 1.314911478103918396e-01
4.846000000000000227e+02 1.295565036647686741e-01
4.848000000000000114e+02 1.275502302449124659e-01
4.850000000000000000e+02 1.255250112912263960e-01
4.851999999999999886e+02 1.235284506689031669e-01
4.853999999999999773e+02 1.215956626931987694e-01
4.856000000000000227e+02 1.197571327208018788e-01
4.858000000000000114e+02 1.180490406049520269e-01
4.860000000000000000e+02 1.164852704167590319e-01
4.861999999999999886e+02 1.150708376273763267e-01
4.863999999999999773e+02 1.138101102852261681e-01
4.866000000000000227e+02 1.126977483978217898e-01
4.868000000000000114e+02 1.117312697186730458e-01
4.870000000000000000e+02 1.109081790337174828e-01
4.871999999999999886e+02 1.102173291582719261e-01
4.873999999999999773e+02 1.096474783419526811e-01
4.876000000000000227e+02 1.091843503532396592e-01
4.878000000000000114e+02 1.088089241891937314e-01
4.880000000000000000e+02 1.085009921667504790e-01
4.881999999999999886e+02 1.082417905326756719e-01
4.883999999999999773e+02 1.080130523398524361e-01
4.886000000000000227e+02 1.077949876146899050e-01
4.888000000000000114e+02 1.075682851498767217e-01
4.890000000000000000e+02 1.073129372207245191e-01
4.891999999999999886e+02 1.070100022431283715e-01
4.893999999999999773e+02 1.066492896624891412e-01
4.896000000000000227e+02 1.062220929127507679e-01
4.898000000000000114e+02 1.057213658445669141e-01
4.900000000000000000e+02 1.051449845079543283e-01
4.901999999999999886e+02 1.044945622742982361e-01
4.903999999999999773e+02 1.037799959495379204e-01
4.906000000000000227e+02 1.030190627737939679e-01
4.908000000000000114e+02 1.022272068148564333e-01
4.910000000000000000e+02 1.014198985902816236e-01
4.911999999999999886e+02 1.006132845999066078e-01
4.913999999999999773e+02 9.982392961006232579e-02
4.916000000000000227e+02 9.906891337237011541e-02
4.918000000000000114e+02 9.836896140301477909e-02
4.920000000000000000e+02 9.774579151920058384e-02
4.921999999999999886e+02 9.720934050443924557e-02
4.923999999999999773e+02 9.676506229808419512e-02
4.926000000000000227e+02 9.641437954234696739e-02
4.928000000000000114e+02 9.615288942150196361e-02
4.930000000000000000e+02 9.597497424193704441e-02
4.931999999999999886e+02 9.587367281383182838e-02
4.933999999999999773e+02 9.584070283296826365e-02
4.936000000000000227e+02 9.586783936898059244e-02
4.938000000000000114e+02 9.594681427625492698e-02
4.940000000000000000e+02 9.606925808836243308e-02
4.941999999999999886e+02 9.622704340803528433e-02
4.943999999999999773e+02 9.641422149508396822e-02
4.946000000000000227e+02 9.662462698563621666e-02
4.948000000000000114e+02 9.685018696849119479e-02
4.950000000000000000e+02 9.708086940013702093e-02
4.951999999999999886e+02 9.730993898887396742e-02
4.953999999999999773e+02 9.753397303679745001e-02
4.956000000000000227e+02 9.775108639597875071e-02
4.958000000000000114e+02 9.796014596815438846e-02
4.960000000000000000e+02 9.816023985435028132e-02
4.961999999999999886e+02 9.835173740782680862e-02
4.963999999999999773e+02 9.853963136835809655e-02
4.966000000000000227e+02 9.873121749056255891e-02
4.968000000000000114e+02 9.893456890724940112e-02
4.970000000000000000e+02 9.915683370949582298e-02
4.971999999999999886e+02 9.940075406490464505e-02
4.973999999999999773e+02 9.966922671947404944e-02
4.976000000000000227e+02 9.996870811533208057e-02
4.978000000000000114e+02 1.003106255065098484e-01
4.980000000000000000e+02 1.007070925734381145e-01
4.981999999999999886e+02 1.011733061794908017e-01
4.983999999999999773e+02 1.017309277578086896e-01
4.986000000000000227e+02 1.024027530212659187e-01
4.988000000000000114e+02 1.032137638648178285e-01
4.990000000000000000e+02 1.041859676239147575e-01
4.991999999999999886e+02 1.053235260201307449e-01
4.993999999999999773e+02 1.066264627062504522e-01
4.996000000000000227e+02 1.080872594795253966e-01
4.998000000000000114e+02 1.096839890542205126e-01
5.000000000000000000e+02 1.113894902460642183e-01
5.001999999999999886e+02 1.131556891531330516e-01
5.003999999999999773e+02 1.149148948043226537e-01
5.006000000000000227e+02 1.166053869747202404e-01
5.008000000000000114e+02 1.181597643636758815e-01
5.010000000000000000e+02 1.195080446222878678e-01
5.011999999999999886e+02 1.205857537418387471e-01
5.013999999999999773e+02 1.213386999581733544e-01
5.016000000000000227e+02 1.217236031967068310e-01
5.018000000000000114e+02 1.217117006033574256e-01
5.020000000000000000e+02 1.212968261462956249e-01
5.021999999999999886e+02 1.204908626351189893e-01
5.023999999999999773e+02 1.193192115856475249e-01
5.026000000000000227e+02 1.178207329427186784e-01
5.028000000000000114e+02 1.160624352553761007e-01
5.030000000000000000e+02 1.141157827465561353e-01
5.031999999999999886e+02 1.120495366190144976e-01
5.033999999999999773e+02 1.099414890802486167e-01
5.036000000000000227e+02 1.078584175429253972e-01
5.038000000000000114e+02 1.058618175052043753e-01
5.040000000000000000e+02 1.040129210643390978e-01
5.041999999999999886e+02 1.023413256873383914e-01
5.043999999999999773e+02 1.008633471014825783e-01
5.046000000000000227e+02 9.958974505380602249e-02
5.048000000000000114e+02 9.851869626810227931e-02
5.050000000000000000e+02 9.763444973457532927e-02
5.051999999999999886e+02 9.691329143444972483e-02
5.053999999999999773e+02 9.632900094068654051e-02
5.056000000000000227e+02 9.584894841403539256e-02
5.058000000000000114e+02 9.544406707882710506e-02
5.060000000000000000e+02 9.509228853272047588e-02
5.061999999999999886e+02 9.477508717691535134e-02
5.063999999999999773e+02 9.447908546293554144e-02
5.066000000000000227e+02 9.419298446346818787e-02
5.068000000000000114e+02 9.390517659072152024e-02
5.070000000000000000e+02 9.360932146744935234e-02
5.071999999999999886e+02 9.330205013131288860e-02
5.073999999999999773e+02 9.298078529023887095e-02
5.076000000000000227e+02 9.264226224677322985e-02
5.078000000000000114e+02 9.228676224459672617e-02
5.080000000000000000e+02 9.191641824344101708e-02
5.081999999999999886e+02 9.153343500768365559e-02
5.083999999999999773e+02 9.114410927595797962e-02
5.086000000000000227e+02 9.075430130405519324e-02
5.088000000000000114e+02 9.036878039018844677e-02
5.090000000000000000e+02 8.999422192942692356e-02
5.091999999999999886e+02 8.963283167103237858e-02
5.093999999999999773e+02 8.928430895205997919e-02
5.096000000000000227e+02 8.894896033756194420e-02
5.098000000000000114e+02 8.862696171922621047e-02
5.100000000000000000e+02 8.831946944934751520e-02
5.101999999999999886e+02 8.802647231074058054e-02
5.103999999999999773e+02 8.774157476613993201e-02
5.106000000000000227e+02 8.745826956256116946e-02
5.108000000000000114e+02 8.717160410211449717e-02
5.110000000000000000e+02 8.687778229292794641e-02
5.111999999999999886e+02 8.657105746597820728e-02
5.113999999999999773e+02 8.624730805711353088e-02
5.116000000000000227e+02 8.590386877788303011e-02
5.118000000000000114e+02 8.553601622647812042e-02
5.120000000000000000e+02 8.514209987622629872e-02
5.122000000000000455e+02 8.472282108683736046e-02
5.123999999999999773e+02 8.427978936623822803e-02
5.126000000000000227e+02 8.381625386711233361e-02
5.127999999999999545e+02 8.333219914223172209e-02
5.130000000000000000e+02 8.282486766782370946e-02
5.132000000000000455e+02 8.229393353380053122e-02
5.133999999999999773e+02 8.173831351991493743e-02
5.136000000000000227e+02 8.115911956678034667e-02
5.137999999999999545e+02 8.056097462542692600e-02
5.140000000000000000e+02 7.994278761198608807e-02
5.142000000000000455e+02 7.930416050049432508e-02
5.143999999999999773e+02 7.864773471435572427e-02
5.146000000000000227e+02 7.797729415939753939e-02
5.147999999999999545e+02 7.729367395399303065e-02
5.150000000000000000e+02 7.659961400920771435e-02
5.152000000000000455e+02 7.590265334512208417e-02
5.153999999999999773e+02 7.520513218541725886e-02
5.156000000000000227e+02 7.450849688148712680e-02
5.157999999999999545e+02 7.381422985340801990e-02
5.160000000000000000e+02 7.312223820543006791e-02
5.162000000000000455e+02 7.243820156210165062e-02
5.163999999999999773e+02 7.176602004176618754e-02
5.166000000000000227e+02 7.110175693126159768e-02
5.167999999999999545e+02 7.044224290820673418e-02
5.170000000000000000e+02 6.978518198772643011e-02
5.172000000000000455e+02 6.912702015155545998e-02
5.173999999999999773e+02 6.846014334250251354e-02
5.176000000000000227e+02 6.778008986757513843e-02
5.177999999999999545e+02 6.708126541211598126e-02
5.180000000000000000e+02 6.635450794424138654e-02
5.182000000000000455e+02 6.559745572729555607e-02
5.183999999999999773e+02 6.480993900917085548e-02
5.186000000000000227e+02 6.399530368347389198e-02
5.187999999999999545e+02 6.316556275143901666e-02
5.190000000000000000e+02 6.232720734695613996e-02
5.192000000000000455e+02 6.148532719926067674e-02
5.193999999999999773e+02 6.064771423872057643e-02
5.196000000000000227e+02 5.981850146125734791e-02
5.197999999999999545e+02 5.900525476449421797e-02
5.200000000000000000e+02 5.821698870750809107e-02
5.202000000000000455e+02 5.745581982101969493e-02
5.203999999999999773e+02 5.672449638806355277e-02
5.206000000000000227e+02 5.602488049535535308e-02
5.207999999999999545e+02 5.535466598597069826e-02
5.210000000000000000e+02 5.470493089541045989e-02
5.212000000000000455e+02 5.406954764289547549e-02
5.213999999999999773e+02 5.344488045432475853e-02
5.216000000000000227e+02 5.282320803911646351e-02
5.217999999999999545e+02 5.219808126892132305e-02
5.220000000000000000e+02 5.156267271065036878e-02
5.222000000000000455e+02 5.090976079418012279e-02
5.223999999999999773e+02 5.023956911202010628e-02
5.226000000000000227e+02 4.955030235012627265e-02
5.227999999999999545e+02 4.883909961171128272e-02
5.230000000000000000e+02 4.810965133752647532e-02
5.232000000000000455e+02 4.736601101388777241e-02
5.233999999999999773e+02 4.660998057791542609e-02
5.236000000000000227e+02 4.584254536452753159e-02
5.237999999999999545e+02 4.507319001243219325e-02
5.240000000000000000e+02 4.430675565275586647e-02
5.242000000000000455e+02 4.354410775113257137e-02
5.243999999999999773e+02 4.279104872806045734e-02
5.246000000000000227e+02 4.205055994490923543e-02
5.247999999999999545e+02 4.132614879817379794e-02
5.250000000000000000e+02 4.062277226702144806e-02
5.252000000000000455e+02 3.993700876945611294e-02
5.253999999999999773e+02 3.926637868838486756e-02
5.256000000000000227e+02 3.860963503207798242e-02
5.257999999999999545e+02 3.796230340271088827e-02
5.260000000000000000e+02 3.732520744855483824e-02
5.262000000000000455e+02 3.670034311897841378e-02
5.263999999999999773e+02 3.608790267813145880e-02
5.266000000000000227e+02 3.549058938185099127e-02
5.267999999999999545e+02 3.490882936045205248e-02
5.270000000000000000e+02 3.433900341558619035e-02
5.272000000000000455e+02 3.377452345094622554e-02
5.273999999999999773e+02 3.321425076759387113e-02
5.276000000000000227e+02 3.265692039822479242e-02
5.277999999999999545e+02 3.209765564869253296e-02
5.280000000000000000e+02 3.153399209776391876e-02
5.282000000000000455e+02 3.096368786252382682e-02
5.283999999999999773e+02 3.038656771431618234e-02
5.286000000000000227e+02 2.980812899057586410e-02
5.287999999999999545e+02 2.923240867853235669e-02
5.290000000000000000e+02 2.866476283611034404e-02
5.292000000000000455e+02 2.811264564915494021e-02
5.293999999999999773e+02 2.757870286010239910e-02
5.296000000000000227e+02 2.706867011315873886e-02
5.297999999999999545e+02 2.658801630285142353e-02
5.300000000000000000e+02 2.613288222196227112e-02
5.302000000000000455e+02 2.569598804327450151e-02
5.303999999999999773e+02 2.527078292769091572e-02
5.306000000000000227e+02 2.485352904273760780e-02
5.307999999999999545e+02 2.444275949010535701e-02
5.310000000000000000e+02 2.403982823896937474e-02
5.312000000000000455e+02 2.364538251220990941e-02
5.313999999999999773e+02 2.325457138076188202e-02
5.316000000000000227e+02 2.286423429279915362e-02
5.317999999999999545e+02 2.247107558003097125e-02
5.320000000000000000e+02 2.207103112569501480e-02
5.322000000000000455e+02 2.166389856200749697e-02
5.323999999999999773e+02 2.125031444200125783e-02
5.326000000000000227e+02 2.083131413928898321e-02
5.327999999999999545e+02 2.040909081495219032e-02
5.330000000000000000e+02 1.998540923874925906e-02
5.332000000000000455e+02 1.956210315496816413e-02
5.333999999999999773e+02 1.914235051414263367e-02
5.336000000000000227e+02 1.873258067660151654e-02
5.337999999999999545e+02 1.833418595789946398e-02
5.340000000000000000e+02 1.794391585253671956e-02
5.342000000000000455e+02 1.755812884085517639e-02
5.343999999999999773e+02 1.717215932352797458e-02
5.346000000000000227e+02 1.678263452305150602e-02
5.347999999999999545e+02 1.638810232868674610e-02
5.350000000000000000e+02 1.598607033150131751e-02
5.352000000000000455e+02 1.557750209456326175e-02
5.353999999999999773e+02 1.516566193606367664e-02
5.356000000000000227e+02 1.475335006688654332e-02
5.357999999999999545e+02 1.434877934762797402e-02
5.360000000000000000e+02 1.395911853440308555e-02
5.362000000000000455e+02 1.358670485995099389e-02
5.363999999999999773e+02 1.323212787990961890e-02
5.366000000000000227e+02 1.289378492451929981e-02
5.367999999999999545e+02 1.256914729560615167e-02
5.370000000000000000e+02 1.225715350922683584e-02
5.372000000000000455e+02 1.196010747607703824e-02
5.373999999999999773e+02 1.167841367577799640e-02
5.376000000000000227e+02 1.140914729620884013e-02
5.377999999999999545e+02 1.115227127105609603e-02
5.380000000000000000e+02 1.090736602755477090e-02
5.382000000000000455e+02 1.067412035835901135e-02
5.383999999999999773e+02 1.045422592857964822e-02
5.386000000000000227e+02 1.024929229845187792e-02
5.387999999999999545e+02 1.005985668545912592e-02
5.390000000000000000e+02 9.884561688824568607e-03
5.392000000000000455e+02 9.719454200511437950e-03
5.393999999999999773e+02 9.563587207097216242e-03
5.396000000000000227e+02 9.417955121843039554e-03
5.397999999999999545e+02 9.282168291054864601e-03
5.400000000000000000e+02 9.156307081682413251e-03
5.402000000000000455e+02 9.042690032371394557e-03
5.403999999999999773e+02 8.945244358024150022e-03
5.406000000000000227e+02 8.864825086282954528e-03
5.407999999999999545e+02 8.798651107699100721e-03
5.410000000000000000e+02 8.741946984831806822e-03
5.412000000000000455e+02 8.690379535430153152e-03
5.413999999999999773e+02 8.641202482426463966e-03
5.416000000000000227e+02 8.592127926601781165e-03
5.417999999999999545e+02 8.540381914386430823e-03
5.420000000000000000e+02 8.482177330915380634e-03
5.422000000000000455e+02 8.413172259702946659e-03
5.423999999999999773e+02 8.329016920997772688e-03
5.426000000000000227e+02 8.226169534606716724e-03
5.427999999999999545e+02 8.103530412588001372e-03
5.430000000000000000e+02 7.962276752132577476e-03
5.432000000000000455e+02 7.804983188809629102e-03
5.433999999999999773e+02 7.633541382926149754e-03
5.436000000000000227e+02 7.447874695712800031e-03
5.437999999999999545e+02 7.248113427395912536e-03
5.440000000000000000e+02 7.037328041330884708e-03
5.442000000000000455e+02 6.819066747861963693e-03
5.443999999999999773e+02 6.598428031707126440e-03
5.446000000000000227e+02 6.381768607885890399e-03
5.447999999999999545e+02 6.173887075308712689e-03
5.450000000000000000e+02 5.981117562836146817e-03
5.452000000000000455e+02 5.810067574585088199e-03
5.453999999999999773e+02 5.664249989273882971e-03
5.456000000000000227e+02 5.540147574623979082e-03
5.457999999999999545e+02 5.429508925636626800e-03
5.460000000000000000e+02 5.323784486323227157e-03
5.462000000000000455e+02 5.221145634255065088e-03
5.463999999999999773e+02 5.117326062436631552e-03
5.466000000000000227e+02 5.007515364081143415e-03
5.467999999999999545e+02 4.891553373191896530e-03
5.470000000000000000e+02 4.769699060397473121e-03
5.472000000000000455e+02 4.642122801970611709e-03
5.473999999999999773e+02 4.509385127950796095e-03
5.476000000000000227e+02 4.374215016107870987e-03
5.477999999999999545e+02 4.240990102162269133e-03
5.480000000000000000e+02 4.114867813765403504e-03
5.482000000000000455e+02 3.999883373608242518e-03
5.483999999999999773e+02 3.897534688707325352e-03
5.486000000000000227e+02 3.807499102065374594e-03
5.487999999999999545e+02 3.730079131923411291e-03
5.490000000000000000e+02 3.667154366341404854e-03
5.492000000000000455e+02 3.621873138745834979e-03
5.493999999999999773e+02 3.597597684759527414e-03
5.496000000000000227e+02 3.594062395653816865e-03
5.497999999999999545e+02 3.607656437831679649e-03
5.500000000000000000e+02 3.632690430771506190e-03
5.502000000000000455e+02 3.665309357838543794e-03
5.503999999999999773e+02 3.703294673358740498e-03
5.506000000000000227e+02 3.744731791811997754e-03
5.507999999999999545e+02 3.784679577943233196e-03
5.510000000000000000e+02 3.818139068939432196e-03
5.512000000000000455e+02 3.843307155080159885e-03
5.513999999999999773e+02 3.865611819287604906e-03
5.516000000000000227e+02 3.889411112763789362e-03
5.517999999999999545e+02 3.915980156921786658e-03
5.520000000000000000e+02 3.943612297094489620e-03
5.522000000000000455e+02 3.972378182930263318e-03
5.523999999999999773e+02 4.002856647224005242e-03
5.526000000000000227e+02 4.034641770495515749e-03
5.527999999999999545e+02 4.066319208125325664e-03
5.530000000000000000e+02 4.096593096941536331e-03
5.532000000000000455e+02 4.124814522822439940e-03
5.533999999999999773e+02 4.150894263969502097e-03
5.536000000000000227e+02 4.174465701278720457e-03
5.537999999999999545e+02 4.195447592580239804e-03
5.540000000000000000e+02 4.215549021707235694e-03
5.542000000000000455e+02 4.237004403369544307e-03
5.543999999999999773e+02 4.261838065441054049e-03
5.546000000000000227e+02 4.291352484525606283e-03
5.547999999999999545e+02 4.326617429083009191e-03
5.550000000000000000e+02 4.369108282129552379e-03
5.552000000000000455e+02 4.421261501755940730e-03
5.553999999999999773e+02 4.486847397016961378e-03
5.556000000000000227e+02 4.569409502959248873e-03
5.557999999999999545e+02 4.671639207258059673e-03
5.560000000000000000e+02 4.795572529115004097e-03
5.562000000000000455e+02 4.940635474744846378e-03
5.563999999999999773e+02 5.104334468372836477e-03
5.566000000000000227e+02 5.284486983713189596e-03
5.567999999999999545e+02 5.478280093648498980e-03
5.570000000000000000e+02 5.681241255312154299e-03
5.572000000000000455e+02 5.887015458394408152e-03
5.573999999999999773e+02 6.093293446626023117e-03
5.576000000000000227e+02 6.300640777236296737e-03
5.577999999999999545e+02 6.510564412368192479e-03
5.580000000000000000e+02 6.722422222656579405e-03
5.582000000000000455e+02 6.936299651354405245e-03
5.583999999999999773e+02 7.153977094163166579e-03
5.586000000000000227e+02 7.377510122165845466e-03
5.587999999999999545e+02 7.606739500725686991e-03
5.590000000000000000e+02 7.840909039703422914e-03
5.592000000000000455e+02 8.082585165056501222e-03
5.593999999999999773e+02 8.335188946054694972e-03
5.596000000000000227e+02 8.602759591920257354e-03
5.597999999999999545e+02 8.890151557153631173e-03
5.600000000000000000e+02 9.202071243730776048e-03
5.602000000000000455e+02 9.543529203743775571e-03
5.603999999999999773e+02 9.919894453620611841e-03
5.606000000000000227e+02 1.033528633756723540e-02
5.607999999999999545e+02 1.079079418953656812e-02
5.610000000000000000e+02 1.128541596385134078e-02
5.612000000000000455e+02 1.182065659758458134e-02
5.613999999999999773e+02 1.239835500866183667e-02
5.616000000000000227e+02 1.301786651359153509e-02
5.617999999999999545e+02 1.367300440713973761e-02
5.620000000000000000e+02 1.436071655142704372e-02
5.622000000000000455e+02 1.507959953106724309e-02
5.623999999999999773e+02 1.582605307754295088e-02
5.626000000000000227e+02 1.659049443940100940e-02
5.627999999999999545e+02 1.736341083107065947e-02
5.630000000000000000e+02 1.813849451125191733e-02
5.632000000000000455e+02 1.890768134675992890e-02
5.633999999999999773e+02 1.966008180854665610e-02
5.636000000000000227e+02 2.038459291238790133e-02
5.637999999999999545e+02 2.107727808361926566e-02
5.640000000000000000e+02 2.173449398515340733e-02
5.642000000000000455e+02 2.235399542568400691e-02
5.643999999999999773e+02 2.293941712512478914e-02
5.646000000000000227e+02 2.349324714660861943e-02
5.647999999999999545e+02 2.401956752357895311e-02
5.650000000000000000e+02 2.452764560882043920e-02
5.652000000000000455e+02 2.502738471255263469e-02
5.653999999999999773e+02 2.552610529783667231e-02
5.656000000000000227e+02 2.602758065926007169e-02
5.657999999999999545e+02 2.653570816969329574e-02
5.660000000000000000e+02 2.705572731787329530e-02
5.662000000000000455e+02 2.759390041716083125e-02
5.663999999999999773e+02 2.815585858293120913e-02
5.666000000000000227e+02 2.874887105148823951e-02
5.667999999999999545e+02 2.938113502103881225e-02
5.670000000000000000e+02 3.005916748090948706e-02
5.672000000000000455e+02 3.078309805836494661e-02
5.673999999999999773e+02 3.155113001846277659e-02
5.676000000000000227e+02 3.236354768539581594e-02
5.677999999999999545e+02 3.321654753777631558e-02
5.680000000000000000e+02 3.410866085226316180e-02
5.682000000000000455e+02 3.504229191000724636e-02
5.683999999999999773e+02 3.601255476050446019e-02
5.686000000000000227e+02 3.701590718691041143e-02
5.687999999999999545e+02 3.805258506184405753e-02
5.690000000000000000e+02 3.912296694556678667e-02
5.692000000000000455e+02 4.021928721856534578e-02
5.693999999999999773e+02 4.133052902302685599e-02
5.696000000000000227e+02 4.245266328346918028e-02
5.697999999999999545e+02 4.358503119854946484e-02
5.700000000000000000e+02 4.472510749003599795e-02
5.702000000000000455e+02 4.586634134667114809e-02
5.703999999999999773e+02 4.701163930248572487e-02
5.706000000000000227e+02 4.816911740725183383e-02
5.707999999999999545e+02 4.934696702285861630e-02
5.710000000000000000e+02 5.054662425342322518e-02
5.712000000000000455e+02 5.177516766404740428e-02
5.713999999999999773e+02 5.304507260473485114e-02
5.716000000000000227e+02 5.436282873649943281e-02
5.717999999999999545e+02 5.573710405558866821e-02
5.720000000000000000e+02 5.717239433881542154e-02
5.722000000000000455e+02 5.865803773884268463e-02
5.723999999999999773e+02 6.018681265084647319e-02
5.726000000000000227e+02 6.175474091255988424e-02
5.727999999999999545e+02 6.335677906200476439e-02
5.730000000000000000e+02 6.497894444703838923e-02
5.732000000000000455e+02 6.661272317573191382e-02
5.733999999999999773e+02 6.826157386187579890e-02
5.736000000000000227e+02 6.993153141889683899e-02
5.737999999999999545e+02 7.161927733278160291e-02
5.740000000000000000e+02 7.331557793563761583e-02
5.742000000000000455e+02 7.502198372838554674e-02
5.743999999999999773e+02 7.674085523004868514e-02
5.746000000000000227e+02 7.846748972375650055e-02
5.747999999999999545e+02 8.018447532417231904e-02
5.750000000000000000e+02 8.188367651880368303e-02
5.752000000000000455e+02 8.355688153595916545e-02
5.753999999999999773e+02 8.518675150705798393e-02
5.756000000000000227e+02 8.675902554498089725e-02
5.757999999999999545e+02 8.825349718680781941e-02
5.760000000000000000e+02 8.964402636515608758e-02
5.762000000000000455e+02 9.091898781895621506e-02
5.763999999999999773e+02 9.207248722468017177e-02
5.766000000000000227e+02 9.310078586492560870e-02
5.767999999999999545e+02 9.400297821549086219e-02
5.770000000000000000e+02 9.479001918347959577e-02
5.772000000000000455e+02 9.548442003443659287e-02
5.773999999999999773e+02 9.611681450063305765e-02
5.776000000000000227e+02 9.671640392048437562e-02
5.777999999999999545e+02 9.731750683754718245e-02
5.780000000000000000e+02 9.796405153507216357e-02
5.782000000000000455e+02 9.869355841111727978e-02
5.783999999999999773e+02 9.954339299937547958e-02
5.786000000000000227e+02 1.005493321820462166e-01
5.787999999999999545e+02 1.017249093644885527e-01
5.790000000000000000e+02 1.030822381973102303e-01
5.792000000000000455e+02 1.046299955410524146e-01
5.793999999999999773e+02 1.063510838896786631e-01
5.796000000000000227e+02 1.082383263999446982e-01
5.797999999999999545e+02 1.102846064648871499e-01
5.800000000000000000e+02 1.124578655512191577e-01
5.802000000000000455e+02 1.147424999568261855e-01
5.803999999999999773e+02 1.171195431808659676e-01
5.806000000000000227e+02 1.195454003822517125e-01
5.807999999999999545e+02 1.219873493691743804e-01
5.810000000000000000e+02 1.244188729912707736e-01
5.812000000000000455e+02 1.268110578264986799e-01
5.813999999999999773e+02 1.291200509034643729e-01
5.816000000000000227e+02 1.313159748480655087e-01
5.817999999999999545e+02 1.333818612095988287e-01
5.820000000000000000e+02 1.352790789925180370e-01
5.822000000000000455e+02 1.369862612095386900e-01
5.823999999999999773e+02 1.384935220137095413e-01
5.826000000000000227e+02 1.397761156113298264e-01
5.827999999999999545e+02 1.408244139056612776e-01
5.830000000000000000e+02 1.416354579127313273e-01
5.832000000000000455e+02 1.422005400108485584e-01
5.833999999999999773e+02 1.425255395794413904e-01
5.836000000000000227e+02 1.426251227135224287e-01
5.837999999999999545e+02 1.425172754798463282e-01
5.840000000000000000e+02 1.422233642724495262e-01
5.842000000000000455e+02 1.417722665676485194e-01
5.843999999999999773e+02 1.412019414160311515e-01
5.846000000000000227e+02 1.405574530911021525e-01
5.847999999999999545e+02 1.398856719040218466e-01
5.850000000000000000e+02 1.392356174734345198e-01
5.852000000000000455e+02 1.386608567207130716e-01
5.853999999999999773e+02 1.382016830685852127e-01
5.856000000000000227e+02 1.378857349863014115e-01
5.857999999999999545e+02 1.377326285669494277e-01
5.860000000000000000e+02 1.377560951716196858e-01
5.862000000000000455e+02 1.379638084028707579e-01
5.863999999999999773e+02 1.383576096650877552e-01
5.866000000000000227e+02 1.389390690861110889e-01
5.867999999999999545e+02 1.397020242212675678e-01
5.870000000000000000e+02 1.406318133727486319e-01
5.872000000000000455e+02 1.417174785183399066e-01
5.873999999999999773e+02 1.429393936273507248e-01
5.876000000000000227e+02 1.442710017325668781e-01
5.877999999999999545e+02 1.456925841517572318e-01
5.880000000000000000e+02 1.471879811636494506e-01
5.882000000000000455e+02 1.487383000426803215e-01
5.883999999999999773e+02 1.503171058009478978e-01
5.886000000000000227e+02 1.519181438914799787e-01
5.887999999999999545e+02 1.535395132071251112e-01
5.890000000000000000e+02 1.551703436982890538e-01
5.892000000000000455e+02 1.568195562597558546e-01
5.893999999999999773e+02 1.584927469959982460e-01
5.896000000000000227e+02 1.601874246171962057e-01
5.897999999999999545e+02 1.619335679656258575e-01
5.900000000000000000e+02 1.637567740940658323e-01
5.902000000000000455e+02 1.656750706722074085e-01
5.903999999999999773e+02 1.677271309805110355e-01
5.906000000000000227e+02 1.699336503664458931e-01
5.907999999999999545e+02 1.723066303315761438e-01
5.910000000000000000e+02 1.748765069742068690e-01
5.912000000000000455e+02 1.776495983225173381e-01
5.913999999999999773e+02 1.806239483336322948e-01
5.916000000000000227e+02 1.838107534149218958e-01
5.917999999999999545e+02 1.872174492636221044e-01
5.920000000000000000e+02 1.908263601642232465e-01
5.922000000000000455e+02 1.945938054299002906e-01
5.923999999999999773e+02 1.985069569910010989e-01
5.926000000000000227e+02 2.025264482544417433e-01
5.927999999999999545e+02 2.065854604474221257e-01
5.930000000000000000e+02 2.106616572342324689e-01
5.932000000000000455e+02 2.147044005452958260e-01
5.933999999999999773e+02 2.186509199698160044e-01
5.936000000000000227e+02 2.224895423824746477e-01
5.937999999999999545e+02 2.261770633220893945e-01
5.940000000000000000e+02 2.296694440501646506e-01
5.942000000000000455e+02 2.329680955006406262e-01
5.943999999999999773e+02 2.360477151366569548e-01
5.946000000000000227e+02 2.388921242289715474e-01
5.947999999999999545e+02 2.415182724138021930e-01
5.950000000000000000e+02 2.439229128350936804e-01
5.952000000000000455e+02 2.461137892289461393e-01
5.953999999999999773e+02 2.481201779866681334e-01
5.956000000000000227e+02 2.499692361723783451e-01
5.957999999999999545e+02 2.516808627563215106e-01
5.960000000000000000e+02 2.532776971474234862e-01
5.962000000000000455e+02 2.548062764748701414e-01
5.963999999999999773e+02 2.563028109012462918e-01
5.966000000000000227e+02 2.578016019751395160e-01
5.967999999999999545e+02 2.593526337461500852e-01
5.970000000000000000e+02 2.609891542239763940e-01
5.972000000000000455e+02 2.627482021825393033e-01
5.973999999999999773e+02 2.646856347458770853e-01
5.976000000000000227e+02 2.668382273194030430e-01
5.977999999999999545e+02 2.692570998195052967e-01
5.980000000000000000e+02 2.720166329676204642e-01
5.982000000000000455e+02 2.751718446455448941e-01
5.983999999999999773e+02 2.787882458218487458e-01
5.986000000000000227e+02 2.829544400757231237e-01
5.987999999999999545e+02 2.877810011622929931e-01
5.990000000000000000e+02 2.933484660795093735e-01
5.992000000000000455e+02 2.997463880147445137e-01
5.993999999999999773e+02 3.071394306261871487e-01
5.996000000000000227e+02 3.156382951162937656e-01
5.997999999999999545e+02 3.253880346450414573e-01
6.000000000000000000e+02 3.366423916163165386e-01
6.002000000000000455e+02 3.495477802039758664e-01
6.003999999999999773e+02 3.643174802108393728e-01
6.006000000000000227e+02 3.812793206342329211e-01
6.007999999999999545e+02 4.005638483617993129e-01
6.010000000000000000e+02 4.224014668139581263e-01
6.012000000000000455e+02 4.470911826974034997e-01
6.013999999999999773e+02 4.745948514519009453e-01
6.016000000000000227e+02 5.050009378263785598e-01
6.017999999999999545e+02 5.383847556962316760e-01
6.020000000000000000e+02 5.743812674089399106e-01
6.022000000000000455e+02 6.126508704089367319e-01
6.023999999999999773e+02 6.528689917747692029e-01
6.026000000000000227e+02 6.945678387710849666e-01
6.027999999999999545e+02 7.368320514576032210e-01
6.030000000000000000e+02 7.787744006679870878e-01
6.032000000000000455e+02 8.197354391034178400e-01
6.033999999999999773e+02 8.585483057572184107e-01
6.036000000000000227e+02 8.942052744477733128e-01
6.037999999999999545e+02 9.259879884424295771e-01
6.040000000000000000e+02 9.528772133863864235e-01
6.042000000000000455e+02 9.741420689777033903e-01
6.043999999999999773e+02 9.893446004293893203e-01
6.046000000000000227e+02 9.980238294307482994e-01
6.047999999999999545e+02 1.000000000000000000e+00
6.050000000000000000e+02 9.953693922899795599e-01
6.052000000000000455e+02 9.844307713431514895e-01
6.053999999999999773e+02 9.675864998688955554e-01
6.056000000000000227e+02 9.454473784415390325e-01
6.057999999999999545e+02 9.188902774937743878e-01
6.060000000000000000e+02 8.887807193444601239e-01
6.062000000000000455e+02 8.559426127366059900e-01
6.063999999999999773e+02 8.212270731242765631e-01
6.066000000000000227e+02 7.857293860539898978e-01
6.067999999999999545e+02 7.502478819996365456e-01
6.070000000000000000e+02 7.153509013188109611e-01
6.072000000000000455e+02 6.818852931866593581e-01
6.073999999999999773e+02 6.502982550057343492e-01
6.076000000000000227e+02 6.208285818036154424e-01
6.077999999999999545e+02 5.939186112086529690e-01
6.080000000000000000e+02 5.696208701180250911e-01
6.082000000000000455e+02 5.478839239319751586e-01
6.083999999999999773e+02 5.288094460217073189e-01
6.086000000000000227e+02 5.122091665400475557e-01
6.087999999999999545e+02 4.978916132001386385e-01
6.090000000000000000e+02 4.857786017095037656e-01
6.092000000000000455e+02 4.756209758121767717e-01
6.093999999999999773e+02 4.672129883275580875e-01
6.096000000000000227e+02 4.604218888418140088e-01
6.097999999999999545e+02 4.550475392107988792e-01
6.100000000000000000e+02 4.509164739089180918e-01
6.102000000000000455e+02 4.478993339096425941e-01
6.103999999999999773e+02 4.458985271896724334e-01
6.106000000000000227e+02 4.448193062310643042e-01
6.107999999999999545e+02 4.445794314063289954e-01
6.110000000000000000e+02 4.451256505160074983e-01
6.112000000000000455e+02 4.464316617104852614e-01
6.113999999999999773e+02 4.484799170884266606e-01
6.116000000000000227e+02 4.512590335139010644e-01
6.117999999999999545e+02 4.547977010733930681e-01
6.120000000000000000e+02 4.591106199603519622e-01
6.122000000000000455e+02 4.642020264224325232e-01
6.123999999999999773e+02 4.701376094430493313e-01
6.126000000000000227e+02 4.769362342927066511e-01
6.127999999999999545e+02 4.845955690676094219e-01
6.130000000000000000e+02 4.931812565009314753e-01
6.132000000000000455e+02 5.026749406203621096e-01
6.133999999999999773e+02 5.130190460591059765e-01
6.136000000000000227e+02 5.241953103146601567e-01
6.137999999999999545e+02 5.361839595283285353e-01
6.140000000000000000e+02 5.488906497795343897e-01
6.142000000000000455e+02 5.621364170070282107e-01
6.143999999999999773e+02 5.758681318767754354e-01
6.146000000000000227e+02 5.899532534970437503e-01
6.147999999999999545e+02 6.041564210068910423e-01
6.150000000000000000e+02 6.184015121639442336e-01
6.152000000000000455e+02 6.325185426475196104e-01
6.153999999999999773e+02 6.462783064947736911e-01
6.156000000000000227e+02 6.596161774401868572e-01
6.157999999999999545e+02 6.723599141814418090e-01
6.160000000000000000e+02 6.843178556827366199e-01
6.162000000000000455e+02 6.954445363953636328e-01
6.163999999999999773e+02 7.056041359927013312e-01
6.166000000000000227e+02 7.146634565957452612e-01
6.167999999999999545e+02 7.225827322363167493e-01
6.170000000000000000e+02 7.293185767181430412e-01
6.172000000000000455e+02 7.348150377207509631e-01
6.173999999999999773e+02 7.390206189309148632e-01
6.176000000000000227e+02 7.419456875467675960e-01
6.177999999999999545e+02 7.435995643530931565e-01
6.180000000000000000e+02 7.439829610646395697e-01
6.182000000000000455e+02 7.431253348341663179e-01
6.183999999999999773e+02 7.410776236388391114e-01
6.186000000000000227e+02 7.378917388628941643e-01
6.187999999999999545e+02 7.336008875172518318e-01
6.190000000000000000e+02 7.282879544743735556e-01
6.192000000000000455e+02 7.220325703277522544e-01
6.193999999999999773e+02 7.148707871521344792e-01
6.196000000000000227e+02 7.069196893850853147e-01
6.197999999999999545e+02 6.982752255336532876e-01
6.200000000000000000e+02 6.889781990148499125e-01
6.202000000000000455e+02 6.791611907837123985e-01
6.203999999999999773e+02 6.689336069140372487e-01
6.206000000000000227e+02 6.583480308662613689e-01
6.207999999999999545e+02 6.474478108800909570e-01
6.210000000000000000e+02 6.363429074928701468e-01
6.212000000000000455e+02 6.251471734439598693e-01
6.213999999999999773e+02 6.138594258319326480e-01
6.216000000000000227e+02 6.025845603108810344e-01
6.217999999999999545e+02 5.914345532328976196e-01
6.220000000000000000e+02 5.804109546188107593e-01
6.222000000000000455e+02 5.696346355259807037e-01
6.223999999999999773e+02 5.592031990100716499e-01
6.226000000000000227e+02 5.491196325161918912e-01
6.227999999999999545e+02 5.395070510322210744e-01
6.230000000000000000e+02 5.304446580585560067e-01
6.232000000000000455e+02 5.219442464313834851e-01
6.233999999999999773e+02 5.141156233535173481e-01
6.236000000000000227e+02 5.070112961030392995e-01
6.237999999999999545e+02 5.006397416612518025e-01
6.240000000000000000e+02 4.950725373687511754e-01
6.242000000000000455e+02 4.903330109035631823e-01
6.243999999999999773e+02 4.864107204255524453e-01
6.246000000000000227e+02 4.833042529058035885e-01
6.247999999999999545e+02 4.810162943897243748e-01
6.250000000000000000e+02 4.795356791893090054e-01
6.252000000000000455e+02 4.788277385194625313e-01
6.253999999999999773e+02 4.788588343661955293e-01
6.256000000000000227e+02 4.795947936379599819e-01
6.257999999999999545e+02 4.809970019132638885e-01
6.260000000000000000e+02 4.830179099262630338e-01
6.262000000000000455e+02 4.856359343985913735e-01
6.263999999999999773e+02 4.888488390837947284e-01
6.266000000000000227e+02 4.926395079412608236e-01
6.267999999999999545e+02 4.970375423888688804e-01
6.270000000000000000e+02 5.020875316915405229e-01
6.272000000000000455e+02 5.077990408420830493e-01
6.273999999999999773e+02 5.142500597319334954e-01
6.276000000000000227e+02 5.215190676850303131e-01
6.277999999999999545e+02 5.296268826009671304e-01
6.280000000000000000e+02 5.386295667931554343e-01
6.282000000000000455e+02 5.486045735240767662e-01
6.283999999999999773e+02 5.596088601909091631e-01
6.286000000000000227e+02 5.715768028462528960e-01
6.287999999999999545e+02 5.844817850320928043e-01
6.290000000000000000e+02 5.983079974937387524e-01
6.292000000000000455e+02 6.128421742243520542e-01
6.293999999999999773e+02 6.279442078191370680e-01
6.296000000000000227e+02 6.434667805069593793e-01
6.297999999999999545e+02 6.590486195810895120e-01
6.300000000000000000e+02 6.744372128956968027e-01
6.302000000000000455e+02 6.893568521004734828e-01
6.303999999999999773e+02 7.033669139886092880e-01
6.306000000000000227e+02 7.161790587761953653e-01
6.307999999999999545e+02 7.274995610518939504e-01
6.310000000000000000e+02 7.369576947144071966e-01
6.312000000000000455e+02 7.443299376398505585e-01
6.313999999999999773e+02 7.494436979885201744e-01
6.316000000000000227e+02 7.521491352695330868e-01
6.317999999999999545e+02 7.523704367499640666e-01
6.320000000000000000e+02 7.500936005592927502e-01
6.322000000000000455e+02 7.453782375166478902e-01
6.323999999999999773e+02 7.383825756962837383e-01
6.326000000000000227e+02 7.292590723902008243e-01
6.327999999999999545e+02 7.182200281358729343e-01
6.330000000000000000e+02 7.056079853071148822e-01
6.332000000000000455e+02 6.916593495962578553e-01
6.333999999999999773e+02 6.766594121914670801e-01
6.336000000000000227e+02 6.610146850193712176e-01
6.337999999999999545e+02 6.449450911009096954e-01
6.340000000000000000e+02 6.287214567598701231e-01
6.342000000000000455e+02 6.126899921009056893e-01
6.343999999999999773e+02 5.969715153685334341e-01
6.346000000000000227e+02 5.817430955436763140e-01
6.347999999999999545e+02 5.672267116089045880e-01
6.350000000000000000e+02 5.534881411912181415e-01
6.352000000000000455e+02 5.405518857034714575e-01
6.353999999999999773e+02 5.284598417706879436e-01
6.356000000000000227e+02 5.172935087643815155e-01
6.357999999999999545e+02 5.070058293679435835e-01
6.360000000000000000e+02 4.975451086847621496e-01
6.362000000000000455e+02 4.889404508350769230e-01
6.363999999999999773e+02 4.811062133750878544e-01
6.366000000000000227e+02 4.739726039394930868e-01
6.367999999999999545e+02 4.675252735118370362e-01
6.370000000000000000e+02 4.616667632745307115e-01
6.372000000000000455e+02 4.563338408943143909e-01
6.373999999999999773e+02 4.514974047912420629e-01
6.376000000000000227e+02 4.470690661500598129e-01
6.377999999999999545e+02 4.430041104405432195e-01
6.380000000000000000e+02 4.392798174577798864e-01
6.382000000000000455e+02 4.358369058256197359e-01
6.383999999999999773e+02 4.326570557011423235e-01
6.386000000000000227e+02 4.297359433042576282e-01
6.387999999999999545e+02 4.270513964287436237e-01
6.390000000000000000e+02 4.245897978217677005e-01
6.392000000000000455e+02 4.223522284759158585e-01
6.393999999999999773e+02 4.203504251669650249e-01
6.396000000000000227e+02 4.185815045815235447e-01
6.397999999999999545e+02 4.170565254821040346e-01
6.400000000000000000e+02 4.158009128730688619e-01
6.402000000000000455e+02 4.148256479234658789e-01
6.403999999999999773e+02 4.141493455860607020e-01
6.406000000000000227e+02 4.137929473797642421e-01
6.407999999999999545e+02 4.137614087259647300e-01
6.410000000000000000e+02 4.140526572061409283e-01
6.412000000000000455e+02 4.146629079003297247e-01
6.413999999999999773e+02 4.155881648842197351e-01
6.416000000000000227e+02 4.168105438684296393e-01
6.417999999999999545e+02 4.183091721053518452e-01
6.420000000000000000e+02 4.200635910597070311e-01
6.422000000000000455e+02 4.220328388679761566e-01
6.423999999999999773e+02 4.241768070145581215e-01
6.426000000000000227e+02 4.264623644345074682e-01
6.427999999999999545e+02 4.288509398458182909e-01
6.430000000000000000e+02 4.312869174224225888e-01
6.432000000000000455e+02 4.337120109424003611e-01
6.433999999999999773e+02 4.360944319657483748e-01
6.436000000000000227e+02 4.383814024946557919e-01
6.437999999999999545e+02 4.405186874275435760e-01
6.440000000000000000e+02 4.424799960432387325e-01
6.442000000000000455e+02 4.442226246604047968e-01
6.443999999999999773e+02 4.457095422883325941e-01
6.446000000000000227e+02 4.469254805700386690e-01
6.447999999999999545e+02 4.478468362865380414e-01
6.450000000000000000e+02 4.484569123017107528e-01
6.452000000000000455e+02 4.487501349319300559e-01
6.453999999999999773e+02 4.487163818942285776e-01
6.456000000000000227e+02 4.483500736128702702e-01
6.457999999999999545e+02 4.476500766893085070e-01
6.460000000000000000e+02 4.466137287828710889e-01
6.462000000000000455e+02 4.452493104823496695e-01
6.463999999999999773e+02 4.435655908560703353e-01
6.466000000000000227e+02 4.415580206724955548e-01
6.467999999999999545e+02 4.392451292349419667e-01
6.470000000000000000e+02 4.366422958382930042e-01
6.472000000000000455e+02 4.337436046839474590e-01
6.473999999999999773e+02 4.305761409146202645e-01
6.476000000000000227e+02 4.271563993133053461e-01
6.477999999999999545e+02 4.234793678468231626e-01
6.480000000000000000e+02 4.195788626507382379e-01
6.482000000000000455e+02 4.154611397421200114e-01
6.483999999999999773e+02 4.111124499506177421e-01
6.486000000000000227e+02 4.065738017125385406e-01
6.487999999999999545e+02 4.018542156489686157e-01
6.490000000000000000e+02 3.969519622598972064e-01
6.492000000000000455e+02 3.919135915236863776e-01
6.493999999999999773e+02 3.867611188331219751e-01
6.496000000000000227e+02 3.814982990627706627e-01
6.497999999999999545e+02 3.761340072234422571e-01
6.500000000000000000e+02 3.707177656286273493e-01
6.502000000000000455e+02 3.652786735582539412e-01
6.503999999999999773e+02 3.598083167972289109e-01
6.506000000000000227e+02 3.543625706714146339e-01
6.507999999999999545e+02 3.489692234835003459e-01
6.510000000000000000e+02 3.436251006100343730e-01
6.512000000000000455e+02 3.383955454806553687e-01
6.513999999999999773e+02 3.333072363451978770e-01
6.516000000000000227e+02 3.283654742683632666e-01
6.517999999999999545e+02 3.236284393993981712e-01
6.520000000000000000e+02 3.191079734281822566e-01
6.522000000000000455e+02 3.148068744796974072e-01
6.523999999999999773e+02 3.107683936887298271e-01
6.526000000000000227e+02 3.069863979272443588e-01
6.527999999999999545e+02 3.034554518193726125e-01
6.530000000000000000e+02 3.002013362951642672e-01
6.532000000000000455e+02 2.972177643400608638e-01
6.533999999999999773e+02 2.944867001447455390e-01
6.536000000000000227e+02 2.919945939161120996e-01
6.537999999999999545e+02 2.897447670218858407e-01
6.540000000000000000e+02 2.877228530696376851e-01
6.542000000000000455e+02 2.859025709336887600e-01
6.543999999999999773e+02 2.842755675061368059e-01
6.546000000000000227e+02 2.828166523024545631e-01
6.547999999999999545e+02 2.814973004776641363e-01
6.550000000000000000e+02 2.803089271024123974e-01
6.552000000000000455e+02 2.792362978324516853e-01
6.553999999999999773e+02 2.782686242597355308e-01
6.556000000000000227e+02 2.774084132509904155e-01
6.557999999999999545e+02 2.766522983861126606e-01
6.560000000000000000e+02 2.760037038206722415e-01
6.562000000000000455e+02 2.754766678632466492e-01
6.563999999999999773e+02 2.750823310184576931e-01
6.566000000000000227e+02 2.748381803685913671e-01
6.567999999999999545e+02 2.747663843976591580e-01
6.570000000000000000e+02 2.748826006337020678e-01
6.572000000000000455e+02 2.752004313674353830e-01
6.573999999999999773e+02 2.757290997622416362e-01
6.576000000000000227e+02 2.764693025875707977e-01
6.577999999999999545e+02 2.774245536968031889e-01
6.580000000000000000e+02 2.785930335446795136e-01
6.582000000000000455e+02 2.799607644652646332e-01
6.583999999999999773e+02 2.815180892694350567e-01
6.586000000000000227e+02 2.832362468738494621e-01
6.587999999999999545e+02 2.850615031127321508e-01
6.590000000000000000e+02 2.869529665318433787e-01
6.592000000000000455e+02 2.888533779666605517e-01
6.593999999999999773e+02 2.906896351425947711e-01
6.596000000000000227e+02 2.924040502077422388e-01
6.597999999999999545e+02 2.939292566319141042e-01
6.600000000000000000e+02 2.951965236846854634e-01
6.602000000000000455e+02 2.961587339301769428e-01
6.603999999999999773e+02 2.967714587175581120e-01
6.606000000000000227e+02 2.969941095706803424e-01
6.607999999999999545e+02 2.967949795964592297e-01
6.610000000000000000e+02 2.961494868780213396e-01
6.612000000000000455e+02 2.950477570556961915e-01
6.613999999999999773e+02 2.934964317758731456e-01
6.616000000000000227e+02 2.915003481765346960e-01
6.617999999999999545e+02 2.890864995442045116e-01
6.620000000000000000e+02 2.862995326523272155e-01
6.622000000000000455e+02 2.831590060442649159e-01
6.623999999999999773e+02 2.797135583286821103e-01
6.626000000000000227e+02 2.760250701216813152e-01
6.627999999999999545e+02 2.721165045837925511e-01
6.630000000000000000e+02 2.680487175877715456e-01
6.632000000000000455e+02 2.638865538648061948e-01
6.633999999999999773e+02 2.596514379262720440e-01
6.636000000000000227e+02 2.554000967966277846e-01
6.637999999999999545e+02 2.511853855949834902e-01
6.640000000000000000e+02 2.470241560946594694e-01
6.642000000000000455e+02 2.429277602338899833e-01
6.643999999999999773e+02 2.389277327292619879e-01
6.646000000000000227e+02 2.350677609379009658e-01
6.647999999999999545e+02 2.313428191569136261e-01
6.650000000000000000e+02 2.277656291783713982e-01
6.652000000000000455e+02 2.243600695543795931e-01
6.653999999999999773e+02 2.211051360479999728e-01
6.656000000000000227e+02 2.180034455764451595e-01
6.657999999999999545e+02 2.150608836011936587e-01
6.660000000000000000e+02 2.122464530900491919e-01
6.662000000000000455e+02 2.095577173265339987e-01
6.663999999999999773e+02 2.069928521676628330e-01
6.666000000000000227e+02 2.045278422228097026e-01
6.667999999999999545e+02 2.021685802100115226e-01
6.670000000000000000e+02 1.999146545199012859e-01
6.672000000000000455e+02 1.977476546597833618e-01
6.673999999999999773e+02 1.956712117670768858e-01
6.676000000000000227e+02 1.936818838838864076e-01
6.677999999999999545e+02 1.917643312214002416e-01
6.680000000000000000e+02 1.899073058027379302e-01
6.682000000000000455e+02 1.881108019177175628e-01
6.683999999999999773e+02 1.863751957597663822e-01
6.686000000000000227e+02 1.846860439741647986e-01
6.687999999999999545e+02 1.830492204586496308e-01
6.690000000000000000e+02 1.814743584873448612e-01
6.692000000000000455e+02 1.799575621863817865e-01
6.693999999999999773e+02 1.785082251084356975e-01
6.696000000000000227e+02 1.771294327651245226e-01
6.697999999999999545e+02 1.758108108457637486e-01
6.700000000000000000e+02 1.745573895073767312e-01
6.702000000000000455e+02 1.733663514867642697e-01
6.703999999999999773e+02 1.722256708573118855e-01
6.706000000000000227e+02 1.711367221795241089e-01
6.707999999999999545e+02 1.700911326129110612e-01
6.710000000000000000e+02 1.690755274466148317e-01
6.712000000000000455e+02 1.680891751554345614e-01
6.713999999999999773e+02 1.671273654103102579e-01
6.716000000000000227e+02 1.661820125183388064e-01
6.717999999999999545e+02 1.652468067254262984e-01
6.720000000000000000e+02 1.643251605413110494e-01
6.722000000000000455e+02 1.634180426581366419e-01
6.723999999999999773e+02 1.625184182475437056e-01
6.726000000000000227e+02 1.616287667182348953e-01
6.727999999999999545e+02 1.607489524871995867e-01
6.730000000000000000e+02 1.598752395613038391e-01
6.732000000000000455e+02 1.590153747019928676e-01
6.733999999999999773e+02 1.581716325072586027e-01
6.736000000000000227e+02 1.573427363998058937e-01
6.737999999999999545e+02 1.565365263509915783e-01
6.740000000000000000e+02 1.557525674407366223e-01
6.742000000000000455e+02 1.549883255802470550e-01
6.743999999999999773e+02 1.542487412072246211e-01
6.746000000000000227e+02 1.535269256084321465e-01
6.747999999999999545e+02 1.528119629447099448e-01
6.750000000000000000e+02 1.520963198169627550e-01
6.752000000000000455e+02 1.513720438719953210e-01
6.753999999999999773e+02 1.506296846600558292e-01
6.756000000000000227e+02 1.498593295858046681e-01
6.757999999999999545e+02 1.490549026345164285e-01
6.760000000000000000e+02 1.482019171831706061e-01
6.762000000000000455e+02 1.472812742045373768e-01
6.763999999999999773e+02 1.462862149078298091e-01
6.766000000000000227e+02 1.452101901566281439e-01
6.767999999999999545e+02 1.440514407993599699e-01
6.770000000000000000e+02 1.428212467540076192e-01
6.772000000000000455e+02 1.415190783673052066e-01
6.773999999999999773e+02 1.401464914649919735e-01
6.776000000000000227e+02 1.387176022924336560e-01
6.777999999999999545e+02 1.372264257324068704e-01
6.780000000000000000e+02 1.356715352871419589e-01
6.782000000000000455e+02 1.340670329115749015e-01
6.783999999999999773e+02 1.324210919505762751e-01
6.786000000000000227e+02 1.307359194023066384e-01
6.787999999999999545e+02 1.290141043491569162e-01
6.790000000000000000e+02 1.272717074326492059e-01
6.792000000000000455e+02 1.255129307312861375e-01
6.793999999999999773e+02 1.237384430950972808e-01
6.796000000000000227e+02 1.219659748339477628e-01
6.797999999999999545e+02 1.201975109411815290e-01
6.800000000000000000e+02 1.184351085509254276e-01
6.802000000000000455e+02 1.166971713332521782e-01
6.803999999999999773e+02 1.149801200921325567e-01
6.806000000000000227e+02 1.132822664678095059e-01
6.807999999999999545e+02 1.116148189884251796e-01
6.810000000000000000e+02 1.099695469478249310e-01
6.812000000000000455e+02 1.083498249105495914e-01
6.813999999999999773e+02 1.067724458692637657e-01
6.816000000000000227e+02 1.052336569604312572e-01
6.817999999999999545e+02 1.037389105188018246e-01
6.820000000000000000e+02 1.023000193507790784e-01
6.822000000000000455e+02 1.009143503456891577e-01
6.823999999999999773e+02 9.956985697829331960e-02
6.826000000000000227e+02 9.825459010932785509e-02
6.827999999999999545e+02 9.696408447195874192e-02
6.830000000000000000e+02 9.568389257548082227e-02
6.832000000000000455e+02 9.440546844431993434e-02
6.833999999999999773e+02 9.313503669104335192e-02
6.836000000000000227e+02 9.186898758201454684e-02
6.837999999999999545e+02 9.060732050576107699e-02
6.840000000000000000e+02 8.935435789848790444e-02
6.842000000000000455e+02 8.809851539388925679e-02
6.843999999999999773e+02 8.684419129987090702e-02
6.846000000000000227e+02 8.560793760015754372e-02
6.847999999999999545e+02 8.439091987253612148e-02
6.850000000000000000e+02 8.320028996169724633e-02
6.852000000000000455e+02 8.204423565181326317e-02
6.853999999999999773e+02 8.092186973738056677e-02
6.856000000000000227e+02 7.984473066903019500e-02
6.857999999999999545e+02 7.882692856798673153e-02
6.860000000000000000e+02 7.787519773916477817e-02
6.862000000000000455e+02 7.699399232513289004e-02
6.863999999999999773e+02 7.618761692543370156e-02
6.866000000000000227e+02 7.545774033332559860e-02
6.867999999999999545e+02 7.479220421995737278e-02
6.870000000000000000e+02 7.417883114222677265e-02
6.872000000000000455e+02 7.360618048177652861e-02
6.873999999999999773e+02 7.305420257029320019e-02
6.876000000000000227e+02 7.250774712500093755e-02
6.877999999999999545e+02 7.195516604008934947e-02
6.880000000000000000e+02 7.138303543951468599e-02
6.882000000000000455e+02 7.078983785926670769e-02
6.883999999999999773e+02 7.017835210302313109e-02
6.886000000000000227e+02 6.954818353880486137e-02
6.887999999999999545e+02 6.890553794860410086e-02
6.890000000000000000e+02 6.825595253745028734e-02
6.892000000000000455e+02 6.759913710537363007e-02
6.893999999999999773e+02 6.692967435727041614e-02
6.896000000000000227e+02 6.625021380792515957e-02
6.897999999999999545e+02 6.557258558838995055e-02
6.900000000000000000e+02 6.490679779825719864e-02
6.902000000000000455e+02 6.426469635416316717e-02
6.903999999999999773e+02 6.365756650085996338e-02
6.906000000000000227e+02 6.309091022737114973e-02
6.907999999999999545e+02 6.257299490870454894e-02
6.910000000000000000e+02 6.210839844436993190e-02
6.912000000000000455e+02 6.169088349237553809e-02
6.913999999999999773e+02 6.131655429254745382e-02
6.916000000000000227e+02 6.097620776747895294e-02
6.917999999999999545e+02 6.065136175007147107e-02
6.920000000000000000e+02 6.032684475116825012e-02
6.922000000000000455e+02 5.998909140491821834e-02
6.923999999999999773e+02 5.962642246508269295e-02
6.926000000000000227e+02 5.923310873471214488e-02
6.927999999999999545e+02 5.880251240952662217e-02
6.930000000000000000e+02 5.832689152194065613e-02
6.932000000000000455e+02 5.780114785095243762e-02
6.933999999999999773e+02 5.722385710036307499e-02
6.936000000000000227e+02 5.659156990223714739e-02
6.937999999999999545e+02 5.589410178617142122e-02
6.940000000000000000e+02 5.513462009258357499e-02
6.942000000000000455e+02 5.431883610134457391e-02
6.943999999999999773e+02 5.344726188085303226e-02
6.946000000000000227e+02 5.252923110236128873e-02
6.947999999999999545e+02 5.157159206909053134e-02
6.950000000000000000e+02 5.057945558251085438e-02
6.952000000000000455e+02 4.957893856666530791e-02
6.953999999999999773e+02 4.859001102131928901e-02
6.956000000000000227e+02 4.762324228995051811e-02
6.957999999999999545e+02 4.669207268564624230e-02
6.960000000000000000e+02 4.580053104178150036e-02
6.962000000000000455e+02 4.494555489892453765e-02
6.963999999999999773e+02 4.412556986888264282e-02
6.966000000000000227e+02 4.335546703652442407e-02
6.967999999999999545e+02 4.264525427845464872e-02
6.970000000000000000e+02 4.198365436086369529e-02
6.972000000000000455e+02 4.136789432213189288e-02
6.973999999999999773e+02 4.079693589905024342e-02
6.976000000000000227e+02 4.026501777057635290e-02
6.977999999999999545e+02 3.976758406203002166e-02
6.980000000000000000e+02 3.929992750361056830e-02
6.982000000000000455e+02 3.885612100620162296e-02
6.983999999999999773e+02 3.843134917837542214e-02
6.986000000000000227e+02 3.802052922831835463e-02
6.987999999999999545e+02 3.761728798394907425e-02
6.990000000000000000e+02 3.721478484598875897e-02
6.992000000000000455e+02 3.680677412155023559e-02
6.993999999999999773e+02 3.638958546080117012e-02
6.996000000000000227e+02 3.596878661085445988e-02
6.997999999999999545e+02 3.555196095738591411e-02
7.000000000000000000e+02 3.514307504994059611e-02
7.002000000000000455e+02 3.473766119562828741e-02
7.003999999999999773e+02 3.432883869769933621e-02
7.006000000000000227e+02 3.391189945172388281e-02
7.007999999999999545e+02 3.348909876675852659e-02
7.010000000000000000e+02 3.306455515835288184e-02
7.012000000000000455e+02 3.264103606108516992e-02
7.013999999999999773e+02 3.221879807210025620e-02
7.016000000000000227e+02 3.179706389004850059e-02
7.017999999999999545e+02 3.137528945955072451e-02
7.020000000000000000e+02 3.095548681514118106e-02
7.022000000000000455e+02 3.054171408582034494e-02
7.023999999999999773e+02 3.013853446187777022e-02
7.026000000000000227e+02 2.974504797225397887e-02
7.027999999999999545e+02 2.935844848665022933e-02
7.030000000000000000e+02 2.897705833247979021e-02
7.032000000000000455e+02 2.860522825846785119e-02
7.033999999999999773e+02 2.824528498408639121e-02
7.036000000000000227e+02 2.789511889572408865e-02
7.037999999999999545e+02 2.755503714685237152e-02
7.040000000000000000e+02 2.722776860058414433e-02
7.042000000000000455e+02 2.691751304974551381e-02
7.043999999999999773e+02 2.662648478452247364e-02
7.046000000000000227e+02 2.635645765987424879e-02
7.047999999999999545e+02 2.610991873985563788e-02
7.050000000000000000e+02 2.589161762590740101e-02
7.052000000000000455e+02 2.570633714950179560e-02
7.053999999999999773e+02 2.555703254438105795e-02
7.056000000000000227e+02 2.544151784865523319e-02
7.057999999999999545e+02 2.535472877343991974e-02
7.060000000000000000e+02 2.529126277125466268e-02
7.062000000000000455e+02 2.525112528389019881e-02
7.064000000000000909e+02 2.523380760365501185e-02
7.066000000000000227e+02 2.523446825253767775e-02
7.067999999999999545e+02 2.523911673539633305e-02
7.070000000000000000e+02 2.523227499933266421e-02
7.072000000000000455e+02 2.519990764461259303e-02
7.074000000000000909e+02 2.512985363294357316e-02
7.076000000000000227e+02 2.501072822884628857e-02
7.077999999999999545e+02 2.483221509716214762e-02
7.080000000000000000e+02 2.458710314925263013e-02
7.082000000000000455e+02 2.426989281812021865e-02
7.084000000000000909e+02 2.387785523521604447e-02
7.086000000000000227e+02 2.341544679474613644e-02
7.087999999999999545e+02 2.288942915194791886e-02
7.090000000000000000e+02 2.230776175007695775e-02
7.092000000000000455e+02 2.168110898682643756e-02
7.094000000000000909e+02 2.102613624758247965e-02
7.096000000000000227e+02 2.036306761310111707e-02
7.097999999999999545e+02 1.970660561867491195e-02
7.100000000000000000e+02 1.906775270961069343e-02
7.102000000000000455e+02 1.845605468581347497e-02
7.104000000000000909e+02 1.788345382886092488e-02
7.106000000000000227e+02 1.735877079147020788e-02
7.107999999999999545e+02 1.688598885568037486e-02
7.110000000000000000e+02 1.646353827929361233e-02
7.112000000000000455e+02 1.608595937257213671e-02
7.114000000000000909e+02 1.574709696753053001e-02
7.116000000000000227e+02 1.544633599449221281e-02
7.117999999999999545e+02 1.518373956096999607e-02
7.120000000000000000e+02 1.495773894495653657e-02
7.122000000000000455e+02 1.476263221231880265e-02
7.124000000000000909e+02 1.458813306226922762e-02
7.126000000000000227e+02 1.442193211129260029e-02
7.127999999999999545e+02 1.425499916296275871e-02
7.130000000000000000e+02 1.407976251806563293e-02
7.132000000000000455e+02 1.388940884581813147e-02
7.134000000000000909e+02 1.367775814024103226e-02
7.136000000000000227e+02 1.344281294732440832e-02
7.137999999999999545e+02 1.318568487293514044e-02
7.140000000000000000e+02 1.290736371757887982e-02
7.142000000000000455e+02 1.260847267715617739e-02
7.144000000000000909e+02 1.228970399499602038e-02
7.146000000000000227e+02 1.195267153360891205e-02
7.147999999999999545e+02 1.159940773800057466e-02
7.150000000000000000e+02 1.123143474567933446e-02
7.152000000000000455e+02 1.084877352597210694e-02
7.154000000000000909e+02 1.045680157156734374e-02
7.156000000000000227e+02 1.006497071066389873e-02
7.157999999999999545e+02 9.682880731326450399e-03
7.160000000000000000e+02 9.319936454047880042e-03
7.162000000000000455e+02 8.984147139567711174e-03
7.164000000000000909e+02 8.680368318566104857e-03
7.166000000000000227e+02 8.413872145421972398e-03
7.167999999999999545e+02 8.189717885598666453e-03
7.170000000000000000e+02 8.010392176623731125e-03
7.172000000000000455e+02 7.872150068369361889e-03
7.174000000000000909e+02 7.765558191747895869e-03
7.176000000000000227e+02 7.676603977111898930e-03
7.177999999999999545e+02 7.590647297473856157e-03
7.180000000000000000e+02 7.493895870186779821e-03
7.182000000000000455e+02 7.374917091781221443e-03
7.184000000000000909e+02 7.227144779526263434e-03
7.186000000000000227e+02 7.048818449874603813e-03
7.187999999999999545e+02 6.842564124194883309e-03
7.190000000000000000e+02 6.609247697654219503e-03
7.192000000000000455e+02 6.348441899482983562e-03
7.194000000000000909e+02 6.060040086383810740e-03
7.196000000000000227e+02 5.744232339828684447e-03
7.197999999999999545e+02 5.404177008474087343e-03
7.200000000000000000e+02 5.049598964348574713e-03
7.202000000000000455e+02 4.695119209556440111e-03
7.204000000000000909e+02 4.355129134682673986e-03
7.206000000000000227e+02 4.038817319280862267e-03
7.207999999999999545e+02 3.754984504081730189e-03
7.210000000000000000e+02 3.514737981497140923e-03
7.212000000000000455e+02 3.332391333495796169e-03
7.214000000000000909e+02 3.212108749547513010e-03
7.216000000000000227e+02 3.151450453699121759e-03
7.217999999999999545e+02 3.145597057663273872e-03
7.220000000000000000e+02 3.185619687440528324e-03
7.222000000000000455e+02 3.258950837660602815e-03
7.224000000000000909e+02 3.350251610676585091e-03
7.226000000000000227e+02 3.447133654314544614e-03
7.227999999999999545e+02 3.538491505433694409e-03
7.230000000000000000e+02 3.613023500259805298e-03
7.232000000000000455e+02 3.663365349163480705e-03
7.234000000000000909e+02 3.685801109241775616e-03
7.236000000000000227e+02 3.679498385205154896e-03
7.237999999999999545e+02 3.642271230627935896e-03
7.240000000000000000e+02 3.572669604184728395e-03
7.242000000000000455e+02 3.472183966291908248e-03
7.244000000000000909e+02 3.344553304525259285e-03
7.246000000000000227e+02 3.195032039670458752e-03
7.247999999999999545e+02 3.030467587236362632e-03
7.250000000000000000e+02 2.861690573172766695e-03
7.252000000000000455e+02 2.698693053043430597e-03
7.254000000000000909e+02 2.546768932357322893e-03
7.256000000000000227e+02 2.407543731246379690e-03
7.257999999999999545e+02 2.281670561726318203e-03
7.260000000000000000e+02 2.170344215701224509e-03
7.262000000000000455e+02 2.073787898492853582e-03
7.264000000000000909e+02 1.992653982980342568e-03
7.266000000000000227e+02 1.928194364675802188e-03
7.267999999999999545e+02 1.876725491972645659e-03
7.270000000000000000e+02 1.829218896792287859e-03
7.272000000000000455e+02 1.772148442383874407e-03
7.274000000000000909e+02 1.695161266027688960e-03
7.276000000000000227e+02 1.590323158908032606e-03
7.277999999999999545e+02 1.452182139044152489e-03
7.280000000000000000e+02 1.281648733523282511e-03
7.282000000000000455e+02 1.087693091259323052e-03
7.284000000000000909e+02 8.864814546459075630e-04
7.286000000000000227e+02 6.885693381225926283e-04
7.287999999999999545e+02 5.018131906817711960e-04
7.290000000000000000e+02 3.335382694945006397e-04
7.292000000000000455e+02 1.912412652604578937e-04
7.294000000000000909e+02 8.286296709741085471e-05
7.296000000000000227e+02 1.667875492368070908e-05
7.297999999999999545e+02 0.000000000000000000e+00
7.300000000000000000e+02 3.712845981909169849e-05
7.302000000000000455e+02 1.285782373235938158e-04
7.304000000000000909e+02 2.731995025088417863e-04
7.306000000000000227e+02 4.669729540623938804e-04
7.307999999999999545e+02 7.025221432988207467e-04
7.310000000000000000e+02 9.709225020608263290e-04
7.312000000000000455e+02 1.264267993955782172e-03
7.314000000000000909e+02 1.576190358253298221e-03
7.316000000000000227e+02 1.898883600279868428e-03
7.317999999999999545e+02 2.223153430602162715e-03
7.320000000000000000e+02 2.537765090626049186e-03
7.322000000000000455e+02 2.826845582481416971e-03
7.324000000000000909e+02 3.075366327015049105e-03
7.326000000000000227e+02 3.272243551585859219e-03
7.327999999999999545e+02 3.412749851063886543e-03
7.330000000000000000e+02 3.498300997823230053e-03
7.332000000000000455e+02 3.536713477362898699e-03
7.334000000000000909e+02 3.542577116467158279e-03
7.336000000000000227e+02 3.530513084051393330e-03
7.337999999999999545e+02 3.511290006706325843e-03
7.340000000000000000e+02 3.487393336680014253e-03
7.342000000000000455e+02 3.454521463909387795e-03
7.344000000000000909e+02 3.403638348659227854e-03
7.346000000000000227e+02 3.326530827943962806e-03
7.347999999999999545e+02 3.220233105300908914e-03
7.350000000000000000e+02 3.088279433377908410e-03
7.352000000000000455e+02 2.939541714541772047e-03
7.354000000000000909e+02 2.783887859224983344e-03
7.356000000000000227e+02 2.629829660292040423e-03
7.357999999999999545e+02 2.481797321839825619e-03
7.360000000000000000e+02 2.343951344552850594e-03
7.362000000000000455e+02 2.221658884844124240e-03
7.364000000000000909e+02 2.121913603233595031e-03
7.366000000000000227e+02 2.049383300664534609e-03
7.367999999999999545e+02 2.004962448010789815e-03
7.370000000000000000e+02 1.985485393317927647e-03
7.372000000000000455e+02 1.990432717492637230e-03
7.374000000000000909e+02 2.022355863692422255e-03
7.376000000000000227e+02 2.082816070905789841e-03
7.377999999999999545e+02 2.173945134602171033e-03
7.380000000000000000e+02 2.299547528912155702e-03
7.382000000000000455e+02 2.466369327270082068e-03
7.384000000000000909e+02 2.675989729017935574e-03
7.386000000000000227e+02 2.923695037431334968e-03
7.387999999999999545e+02 3.200943916788548220e-03
7.390000000000000000e+02 3.498668018572789057e-03
7.392000000000000455e+02 3.805766281627934004e-03
7.394000000000000909e+02 4.103622304830460699e-03
7.396000000000000227e+02 4.372532790057163075e-03
7.397999999999999545e+02 4.594848225618123477e-03
7.400000000000000000e+02 4.758509994206191508e-03
7.402000000000000455e+02 4.856693646398105649e-03
7.404000000000000909e+02 4.888517634817274478e-03
7.406000000000000227e+02 4.861378184370080367e-03
7.407999999999999545e+02 4.787512957968348588e-03
7.410000000000000000e+02 4.680038410852102419e-03
7.412000000000000455e+02 4.546735153889191854e-03
7.414000000000000909e+02 4.390731237024562451e-03
7.416000000000000227e+02 4.215499886965975648e-03
7.417999999999999545e+02 4.033740758528499629e-03
7.420000000000000000e+02 3.859536144325019600e-03
7.422000000000000455e+02 3.703264108095502116e-03
7.424000000000000909e+02 3.565675480771794692e-03
7.426000000000000227e+02 3.449253306979849741e-03
7.427999999999999545e+02 3.359862310529029925e-03
7.430000000000000000e+02 3.305480271739099501e-03
7.432000000000000455e+02 3.290784833616134178e-03
7.434000000000000909e+02 3.316506712258720201e-03
7.436000000000000227e+02 3.379266591322353623e-03
7.437999999999999545e+02 3.468453420258016569e-03
7.440000000000000000e+02 3.569327023236781166e-03
7.442000000000000455e+02 3.668731465234402814e-03
7.444000000000000909e+02 3.759156407266358267e-03
7.446000000000000227e+02 3.836008728701935291e-03
7.447999999999999545e+02 3.893073973686302959e-03
7.450000000000000000e+02 3.926582328874370954e-03
7.452000000000000455e+02 3.936563328296747988e-03
7.454000000000000909e+02 3.927815538652765052e-03
7.456000000000000227e+02 3.904495429455287318e-03
7.457999999999999545e+02 3.871962963603930215e-03
7.460000000000000000e+02 3.840976539000499033e-03
7.462000000000000455e+02 3.828725494644879580e-03
7.464000000000000909e+02 3.854154983482164457e-03
7.466000000000000227e+02 3.931170403994032995e-03
7.467999999999999545e+02 4.062196379387005875e-03
7.470000000000000000e+02 4.241805463242696340e-03
7.472000000000000455e+02 4.462099671810566132e-03
7.474000000000000909e+02 4.720689562276305512e-03
7.476000000000000227e+02 5.017116237945440545e-03
7.477999999999999545e+02 5.347039900850564763e-03
7.480000000000000000e+02 5.699431316423529334e-03
7.482000000000000455e+02 6.060330236801149059e-03
7.484000000000000909e+02 6.417344381868139713e-03
7.486000000000000227e+02 6.761156893359712532e-03
7.487999999999999545e+02 7.084568996253518339e-03
7.490000000000000000e+02 7.381616781599655355e-03
7.492000000000000455e+02 7.647921042967707750e-03
7.494000000000000909e+02 7.881504377390718616e-03
7.496000000000000227e+02 8.084667435859711412e-03
7.497999999999999545e+02 8.269156518785049370e-03
7.500000000000000000e+02 8.448896869639817633e-03
