4.500000000000000000e+02 1.157923739260807161e-01
4.501999999999999886e+02 1.124846927225542914e-01
4.503999999999999773e+02 1.092035544024456267e-01
4.506000000000000227e+02 1.059755986874242745e-01
4.508000000000000114e+02 1.028387616658962694e-01
4.510000000000000000e+02 9.981677461233286197e-02
4.511999999999999886e+02 9.693151289402751614e-02
4.513999999999999773e+02 9.421733120376547810e-02
4.516000000000000227e+02 9.167977839175014965e-02
4.518000000000000114e+02 8.931954804827130223e-02
4.520000000000000000e+02 8.714316917185238598e-02
4.521999999999999886e+02 8.515199939178366706e-02
4.523999999999999773e+02 8.333911785885049495e-02
4.526000000000000227e+02 8.169910463193771899e-02
4.528000000000000114e+02 8.023517104932743893e-02
4.530000000000000000e+02 7.893460568994030424e-02
4.531999999999999886e+02 7.778411587443190278e-02
4.533999999999999773e+02 7.677577188010188680e-02
4.536000000000000227e+02 7.589953474147974333e-02
4.538000000000000114e+02 7.515098279182229335e-02
4.540000000000000000e+02 7.452500230498006195e-02
4.541999999999999886e+02 7.400797242670308085e-02
4.543999999999999773e+02 7.358495043311422124e-02
4.546000000000000227e+02 7.323715552144127727e-02
4.548000000000000114e+02 7.294198358155784545e-02
4.550000000000000000e+02 7.267678903402569057e-02
4.551999999999999886e+02 7.241485025246770235e-02
4.553999999999999773e+02 7.212859805803387148e-02
4.556000000000000227e+02 7.179466965531780542e-02
4.558000000000000114e+02 7.139638763723224479e-02
4.560000000000000000e+02 7.092269608163509487e-02
4.561999999999999886e+02 7.036997334816358363e-02
4.563999999999999773e+02 6.974690752039502950e-02
4.566000000000000227e+02 6.906470824304448974e-02
4.568000000000000114e+02 6.833841054557918127e-02
4.570000000000000000e+02 6.758930810461726002e-02
4.571999999999999886e+02 6.683723849045675180e-02
4.573999999999999773e+02 6.610332401918893319e-02
4.576000000000000227e+02 6.540713911664282343e-02
4.578000000000000114e+02 6.475693341555184557e-02
4.580000000000000000e+02 6.415754953353230983e-02
4.581999999999999886e+02 6.361132934469658495e-02
4.583999999999999773e+02 6.311669896622491838e-02
4.586000000000000227e+02 6.266697997653328245e-02
4.588000000000000114e+02 6.225231050298785790e-02
4.590000000000000000e+02 6.185924015393828163e-02
4.591999999999999886e+02 6.146860028070660897e-02
4.593999999999999773e+02 6.106428615471885119e-02
4.596000000000000227e+02 6.063428443598672252e-02
4.598000000000000114e+02 6.017110578300424034e-02
4.600000000000000000e+02 5.967710371947795855e-02
4.601999999999999886e+02 5.915655086659822592e-02
4.603999999999999773e+02 5.861384561907087565e-02
4.606000000000000227e+02 5.805780676948015667e-02
4.608000000000000114e+02 5.749851611331453782e-02
4.610000000000000000e+02 5.694925592092561772e-02
4.611999999999999886e+02 5.642682798334346106e-02
4.613999999999999773e+02 5.594050567213212227e-02
4.616000000000000227e+02 5.549694439523476103e-02
4.618000000000000114e+02 5.510183958033132434e-02
4.620000000000000000e+02 5.475758929662580266e-02
4.621999999999999886e+02 5.446227908124374323e-02
4.623999999999999773e+02 5.421195949561988942e-02
4.626000000000000227e+02 5.400230399229138251e-02
4.628000000000000114e+02 5.382577980127604966e-02
4.630000000000000000e+02 5.367512057698365507e-02
4.631999999999999886e+02 5.354459215802021693e-02
4.633999999999999773e+02 5.342916902180298161e-02
4.636000000000000227e+02 5.332399547302168336e-02
4.638000000000000114e+02 5.322378787649738319e-02
4.640000000000000000e+02 5.312287886458302161e-02
4.641999999999999886e+02 5.301746734557715585e-02
4.643999999999999773e+02 5.290499339612322882e-02
4.646000000000000227e+02 5.278403526423337128e-02
4.648000000000000114e+02 5.265477207820180167e-02
4.650000000000000000e+02 5.251817973461413852e-02
4.651999999999999886e+02 5.237594462170604148e-02
4.653999999999999773e+02 5.223003841256090157e-02
4.656000000000000227e+02 5.208056690560233792e-02
4.658000000000000114e+02 5.192832746619458623e-02
4.660000000000000000e+02 5.177695278886507851e-02
4.661999999999999886e+02 5.163441321680346113e-02
4.663999999999999773e+02 5.150805359282347590e-02
4.666000000000000227e+02 5.140339385788126464e-02
4.668000000000000114e+02 5.132388360151411699e-02
4.670000000000000000e+02 5.127089628917045477e-02
4.671999999999999886e+02 5.124433412456364662e-02
4.673999999999999773e+02 5.124237009280797894e-02
4.676000000000000227e+02 5.126070080259147871e-02
4.678000000000000114e+02 5.129475787685551513e-02
4.680000000000000000e+02 5.133985322967701825e-02
4.681999999999999886e+02 5.139064018534237471e-02
4.683999999999999773e+02 5.144006977640901840e-02
4.686000000000000227e+02 5.148083255818230314e-02
4.688000000000000114e+02 5.150644332894752792e-02
4.690000000000000000e+02 5.151242684965801066e-02
4.691999999999999886e+02 5.149843626458704832e-02
4.693999999999999773e+02 5.146640730108342776e-02
4.696000000000000227e+02 5.141870093149006338e-02
4.698000000000000114e+02 5.135814235071446687e-02
4.700000000000000000e+02 5.128850467044914624e-02
4.701999999999999886e+02 5.121474417858726258e-02
4.703999999999999773e+02 5.114284937159096350e-02
4.706000000000000227e+02 5.107761241531966895e-02
4.708000000000000114e+02 5.102207331883507058e-02
4.710000000000000000e+02 5.097784676572701679e-02
4.711999999999999886e+02 5.094716415200078313e-02
4.713999999999999773e+02 5.093346455821417401e-02
4.716000000000000227e+02 5.094023588324527591e-02
4.718000000000000114e+02 5.096885826682259757e-02
4.720000000000000000e+02 5.102092700005338155e-02
4.721999999999999886e+02 5.109868332362009491e-02
4.723999999999999773e+02 5.120506109763467428e-02
4.726000000000000227e+02 5.134379982131925813e-02
4.728000000000000114e+02 5.151907927870465198e-02
4.730000000000000000e+02 5.173524753526961145e-02
4.731999999999999886e+02 5.199601628379837276e-02
4.733999999999999773e+02 5.230009554195720611e-02
4.736000000000000227e+02 5.264359406962301063e-02
4.738000000000000114e+02 5.302155493522538177e-02
4.740000000000000000e+02 5.342451624985940228e-02
4.741999999999999886e+02 5.384291370148972661e-02
4.743999999999999773e+02 5.426575486185483688e-02
4.746000000000000227e+02 5.467609195968697877e-02
4.748000000000000114e+02 5.505844452346268791e-02
4.750000000000000000e+02 5.540040610925643649e-02
4.751999999999999886e+02 5.569341306863234697e-02
4.753999999999999773e+02 5.593444983466160786e-02
4.756000000000000227e+02 5.612557397048183877e-02
4.758000000000000114e+02 5.627327515500996080e-02
4.760000000000000000e+02 5.638807055640800842e-02
4.761999999999999886e+02 5.648593622663316410e-02
4.763999999999999773e+02 5.658647670709827243e-02
4.766000000000000227e+02 5.671081848705132600e-02
4.768000000000000114e+02 5.687897863966995954e-02
4.770000000000000000e+02 5.710469213269783045e-02
4.771999999999999886e+02 5.739592241509883230e-02
4.773999999999999773e+02 5.775798412275811450e-02
4.776000000000000227e+02 5.818903957141359495e-02
4.778000000000000114e+02 5.867961941544035803e-02
4.780000000000000000e+02 5.921393339736200079e-02
4.781999999999999886e+02 5.977430641200000283e-02
4.783999999999999773e+02 6.033613260364825009e-02
4.786000000000000227e+02 6.087201691671723092e-02
4.788000000000000114e+02 6.136106292869245721e-02
4.790000000000000000e+02 6.178399737452400231e-02
4.791999999999999886e+02 6.212534987747107829e-02
4.793999999999999773e+02 6.237557830996675462e-02
4.796000000000000227e+02 6.253032043706877041e-02
4.798000000000000114e+02 6.259216238978035363e-02
4.800000000000000000e+02 6.257057258754619711e-02
4.801999999999999886e+02 6.248087677721040484e-02
4.803999999999999773e+02 6.234281281913955225e-02
4.806000000000000227e+02 6.217736395916777237e-02
4.808000000000000114e+02 6.200426343247258942e-02
4.810000000000000000e+02 6.184071150714533921e-02
4.811999999999999886e+02 6.170282803766642676e-02
4.813999999999999773e+02 6.160429787843407085e-02
4.816000000000000227e+02 6.155346427227392780e-02
4.818000000000000114e+02 6.155430702264289705e-02
4.820000000000000000e+02 6.160663240267402058e-02
4.821999999999999886e+02 6.170669670860304268e-02
4.823999999999999773e+02 6.184973954767718912e-02
4.826000000000000227e+02 6.203043626958018586e-02
4.828000000000000114e+02 6.224262758761200248e-02
4.830000000000000000e+02 6.247857625801012116e-02
4.831999999999999886e+02 6.272798515883676318e-02
4.833999999999999773e+02 6.298208292608706294e-02
4.836000000000000227e+02 6.323533274622449019e-02
4.838000000000000114e+02 6.348152728479340701e-02
4.840000000000000000e+02 6.371613628231681536e-02
4.841999999999999886e+02 6.393635775313093184e-02
4.843999999999999773e+02 6.414031034902202555e-02
4.846000000000000227e+02 6.432906539943730739e-02
4.848000000000000114e+02 6.450450628731035918e-02
4.850000000000000000e+02 6.466788311784535392e-02
4.851999999999999886e+02 6.482040659405621796e-02
4.853999999999999773e+02 6.496373767094917873e-02
4.856000000000000227e+02 6.509943135318523033e-02
4.858000000000000114e+02 6.522800971968950590e-02
4.860000000000000000e+02 6.534970163362198436e-02
4.861999999999999886e+02 6.546341872700220388e-02
4.863999999999999773e+02 6.556668886796207518e-02
4.866000000000000227e+02 6.565786564810663362e-02
4.868000000000000114e+02 6.573552480255598351e-02
4.870000000000000000e+02 6.579896543041936774e-02
4.871999999999999886e+02 6.584902401327205612e-02
4.873999999999999773e+02 6.588636084833236761e-02
4.876000000000000227e+02 6.591069063472103362e-02
4.878000000000000114e+02 6.592048064572456068e-02
4.880000000000000000e+02 6.591321017387406778e-02
4.881999999999999886e+02 6.588681447250213652e-02
4.883999999999999773e+02 6.584057387460406918e-02
4.886000000000000227e+02 6.577563729842209050e-02
4.888000000000000114e+02 6.569396338882534103e-02
4.890000000000000000e+02 6.559827656482014602e-02
4.891999999999999886e+02 6.549299322350848884e-02
4.893999999999999773e+02 6.538640329700005915e-02
4.896000000000000227e+02 6.528582147639362676e-02
4.898000000000000114e+02 6.519678273213345976e-02
4.900000000000000000e+02 6.512393249103386184e-02
4.901999999999999886e+02 6.507135475475367414e-02
4.903999999999999773e+02 6.504238121109653936e-02
4.906000000000000227e+02 6.503916525399730530e-02
4.908000000000000114e+02 6.506184823910753090e-02
4.910000000000000000e+02 6.510772862332055155e-02
4.911999999999999886e+02 6.517190194362842970e-02
4.913999999999999773e+02 6.524881239281581091e-02
4.916000000000000227e+02 6.533511454617997594e-02
4.918000000000000114e+02 6.542984116184789867e-02
4.920000000000000000e+02 6.553392959058573775e-02
4.921999999999999886e+02 6.564895916877581949e-02
4.923999999999999773e+02 6.577552359333097010e-02
4.926000000000000227e+02 6.591365087605578765e-02
4.928000000000000114e+02 6.606341645216981528e-02
4.930000000000000000e+02 6.622213331473908449e-02
4.931999999999999886e+02 6.638654725233583687e-02
4.933999999999999773e+02 6.655410989025076218e-02
4.936000000000000227e+02 6.672239848459686484e-02
4.938000000000000114e+02 6.689031782413096261e-02
4.940000000000000000e+02 6.705740220165204435e-02
4.941999999999999886e+02 6.722301343717071442e-02
4.943999999999999773e+02 6.738918964024159797e-02
4.946000000000000227e+02 6.755785508397368910e-02
4.948000000000000114e+02 6.772887436639503378e-02
4.950000000000000000e+02 6.789998346571865517e-02
4.951999999999999886e+02 6.807052795911269771e-02
4.953999999999999773e+02 6.824148369721552698e-02
4.956000000000000227e+02 6.841414510565041462e-02
4.958000000000000114e+02 6.858940569802396414e-02
4.960000000000000000e+02 6.876695680271163735e-02
4.961999999999999886e+02 6.894567995057149234e-02
4.963999999999999773e+02 6.912564744930155269e-02
4.966000000000000227e+02 6.930578902666868768e-02
4.968000000000000114e+02 6.948360702271930145e-02
4.970000000000000000e+02 6.965515658072445049e-02
4.971999999999999886e+02 6.981284688701801244e-02
4.973999999999999773e+02 6.994832513778982686e-02
4.976000000000000227e+02 7.005423231894404579e-02
4.978000000000000114e+02 7.012423184666198572e-02
4.980000000000000000e+02 7.015228081673428873e-02
4.981999999999999886e+02 7.013275018869140343e-02
4.983999999999999773e+02 7.006121550627630867e-02
4.986000000000000227e+02 6.993660381494860856e-02
4.988000000000000114e+02 6.976127777106301553e-02
4.990000000000000000e+02 6.954059338158113945e-02
4.991999999999999886e+02 6.928161171518004702e-02
4.993999999999999773e+02 6.899006471856147793e-02
4.996000000000000227e+02 6.867178361837190936e-02
4.998000000000000114e+02 6.833462110773867726e-02
5.000000000000000000e+02 6.798513621316948363e-02
5.001999999999999886e+02 6.763060255738811977e-02
5.003999999999999773e+02 6.727876661402178160e-02
5.006000000000000227e+02 6.693425636078864649e-02
5.008000000000000114e+02 6.660176677999206374e-02
5.010000000000000000e+02 6.628485644985793179e-02
5.011999999999999886e+02 6.598372559505734369e-02
5.013999999999999773e+02 6.569625819780994247e-02
5.016000000000000227e+02 6.542114968780467221e-02
5.018000000000000114e+02 6.515820793350234064e-02
5.020000000000000000e+02 6.490550039206828548e-02
5.021999999999999886e+02 6.466241061053046302e-02
5.023999999999999773e+02 6.442867125075808776e-02
5.026000000000000227e+02 6.420294739684689889e-02
5.028000000000000114e+02 6.398545750913064989e-02
5.030000000000000000e+02 6.377509252709455401e-02
5.031999999999999886e+02 6.356900401939075129e-02
5.033999999999999773e+02 6.336533728290917600e-02
5.036000000000000227e+02 6.316137311992556236e-02
5.038000000000000114e+02 6.295500852635385614e-02
5.040000000000000000e+02 6.274623665035462816e-02
5.041999999999999886e+02 6.253368670009919195e-02
5.043999999999999773e+02 6.231648286335873116e-02
5.046000000000000227e+02 6.209531429799408642e-02
5.048000000000000114e+02 6.187209483088257356e-02
5.050000000000000000e+02 6.164728639452022457e-02
5.051999999999999886e+02 6.142078373235920763e-02
5.053999999999999773e+02 6.119304235953960946e-02
5.056000000000000227e+02 6.096283600351418142e-02
5.058000000000000114e+02 6.072944605676656310e-02
5.060000000000000000e+02 6.049300123830968212e-02
5.061999999999999886e+02 6.025271954472480318e-02
5.063999999999999773e+02 6.000876773722396001e-02
5.066000000000000227e+02 5.976021522490588406e-02
5.068000000000000114e+02 5.950327074522931969e-02
5.070000000000000000e+02 5.923553779939157854e-02
5.071999999999999886e+02 5.895610685252637706e-02
5.073999999999999773e+02 5.866477968276513633e-02
5.076000000000000227e+02 5.836105564386075140e-02
5.078000000000000114e+02 5.804780237960784073e-02
5.080000000000000000e+02 5.772939694352572509e-02
5.081999999999999886e+02 5.740967989628691787e-02
5.083999999999999773e+02 5.709500336259510506e-02
5.086000000000000227e+02 5.679096913460733587e-02
5.088000000000000114e+02 5.650202695375777795e-02
5.090000000000000000e+02 5.623375772440201981e-02
5.091999999999999886e+02 5.598777638438452026e-02
5.093999999999999773e+02 5.576291152637673915e-02
5.096000000000000227e+02 5.555745327648749232e-02
5.098000000000000114e+02 5.536941038489425621e-02
5.100000000000000000e+02 5.519739419057867469e-02
5.101999999999999886e+02 5.503951362566410904e-02
5.103999999999999773e+02 5.489059860729374185e-02
5.106000000000000227e+02 5.474680823672062324e-02
5.108000000000000114e+02 5.460626569197866986e-02
5.110000000000000000e+02 5.446811336103569989e-02
5.111999999999999886e+02 5.432964691444517463e-02
5.113999999999999773e+02 5.418804541325272783e-02
5.116000000000000227e+02 5.404066973567409754e-02
5.118000000000000114e+02 5.388403563862093071e-02
5.120000000000000000e+02 5.371614411305194320e-02
5.122000000000000455e+02 5.353664355407477399e-02
5.123999999999999773e+02 5.334656570772638301e-02
5.126000000000000227e+02 5.314811213235189763e-02
5.127999999999999545e+02 5.294106191732830813e-02
5.130000000000000000e+02 5.272271212428950027e-02
5.132000000000000455e+02 5.249083536886164914e-02
5.133999999999999773e+02 5.224286533281143757e-02
5.136000000000000227e+02 5.197754391714944078e-02
5.137999999999999545e+02 5.169597573313099853e-02
5.140000000000000000e+02 5.139856544126258919e-02
5.142000000000000455e+02 5.108721121591745101e-02
5.143999999999999773e+02 5.076567465570533400e-02
5.146000000000000227e+02 5.043805980329047617e-02
5.147999999999999545e+02 5.010748299075665213e-02
5.150000000000000000e+02 4.977869209908521858e-02
5.152000000000000455e+02 4.945938044793683069e-02
5.153999999999999773e+02 4.915430413024845374e-02
5.156000000000000227e+02 4.886674007642716894e-02
5.157999999999999545e+02 4.859912626400363783e-02
5.160000000000000000e+02 4.835287461349313531e-02
5.162000000000000455e+02 4.813013707690026732e-02
5.163999999999999773e+02 4.793128279805650843e-02
5.166000000000000227e+02 4.775322314177966182e-02
5.167999999999999545e+02 4.759332725490387356e-02
5.170000000000000000e+02 4.744893203880665156e-02
5.172000000000000455e+02 4.731614123411381073e-02
5.173999999999999773e+02 4.718836844254641061e-02
5.176000000000000227e+02 4.705846578215712450e-02
5.177999999999999545e+02 4.691832608326079040e-02
5.180000000000000000e+02 4.675895445748774748e-02
5.182000000000000455e+02 4.657385489864711292e-02
5.183999999999999773e+02 4.635975264837817467e-02
5.186000000000000227e+02 4.611740144773104899e-02
5.187999999999999545e+02 4.585219991202264117e-02
5.190000000000000000e+02 4.556838322903095095e-02
5.192000000000000455e+02 4.527039514784502588e-02
5.193999999999999773e+02 4.496415118265029154e-02
5.196000000000000227e+02 4.465370593562956875e-02
5.197999999999999545e+02 4.434335236061509589e-02
5.200000000000000000e+02 4.403719800790942274e-02
5.202000000000000455e+02 4.373695323878214192e-02
5.203999999999999773e+02 4.344458476559241028e-02
5.206000000000000227e+02 4.316215935142783677e-02
5.207999999999999545e+02 4.289081025005326425e-02
5.210000000000000000e+02 4.262906510993878101e-02
5.212000000000000455e+02 4.237652224757079700e-02
5.213999999999999773e+02 4.213352175535118455e-02
5.216000000000000227e+02 4.189812919901710064e-02
5.217999999999999545e+02 4.166815429382143832e-02
5.220000000000000000e+02 4.144110748565558305e-02
5.222000000000000455e+02 4.121458533405770314e-02
5.223999999999999773e+02 4.098887756342211447e-02
5.226000000000000227e+02 4.076224350391983997e-02
5.227999999999999545e+02 4.052941604859294084e-02
5.230000000000000000e+02 4.028284627649291599e-02
5.232000000000000455e+02 4.001840665539756897e-02
5.233999999999999773e+02 3.973735403605155314e-02
5.236000000000000227e+02 3.944662566688625360e-02
5.237999999999999545e+02 3.915603987146717979e-02
5.240000000000000000e+02 3.887257519883374757e-02
5.242000000000000455e+02 3.860082867227699471e-02
5.243999999999999773e+02 3.834699392745382490e-02
5.246000000000000227e+02 3.811700813121007142e-02
5.247999999999999545e+02 3.791663680215383303e-02
5.250000000000000000e+02 3.775083990616134866e-02
5.252000000000000455e+02 3.762046888586830645e-02
5.253999999999999773e+02 3.752605413549229413e-02
5.256000000000000227e+02 3.746844417053951659e-02
5.257999999999999545e+02 3.744753532754766662e-02
5.260000000000000000e+02 3.746293655942456446e-02
5.262000000000000455e+02 3.751450275792782979e-02
5.263999999999999773e+02 3.760220400221666454e-02
5.266000000000000227e+02 3.772438447638772063e-02
5.267999999999999545e+02 3.787564987698911062e-02
5.270000000000000000e+02 3.804811045924084978e-02
5.272000000000000455e+02 3.823452361157882173e-02
5.273999999999999773e+02 3.842806532564073396e-02
5.276000000000000227e+02 3.862245830045019784e-02
5.277999999999999545e+02 3.881178983239562397e-02
5.280000000000000000e+02 3.898967364976933109e-02
5.282000000000000455e+02 3.915440441686913325e-02
5.283999999999999773e+02 3.931077638752607933e-02
5.286000000000000227e+02 3.946957649818957914e-02
5.287999999999999545e+02 3.964190334949491135e-02
5.290000000000000000e+02 3.983551897397845376e-02
5.292000000000000455e+02 4.005493970742007165e-02
5.293999999999999773e+02 4.030874522585253805e-02
5.296000000000000227e+02 4.060807505725853167e-02
5.297999999999999545e+02 4.096700616104296394e-02
5.300000000000000000e+02 4.140552525278907992e-02
5.302000000000000455e+02 4.195807497359275995e-02
5.303999999999999773e+02 4.268954579615708705e-02
5.306000000000000227e+02 4.371521247327665033e-02
5.307999999999999545e+02 4.522892708417231705e-02
5.310000000000000000e+02 4.748549942837489851e-02
5.312000000000000455e+02 5.080245756127922674e-02
5.313999999999999773e+02 5.556697914831177504e-02
5.316000000000000227e+02 6.218604817496986570e-02
5.317999999999999545e+02 7.112193351247406148e-02
5.320000000000000000e+02 8.287502371789080835e-02
5.322000000000000455e+02 9.782680676257078656e-02
5.323999999999999773e+02 1.163281286041614182e-01
5.326000000000000227e+02 1.386581127217611231e-01
5.327999999999999545e+02 1.649060302999731387e-01
5.330000000000000000e+02 1.949508088128289185e-01
5.332000000000000455e+02 2.285467586638356974e-01
5.333999999999999773e+02 2.652681744737402370e-01
5.336000000000000227e+02 3.041814067927414156e-01
5.337999999999999545e+02 3.444044901420044158e-01
5.340000000000000000e+02 3.850729572955993718e-01
5.342000000000000455e+02 4.250679147287997894e-01
5.343999999999999773e+02 4.633601525105372487e-01
5.346000000000000227e+02 4.987869257709482973e-01
5.347999999999999545e+02 5.300435125175209095e-01
5.350000000000000000e+02 5.562341597385945802e-01
5.352000000000000455e+02 5.765675811979104060e-01
5.353999999999999773e+02 5.903669399492652570e-01
5.356000000000000227e+02 5.972379481262594103e-01
5.357999999999999545e+02 5.970370959794322197e-01
5.360000000000000000e+02 5.898992310312106691e-01
5.362000000000000455e+02 5.762330599972426137e-01
5.363999999999999773e+02 5.566274312711594341e-01
5.366000000000000227e+02 5.318623361635329561e-01
5.367999999999999545e+02 5.028074906585723314e-01
5.370000000000000000e+02 4.703242509674384064e-01
5.372000000000000455e+02 4.355780246667027011e-01
5.373999999999999773e+02 3.996445375101578823e-01
5.376000000000000227e+02 3.633344978678866299e-01
5.377999999999999545e+02 3.274987039780138387e-01
5.380000000000000000e+02 2.927822082567798079e-01
5.382000000000000455e+02 2.597427287173731392e-01
5.383999999999999773e+02 2.290422827485601720e-01
5.386000000000000227e+02 2.009546546970934766e-01
5.387999999999999545e+02 1.756378147944500645e-01
5.390000000000000000e+02 1.532662206613469302e-01
5.392000000000000455e+02 1.338137814832979500e-01
5.393999999999999773e+02 1.172368418715562938e-01
5.396000000000000227e+02 1.034140488385049267e-01
5.397999999999999545e+02 9.202340434968948879e-02
5.400000000000000000e+02 8.277756015757353758e-02
5.402000000000000455e+02 7.540623430092756319e-02
5.403999999999999773e+02 6.963048595343188096e-02
5.406000000000000227e+02 6.518012196565861616e-02
5.407999999999999545e+02 6.183525427185675855e-02
5.410000000000000000e+02 5.941105310905177989e-02
5.412000000000000455e+02 5.772783030582669117e-02
5.413999999999999773e+02 5.663861382064678401e-02
5.416000000000000227e+02 5.601789245962911917e-02
5.417999999999999545e+02 5.575550606340311244e-02
5.420000000000000000e+02 5.576350980354950054e-02
5.422000000000000455e+02 5.597269903366064447e-02
5.423999999999999773e+02 5.633087459849378531e-02
5.426000000000000227e+02 5.680185301850732699e-02
5.427999999999999545e+02 5.735979513465718632e-02
5.430000000000000000e+02 5.798929520497886347e-02
5.432000000000000455e+02 5.868189391854805592e-02
5.433999999999999773e+02 5.942502004745608968e-02
5.436000000000000227e+02 6.021077428863428477e-02
5.437999999999999545e+02 6.103487285866807804e-02
5.440000000000000000e+02 6.189341127806362308e-02
5.442000000000000455e+02 6.278950540908204148e-02
5.443999999999999773e+02 6.372458819458720614e-02
5.446000000000000227e+02 6.469674020669678727e-02
5.447999999999999545e+02 6.571044784077043066e-02
5.450000000000000000e+02 6.676778353830541135e-02
5.452000000000000455e+02 6.787114156536842857e-02
5.453999999999999773e+02 6.902566330517861948e-02
5.456000000000000227e+02 7.021728526775507240e-02
5.457999999999999545e+02 7.143795732901637996e-02
5.460000000000000000e+02 7.268385738152487174e-02
5.462000000000000455e+02 7.391586395936439180e-02
5.463999999999999773e+02 7.513997388608655015e-02
5.466000000000000227e+02 7.638033379844817727e-02
5.467999999999999545e+02 7.762387303355243462e-02
5.470000000000000000e+02 7.887035932271303784e-02
5.472000000000000455e+02 8.012778127802708261e-02
5.473999999999999773e+02 8.140178572771272769e-02
5.476000000000000227e+02 8.269127275022224166e-02
5.477999999999999545e+02 8.400010075421955602e-02
5.480000000000000000e+02 8.533921825897790303e-02
5.482000000000000455e+02 8.671317047220955532e-02
5.483999999999999773e+02 8.812861905532778928e-02
5.486000000000000227e+02 8.959151521042001132e-02
5.487999999999999545e+02 9.109617217173773818e-02
5.490000000000000000e+02 9.264411619412742105e-02
5.492000000000000455e+02 9.424343086755755661e-02
5.493999999999999773e+02 9.590128434052165585e-02
5.496000000000000227e+02 9.761149722373173299e-02
5.497999999999999545e+02 9.936635225019831152e-02
5.500000000000000000e+02 1.011661767233047321e-01
5.502000000000000455e+02 1.030128690461608321e-01
5.503999999999999773e+02 1.049013785049925374e-01
5.506000000000000227e+02 1.068205452610998252e-01
5.507999999999999545e+02 1.087686677436438543e-01
5.510000000000000000e+02 1.107470478285815241e-01
5.512000000000000455e+02 1.127549261995584307e-01
5.513999999999999773e+02 1.147854501801154614e-01
5.516000000000000227e+02 1.168437157570837021e-01
5.517999999999999545e+02 1.189380581929415787e-01
5.520000000000000000e+02 1.210674690860566727e-01
5.522000000000000455e+02 1.232408747228495582e-01
5.523999999999999773e+02 1.254626891604927463e-01
5.526000000000000227e+02 1.277242970473460859e-01
5.527999999999999545e+02 1.300283328048033871e-01
5.530000000000000000e+02 1.323817439402246998e-01
5.532000000000000455e+02 1.347875843802211759e-01
5.533999999999999773e+02 1.372341244385200110e-01
5.536000000000000227e+02 1.397175039601001867e-01
5.537999999999999545e+02 1.422445767526896443e-01
5.540000000000000000e+02 1.448234983931514230e-01
5.542000000000000455e+02 1.474468777835812039e-01
5.543999999999999773e+02 1.501043962382567765e-01
5.546000000000000227e+02 1.528003734945801717e-01
5.547999999999999545e+02 1.555427350135475395e-01
5.550000000000000000e+02 1.583298340920329950e-01
5.552000000000000455e+02 1.611483929908212043e-01
5.553999999999999773e+02 1.640056425783175953e-01
5.556000000000000227e+02 1.669063698037432653e-01
5.557999999999999545e+02 1.698482106789525603e-01
5.560000000000000000e+02 1.728412821433657764e-01
5.562000000000000455e+02 1.758794898907502791e-01
5.563999999999999773e+02 1.789479656231125204e-01
5.566000000000000227e+02 1.820519718936561004e-01
5.567999999999999545e+02 1.852004602040305536e-01
5.570000000000000000e+02 1.883924431107719955e-01
5.572000000000000455e+02 1.916098046847355407e-01
5.573999999999999773e+02 1.948547161656399573e-01
5.576000000000000227e+02 1.981406733058591885e-01
5.577999999999999545e+02 2.014783993594648492e-01
5.580000000000000000e+02 2.048555512610433782e-01
5.582000000000000455e+02 2.082666664536783341e-01
5.583999999999999773e+02 2.117225085074480040e-01
5.586000000000000227e+02 2.152348912574709172e-01
5.587999999999999545e+02 2.187964547958846095e-01
5.590000000000000000e+02 2.223945397321179795e-01
5.592000000000000455e+02 2.260424306445568410e-01
5.593999999999999773e+02 2.297422179607831183e-01
5.596000000000000227e+02 2.334948466846202830e-01
5.597999999999999545e+02 2.373136352103122904e-01
5.600000000000000000e+02 2.411875031332106067e-01
5.602000000000000455e+02 2.451087487661187947e-01
5.603999999999999773e+02 2.490910333656897457e-01
5.606000000000000227e+02 2.531482464587185288e-01
5.607999999999999545e+02 2.572742248236072338e-01
5.610000000000000000e+02 2.614489566437215307e-01
5.612000000000000455e+02 2.656778741002687183e-01
5.613999999999999773e+02 2.699732687009456233e-01
5.616000000000000227e+02 2.743368468791316239e-01
5.617999999999999545e+02 2.787434729674501677e-01
5.620000000000000000e+02 2.831903789957266881e-01
5.622000000000000455e+02 2.876899346302439486e-01
5.623999999999999773e+02 2.922490361652752000e-01
5.626000000000000227e+02 2.968435741780128811e-01
5.627999999999999545e+02 3.014538275677548507e-01
5.630000000000000000e+02 3.060845940759985284e-01
5.632000000000000455e+02 3.107408470235334952e-01
5.633999999999999773e+02 3.154058960007304901e-01
5.636000000000000227e+02 3.200516994781467117e-01
5.637999999999999545e+02 3.246862469140624485e-01
5.640000000000000000e+02 3.293088953335563396e-01
5.642000000000000455e+02 3.339159408594113421e-01
5.643999999999999773e+02 3.385254993254522282e-01
5.646000000000000227e+02 3.431273812225948960e-01
5.647999999999999545e+02 3.477090777482889639e-01
5.650000000000000000e+02 3.522881265953505259e-01
5.652000000000000455e+02 3.568868235073152650e-01
5.653999999999999773e+02 3.615091288497283006e-01
5.656000000000000227e+02 3.661385370774914993e-01
5.657999999999999545e+02 3.707843193715688046e-01
5.660000000000000000e+02 3.754649119102919652e-01
5.662000000000000455e+02 3.801905001108170645e-01
5.663999999999999773e+02 3.849413972264443262e-01
5.666000000000000227e+02 3.897148868248153097e-01
5.667999999999999545e+02 3.945261161370234859e-01
5.670000000000000000e+02 3.993873683320912638e-01
5.672000000000000455e+02 4.042782580241777168e-01
5.673999999999999773e+02 4.091784860648828293e-01
5.676000000000000227e+02 4.140972560586297924e-01
5.677999999999999545e+02 4.190255438402719079e-01
5.680000000000000000e+02 4.239628397623493861e-01
5.682000000000000455e+02 4.289237431167743919e-01
5.683999999999999773e+02 4.338870067432313848e-01
5.686000000000000227e+02 4.388452972303500399e-01
5.687999999999999545e+02 4.438167166309274214e-01
5.690000000000000000e+02 4.488199274401190042e-01
5.692000000000000455e+02 4.538443688539778864e-01
5.693999999999999773e+02 4.588705838729981168e-01
5.696000000000000227e+02 4.639098132738438407e-01
5.697999999999999545e+02 4.689783219745237153e-01
5.700000000000000000e+02 4.740738562507962328e-01
5.702000000000000455e+02 4.791660084224503846e-01
5.703999999999999773e+02 4.842542257456436960e-01
5.706000000000000227e+02 4.893526980677830318e-01
5.707999999999999545e+02 4.944695949250125788e-01
5.710000000000000000e+02 4.995771242320106720e-01
5.712000000000000455e+02 5.046655593433605480e-01
5.713999999999999773e+02 5.097456935656787813e-01
5.716000000000000227e+02 5.148078183848048273e-01
5.717999999999999545e+02 5.198591203417979312e-01
5.720000000000000000e+02 5.249059828873887668e-01
5.722000000000000455e+02 5.299202384538377331e-01
5.723999999999999773e+02 5.349026878189488965e-01
5.726000000000000227e+02 5.398726767621118139e-01
5.727999999999999545e+02 5.448451530054950753e-01
5.730000000000000000e+02 5.498040980521540222e-01
5.732000000000000455e+02 5.547437030085335952e-01
5.733999999999999773e+02 5.596860660133323728e-01
5.736000000000000227e+02 5.646513065533710352e-01
5.737999999999999545e+02 5.696301849714440202e-01
5.740000000000000000e+02 5.745971848563787843e-01
5.742000000000000455e+02 5.795602032118115643e-01
5.743999999999999773e+02 5.845335983541269931e-01
5.746000000000000227e+02 5.895155496742935375e-01
5.747999999999999545e+02 5.944715807974759736e-01
5.750000000000000000e+02 5.993973044336264877e-01
5.752000000000000455e+02 6.042935312297235129e-01
5.753999999999999773e+02 6.091430165194826607e-01
5.756000000000000227e+02 6.139477045805082911e-01
5.757999999999999545e+02 6.186953909207633107e-01
5.760000000000000000e+02 6.233543789016978698e-01
5.762000000000000455e+02 6.279277901468514056e-01
5.763999999999999773e+02 6.324276607034967634e-01
5.766000000000000227e+02 6.368589560630547597e-01
5.767999999999999545e+02 6.412087952269767133e-01
5.770000000000000000e+02 6.454783390966306600e-01
5.772000000000000455e+02 6.496895585487645342e-01
5.773999999999999773e+02 6.538789617062940041e-01
5.776000000000000227e+02 6.580416303843851233e-01
5.777999999999999545e+02 6.621775919562076229e-01
5.780000000000000000e+02 6.663245292193542557e-01
5.782000000000000455e+02 6.704715128847684724e-01
5.783999999999999773e+02 6.746197652534607903e-01
5.786000000000000227e+02 6.787991897111622652e-01
5.787999999999999545e+02 6.829862222870203281e-01
5.790000000000000000e+02 6.871773729079169168e-01
5.792000000000000455e+02 6.913862205870431321e-01
5.793999999999999773e+02 6.955721918904431700e-01
5.796000000000000227e+02 6.997299458446085696e-01
5.797999999999999545e+02 7.038682552501962508e-01
5.800000000000000000e+02 7.079516448972273945e-01
5.802000000000000455e+02 7.119823275153864817e-01
5.803999999999999773e+02 7.159629489734088414e-01
5.806000000000000227e+02 7.198565452817118349e-01
5.807999999999999545e+02 7.236530495260770079e-01
5.810000000000000000e+02 7.273552930630419189e-01
5.812000000000000455e+02 7.309610178878398479e-01
5.813999999999999773e+02 7.344446559016496456e-01
5.816000000000000227e+02 7.378034838614583313e-01
5.817999999999999545e+02 7.410558197030145955e-01
5.820000000000000000e+02 7.441855588304138180e-01
5.822000000000000455e+02 7.472020254521201110e-01
5.823999999999999773e+02 7.501261538765285897e-01
5.826000000000000227e+02 7.529424054615602158e-01
5.827999999999999545e+02 7.556624028887767297e-01
5.830000000000000000e+02 7.583021607242411699e-01
5.832000000000000455e+02 7.608510782728483690e-01
5.833999999999999773e+02 7.633268923752911661e-01
5.836000000000000227e+02 7.657441584887795250e-01
5.837999999999999545e+02 7.680964709907407428e-01
5.840000000000000000e+02 7.704021311139617190e-01
5.842000000000000455e+02 7.726687695657822319e-01
5.843999999999999773e+02 7.748870240512335528e-01
5.846000000000000227e+02 7.770665845392197291e-01
5.847999999999999545e+02 7.792185841787446776e-01
5.850000000000000000e+02 7.813454451153410973e-01
5.852000000000000455e+02 7.834347706794786426e-01
5.853999999999999773e+02 7.854916893435762715e-01
5.856000000000000227e+02 7.875215771427692690e-01
5.857999999999999545e+02 7.895052658981230875e-01
5.860000000000000000e+02 7.914458644090877071e-01
5.862000000000000455e+02 7.933467712224293589e-01
5.863999999999999773e+02 7.951956011135019597e-01
5.866000000000000227e+02 7.970015220065390649e-01
5.867999999999999545e+02 7.987682254765567924e-01
5.870000000000000000e+02 8.004879867823389006e-01
5.872000000000000455e+02 8.021754539063296052e-01
5.873999999999999773e+02 8.038355747098683279e-01
5.876000000000000227e+02 8.054620342587032189e-01
5.877999999999999545e+02 8.070593337775867626e-01
5.880000000000000000e+02 8.086346509782544878e-01
5.882000000000000455e+02 8.101911151421596902e-01
5.883999999999999773e+02 8.117234492384625133e-01
5.886000000000000227e+02 8.132412277018926661e-01
5.887999999999999545e+02 8.147536438833653527e-01
5.890000000000000000e+02 8.162569428196764232e-01
5.892000000000000455e+02 8.177631087676032751e-01
5.893999999999999773e+02 8.192758716056672830e-01
5.896000000000000227e+02 8.207839437369798263e-01
5.897999999999999545e+02 8.222974632119817162e-01
5.900000000000000000e+02 8.238203457873874980e-01
5.902000000000000455e+02 8.253482391973178123e-01
5.903999999999999773e+02 8.268913544153490003e-01
5.906000000000000227e+02 8.284494973571364662e-01
5.907999999999999545e+02 8.300194784793499814e-01
5.910000000000000000e+02 8.316143966744887761e-01
5.912000000000000455e+02 8.332281764420529369e-01
5.913999999999999773e+02 8.348471999711718494e-01
5.916000000000000227e+02 8.364672101914463198e-01
5.917999999999999545e+02 8.380841826418137241e-01
5.920000000000000000e+02 8.396852023635179574e-01
5.922000000000000455e+02 8.412486989212514255e-01
5.923999999999999773e+02 8.427701120920821909e-01
5.926000000000000227e+02 8.442378386961154613e-01
5.927999999999999545e+02 8.456305248374420547e-01
5.930000000000000000e+02 8.469409763980149108e-01
5.932000000000000455e+02 8.481541333646418490e-01
5.933999999999999773e+02 8.492524587285306126e-01
5.936000000000000227e+02 8.502359809233267507e-01
5.937999999999999545e+02 8.510956322071887570e-01
5.940000000000000000e+02 8.518204768683566019e-01
5.942000000000000455e+02 8.524104989474833305e-01
5.943999999999999773e+02 8.528615195783304515e-01
5.946000000000000227e+02 8.531692806009171237e-01
5.947999999999999545e+02 8.533339854703702043e-01
5.950000000000000000e+02 8.533596544763087932e-01
5.952000000000000455e+02 8.532571499942296356e-01
5.953999999999999773e+02 8.530429944855733027e-01
5.956000000000000227e+02 8.527305207053913483e-01
5.957999999999999545e+02 8.523354023437733629e-01
5.960000000000000000e+02 8.518754445370509965e-01
5.962000000000000455e+02 8.513666148591938487e-01
5.963999999999999773e+02 8.508295560358298815e-01
5.966000000000000227e+02 8.502850224315195993e-01
5.967999999999999545e+02 8.497472935209836598e-01
5.970000000000000000e+02 8.492366532168534876e-01
5.972000000000000455e+02 8.487726663223709167e-01
5.973999999999999773e+02 8.483680719445431118e-01
5.976000000000000227e+02 8.480363391244943871e-01
5.977999999999999545e+02 8.477896256346111326e-01
5.980000000000000000e+02 8.476384996862029730e-01
5.982000000000000455e+02 8.475965408057399841e-01
5.983999999999999773e+02 8.476765051246945015e-01
5.986000000000000227e+02 8.478920389389948964e-01
5.987999999999999545e+02 8.482646680219706470e-01
5.990000000000000000e+02 8.488140724517140301e-01
5.992000000000000455e+02 8.495619945579228061e-01
5.993999999999999773e+02 8.505407793283265017e-01
5.996000000000000227e+02 8.517804456839974669e-01
5.997999999999999545e+02 8.533220099645126844e-01
6.000000000000000000e+02 8.552275521230144895e-01
6.002000000000000455e+02 8.575444886566131464e-01
6.003999999999999773e+02 8.603367031140511934e-01
6.006000000000000227e+02 8.636914032634885885e-01
6.007999999999999545e+02 8.676568208016833816e-01
6.010000000000000000e+02 8.722995867122450564e-01
6.012000000000000455e+02 8.776956988740983734e-01
6.013999999999999773e+02 8.838445172773320424e-01
6.016000000000000227e+02 8.907688371687850770e-01
6.017999999999999545e+02 8.984817488527367946e-01
6.020000000000000000e+02 9.068892900110723243e-01
6.022000000000000455e+02 9.158972336451606244e-01
6.023999999999999773e+02 9.254086002633005181e-01
6.026000000000000227e+02 9.352863030477224227e-01
6.027999999999999545e+02 9.452815047888635247e-01
6.030000000000000000e+02 9.551475007962240138e-01
6.032000000000000455e+02 9.646882035435088154e-01
6.033999999999999773e+02 9.735869080913223117e-01
6.036000000000000227e+02 9.815628550542457864e-01
6.037999999999999545e+02 9.884052396375710980e-01
6.040000000000000000e+02 9.938443695183293292e-01
6.042000000000000455e+02 9.976752883879199674e-01
6.043999999999999773e+02 9.997653829922108493e-01
6.046000000000000227e+02 1.000000000000000000e+00
6.047999999999999545e+02 9.983252250628136260e-01
6.050000000000000000e+02 9.947634061963801511e-01
6.052000000000000455e+02 9.894184435841493208e-01
6.053999999999999773e+02 9.823984901374595013e-01
6.056000000000000227e+02 9.738702435313226768e-01
6.057999999999999545e+02 9.640940193911091693e-01
6.060000000000000000e+02 9.533123838501106340e-01
6.062000000000000455e+02 9.417500809024138553e-01
6.063999999999999773e+02 9.296428044101663346e-01
6.066000000000000227e+02 9.173091149954598622e-01
6.067999999999999545e+02 9.049674826273659267e-01
6.070000000000000000e+02 8.927634576230210062e-01
6.072000000000000455e+02 8.809511532457617866e-01
6.073999999999999773e+02 8.696534361884699083e-01
6.076000000000000227e+02 8.589296996497095549e-01
6.077999999999999545e+02 8.489218398492727191e-01
6.080000000000000000e+02 8.396363793744832105e-01
6.082000000000000455e+02 8.310522368573632912e-01
6.083999999999999773e+02 8.232159878545586285e-01
6.086000000000000227e+02 8.160646475749837592e-01
6.087999999999999545e+02 8.095429052566986972e-01
6.090000000000000000e+02 8.036474747125809115e-01
6.092000000000000455e+02 7.982982345282365610e-01
6.093999999999999773e+02 7.934370373102294094e-01
6.096000000000000227e+02 7.890386026965303667e-01
6.097999999999999545e+02 7.850387598902940356e-01
6.100000000000000000e+02 7.813749695780591864e-01
6.102000000000000455e+02 7.780036270656577324e-01
6.103999999999999773e+02 7.749065449531890026e-01
6.106000000000000227e+02 7.720422389371955907e-01
6.107999999999999545e+02 7.693725859120384980e-01
6.110000000000000000e+02 7.668916875528375421e-01
6.112000000000000455e+02 7.645757908911527956e-01
6.113999999999999773e+02 7.624142323883054129e-01
6.116000000000000227e+02 7.604227542415377128e-01
6.117999999999999545e+02 7.585941106444095139e-01
6.120000000000000000e+02 7.569317564350467320e-01
6.122000000000000455e+02 7.554552564385150770e-01
6.123999999999999773e+02 7.541713713550957099e-01
6.126000000000000227e+02 7.530981317087610538e-01
6.127999999999999545e+02 7.522594814592843404e-01
6.130000000000000000e+02 7.516639053141689342e-01
6.132000000000000455e+02 7.513193481865945156e-01
6.133999999999999773e+02 7.512304680202619434e-01
6.136000000000000227e+02 7.513927452832089848e-01
6.137999999999999545e+02 7.518004526360017037e-01
6.140000000000000000e+02 7.524399637461633983e-01
6.142000000000000455e+02 7.532863773366929028e-01
6.143999999999999773e+02 7.543175040188848657e-01
6.146000000000000227e+02 7.554975039190221509e-01
6.147999999999999545e+02 7.567763675641182575e-01
6.150000000000000000e+02 7.581154386188836414e-01
6.152000000000000455e+02 7.594666821575123405e-01
6.153999999999999773e+02 7.607752304200104954e-01
6.156000000000000227e+02 7.619973666688496516e-01
6.157999999999999545e+02 7.630803496515867757e-01
6.160000000000000000e+02 7.639703354821474335e-01
6.162000000000000455e+02 7.646267051301960382e-01
6.163999999999999773e+02 7.650056783316806497e-01
6.166000000000000227e+02 7.650671135251189137e-01
6.167999999999999545e+02 7.647799282739533577e-01
6.170000000000000000e+02 7.641083570624933596e-01
6.172000000000000455e+02 7.630268415430424556e-01
6.173999999999999773e+02 7.615233519457350608e-01
6.176000000000000227e+02 7.595792654173580960e-01
6.177999999999999545e+02 7.571971395980838793e-01
6.180000000000000000e+02 7.543939349741048961e-01
6.182000000000000455e+02 7.511649478205836283e-01
6.183999999999999773e+02 7.475398222563985895e-01
6.186000000000000227e+02 7.435580076737895450e-01
6.187999999999999545e+02 7.392213082496579268e-01
6.190000000000000000e+02 7.345784881664836341e-01
6.192000000000000455e+02 7.296772663255102209e-01
6.193999999999999773e+02 7.245216796578880514e-01
6.196000000000000227e+02 7.191713713341713055e-01
6.197999999999999545e+02 7.136697451900748668e-01
6.200000000000000000e+02 7.080172732292144833e-01
6.202000000000000455e+02 7.022678214765051274e-01
6.203999999999999773e+02 6.964579000487793881e-01
6.206000000000000227e+02 6.905870097154704901e-01
6.207999999999999545e+02 6.846496853135382032e-01
6.210000000000000000e+02 6.786746535433233474e-01
6.212000000000000455e+02 6.726912851254790437e-01
6.213999999999999773e+02 6.666667858112624856e-01
6.216000000000000227e+02 6.606254910470590325e-01
6.217999999999999545e+02 6.545954234630968482e-01
6.220000000000000000e+02 6.485453881893804562e-01
6.222000000000000455e+02 6.425122787610421105e-01
6.223999999999999773e+02 6.365228668947605639e-01
6.226000000000000227e+02 6.305561677090421036e-01
6.227999999999999545e+02 6.246671911949787104e-01
6.230000000000000000e+02 6.188870547483174001e-01
6.232000000000000455e+02 6.132100560832501879e-01
6.233999999999999773e+02 6.076970203485764221e-01
6.236000000000000227e+02 6.023705573896754872e-01
6.237999999999999545e+02 5.972275424334266836e-01
6.240000000000000000e+02 5.923176095158805277e-01
6.242000000000000455e+02 5.876607834379188322e-01
6.243999999999999773e+02 5.832537650374302052e-01
6.246000000000000227e+02 5.790992672032657662e-01
6.247999999999999545e+02 5.752230896091501400e-01
6.250000000000000000e+02 5.716357788319909039e-01
6.252000000000000455e+02 5.683128857579692328e-01
6.253999999999999773e+02 5.652607236487633413e-01
6.256000000000000227e+02 5.624694726706546133e-01
6.257999999999999545e+02 5.599035912809392501e-01
6.260000000000000000e+02 5.575591187813121463e-01
6.262000000000000455e+02 5.554199758974853740e-01
6.263999999999999773e+02 5.534618722649937705e-01
6.266000000000000227e+02 5.516917398593735866e-01
6.267999999999999545e+02 5.501056126068383234e-01
6.270000000000000000e+02 5.486998052739860965e-01
6.272000000000000455e+02 5.474966340136817600e-01
6.273999999999999773e+02 5.465122566870589393e-01
6.276000000000000227e+02 5.457650001901925840e-01
6.277999999999999545e+02 5.452840065198708563e-01
6.280000000000000000e+02 5.450899067255389197e-01
6.282000000000000455e+02 5.451992828924764334e-01
6.283999999999999773e+02 5.456244777402824431e-01
6.286000000000000227e+02 5.463601913689923872e-01
6.287999999999999545e+02 5.473925981696319276e-01
6.290000000000000000e+02 5.486976275486192822e-01
6.292000000000000455e+02 5.502287473041801436e-01
6.293999999999999773e+02 5.519406797385403296e-01
6.296000000000000227e+02 5.537781547566225093e-01
6.297999999999999545e+02 5.556514089127296829e-01
6.300000000000000000e+02 5.574750692824225196e-01
6.302000000000000455e+02 5.591561941307374717e-01
6.303999999999999773e+02 5.605806608466538110e-01
6.306000000000000227e+02 5.616511927247513913e-01
6.307999999999999545e+02 5.622755434034601985e-01
6.310000000000000000e+02 5.623627088452625156e-01
6.312000000000000455e+02 5.618487667812819275e-01
6.313999999999999773e+02 5.606794790394469263e-01
6.316000000000000227e+02 5.588137928140771704e-01
6.317999999999999545e+02 5.562533490094339061e-01
6.320000000000000000e+02 5.529982026997537492e-01
6.322000000000000455e+02 5.490603505480318169e-01
6.323999999999999773e+02 5.445049803493984264e-01
6.326000000000000227e+02 5.393708630581230956e-01
6.327999999999999545e+02 5.337095097676484157e-01
6.330000000000000000e+02 5.276322382128629807e-01
6.332000000000000455e+02 5.211917947705628773e-01
6.333999999999999773e+02 5.144594521439249668e-01
6.336000000000000227e+02 5.075638071469297241e-01
6.337999999999999545e+02 5.005518289361665651e-01
6.340000000000000000e+02 4.934966246067363227e-01
6.342000000000000455e+02 4.865099680117308534e-01
6.343999999999999773e+02 4.796099559473760432e-01
6.346000000000000227e+02 4.728473538515651220e-01
6.347999999999999545e+02 4.663004488662909619e-01
6.350000000000000000e+02 4.599846452075803671e-01
6.352000000000000455e+02 4.538986255777830436e-01
6.353999999999999773e+02 4.480540852037066535e-01
6.356000000000000227e+02 4.424905937981699622e-01
6.357999999999999545e+02 4.371876846513334525e-01
6.360000000000000000e+02 4.321261201101861960e-01
6.362000000000000455e+02 4.273294632698852458e-01
6.363999999999999773e+02 4.227595955838300279e-01
6.366000000000000227e+02 4.183906263318681873e-01
6.367999999999999545e+02 4.142293151600336953e-01
6.370000000000000000e+02 4.102309094667210276e-01
6.372000000000000455e+02 4.063752513293436008e-01
6.373999999999999773e+02 4.026635480471477124e-01
6.376000000000000227e+02 3.990515613991100774e-01
6.377999999999999545e+02 3.955275527015632564e-01
6.380000000000000000e+02 3.920940376904806235e-01
6.382000000000000455e+02 3.887216938481108941e-01
6.383999999999999773e+02 3.854171617300741204e-01
6.386000000000000227e+02 3.821965729985263294e-01
6.387999999999999545e+02 3.790544154924017084e-01
6.390000000000000000e+02 3.759849746425394934e-01
6.392000000000000455e+02 3.729954694113984948e-01
6.393999999999999773e+02 3.701025030159589280e-01
6.396000000000000227e+02 3.672921670669157534e-01
6.397999999999999545e+02 3.645678683118017127e-01
6.400000000000000000e+02 3.619507256769300407e-01
6.402000000000000455e+02 3.594317334276937448e-01
6.403999999999999773e+02 3.570215696812038542e-01
6.406000000000000227e+02 3.547375879294322742e-01
6.407999999999999545e+02 3.525646324282282751e-01
6.410000000000000000e+02 3.505064044284669222e-01
6.412000000000000455e+02 3.485675500657678394e-01
6.413999999999999773e+02 3.467307484536262807e-01
6.416000000000000227e+02 3.449972516605985251e-01
6.417999999999999545e+02 3.433631019729153078e-01
6.420000000000000000e+02 3.418071819353044605e-01
6.422000000000000455e+02 3.403255136480276000e-01
6.423999999999999773e+02 3.389127032713297738e-01
6.426000000000000227e+02 3.375547440075267747e-01
6.427999999999999545e+02 3.362359206997167504e-01
6.430000000000000000e+02 3.349474058576876745e-01
6.432000000000000455e+02 3.336812170781088827e-01
6.433999999999999773e+02 3.324163672472409958e-01
6.436000000000000227e+02 3.311437829950761302e-01
6.437999999999999545e+02 3.298568366461103740e-01
6.440000000000000000e+02 3.285374533416672849e-01
6.442000000000000455e+02 3.271821565495495743e-01
6.443999999999999773e+02 3.257861888557177510e-01
6.446000000000000227e+02 3.243342681122201587e-01
6.447999999999999545e+02 3.228288996662452837e-01
6.450000000000000000e+02 3.212673616119824382e-01
6.452000000000000455e+02 3.196374277280331078e-01
6.453999999999999773e+02 3.179444757817357359e-01
6.456000000000000227e+02 3.161907064670763656e-01
6.457999999999999545e+02 3.143712841352108156e-01
6.460000000000000000e+02 3.124823747319990241e-01
6.462000000000000455e+02 3.105320211394487773e-01
6.463999999999999773e+02 3.085266813108719086e-01
6.466000000000000227e+02 3.064543825596067750e-01
6.467999999999999545e+02 3.043265047747152341e-01
6.470000000000000000e+02 3.021535745643063042e-01
6.472000000000000455e+02 2.999264029648488483e-01
6.473999999999999773e+02 2.976602948596157594e-01
6.476000000000000227e+02 2.953624159550626294e-01
6.477999999999999545e+02 2.930222605046653994e-01
6.480000000000000000e+02 2.906529723824564648e-01
6.482000000000000455e+02 2.882483949598886874e-01
6.483999999999999773e+02 2.857860239615172548e-01
6.486000000000000227e+02 2.832714644329583087e-01
6.487999999999999545e+02 2.806929529095176790e-01
6.490000000000000000e+02 2.780343914596520860e-01
6.492000000000000455e+02 2.753089989283061811e-01
6.493999999999999773e+02 2.725168192404977541e-01
6.496000000000000227e+02 2.696474920974787359e-01
6.497999999999999545e+02 2.666930513549271575e-01
6.500000000000000000e+02 2.636688328141632010e-01
6.502000000000000455e+02 2.605802187135436432e-01
6.503999999999999773e+02 2.574139827419124060e-01
6.506000000000000227e+02 2.541964616934254129e-01
6.507999999999999545e+02 2.509397080784862011e-01
6.510000000000000000e+02 2.476406271004771009e-01
6.512000000000000455e+02 2.443406559407234058e-01
6.513999999999999773e+02 2.410565177384604019e-01
6.516000000000000227e+02 2.377920081605696678e-01
6.517999999999999545e+02 2.345868568911400609e-01
6.520000000000000000e+02 2.314508572022570543e-01
6.522000000000000455e+02 2.283894654901940657e-01
6.523999999999999773e+02 2.254370213832302128e-01
6.526000000000000227e+02 2.225921479109515266e-01
6.527999999999999545e+02 2.198543596968224878e-01
6.530000000000000000e+02 2.172461840416487211e-01
6.532000000000000455e+02 2.147663513360826282e-01
6.533999999999999773e+02 2.124031955316004472e-01
6.536000000000000227e+02 2.101476145670839180e-01
6.537999999999999545e+02 2.080072618841148080e-01
6.540000000000000000e+02 2.059744214251618133e-01
6.542000000000000455e+02 2.040328241760486494e-01
6.543999999999999773e+02 2.021877928748115338e-01
6.546000000000000227e+02 2.004250572506971750e-01
6.547999999999999545e+02 1.987252258967237561e-01
6.550000000000000000e+02 1.970889910100551423e-01
6.552000000000000455e+02 1.955041408583557960e-01
6.553999999999999773e+02 1.939625149987121988e-01
6.556000000000000227e+02 1.924718322102957901e-01
6.557999999999999545e+02 1.910240302053275163e-01
6.560000000000000000e+02 1.896184264376990503e-01
6.562000000000000455e+02 1.882678391541968421e-01
6.563999999999999773e+02 1.869725627226725417e-01
6.566000000000000227e+02 1.857430794043924693e-01
6.567999999999999545e+02 1.845983081370819179e-01
6.570000000000000000e+02 1.835437647881338341e-01
6.572000000000000455e+02 1.825826228098511583e-01
6.573999999999999773e+02 1.817207462157200970e-01
6.576000000000000227e+02 1.809685457955685084e-01
6.577999999999999545e+02 1.803268253401565102e-01
6.580000000000000000e+02 1.797950122100935577e-01
6.582000000000000455e+02 1.793778912136985704e-01
6.583999999999999773e+02 1.790690798240918424e-01
6.586000000000000227e+02 1.788537120949892367e-01
6.587999999999999545e+02 1.787107512267396281e-01
6.590000000000000000e+02 1.786136224139742990e-01
6.592000000000000455e+02 1.785346428081787118e-01
6.593999999999999773e+02 1.784450240835184220e-01
6.596000000000000227e+02 1.783111941152193403e-01
6.597999999999999545e+02 1.781032722821547509e-01
6.600000000000000000e+02 1.777971730279114815e-01
6.602000000000000455e+02 1.773743197617779488e-01
6.603999999999999773e+02 1.768169922424297213e-01
6.606000000000000227e+02 1.761118489762455719e-01
6.607999999999999545e+02 1.752529288646343941e-01
6.610000000000000000e+02 1.742289995026281568e-01
6.612000000000000455e+02 1.730370292942250698e-01
6.613999999999999773e+02 1.716877667135090213e-01
6.616000000000000227e+02 1.701844511127513782e-01
6.617999999999999545e+02 1.685427567013449979e-01
6.620000000000000000e+02 1.667889404917669571e-01
6.622000000000000455e+02 1.649288212659431596e-01
6.623999999999999773e+02 1.629825454899880011e-01
6.626000000000000227e+02 1.609767657487458370e-01
6.627999999999999545e+02 1.589147141267140961e-01
6.630000000000000000e+02 1.568189110089577565e-01
6.632000000000000455e+02 1.547137907606647711e-01
6.633999999999999773e+02 1.526006230503665351e-01
6.636000000000000227e+02 1.504981838838623798e-01
6.637999999999999545e+02 1.484224050770940051e-01
6.640000000000000000e+02 1.463697930662214153e-01
6.642000000000000455e+02 1.443340253186115862e-01
6.643999999999999773e+02 1.423211505904036500e-01
6.646000000000000227e+02 1.403465362769965030e-01
6.647999999999999545e+02 1.384037380083636415e-01
6.650000000000000000e+02 1.364978429144075023e-01
6.652000000000000455e+02 1.346412864419167521e-01
6.653999999999999773e+02 1.328240948562929569e-01
6.656000000000000227e+02 1.310505354604668826e-01
6.657999999999999545e+02 1.293267401225439983e-01
6.660000000000000000e+02 1.276376885382670412e-01
6.662000000000000455e+02 1.259858978656527295e-01
6.663999999999999773e+02 1.243746241983656881e-01
6.666000000000000227e+02 1.227944079862897803e-01
6.667999999999999545e+02 1.212550335613303554e-01
6.670000000000000000e+02 1.197617626421388221e-01
6.672000000000000455e+02 1.183076541898731987e-01
6.673999999999999773e+02 1.168994039030891996e-01
6.676000000000000227e+02 1.155379677049470227e-01
6.677999999999999545e+02 1.142154930229066917e-01
6.680000000000000000e+02 1.129262930833395823e-01
6.682000000000000455e+02 1.116724929938955196e-01
6.683999999999999773e+02 1.104568559326274957e-01
6.686000000000000227e+02 1.092723550438981922e-01
6.687999999999999545e+02 1.081247424929408230e-01
6.690000000000000000e+02 1.070201517824010545e-01
6.692000000000000455e+02 1.059528279403159079e-01
6.693999999999999773e+02 1.049267573998736158e-01
6.696000000000000227e+02 1.039426246576015678e-01
6.697999999999999545e+02 1.029931750126236167e-01
6.700000000000000000e+02 1.020836899099384354e-01
6.702000000000000455e+02 1.012131809329778476e-01
6.703999999999999773e+02 1.003728264610522364e-01
6.706000000000000227e+02 9.956299247371769301e-02
6.707999999999999545e+02 9.877797769481332091e-02
6.710000000000000000e+02 9.800875936841235703e-02
6.712000000000000455e+02 9.725386257462802220e-02
6.713999999999999773e+02 9.650713748060697761e-02
6.716000000000000227e+02 9.575934057421288392e-02
6.717999999999999545e+02 9.500324268793693128e-02
6.720000000000000000e+02 9.424029651920690087e-02
6.722000000000000455e+02 9.346986627307340978e-02
6.723999999999999773e+02 9.268430527548229825e-02
6.726000000000000227e+02 9.188431907879625327e-02
6.727999999999999545e+02 9.106911023121584681e-02
6.730000000000000000e+02 9.023596604436270874e-02
6.732000000000000455e+02 8.939361618443038282e-02
6.733999999999999773e+02 8.854528090955890440e-02
6.736000000000000227e+02 8.769108607592318583e-02
6.737999999999999545e+02 8.684160971179143151e-02
6.740000000000000000e+02 8.599963382363823294e-02
6.742000000000000455e+02 8.516594887406173098e-02
6.743999999999999773e+02 8.434884828061295359e-02
6.746000000000000227e+02 8.354587954247270909e-02
6.747999999999999545e+02 8.275347875196982506e-02
6.750000000000000000e+02 8.197501675986362812e-02
6.752000000000000455e+02 8.121225277052993019e-02
6.753999999999999773e+02 8.046477785243275060e-02
6.756000000000000227e+02 7.973103866352852787e-02
6.757999999999999545e+02 7.901116596204280085e-02
6.760000000000000000e+02 7.829848888187766753e-02
6.762000000000000455e+02 7.758251039183780562e-02
6.763999999999999773e+02 7.686109663358656197e-02
6.766000000000000227e+02 7.612858232236108247e-02
6.767999999999999545e+02 7.537990659813573191e-02
6.770000000000000000e+02 7.461876369153920552e-02
6.772000000000000455e+02 7.384165518413927931e-02
6.773999999999999773e+02 7.304553446534081673e-02
6.776000000000000227e+02 7.223383119260200214e-02
6.777999999999999545e+02 7.139845540510993127e-02
6.780000000000000000e+02 7.053539549853465873e-02
6.782000000000000455e+02 6.965148170379092951e-02
6.783999999999999773e+02 6.875048059116997679e-02
6.786000000000000227e+02 6.783174697029380196e-02
6.787999999999999545e+02 6.689408223419331112e-02
6.790000000000000000e+02 6.594501178611927861e-02
6.792000000000000455e+02 6.498690800484074881e-02
6.793999999999999773e+02 6.402116647496146340e-02
6.796000000000000227e+02 6.305898323695645347e-02
6.797999999999999545e+02 6.210329377352209745e-02
6.800000000000000000e+02 6.115700087657310186e-02
6.802000000000000455e+02 6.023147295338624613e-02
6.803999999999999773e+02 5.932572189134131119e-02
6.806000000000000227e+02 5.843844562509752094e-02
6.807999999999999545e+02 5.757351163279619821e-02
6.810000000000000000e+02 5.672331701890964001e-02
6.812000000000000455e+02 5.588655540857557363e-02
6.813999999999999773e+02 5.506986693085299395e-02
6.816000000000000227e+02 5.427018205833936126e-02
6.817999999999999545e+02 5.348934308301644264e-02
6.820000000000000000e+02 5.273233629061133826e-02
6.822000000000000455e+02 5.199629148503091824e-02
6.823999999999999773e+02 5.127230391910058555e-02
6.826000000000000227e+02 5.055114221331039742e-02
6.827999999999999545e+02 4.982801290353860990e-02
6.830000000000000000e+02 4.909264722039037576e-02
6.832000000000000455e+02 4.833898625397119175e-02
6.833999999999999773e+02 4.757091435641356419e-02
6.836000000000000227e+02 4.678878181050993845e-02
6.837999999999999545e+02 4.599500183180658952e-02
6.840000000000000000e+02 4.519329113301810003e-02
6.842000000000000455e+02 4.437688110285685494e-02
6.843999999999999773e+02 4.355045211734666355e-02
6.846000000000000227e+02 4.272757730850589020e-02
6.847999999999999545e+02 4.191195558612123562e-02
6.850000000000000000e+02 4.111108232155528258e-02
6.852000000000000455e+02 4.033246557363990431e-02
6.853999999999999773e+02 3.957657015128054900e-02
6.856000000000000227e+02 3.885286735704130551e-02
6.857999999999999545e+02 3.817268439422911996e-02
6.860000000000000000e+02 3.754184781363349016e-02
6.862000000000000455e+02 3.696396312924517258e-02
6.863999999999999773e+02 3.644191292937530580e-02
6.866000000000000227e+02 3.597633258649400589e-02
6.867999999999999545e+02 3.555856681459348273e-02
6.870000000000000000e+02 3.518013732676224248e-02
6.872000000000000455e+02 3.483289663456326513e-02
6.873999999999999773e+02 3.450176795616501091e-02
6.876000000000000227e+02 3.417383628295048853e-02
6.877999999999999545e+02 3.383846458611611263e-02
6.880000000000000000e+02 3.348524792048900023e-02
6.882000000000000455e+02 3.311252889619595990e-02
6.883999999999999773e+02 3.272170958385930972e-02
6.886000000000000227e+02 3.231176682434047653e-02
6.887999999999999545e+02 3.188565020960154595e-02
6.890000000000000000e+02 3.144746989156944894e-02
6.892000000000000455e+02 3.100021000995949183e-02
6.893999999999999773e+02 3.054530557758819778e-02
6.896000000000000227e+02 3.008777034660356509e-02
6.897999999999999545e+02 2.963570331147866166e-02
6.900000000000000000e+02 2.919372835818753037e-02
6.902000000000000455e+02 2.876830930726608990e-02
6.903999999999999773e+02 2.836617191405007080e-02
6.906000000000000227e+02 2.798962869792182007e-02
6.907999999999999545e+02 2.764266742691795509e-02
6.910000000000000000e+02 2.732677329368113014e-02
6.912000000000000455e+02 2.703615759524181233e-02
6.913999999999999773e+02 2.676610143054330634e-02
6.916000000000000227e+02 2.650846983997934628e-02
6.917999999999999545e+02 2.624983065425695941e-02
6.920000000000000000e+02 2.598109173757679607e-02
6.922000000000000455e+02 2.569547756435227800e-02
6.923999999999999773e+02 2.538807251600450066e-02
6.926000000000000227e+02 2.505781162380908353e-02
6.927999999999999545e+02 2.470182873040933577e-02
6.930000000000000000e+02 2.431607747448985904e-02
6.932000000000000455e+02 2.389978338588592127e-02
6.933999999999999773e+02 2.345528180797074036e-02
6.936000000000000227e+02 2.298292850062569684e-02
6.937999999999999545e+02 2.247669276051322135e-02
6.940000000000000000e+02 2.193881217021134006e-02
6.942000000000000455e+02 2.137401772019107901e-02
6.943999999999999773e+02 2.078533463630820310e-02
6.946000000000000227e+02 2.018287515510471669e-02
6.947999999999999545e+02 1.957294680264849360e-02
6.950000000000000000e+02 1.895679239489694856e-02
6.952000000000000455e+02 1.834596617186549927e-02
6.953999999999999773e+02 1.774976839852826505e-02
6.956000000000000227e+02 1.717441303196895822e-02
6.957999999999999545e+02 1.663006723528413430e-02
6.960000000000000000e+02 1.612023051109721244e-02
6.962000000000000455e+02 1.564239770914155683e-02
6.963999999999999773e+02 1.519313058961104315e-02
6.966000000000000227e+02 1.477784156876184828e-02
6.967999999999999545e+02 1.440001855708298618e-02
6.970000000000000000e+02 1.405256813129179307e-02
6.972000000000000455e+02 1.373213989484555093e-02
6.973999999999999773e+02 1.343583213318300280e-02
6.976000000000000227e+02 1.315806290146408902e-02
6.977999999999999545e+02 1.289378490287829138e-02
6.980000000000000000e+02 1.263776546367166576e-02
6.982000000000000455e+02 1.238421996409930052e-02
6.983999999999999773e+02 1.212933930449951528e-02
6.986000000000000227e+02 1.187046375461025573e-02
6.987999999999999545e+02 1.160537529193873818e-02
6.990000000000000000e+02 1.133176876571912947e-02
6.992000000000000455e+02 1.104790915116448183e-02
6.993999999999999773e+02 1.075399883187004232e-02
6.996000000000000227e+02 1.045658168163781689e-02
6.997999999999999545e+02 1.016342317567088191e-02
7.000000000000000000e+02 9.879404201524494625e-03
7.002000000000000455e+02 9.602551194029532861e-03
7.003999999999999773e+02 9.328823296387905514e-03
7.006000000000000227e+02 9.055737672760896806e-03
7.007999999999999545e+02 8.786111822157594703e-03
7.010000000000000000e+02 8.523856333082091216e-03
7.012000000000000455e+02 8.271274554051352007e-03
7.013999999999999773e+02 8.028015294687431899e-03
7.016000000000000227e+02 7.791906395647210659e-03
7.017999999999999545e+02 7.559898786103988987e-03
7.020000000000000000e+02 7.330891237024067877e-03
7.022000000000000455e+02 7.106229862760129329e-03
7.023999999999999773e+02 6.888815343611296924e-03
7.026000000000000227e+02 6.677592573699151109e-03
7.027999999999999545e+02 6.469846212271183720e-03
7.030000000000000000e+02 6.263484584712879395e-03
7.032000000000000455e+02 6.061488455470752552e-03
7.033999999999999773e+02 5.866651764132013377e-03
7.036000000000000227e+02 5.679701076255975166e-03
7.037999999999999545e+02 5.502423371184559861e-03
7.040000000000000000e+02 5.337551018681477646e-03
7.042000000000000455e+02 5.188097302800741967e-03
7.043999999999999773e+02 5.055100615412276566e-03
7.046000000000000227e+02 4.938231979808116977e-03
7.047999999999999545e+02 4.836513592519852377e-03
7.050000000000000000e+02 4.750046178558107492e-03
7.052000000000000455e+02 4.678667074531872062e-03
7.053999999999999773e+02 4.620788697773190595e-03
7.056000000000000227e+02 4.571408762464791720e-03
7.057999999999999545e+02 4.524714823834950772e-03
7.060000000000000000e+02 4.476103982950682160e-03
7.062000000000000455e+02 4.425550833322947422e-03
7.064000000000000909e+02 4.373531629615694596e-03
7.066000000000000227e+02 4.318610053577507518e-03
7.067999999999999545e+02 4.254701682769987739e-03
7.070000000000000000e+02 4.175172794614542132e-03
7.072000000000000455e+02 4.074716756417877915e-03
7.074000000000000909e+02 3.950531855028712944e-03
7.076000000000000227e+02 3.800460131204943040e-03
7.077999999999999545e+02 3.622540131525227823e-03
7.080000000000000000e+02 3.415600523328977348e-03
7.082000000000000455e+02 3.178569097817871437e-03
7.084000000000000909e+02 2.911637849333858791e-03
7.086000000000000227e+02 2.620309296497826644e-03
7.087999999999999545e+02 2.311925545186701604e-03
7.090000000000000000e+02 1.994505348099896713e-03
7.092000000000000455e+02 1.676722056571533330e-03
7.094000000000000909e+02 1.369420887336338186e-03
7.096000000000000227e+02 1.083917671094227278e-03
7.097999999999999545e+02 8.262362618456115405e-04
7.100000000000000000e+02 5.996767600441481110e-04
7.102000000000000455e+02 4.066213162160352041e-04
7.104000000000000909e+02 2.509290722979180821e-04
7.106000000000000227e+02 1.345118259947526576e-04
7.107999999999999545e+02 5.651966500820030677e-05
7.110000000000000000e+02 1.351749744671848724e-05
7.112000000000000455e+02 0.000000000000000000e+00
7.114000000000000909e+02 9.852014046066943760e-06
7.116000000000000227e+02 3.957750412177790249e-05
7.117999999999999545e+02 8.988733896568817505e-05
7.120000000000000000e+02 1.633865569266160277e-04
7.122000000000000455e+02 2.587137250782850528e-04
7.124000000000000909e+02 3.693613616970410412e-04
7.126000000000000227e+02 4.862809090497149651e-04
7.127999999999999545e+02 6.035580120828123139e-04
7.130000000000000000e+02 7.169246610110394926e-04
7.132000000000000455e+02 8.228990214908062963e-04
7.134000000000000909e+02 9.181471300800602385e-04
7.136000000000000227e+02 1.002552240195417246e-03
7.137999999999999545e+02 1.078507132168966343e-03
7.140000000000000000e+02 1.148489865607301699e-03
7.142000000000000455e+02 1.214458833943422205e-03
7.144000000000000909e+02 1.277901831597569792e-03
7.146000000000000227e+02 1.339991836727086934e-03
7.147999999999999545e+02 1.400518228654615109e-03
7.150000000000000000e+02 1.458202827834586711e-03
7.152000000000000455e+02 1.511711064681795294e-03
7.154000000000000909e+02 1.562310177975631108e-03
7.156000000000000227e+02 1.613802172183522983e-03
7.157999999999999545e+02 1.671655158122268723e-03
7.160000000000000000e+02 1.740211025170187737e-03
7.162000000000000455e+02 1.822797676669814715e-03
7.164000000000000909e+02 1.922685792708451330e-03
7.166000000000000227e+02 2.044218061067698631e-03
7.167999999999999545e+02 2.191456790059575534e-03
7.170000000000000000e+02 2.365788939452839051e-03
7.172000000000000455e+02 2.566256578360534644e-03
7.174000000000000909e+02 2.789881249206693607e-03
7.176000000000000227e+02 3.031586865951967427e-03
7.177999999999999545e+02 3.283243399143770044e-03
7.180000000000000000e+02 3.535447665626175427e-03
7.182000000000000455e+02 3.780320254310183363e-03
7.184000000000000909e+02 4.014624333074921433e-03
7.186000000000000227e+02 4.238263613950765153e-03
7.187999999999999545e+02 4.451842899536931179e-03
7.190000000000000000e+02 4.653617676252562278e-03
7.192000000000000455e+02 4.840766389677350102e-03
7.194000000000000909e+02 5.011410398462810487e-03
7.196000000000000227e+02 5.164427123398353248e-03
7.197999999999999545e+02 5.300184152196848325e-03
7.200000000000000000e+02 5.422052347736100453e-03
7.202000000000000455e+02 5.539088520043589092e-03
7.204000000000000909e+02 5.660574745300179893e-03
7.206000000000000227e+02 5.790206977473340982e-03
7.207999999999999545e+02 5.932581342455767875e-03
7.210000000000000000e+02 6.094408882851362272e-03
7.212000000000000455e+02 6.284026317879145597e-03
7.214000000000000909e+02 6.502089993734205993e-03
7.216000000000000227e+02 6.745040083983065184e-03
7.217999999999999545e+02 7.008962131776005564e-03
7.220000000000000000e+02 7.287030597387718182e-03
7.222000000000000455e+02 7.568824639723425313e-03
7.224000000000000909e+02 7.840308063986601433e-03
7.226000000000000227e+02 8.090609273488718126e-03
7.227999999999999545e+02 8.311411144513178653e-03
7.230000000000000000e+02 8.496103699767268078e-03
7.232000000000000455e+02 8.640733495464965330e-03
7.234000000000000909e+02 8.743966065489383599e-03
7.236000000000000227e+02 8.806839991478103077e-03
7.237999999999999545e+02 8.829222346399115406e-03
7.240000000000000000e+02 8.811539059249950609e-03
7.242000000000000455e+02 8.756528520521713807e-03
7.244000000000000909e+02 8.668225767695875508e-03
7.246000000000000227e+02 8.552109067678736326e-03
7.247999999999999545e+02 8.415603598807178121e-03
7.250000000000000000e+02 8.268580391980797847e-03
7.252000000000000455e+02 8.119406217681474427e-03
7.254000000000000909e+02 7.972115302577230736e-03
7.256000000000000227e+02 7.829220388508204356e-03
7.257999999999999545e+02 7.692672959347847048e-03
7.260000000000000000e+02 7.563919513663310348e-03
7.262000000000000455e+02 7.441803330624811690e-03
7.264000000000000909e+02 7.324710558419521463e-03
7.266000000000000227e+02 7.211422530833105221e-03
7.267999999999999545e+02 7.096879865084257215e-03
7.270000000000000000e+02 6.971647708056548376e-03
7.272000000000000455e+02 6.822708760500363449e-03
7.274000000000000909e+02 6.641145148840637939e-03
7.276000000000000227e+02 6.422579834620159751e-03
7.277999999999999545e+02 6.167404216856006705e-03
7.280000000000000000e+02 5.880224118228396558e-03
7.282000000000000455e+02 5.571876049686329616e-03
7.284000000000000909e+02 5.259455188786199900e-03
7.286000000000000227e+02 4.956753920417629640e-03
7.287999999999999545e+02 4.675753165511734033e-03
7.290000000000000000e+02 4.427690944976516926e-03
7.292000000000000455e+02 4.222740594479152537e-03
7.294000000000000909e+02 4.071162099393654463e-03
7.296000000000000227e+02 3.983337428258878869e-03
7.297999999999999545e+02 3.966873022286807916e-03
7.300000000000000000e+02 4.025668541954921520e-03
7.302000000000000455e+02 4.159787701486572682e-03
7.304000000000000909e+02 4.367847207439569217e-03
7.306000000000000227e+02 4.645753441166568416e-03
7.307999999999999545e+02 4.986371427237356463e-03
7.310000000000000000e+02 5.382119945524076882e-03
7.312000000000000455e+02 5.827115441532465870e-03
7.314000000000000909e+02 6.317147337695961859e-03
7.316000000000000227e+02 6.845222903660548933e-03
7.317999999999999545e+02 7.402671936475355152e-03
7.320000000000000000e+02 7.978896278504779213e-03
7.322000000000000455e+02 8.558390474752580052e-03
7.324000000000000909e+02 9.127830190060796933e-03
7.326000000000000227e+02 9.678969577139954691e-03
7.327999999999999545e+02 1.020742149910138646e-02
7.330000000000000000e+02 1.071386918842472460e-02
7.332000000000000455e+02 1.120425893727549152e-02
7.334000000000000909e+02 1.168764972932591871e-02
7.336000000000000227e+02 1.217045070741185238e-02
7.337999999999999545e+02 1.265412997759847967e-02
7.340000000000000000e+02 1.313520279296672387e-02
7.342000000000000455e+02 1.360676962897173527e-02
7.344000000000000909e+02 1.405920279475124032e-02
7.346000000000000227e+02 1.448102195667302049e-02
7.347999999999999545e+02 1.486399259946703105e-02
7.350000000000000000e+02 1.520512971794800265e-02
7.352000000000000455e+02 1.550701381297839992e-02
7.354000000000000909e+02 1.577272047186847881e-02
7.356000000000000227e+02 1.600408919915213141e-02
7.357999999999999545e+02 1.620181870990764633e-02
7.360000000000000000e+02 1.636821393169837768e-02
7.362000000000000455e+02 1.650796462239239801e-02
7.364000000000000909e+02 1.662761252630417033e-02
7.366000000000000227e+02 1.673156506552985964e-02
7.367999999999999545e+02 1.682139916786347389e-02
7.370000000000000000e+02 1.689754996255665373e-02
7.372000000000000455e+02 1.696196747345751071e-02
7.374000000000000909e+02 1.701798579499213399e-02
7.376000000000000227e+02 1.706803165130930944e-02
7.377999999999999545e+02 1.711553172597808647e-02
7.380000000000000000e+02 1.716613858803852852e-02
7.382000000000000455e+02 1.722917033126252634e-02
7.384000000000000909e+02 1.730973127889010726e-02
7.386000000000000227e+02 1.740658021503087988e-02
7.387999999999999545e+02 1.751207457869761661e-02
7.390000000000000000e+02 1.761834777269518509e-02
7.392000000000000455e+02 1.771781575905823775e-02
7.394000000000000909e+02 1.780061325049054483e-02
7.396000000000000227e+02 1.785677821026174575e-02
7.397999999999999545e+02 1.787784526434127788e-02
7.400000000000000000e+02 1.785932230169962748e-02
7.402000000000000455e+02 1.780038332545767765e-02
7.404000000000000909e+02 1.770485514692908199e-02
7.406000000000000227e+02 1.758383937227688681e-02
7.407999999999999545e+02 1.745061049352897645e-02
7.410000000000000000e+02 1.731758967270093444e-02
7.412000000000000455e+02 1.719265287357047561e-02
7.414000000000000909e+02 1.708047855880497068e-02
7.416000000000000227e+02 1.698570975232603295e-02
7.417999999999999545e+02 1.691821111114520312e-02
7.420000000000000000e+02 1.688915142997809288e-02
7.422000000000000455e+02 1.690736024226093676e-02
7.424000000000000909e+02 1.697427817148113027e-02
7.426000000000000227e+02 1.709016041266124900e-02
7.427999999999999545e+02 1.725565611530828145e-02
7.430000000000000000e+02 1.747193149464260076e-02
7.432000000000000455e+02 1.773592723887955705e-02
7.434000000000000909e+02 1.804041132092645133e-02
7.436000000000000227e+02 1.837495888076388223e-02
7.437999999999999545e+02 1.872527016384878396e-02
7.440000000000000000e+02 1.907426483633080025e-02
7.442000000000000455e+02 1.940399909679233620e-02
7.444000000000000909e+02 1.970000880691030742e-02
7.446000000000000227e+02 1.995176949383438078e-02
7.447999999999999545e+02 2.015272293472663775e-02
7.450000000000000000e+02 2.029908279989481312e-02
7.452000000000000455e+02 2.038979268746600113e-02
7.454000000000000909e+02 2.042698309228896045e-02
7.456000000000000227e+02 2.041345438095719042e-02
7.457999999999999545e+02 2.035431149658559896e-02
7.460000000000000000e+02 2.026021384208629220e-02
7.462000000000000455e+02 2.014693028097093788e-02
7.464000000000000909e+02 2.003152911979400388e-02
7.466000000000000227e+02 1.992730116931806447e-02
7.467999999999999545e+02 1.984041522059521931e-02
7.470000000000000000e+02 1.977280877705595019e-02
7.472000000000000455e+02 1.972619347578524404e-02
7.474000000000000909e+02 1.970586943085878007e-02
7.476000000000000227e+02 1.971845971337647316e-02
7.477999999999999545e+02 1.976815386758043122e-02
7.480000000000000000e+02 1.985202841715356242e-02
7.482000000000000455e+02 1.996308339264014561e-02
7.484000000000000909e+02 2.009412752126891327e-02
7.486000000000000227e+02 2.024008653074088962e-02
7.487999999999999545e+02 2.039658064556396436e-02
7.490000000000000000e+02 2.055836236868024969e-02
7.492000000000000455e+02 2.072139372208934779e-02
7.494000000000000909e+02 2.088340652579183387e-02
7.496000000000000227e+02 2.104472275044618618e-02
7.497999999999999545e+02 2.121009323419634912e-02
7.500000000000000000e+02 2.138504446851554469e-02
