4.500000000000000000e+02 6.103160953082764628e-02
4.501999999999999886e+02 5.937855999328050388e-02
4.503999999999999773e+02 5.772309452766383187e-02
4.506000000000000227e+02 5.607713778457253107e-02
4.508000000000000114e+02 5.445959523449069722e-02
4.510000000000000000e+02 5.288278415794567255e-02
4.511999999999999886e+02 5.135915712484229179e-02
4.513999999999999773e+02 4.990916025849617688e-02
4.516000000000000227e+02 4.853923891914115052e-02
4.518000000000000114e+02 4.725324877802765389e-02
4.520000000000000000e+02 4.605772570855017067e-02
4.521999999999999886e+02 4.495664182170816536e-02
4.523999999999999773e+02 4.394910731549688671e-02
4.526000000000000227e+02 4.303409858169174318e-02
4.528000000000000114e+02 4.221385753417807724e-02
4.530000000000000000e+02 4.148085902531396807e-02
4.531999999999999886e+02 4.082603662941100553e-02
4.533999999999999773e+02 4.024181464327774432e-02
4.536000000000000227e+02 3.971796254743355237e-02
4.538000000000000114e+02 3.924783379641910708e-02
4.540000000000000000e+02 3.882520462611938061e-02
4.541999999999999886e+02 3.844012866692269464e-02
4.543999999999999773e+02 3.808445322687400297e-02
4.546000000000000227e+02 3.774963447758031276e-02
4.548000000000000114e+02 3.742694870499108789e-02
4.550000000000000000e+02 3.711103881400938664e-02
4.551999999999999886e+02 3.679567683714233400e-02
4.553999999999999773e+02 3.647491681691630849e-02
4.556000000000000227e+02 3.614532379288318276e-02
4.558000000000000114e+02 3.580508382489994146e-02
4.560000000000000000e+02 3.545275460284590813e-02
4.561999999999999886e+02 3.508818975166853177e-02
4.563999999999999773e+02 3.471555384022675939e-02
4.566000000000000227e+02 3.433797696822933621e-02
4.568000000000000114e+02 3.395875101779836230e-02
4.570000000000000000e+02 3.358315381130790034e-02
4.571999999999999886e+02 3.321462533486566060e-02
4.573999999999999773e+02 3.285737541131228401e-02
4.576000000000000227e+02 3.251563351869785068e-02
4.578000000000000114e+02 3.218892995940193097e-02
4.580000000000000000e+02 3.187602517310023781e-02
4.581999999999999886e+02 3.157549493049787576e-02
4.583999999999999773e+02 3.128530951066536836e-02
4.586000000000000227e+02 3.100274437020282547e-02
4.588000000000000114e+02 3.072687263280800274e-02
4.590000000000000000e+02 3.045814250024861045e-02
4.591999999999999886e+02 3.019507231465877808e-02
4.593999999999999773e+02 2.993762960622884869e-02
4.596000000000000227e+02 2.968659224262795715e-02
4.598000000000000114e+02 2.944270934050588484e-02
4.600000000000000000e+02 2.920924854862902084e-02
4.601999999999999886e+02 2.898865723518337378e-02
4.603999999999999773e+02 2.878181622114635296e-02
4.606000000000000227e+02 2.858984434160367905e-02
4.608000000000000114e+02 2.841238281433506804e-02
4.610000000000000000e+02 2.824848116859835986e-02
4.611999999999999886e+02 2.809735623768261012e-02
4.613999999999999773e+02 2.795623781008679809e-02
4.616000000000000227e+02 2.782195704380584916e-02
4.618000000000000114e+02 2.769153598910298331e-02
4.620000000000000000e+02 2.756170924640117745e-02
4.621999999999999886e+02 2.742874678907981575e-02
4.623999999999999773e+02 2.728949751075162439e-02
4.626000000000000227e+02 2.714210760117297117e-02
4.628000000000000114e+02 2.698447223449217114e-02
4.630000000000000000e+02 2.681576287961937380e-02
4.631999999999999886e+02 2.663654846315230765e-02
4.633999999999999773e+02 2.644767456861134639e-02
4.636000000000000227e+02 2.625182979074853346e-02
4.638000000000000114e+02 2.605169953390100435e-02
4.640000000000000000e+02 2.584841350406655996e-02
4.641999999999999886e+02 2.564377829595001004e-02
4.643999999999999773e+02 2.543913234940047702e-02
4.646000000000000227e+02 2.523580101504405496e-02
4.648000000000000114e+02 2.503689301694614344e-02
4.650000000000000000e+02 2.484394943406810843e-02
4.651999999999999886e+02 2.465760610199425884e-02
4.653999999999999773e+02 2.447865786959595863e-02
4.656000000000000227e+02 2.430737279123056094e-02
4.658000000000000114e+02 2.414335714881126610e-02
4.660000000000000000e+02 2.398635202857813883e-02
4.661999999999999886e+02 2.383762494490856976e-02
4.663999999999999773e+02 2.369732007078230798e-02
4.666000000000000227e+02 2.356494309113321348e-02
4.668000000000000114e+02 2.344000860312499268e-02
4.670000000000000000e+02 2.332102863871098747e-02
4.671999999999999886e+02 2.320700458171063088e-02
4.673999999999999773e+02 2.309751844804577153e-02
4.676000000000000227e+02 2.299176108181513398e-02
4.678000000000000114e+02 2.288971656175952177e-02
4.680000000000000000e+02 2.279170036078577086e-02
4.681999999999999886e+02 2.269797954242280813e-02
4.683999999999999773e+02 2.260964479055690285e-02
4.686000000000000227e+02 2.252725489724712038e-02
4.688000000000000114e+02 2.245062530996283501e-02
4.690000000000000000e+02 2.237949385795582821e-02
4.691999999999999886e+02 2.231335209114915924e-02
4.693999999999999773e+02 2.225139930466231084e-02
4.696000000000000227e+02 2.219269882325328180e-02
4.698000000000000114e+02 2.213685013785260738e-02
4.700000000000000000e+02 2.208331646833307238e-02
4.701999999999999886e+02 2.203140327646797153e-02
4.703999999999999773e+02 2.198069540762041113e-02
4.706000000000000227e+02 2.193053160389103751e-02
4.708000000000000114e+02 2.188036449068019376e-02
4.710000000000000000e+02 2.183012799678233501e-02
4.711999999999999886e+02 2.178012755875056300e-02
4.713999999999999773e+02 2.173134998631964451e-02
4.716000000000000227e+02 2.168532536916965847e-02
4.718000000000000114e+02 2.164361844380291444e-02
4.720000000000000000e+02 2.160754972468740057e-02
4.721999999999999886e+02 2.157853579700129421e-02
4.723999999999999773e+02 2.155830634130638176e-02
4.726000000000000227e+02 2.154845833292751839e-02
4.728000000000000114e+02 2.155020033450957481e-02
4.730000000000000000e+02 2.156417992775407425e-02
4.731999999999999886e+02 2.159025286542895841e-02
4.733999999999999773e+02 2.162710916054030180e-02
4.736000000000000227e+02 2.167257142602696529e-02
4.738000000000000114e+02 2.172384676203129028e-02
4.740000000000000000e+02 2.177748650986070442e-02
4.741999999999999886e+02 2.182999371779290043e-02
4.743999999999999773e+02 2.187803599341936120e-02
4.746000000000000227e+02 2.191858144626778956e-02
4.748000000000000114e+02 2.195003167396785207e-02
4.750000000000000000e+02 2.197223156346494316e-02
4.751999999999999886e+02 2.198643412179072595e-02
4.753999999999999773e+02 2.199549973982780834e-02
4.756000000000000227e+02 2.200330724554797751e-02
4.758000000000000114e+02 2.201422119334827190e-02
4.760000000000000000e+02 2.203253653512222618e-02
4.761999999999999886e+02 2.206235560167139551e-02
4.763999999999999773e+02 2.210718803222918097e-02
4.766000000000000227e+02 2.216953608153699948e-02
4.768000000000000114e+02 2.225045888523696780e-02
4.770000000000000000e+02 2.234845074130738934e-02
4.771999999999999886e+02 2.245982683467368304e-02
4.773999999999999773e+02 2.257998953560004518e-02
4.776000000000000227e+02 2.270341411343591159e-02
4.778000000000000114e+02 2.282416170730039093e-02
4.780000000000000000e+02 2.293635503233204184e-02
4.781999999999999886e+02 2.303450485630517686e-02
4.783999999999999773e+02 2.311327121915203106e-02
4.786000000000000227e+02 2.316808438909355797e-02
4.788000000000000114e+02 2.319623657986985554e-02
4.790000000000000000e+02 2.319607850358487364e-02
4.791999999999999886e+02 2.316687197465635076e-02
4.793999999999999773e+02 2.310903792817075100e-02
4.796000000000000227e+02 2.302489516246195370e-02
4.798000000000000114e+02 2.291789907091673628e-02
4.800000000000000000e+02 2.279263044586853429e-02
4.801999999999999886e+02 2.265505956254963357e-02
4.803999999999999773e+02 2.251105601043519241e-02
4.806000000000000227e+02 2.236687163883825658e-02
4.808000000000000114e+02 2.222895244465485087e-02
4.810000000000000000e+02 2.210154003083002194e-02
4.811999999999999886e+02 2.198792948720035972e-02
4.813999999999999773e+02 2.189076380417245143e-02
4.816000000000000227e+02 2.181171229711869816e-02
4.818000000000000114e+02 2.175138152942545505e-02
4.820000000000000000e+02 2.170955559513932168e-02
4.821999999999999886e+02 2.168526507291637997e-02
4.823999999999999773e+02 2.167656633145042394e-02
4.826000000000000227e+02 2.168139650678475860e-02
4.828000000000000114e+02 2.169791034413936365e-02
4.830000000000000000e+02 2.172450024263135326e-02
4.831999999999999886e+02 2.175929416362789096e-02
4.833999999999999773e+02 2.180035281666486274e-02
4.836000000000000227e+02 2.184588209456234109e-02
4.838000000000000114e+02 2.189432069592181160e-02
4.840000000000000000e+02 2.194453621465377452e-02
4.841999999999999886e+02 2.199558527225620869e-02
4.843999999999999773e+02 2.204639651633698988e-02
4.846000000000000227e+02 2.209663671800516163e-02
4.848000000000000114e+02 2.214640142076743437e-02
4.850000000000000000e+02 2.219593981104871216e-02
4.851999999999999886e+02 2.224567927592107502e-02
4.853999999999999773e+02 2.229608849962998185e-02
4.856000000000000227e+02 2.234733850217432427e-02
4.858000000000000114e+02 2.239897624142815624e-02
4.860000000000000000e+02 2.245074427398503769e-02
4.861999999999999886e+02 2.250230002547948943e-02
4.863999999999999773e+02 2.255312312693936658e-02
4.866000000000000227e+02 2.260303229732172139e-02
4.868000000000000114e+02 2.265164297553998174e-02
4.870000000000000000e+02 2.269832869975436929e-02
4.871999999999999886e+02 2.274234476967547727e-02
4.873999999999999773e+02 2.278240161004095252e-02
4.876000000000000227e+02 2.281707822380973222e-02
4.878000000000000114e+02 2.284518281635792084e-02
4.880000000000000000e+02 2.286591910853670584e-02
4.881999999999999886e+02 2.287872811279767493e-02
4.883999999999999773e+02 2.288336159131150460e-02
4.886000000000000227e+02 2.288008674983990631e-02
4.888000000000000114e+02 2.286979951730128482e-02
4.890000000000000000e+02 2.285395004777288769e-02
4.891999999999999886e+02 2.283437415501932480e-02
4.893999999999999773e+02 2.281287992661775593e-02
4.896000000000000227e+02 2.279079479268138198e-02
4.898000000000000114e+02 2.276908260735577977e-02
4.900000000000000000e+02 2.274870650099848970e-02
4.901999999999999886e+02 2.273091392724996621e-02
4.903999999999999773e+02 2.271735709330422251e-02
4.906000000000000227e+02 2.270989676754060771e-02
4.908000000000000114e+02 2.270986519342815466e-02
4.910000000000000000e+02 2.271827431011019111e-02
4.911999999999999886e+02 2.273595021095221186e-02
4.913999999999999773e+02 2.276370452458199856e-02
4.916000000000000227e+02 2.280288443781947408e-02
4.918000000000000114e+02 2.285468995635117628e-02
4.920000000000000000e+02 2.291980449583693250e-02
4.921999999999999886e+02 2.299862645083645615e-02
4.923999999999999773e+02 2.309074211717283831e-02
4.926000000000000227e+02 2.319536997654239596e-02
4.928000000000000114e+02 2.331194289776953449e-02
4.930000000000000000e+02 2.343902705927788585e-02
4.931999999999999886e+02 2.357565454329422355e-02
4.933999999999999773e+02 2.372171143592638476e-02
4.936000000000000227e+02 2.387664830656941947e-02
4.938000000000000114e+02 2.404061697095697878e-02
4.940000000000000000e+02 2.421368537637624829e-02
4.941999999999999886e+02 2.439479850259033966e-02
4.943999999999999773e+02 2.458412537553257560e-02
4.946000000000000227e+02 2.478181956716345169e-02
4.948000000000000114e+02 2.498734835176417632e-02
4.950000000000000000e+02 2.520017923887348660e-02
4.951999999999999886e+02 2.542078417353622888e-02
4.953999999999999773e+02 2.564921806603680243e-02
4.956000000000000227e+02 2.588341678556985506e-02
4.958000000000000114e+02 2.612171634168498208e-02
4.960000000000000000e+02 2.636112801241331099e-02
4.961999999999999886e+02 2.659719575907433520e-02
4.963999999999999773e+02 2.682662011259875565e-02
4.966000000000000227e+02 2.704513192028741922e-02
4.968000000000000114e+02 2.724860723043484242e-02
4.970000000000000000e+02 2.743476183544437882e-02
4.971999999999999886e+02 2.760081268210613087e-02
4.973999999999999773e+02 2.774429589760699089e-02
4.976000000000000227e+02 2.786377420810046829e-02
4.978000000000000114e+02 2.795897364945843303e-02
4.980000000000000000e+02 2.802961704851989963e-02
4.981999999999999886e+02 2.807577289524634465e-02
4.983999999999999773e+02 2.809852503262968981e-02
4.986000000000000227e+02 2.809925479937843903e-02
4.988000000000000114e+02 2.807976723714922587e-02
4.990000000000000000e+02 2.804251251341518744e-02
4.991999999999999886e+02 2.799078005925424717e-02
4.993999999999999773e+02 2.792794710978094633e-02
4.996000000000000227e+02 2.785730131406988219e-02
4.998000000000000114e+02 2.778186927502513184e-02
5.000000000000000000e+02 2.770346234037081301e-02
5.001999999999999886e+02 2.762358332433764024e-02
5.003999999999999773e+02 2.754368935448416739e-02
5.006000000000000227e+02 2.746457229991385030e-02
5.008000000000000114e+02 2.738715209639357162e-02
5.010000000000000000e+02 2.731242057677443075e-02
5.011999999999999886e+02 2.724116473177124950e-02
5.013999999999999773e+02 2.717409720241921109e-02
5.016000000000000227e+02 2.711255163907289739e-02
5.018000000000000114e+02 2.705829864106992083e-02
5.020000000000000000e+02 2.701222560603883105e-02
5.021999999999999886e+02 2.697472195615433985e-02
5.023999999999999773e+02 2.694567971459057437e-02
5.026000000000000227e+02 2.692444303976272019e-02
5.028000000000000114e+02 2.691028850418896584e-02
5.030000000000000000e+02 2.690219690077190820e-02
5.031999999999999886e+02 2.689879678026031035e-02
5.033999999999999773e+02 2.689861019318611629e-02
5.036000000000000227e+02 2.690039600468389913e-02
5.038000000000000114e+02 2.690329827500324497e-02
5.040000000000000000e+02 2.690695390142238547e-02
5.041999999999999886e+02 2.691152386623939241e-02
5.043999999999999773e+02 2.691701948071964501e-02
5.046000000000000227e+02 2.692274581030212194e-02
5.048000000000000114e+02 2.692678885967120586e-02
5.050000000000000000e+02 2.692636686208789432e-02
5.051999999999999886e+02 2.691858052194285103e-02
5.053999999999999773e+02 2.690121216085257852e-02
5.056000000000000227e+02 2.687311969923195792e-02
5.058000000000000114e+02 2.683383238433965229e-02
5.060000000000000000e+02 2.678295742792227707e-02
5.061999999999999886e+02 2.671938858053991145e-02
5.063999999999999773e+02 2.664243399305053425e-02
5.066000000000000227e+02 2.655182780519319344e-02
5.068000000000000114e+02 2.644762701663743928e-02
5.070000000000000000e+02 2.633092342738176800e-02
5.071999999999999886e+02 2.620359059212229447e-02
5.073999999999999773e+02 2.606792289373876387e-02
5.076000000000000227e+02 2.592632435965369284e-02
5.078000000000000114e+02 2.578295897227931080e-02
5.080000000000000000e+02 2.564261799555336493e-02
5.081999999999999886e+02 2.550937229162261385e-02
5.083999999999999773e+02 2.538739747195432883e-02
5.086000000000000227e+02 2.527997661513244065e-02
5.088000000000000114e+02 2.518934022311181131e-02
5.090000000000000000e+02 2.511727809814015208e-02
5.091999999999999886e+02 2.506366201732223437e-02
5.093999999999999773e+02 2.502690931957166423e-02
5.096000000000000227e+02 2.500466907061802205e-02
5.098000000000000114e+02 2.499366350088602987e-02
5.100000000000000000e+02 2.499043319223427650e-02
5.101999999999999886e+02 2.499193538428967631e-02
5.103999999999999773e+02 2.499608947998981090e-02
5.106000000000000227e+02 2.500164158784017043e-02
5.108000000000000114e+02 2.500769005804450232e-02
5.110000000000000000e+02 2.501320302126873452e-02
5.111999999999999886e+02 2.501673687528093923e-02
5.113999999999999773e+02 2.501680097393217672e-02
5.116000000000000227e+02 2.501232245311158300e-02
5.118000000000000114e+02 2.500324260178824268e-02
5.120000000000000000e+02 2.499024177321914481e-02
5.122000000000000455e+02 2.497425544242812614e-02
5.123999999999999773e+02 2.495606419727068592e-02
5.126000000000000227e+02 2.493620770440460946e-02
5.127999999999999545e+02 2.491478490160845688e-02
5.130000000000000000e+02 2.489151826672465762e-02
5.132000000000000455e+02 2.486598627373141912e-02
5.133999999999999773e+02 2.483702539679833940e-02
5.136000000000000227e+02 2.480277269199031992e-02
5.137999999999999545e+02 2.476077132404323061e-02
5.140000000000000000e+02 2.470791926262472585e-02
5.142000000000000455e+02 2.464130821960865483e-02
5.143999999999999773e+02 2.455870470383107393e-02
5.146000000000000227e+02 2.445877019730453503e-02
5.147999999999999545e+02 2.434059607271800429e-02
5.150000000000000000e+02 2.420466798465992567e-02
5.152000000000000455e+02 2.405348457371471807e-02
5.153999999999999773e+02 2.388983617114222649e-02
5.156000000000000227e+02 2.371802060907717002e-02
5.157999999999999545e+02 2.354378259971674769e-02
5.160000000000000000e+02 2.337329116786006356e-02
5.162000000000000455e+02 2.321504491414741467e-02
5.163999999999999773e+02 2.307868656743870123e-02
5.166000000000000227e+02 2.297407523808641869e-02
5.167999999999999545e+02 2.291304516806147093e-02
5.170000000000000000e+02 2.290786045329129203e-02
5.172000000000000455e+02 2.297058909972794771e-02
5.173999999999999773e+02 2.311285662541383637e-02
5.176000000000000227e+02 2.334280301444783060e-02
5.177999999999999545e+02 2.366616869308335938e-02
5.180000000000000000e+02 2.408689298591482064e-02
5.182000000000000455e+02 2.460400233495049771e-02
5.183999999999999773e+02 2.521430870514609901e-02
5.186000000000000227e+02 2.590989095491593244e-02
5.187999999999999545e+02 2.667216611524227468e-02
5.190000000000000000e+02 2.748278185520830474e-02
5.192000000000000455e+02 2.832102992075614251e-02
5.193999999999999773e+02 2.916169113649304603e-02
5.196000000000000227e+02 2.998248857807072135e-02
5.197999999999999545e+02 3.075776964194661817e-02
5.200000000000000000e+02 3.146162349081064319e-02
5.202000000000000455e+02 3.207793908009348022e-02
5.203999999999999773e+02 3.259336845914911907e-02
5.206000000000000227e+02 3.299871208679306528e-02
5.207999999999999545e+02 3.329132232804991876e-02
5.210000000000000000e+02 3.347479437199570029e-02
5.212000000000000455e+02 3.355779187540496727e-02
5.213999999999999773e+02 3.355397142798551002e-02
5.216000000000000227e+02 3.348229713765049631e-02
5.217999999999999545e+02 3.336388469008909341e-02
5.220000000000000000e+02 3.321982459161038764e-02
5.222000000000000455e+02 3.306976612349173117e-02
5.223999999999999773e+02 3.293134681662952812e-02
5.226000000000000227e+02 3.281778496915831178e-02
5.227999999999999545e+02 3.273753304991322555e-02
5.230000000000000000e+02 3.269495155040846868e-02
5.232000000000000455e+02 3.268946260877070298e-02
5.233999999999999773e+02 3.271592049691745413e-02
5.236000000000000227e+02 3.276488389484143171e-02
5.237999999999999545e+02 3.282281882500179965e-02
5.240000000000000000e+02 3.287463255746889135e-02
5.242000000000000455e+02 3.290518025775176353e-02
5.243999999999999773e+02 3.290045408281291883e-02
5.246000000000000227e+02 3.284887089094658263e-02
5.247999999999999545e+02 3.274275158977632549e-02
5.250000000000000000e+02 3.257922897523111982e-02
5.252000000000000455e+02 3.235943112432916602e-02
5.253999999999999773e+02 3.208904037394252201e-02
5.256000000000000227e+02 3.177736920111644964e-02
5.257999999999999545e+02 3.143590522829520922e-02
5.260000000000000000e+02 3.108127518339533213e-02
5.262000000000000455e+02 3.073124116741532061e-02
5.263999999999999773e+02 3.040200751151069664e-02
5.266000000000000227e+02 3.011069857016940993e-02
5.267999999999999545e+02 2.987324440455427568e-02
5.270000000000000000e+02 2.970353501882083691e-02
5.272000000000000455e+02 2.961328454529933013e-02
5.273999999999999773e+02 2.961201555510771521e-02
5.276000000000000227e+02 2.970638014870051469e-02
5.277999999999999545e+02 2.989951959123868588e-02
5.280000000000000000e+02 3.019092591476137816e-02
5.282000000000000455e+02 3.057790611321132765e-02
5.283999999999999773e+02 3.105347291750553892e-02
5.286000000000000227e+02 3.160290654904719665e-02
5.287999999999999545e+02 3.221097402546052590e-02
5.290000000000000000e+02 3.285974032926983895e-02
5.292000000000000455e+02 3.352775072794408895e-02
5.293999999999999773e+02 3.419566920422958956e-02
5.296000000000000227e+02 3.484065232417767749e-02
5.297999999999999545e+02 3.543937678552375875e-02
5.300000000000000000e+02 3.597514568108790139e-02
5.302000000000000455e+02 3.643117548280081636e-02
5.303999999999999773e+02 3.679284090218187808e-02
5.306000000000000227e+02 3.705083958194307220e-02
5.307999999999999545e+02 3.720384198876842963e-02
5.310000000000000000e+02 3.726207876227578819e-02
5.312000000000000455e+02 3.725289844476527279e-02
5.313999999999999773e+02 3.722884053091703171e-02
5.316000000000000227e+02 3.727235743187962830e-02
5.317999999999999545e+02 3.750215653711097552e-02
5.320000000000000000e+02 3.807674348605945974e-02
5.322000000000000455e+02 3.918979687925137900e-02
5.323999999999999773e+02 4.107012995368023583e-02
5.326000000000000227e+02 4.397641115724092165e-02
5.327999999999999545e+02 4.818632648033005506e-02
5.330000000000000000e+02 5.397067142691121255e-02
5.332000000000000455e+02 6.160872902661002765e-02
5.333999999999999773e+02 7.135677297713903522e-02
5.336000000000000227e+02 8.330871747478434119e-02
5.337999999999999545e+02 9.750641158475077674e-02
5.340000000000000000e+02 1.139070740672548515e-01
5.342000000000000455e+02 1.322963256475996052e-01
5.343999999999999773e+02 1.524291067451852555e-01
5.346000000000000227e+02 1.738805793694304658e-01
5.347999999999999545e+02 1.960236284958583874e-01
5.350000000000000000e+02 2.183234575583237747e-01
5.352000000000000455e+02 2.401476521908951500e-01
5.353999999999999773e+02 2.608064445091681782e-01
5.356000000000000227e+02 2.796770218169127298e-01
5.357999999999999545e+02 2.960367593677862286e-01
5.360000000000000000e+02 3.092723645925080089e-01
5.362000000000000455e+02 3.189838905155544246e-01
5.363999999999999773e+02 3.248358004503081875e-01
5.366000000000000227e+02 3.266488188564617978e-01
5.367999999999999545e+02 3.243971410539735478e-01
5.370000000000000000e+02 3.181809484904498109e-01
5.372000000000000455e+02 3.083132951158491508e-01
5.373999999999999773e+02 2.952157752617162734e-01
5.376000000000000227e+02 2.793674991703442578e-01
5.377999999999999545e+02 2.613609535487793067e-01
5.380000000000000000e+02 2.417563896426629666e-01
5.382000000000000455e+02 2.211426643683055693e-01
5.383999999999999773e+02 2.002308129867751696e-01
5.386000000000000227e+02 1.795200070018647676e-01
5.387999999999999545e+02 1.594295399199522345e-01
5.390000000000000000e+02 1.403565530989403787e-01
5.392000000000000455e+02 1.225360095731410498e-01
5.393999999999999773e+02 1.062346548979523075e-01
5.396000000000000227e+02 9.167441726097055876e-02
5.397999999999999545e+02 7.887679048318094188e-02
5.400000000000000000e+02 6.784519941449874969e-02
5.402000000000000455e+02 5.854112629831471210e-02
5.403999999999999773e+02 5.085672323973561976e-02
5.406000000000000227e+02 4.463071947794917949e-02
5.407999999999999545e+02 3.971268766588522542e-02
5.410000000000000000e+02 3.594702135717578462e-02
5.412000000000000455e+02 3.313894254142082940e-02
5.413999999999999773e+02 3.112252962135462347e-02
5.416000000000000227e+02 2.974755662735127301e-02
5.417999999999999545e+02 2.887139826305624643e-02
5.420000000000000000e+02 2.837274113537898226e-02
5.422000000000000455e+02 2.814140093462776451e-02
5.423999999999999773e+02 2.808102086302155173e-02
5.426000000000000227e+02 2.811627905458115653e-02
5.427999999999999545e+02 2.818728836142661218e-02
5.430000000000000000e+02 2.824784061204946989e-02
5.432000000000000455e+02 2.826465450736989626e-02
5.433999999999999773e+02 2.821597311218873583e-02
5.436000000000000227e+02 2.808893951477792889e-02
5.437999999999999545e+02 2.787796541216740545e-02
5.440000000000000000e+02 2.758329827735303899e-02
5.442000000000000455e+02 2.720769089864527243e-02
5.443999999999999773e+02 2.675859315918582837e-02
5.446000000000000227e+02 2.624742966222791060e-02
5.447999999999999545e+02 2.568361811261461736e-02
5.450000000000000000e+02 2.507879159675432956e-02
5.452000000000000455e+02 2.444433131866889999e-02
5.453999999999999773e+02 2.378837907445675165e-02
5.456000000000000227e+02 2.312447673579401744e-02
5.457999999999999545e+02 2.246157268997724110e-02
5.460000000000000000e+02 2.180737290062657527e-02
5.462000000000000455e+02 2.119031719197370447e-02
5.463999999999999773e+02 2.061845684555418598e-02
5.466000000000000227e+02 2.009284646424709317e-02
5.467999999999999545e+02 1.963554705893449590e-02
5.470000000000000000e+02 1.926313969678932272e-02
5.472000000000000455e+02 1.898944985343258007e-02
5.473999999999999773e+02 1.883034442767570274e-02
5.476000000000000227e+02 1.880050554149341469e-02
5.477999999999999545e+02 1.891263303176076924e-02
5.480000000000000000e+02 1.917700813266715390e-02
5.482000000000000455e+02 1.960116580740247846e-02
5.483999999999999773e+02 2.019231509581366837e-02
5.486000000000000227e+02 2.095529787958887169e-02
5.487999999999999545e+02 2.188715140267735032e-02
5.490000000000000000e+02 2.298551538736036057e-02
5.492000000000000455e+02 2.424966451421079958e-02
5.493999999999999773e+02 2.567780467978026185e-02
5.496000000000000227e+02 2.725465541667420818e-02
5.497999999999999545e+02 2.896124430715684220e-02
5.500000000000000000e+02 3.078284673879881639e-02
5.502000000000000455e+02 3.270303872168541653e-02
5.503999999999999773e+02 3.469306350477401740e-02
5.506000000000000227e+02 3.671303449718771317e-02
5.507999999999999545e+02 3.873260767296097390e-02
5.510000000000000000e+02 4.072350856064015784e-02
5.512000000000000455e+02 4.265303425398811465e-02
5.513999999999999773e+02 4.447834157271198657e-02
5.516000000000000227e+02 4.617024096207522632e-02
5.517999999999999545e+02 4.770760675843711829e-02
5.520000000000000000e+02 4.906664924292023638e-02
5.522000000000000455e+02 5.023345220197143052e-02
5.523999999999999773e+02 5.119834686936507173e-02
5.526000000000000227e+02 5.195335097387964590e-02
5.527999999999999545e+02 5.250533525316422589e-02
5.530000000000000000e+02 5.286795717622709556e-02
5.532000000000000455e+02 5.305810038862580902e-02
5.533999999999999773e+02 5.309800265172349293e-02
5.536000000000000227e+02 5.301461573237565422e-02
5.537999999999999545e+02 5.283763244215929772e-02
5.540000000000000000e+02 5.259647007182223499e-02
5.542000000000000455e+02 5.232224612276783343e-02
5.543999999999999773e+02 5.204531548911250916e-02
5.546000000000000227e+02 5.179189532556571773e-02
5.547999999999999545e+02 5.158537416377670382e-02
5.550000000000000000e+02 5.144666939559726371e-02
5.552000000000000455e+02 5.139382430501852894e-02
5.553999999999999773e+02 5.144051811075884412e-02
5.556000000000000227e+02 5.159729386604320484e-02
5.557999999999999545e+02 5.187262450088211962e-02
5.560000000000000000e+02 5.227423468019203046e-02
5.562000000000000455e+02 5.280580000971264731e-02
5.563999999999999773e+02 5.346834639535637257e-02
5.566000000000000227e+02 5.426475006012381613e-02
5.567999999999999545e+02 5.520037676617346734e-02
5.570000000000000000e+02 5.627852031007169603e-02
5.572000000000000455e+02 5.749650776468779451e-02
5.573999999999999773e+02 5.885733438484808816e-02
5.576000000000000227e+02 6.036853156010478505e-02
5.577999999999999545e+02 6.203781571691014546e-02
5.580000000000000000e+02 6.386164457149759444e-02
5.582000000000000455e+02 6.583998841595968543e-02
5.583999999999999773e+02 6.798170008218458460e-02
5.586000000000000227e+02 7.029866115070709798e-02
5.587999999999999545e+02 7.278959520749270218e-02
5.590000000000000000e+02 7.544957261202078769e-02
5.592000000000000455e+02 7.829278936547666434e-02
5.593999999999999773e+02 8.132742396633314830e-02
5.596000000000000227e+02 8.456467014469205845e-02
5.597999999999999545e+02 8.802896053637442042e-02
5.600000000000000000e+02 9.172165744744742444e-02
5.602000000000000455e+02 9.564655809607544579e-02
5.603999999999999773e+02 9.982719756437620495e-02
5.606000000000000227e+02 1.042895946460318107e-01
5.607999999999999545e+02 1.090337358283721553e-01
5.610000000000000000e+02 1.140367297601629359e-01
5.612000000000000455e+02 1.192940492763921861e-01
5.613999999999999773e+02 1.247993713057451715e-01
5.616000000000000227e+02 1.305214769441987721e-01
5.617999999999999545e+02 1.363792140272591380e-01
5.620000000000000000e+02 1.423049412875718733e-01
5.622000000000000455e+02 1.482383417585382557e-01
5.623999999999999773e+02 1.541026515064179425e-01
5.626000000000000227e+02 1.597758809223104870e-01
5.627999999999999545e+02 1.651408477697261790e-01
5.630000000000000000e+02 1.701132861859034617e-01
5.632000000000000455e+02 1.746096164103127513e-01
5.633999999999999773e+02 1.785363796203109921e-01
5.636000000000000227e+02 1.818042796994487065e-01
5.637999999999999545e+02 1.843727315393670074e-01
5.640000000000000000e+02 1.862155344391928924e-01
5.642000000000000455e+02 1.873190175302784088e-01
5.643999999999999773e+02 1.876957897319401769e-01
5.646000000000000227e+02 1.873785818555581129e-01
5.647999999999999545e+02 1.864179896480941678e-01
5.650000000000000000e+02 1.848798171664611800e-01
5.652000000000000455e+02 1.828274219868377126e-01
5.653999999999999773e+02 1.803341603031438645e-01
5.656000000000000227e+02 1.774853205534842882e-01
5.657999999999999545e+02 1.743464592993890783e-01
5.660000000000000000e+02 1.709669519827250739e-01
5.662000000000000455e+02 1.673902536581265699e-01
5.663999999999999773e+02 1.636721528596221664e-01
5.666000000000000227e+02 1.598439828224574311e-01
5.667999999999999545e+02 1.559122878506265797e-01
5.670000000000000000e+02 1.518753490964153685e-01
5.672000000000000455e+02 1.477519923202462726e-01
5.673999999999999773e+02 1.435566185536803208e-01
5.676000000000000227e+02 1.392769048654868558e-01
5.677999999999999545e+02 1.349190379423587105e-01
5.680000000000000000e+02 1.304880038964374989e-01
5.682000000000000455e+02 1.259842005304857571e-01
5.683999999999999773e+02 1.214479302423247947e-01
5.686000000000000227e+02 1.169122650351729215e-01
5.687999999999999545e+02 1.123919636159267793e-01
5.690000000000000000e+02 1.079058625208057093e-01
5.692000000000000455e+02 1.034975054904952174e-01
5.693999999999999773e+02 9.921494227855322257e-02
5.696000000000000227e+02 9.507452192414106440e-02
5.697999999999999545e+02 9.108580850888189917e-02
5.700000000000000000e+02 8.726640537615155957e-02
5.702000000000000455e+02 8.364528438663237919e-02
5.703999999999999773e+02 8.022138768787534513e-02
5.706000000000000227e+02 7.698016595664834705e-02
5.707999999999999545e+02 7.390946425990370383e-02
5.710000000000000000e+02 7.101321552016920391e-02
5.712000000000000455e+02 6.828206225934579932e-02
5.713999999999999773e+02 6.569359454253985431e-02
5.716000000000000227e+02 6.323837000664424279e-02
5.717999999999999545e+02 6.090117415090334080e-02
5.720000000000000000e+02 5.866835606562167266e-02
5.722000000000000455e+02 5.654315754842862557e-02
5.723999999999999773e+02 5.451838863567547155e-02
5.726000000000000227e+02 5.258195933877968242e-02
5.727999999999999545e+02 5.072721730848959998e-02
5.730000000000000000e+02 4.896019071721159632e-02
5.732000000000000455e+02 4.728425503332040619e-02
5.733999999999999773e+02 4.569362199962430371e-02
5.736000000000000227e+02 4.418377559487170897e-02
5.737999999999999545e+02 4.275718170192497475e-02
5.740000000000000000e+02 4.141899779811979848e-02
5.742000000000000455e+02 4.016348291062931536e-02
5.743999999999999773e+02 3.898214843653246414e-02
5.746000000000000227e+02 3.786821050471078642e-02
5.747999999999999545e+02 3.681866741728365838e-02
5.750000000000000000e+02 3.582210548896416075e-02
5.752000000000000455e+02 3.486493679011343910e-02
5.753999999999999773e+02 3.393703881432413860e-02
5.756000000000000227e+02 3.302447007791543820e-02
5.757999999999999545e+02 3.211696788228227822e-02
5.760000000000000000e+02 3.120995640976636024e-02
5.762000000000000455e+02 3.029521643372212400e-02
5.763999999999999773e+02 2.936555120860492515e-02
5.766000000000000227e+02 2.841830892532371672e-02
5.767999999999999545e+02 2.745882070272697914e-02
5.770000000000000000e+02 2.649337029853384567e-02
5.772000000000000455e+02 2.552660835801899217e-02
5.773999999999999773e+02 2.456165539457545385e-02
5.776000000000000227e+02 2.361192918224728002e-02
5.777999999999999545e+02 2.269028445671211064e-02
5.780000000000000000e+02 2.180103082166665041e-02
5.782000000000000455e+02 2.095728777749740479e-02
5.783999999999999773e+02 2.016797560983058651e-02
5.786000000000000227e+02 1.943364191690433174e-02
5.787999999999999545e+02 1.876187459211792891e-02
5.790000000000000000e+02 1.815487873636127680e-02
5.792000000000000455e+02 1.760937629879667093e-02
5.793999999999999773e+02 1.712748671747961471e-02
5.796000000000000227e+02 1.670595609371647999e-02
5.797999999999999545e+02 1.633852044249582691e-02
5.800000000000000000e+02 1.602292085006152764e-02
5.802000000000000455e+02 1.575412961117622634e-02
5.803999999999999773e+02 1.552744059505526547e-02
5.806000000000000227e+02 1.534199352271381316e-02
5.807999999999999545e+02 1.519619303438659794e-02
5.810000000000000000e+02 1.508902544321584320e-02
5.812000000000000455e+02 1.502110129017364577e-02
5.813999999999999773e+02 1.499394579476443466e-02
5.816000000000000227e+02 1.500976647124962343e-02
5.817999999999999545e+02 1.507112347840381013e-02
5.820000000000000000e+02 1.518031631785814357e-02
5.822000000000000455e+02 1.534097493479465342e-02
5.823999999999999773e+02 1.555719167047043758e-02
5.826000000000000227e+02 1.583170262769763303e-02
5.827999999999999545e+02 1.617061920463549671e-02
5.830000000000000000e+02 1.658032136129922521e-02
5.832000000000000455e+02 1.706433050191984505e-02
5.833999999999999773e+02 1.763236855003150888e-02
5.836000000000000227e+02 1.829314581411324928e-02
5.837999999999999545e+02 1.905131065760956588e-02
5.840000000000000000e+02 1.992088582328995286e-02
5.842000000000000455e+02 2.091332555038945273e-02
5.843999999999999773e+02 2.203504064421813596e-02
5.846000000000000227e+02 2.329836917348772005e-02
5.847999999999999545e+02 2.471862993479745363e-02
5.850000000000000000e+02 2.630654332035939000e-02
5.852000000000000455e+02 2.805728037901870225e-02
5.853999999999999773e+02 2.997856710119807533e-02
5.856000000000000227e+02 3.207545144116376312e-02
5.857999999999999545e+02 3.432843994853237990e-02
5.860000000000000000e+02 3.673647456204803818e-02
5.862000000000000455e+02 3.928926222433258564e-02
5.863999999999999773e+02 4.194915588056786354e-02
5.866000000000000227e+02 4.470314059155657688e-02
5.867999999999999545e+02 4.752348081594023887e-02
5.870000000000000000e+02 5.036020572466427120e-02
5.872000000000000455e+02 5.319478452443626715e-02
5.873999999999999773e+02 5.599410967399891942e-02
5.876000000000000227e+02 5.871161146304346851e-02
5.877999999999999545e+02 6.132644212094613689e-02
5.880000000000000000e+02 6.382570003167215011e-02
5.882000000000000455e+02 6.619440864325143448e-02
5.883999999999999773e+02 6.841155690476682927e-02
5.886000000000000227e+02 7.048559099188725363e-02
5.887999999999999545e+02 7.243169125212699233e-02
5.890000000000000000e+02 7.425308383461604045e-02
5.892000000000000455e+02 7.598094262012164424e-02
5.893999999999999773e+02 7.764688885820671127e-02
5.896000000000000227e+02 7.927307577643841197e-02
5.897999999999999545e+02 8.090529147810669730e-02
5.900000000000000000e+02 8.258096501780771981e-02
5.902000000000000455e+02 8.432830545113728649e-02
5.903999999999999773e+02 8.619540804129796618e-02
5.906000000000000227e+02 8.821346511020966563e-02
5.907999999999999545e+02 9.040715123612726167e-02
5.910000000000000000e+02 9.282295527547820835e-02
5.912000000000000455e+02 9.548640529904349472e-02
5.913999999999999773e+02 9.841708397935486352e-02
5.916000000000000227e+02 1.016510296649210526e-01
5.917999999999999545e+02 1.052334889264813084e-01
5.920000000000000000e+02 1.091935082985010380e-01
5.922000000000000455e+02 1.135425250089929505e-01
5.923999999999999773e+02 1.183406297105323857e-01
5.926000000000000227e+02 1.236200561738937387e-01
5.927999999999999545e+02 1.293836104854387548e-01
5.930000000000000000e+02 1.356967564250719793e-01
5.932000000000000455e+02 1.425695048417056354e-01
5.933999999999999773e+02 1.499818209969849547e-01
5.936000000000000227e+02 1.579809061756006217e-01
5.937999999999999545e+02 1.665227776770834001e-01
5.940000000000000000e+02 1.755412177285218256e-01
5.942000000000000455e+02 1.850390893363139111e-01
5.943999999999999773e+02 1.948999055958843818e-01
5.946000000000000227e+02 2.050073211047115374e-01
5.947999999999999545e+02 2.153159087729172860e-01
5.950000000000000000e+02 2.256666090844194339e-01
5.952000000000000455e+02 2.359151586471537887e-01
5.953999999999999773e+02 2.459871366906839496e-01
5.956000000000000227e+02 2.558240415701713566e-01
5.957999999999999545e+02 2.653375844252947591e-01
5.960000000000000000e+02 2.744582395635696837e-01
5.962000000000000455e+02 2.832542174292254078e-01
5.963999999999999773e+02 2.917567867540235005e-01
5.966000000000000227e+02 3.000156879357891992e-01
5.967999999999999545e+02 3.082051055359850689e-01
5.970000000000000000e+02 3.164311261170458245e-01
5.972000000000000455e+02 3.248124504041504101e-01
5.973999999999999773e+02 3.335382533880134059e-01
5.976000000000000227e+02 3.426680168608057242e-01
5.977999999999999545e+02 3.522512926444482662e-01
5.980000000000000000e+02 3.623507404950920274e-01
5.982000000000000455e+02 3.728535986613048525e-01
5.983999999999999773e+02 3.836042534407638760e-01
5.986000000000000227e+02 3.944347755815297285e-01
5.987999999999999545e+02 4.051092011466713161e-01
5.990000000000000000e+02 4.152807452906114860e-01
5.992000000000000455e+02 4.245690774530294087e-01
5.993999999999999773e+02 4.326769949310374508e-01
5.996000000000000227e+02 4.392529611683599899e-01
5.997999999999999545e+02 4.439714573160321587e-01
6.000000000000000000e+02 4.466263071079629166e-01
6.002000000000000455e+02 4.470621439091398974e-01
6.003999999999999773e+02 4.451971717734097833e-01
6.006000000000000227e+02 4.410563091793678336e-01
6.007999999999999545e+02 4.348073683176665871e-01
6.010000000000000000e+02 4.266680028541426362e-01
6.012000000000000455e+02 4.169131543438488463e-01
6.013999999999999773e+02 4.059863980914076853e-01
6.016000000000000227e+02 3.942943759940775172e-01
6.017999999999999545e+02 3.822346162876836817e-01
6.020000000000000000e+02 3.703217481943780753e-01
6.022000000000000455e+02 3.589774195765091380e-01
6.023999999999999773e+02 3.485376704143719473e-01
6.026000000000000227e+02 3.392996564996603182e-01
6.027999999999999545e+02 3.315396889953047266e-01
6.030000000000000000e+02 3.254387114877750342e-01
6.032000000000000455e+02 3.210469889127625098e-01
6.033999999999999773e+02 3.183973931936561752e-01
6.036000000000000227e+02 3.174638736413267215e-01
6.037999999999999545e+02 3.181494749752981077e-01
6.040000000000000000e+02 3.203257677302011608e-01
6.042000000000000455e+02 3.238639827075019961e-01
6.043999999999999773e+02 3.286226627976284731e-01
6.046000000000000227e+02 3.344139283581333832e-01
6.047999999999999545e+02 3.411018704394099266e-01
6.050000000000000000e+02 3.485517206503841448e-01
6.052000000000000455e+02 3.565596209517630233e-01
6.053999999999999773e+02 3.649961191821070594e-01
6.056000000000000227e+02 3.737157153874853810e-01
6.057999999999999545e+02 3.824928035526731773e-01
6.060000000000000000e+02 3.911521365319863275e-01
6.062000000000000455e+02 3.995327653656418621e-01
6.063999999999999773e+02 4.074530157165142663e-01
6.066000000000000227e+02 4.146797216794368968e-01
6.067999999999999545e+02 4.210328127412112376e-01
6.070000000000000000e+02 4.263781794684192716e-01
6.072000000000000455e+02 4.305405916129980137e-01
6.073999999999999773e+02 4.334043420095737842e-01
6.076000000000000227e+02 4.349024398421135196e-01
6.077999999999999545e+02 4.349749888739849468e-01
6.080000000000000000e+02 4.335976159653956441e-01
6.082000000000000455e+02 4.307908191037483903e-01
6.083999999999999773e+02 4.266173894159374647e-01
6.086000000000000227e+02 4.211228086904562073e-01
6.087999999999999545e+02 4.143955969688387642e-01
6.090000000000000000e+02 4.065731516851763261e-01
6.092000000000000455e+02 3.977146985050963313e-01
6.093999999999999773e+02 3.879224492961403925e-01
6.096000000000000227e+02 3.773430428571244999e-01
6.097999999999999545e+02 3.660502422525565569e-01
6.100000000000000000e+02 3.540810535078584009e-01
6.102000000000000455e+02 3.414944157807268121e-01
6.103999999999999773e+02 3.284291679624821159e-01
6.106000000000000227e+02 3.148971426359343240e-01
6.107999999999999545e+02 3.009152892267489277e-01
6.110000000000000000e+02 2.866351907628432172e-01
6.112000000000000455e+02 2.720597271327623301e-01
6.113999999999999773e+02 2.572408217017588816e-01
6.116000000000000227e+02 2.423642304944471915e-01
6.117999999999999545e+02 2.274565005625891756e-01
6.120000000000000000e+02 2.126306419941727255e-01
6.122000000000000455e+02 1.980999509867305830e-01
6.123999999999999773e+02 1.839065446431333017e-01
6.126000000000000227e+02 1.701894534831046302e-01
6.127999999999999545e+02 1.571328975458224919e-01
6.130000000000000000e+02 1.447515301322947201e-01
6.132000000000000455e+02 1.331412147920200129e-01
6.133999999999999773e+02 1.224074226643666746e-01
6.136000000000000227e+02 1.125377282538103096e-01
6.137999999999999545e+02 1.035009528862107092e-01
6.140000000000000000e+02 9.528424271929905598e-02
6.142000000000000455e+02 8.788838653838183801e-02
6.143999999999999773e+02 8.122078177860909964e-02
6.146000000000000227e+02 7.520869330773068129e-02
6.147999999999999545e+02 6.982211012581039655e-02
6.150000000000000000e+02 6.496240046326623441e-02
6.152000000000000455e+02 6.056566401633194791e-02
6.153999999999999773e+02 5.659783832709066459e-02
6.156000000000000227e+02 5.298029322241972622e-02
6.157999999999999545e+02 4.967266806588885308e-02
6.160000000000000000e+02 4.665010812220948822e-02
6.162000000000000455e+02 4.385781808388135999e-02
6.163999999999999773e+02 4.127328975366323371e-02
6.166000000000000227e+02 3.888232046502382300e-02
6.167999999999999545e+02 3.665548822562295084e-02
6.170000000000000000e+02 3.456998665014392180e-02
6.172000000000000455e+02 3.261681590562277161e-02
6.173999999999999773e+02 3.079615802404153668e-02
6.176000000000000227e+02 2.909052965954567194e-02
6.177999999999999545e+02 2.749417787339969096e-02
6.180000000000000000e+02 2.601136676760937294e-02
6.182000000000000455e+02 2.462846734788393804e-02
6.183999999999999773e+02 2.334280719487451250e-02
6.186000000000000227e+02 2.215522942797887654e-02
6.187999999999999545e+02 2.105113424630258856e-02
6.190000000000000000e+02 2.002609552462957659e-02
6.192000000000000455e+02 1.907592036429373028e-02
6.193999999999999773e+02 1.818663731043274404e-02
6.196000000000000227e+02 1.735576584232170066e-02
6.197999999999999545e+02 1.658016864721855582e-02
6.200000000000000000e+02 1.585094920574966690e-02
6.202000000000000455e+02 1.516831245739618146e-02
6.203999999999999773e+02 1.453099427834059730e-02
6.206000000000000227e+02 1.393354387004489339e-02
6.207999999999999545e+02 1.337151492035096832e-02
6.210000000000000000e+02 1.284405426063556059e-02
6.212000000000000455e+02 1.235089851357080992e-02
6.213999999999999773e+02 1.188714025552170886e-02
6.216000000000000227e+02 1.145273595668620630e-02
6.217999999999999545e+02 1.104859085351591122e-02
6.220000000000000000e+02 1.067173554695392129e-02
6.222000000000000455e+02 1.032392539420675694e-02
6.223999999999999773e+02 1.000683751578337541e-02
6.226000000000000227e+02 9.719362025469989452e-03
6.227999999999999545e+02 9.463670451146098325e-03
6.230000000000000000e+02 9.240403705695659359e-03
6.232000000000000455e+02 9.047855050121291279e-03
6.233999999999999773e+02 8.886472043483329211e-03
6.236000000000000227e+02 8.755098511454971477e-03
6.237999999999999545e+02 8.651124644066839411e-03
6.240000000000000000e+02 8.572839805891387110e-03
6.242000000000000455e+02 8.517871560854454668e-03
6.243999999999999773e+02 8.484022260198686299e-03
6.246000000000000227e+02 8.470668353339616888e-03
6.247999999999999545e+02 8.478243867781433407e-03
6.250000000000000000e+02 8.507682679936635559e-03
6.252000000000000455e+02 8.559851655408378876e-03
6.253999999999999773e+02 8.634522904936155902e-03
6.256000000000000227e+02 8.731700584364890036e-03
6.257999999999999545e+02 8.851921017850351847e-03
6.260000000000000000e+02 8.994956300627078918e-03
6.262000000000000455e+02 9.162356840413009990e-03
6.263999999999999773e+02 9.356841747821819516e-03
6.266000000000000227e+02 9.579412668344876661e-03
6.267999999999999545e+02 9.833235245468306338e-03
6.270000000000000000e+02 1.012177822916493324e-02
6.272000000000000455e+02 1.044571840689340926e-02
6.273999999999999773e+02 1.080899755960049516e-02
6.276000000000000227e+02 1.121517430617373703e-02
6.277999999999999545e+02 1.166417296122400707e-02
6.280000000000000000e+02 1.215718985907633491e-02
6.282000000000000455e+02 1.269609636732950408e-02
6.283999999999999773e+02 1.328166287466098563e-02
6.286000000000000227e+02 1.390964578996345402e-02
6.287999999999999545e+02 1.458038416105096255e-02
6.290000000000000000e+02 1.529769252864661075e-02
6.292000000000000455e+02 1.605800158494382485e-02
6.293999999999999773e+02 1.686463935264695402e-02
6.296000000000000227e+02 1.772326281492117572e-02
6.297999999999999545e+02 1.863084706542060542e-02
6.300000000000000000e+02 1.959396037939284754e-02
6.302000000000000455e+02 2.061914570123090512e-02
6.303999999999999773e+02 2.170341166400235888e-02
6.306000000000000227e+02 2.285545819701012560e-02
6.307999999999999545e+02 2.408193087288206316e-02
6.310000000000000000e+02 2.538091274076789000e-02
6.312000000000000455e+02 2.675894952587084749e-02
6.313999999999999773e+02 2.822667664749234709e-02
6.316000000000000227e+02 2.979212437833413801e-02
6.317999999999999545e+02 3.144996203306184984e-02
6.320000000000000000e+02 3.320680750228915956e-02
6.322000000000000455e+02 3.507285331142438733e-02
6.323999999999999773e+02 3.703754802923163447e-02
6.326000000000000227e+02 3.910879210348970625e-02
6.327999999999999545e+02 4.129558360802336459e-02
6.330000000000000000e+02 4.358623889773817484e-02
6.332000000000000455e+02 4.599609509375264527e-02
6.333999999999999773e+02 4.853782607365877966e-02
6.336000000000000227e+02 5.120663979259768017e-02
6.337999999999999545e+02 5.403359293468966429e-02
6.340000000000000000e+02 5.704063086346633504e-02
6.342000000000000455e+02 6.023572560903978079e-02
6.343999999999999773e+02 6.366816206918371468e-02
6.346000000000000227e+02 6.737107824820615098e-02
6.347999999999999545e+02 7.136353184255701809e-02
6.350000000000000000e+02 7.569141073310931001e-02
6.352000000000000455e+02 8.041305134083176487e-02
6.353999999999999773e+02 8.557172251359485005e-02
6.356000000000000227e+02 9.117437494300283107e-02
6.357999999999999545e+02 9.728191017644376160e-02
6.360000000000000000e+02 1.039389987434117951e-01
6.362000000000000455e+02 1.111299369180258206e-01
6.363999999999999773e+02 1.189153903342895086e-01
6.366000000000000227e+02 1.273182303354622180e-01
6.367999999999999545e+02 1.363025919126960583e-01
6.370000000000000000e+02 1.459365929610764168e-01
6.372000000000000455e+02 1.562260867346626503e-01
6.373999999999999773e+02 1.671353169641972836e-01
6.376000000000000227e+02 1.787595885909692428e-01
6.377999999999999545e+02 1.911049576817216711e-01
6.380000000000000000e+02 2.041649077236096788e-01
6.382000000000000455e+02 2.180823823014809981e-01
6.383999999999999773e+02 2.328939922834940557e-01
6.386000000000000227e+02 2.486224474573848209e-01
6.387999999999999545e+02 2.653906792448943452e-01
6.390000000000000000e+02 2.833494778782540968e-01
6.392000000000000455e+02 3.025489815730624810e-01
6.393999999999999773e+02 3.229387095065407443e-01
6.396000000000000227e+02 3.446589666324498258e-01
6.397999999999999545e+02 3.676812151346340318e-01
6.400000000000000000e+02 3.918159966586730603e-01
6.402000000000000455e+02 4.170942211261108867e-01
6.403999999999999773e+02 4.432900533036810975e-01
6.406000000000000227e+02 4.700482519084062116e-01
6.407999999999999545e+02 4.972525627590200226e-01
6.410000000000000000e+02 5.244879344525885667e-01
6.412000000000000455e+02 5.513013417212947465e-01
6.413999999999999773e+02 5.775012192122246368e-01
6.416000000000000227e+02 6.026307966174354602e-01
6.417999999999999545e+02 6.263180470116797016e-01
6.420000000000000000e+02 6.484638702524926357e-01
6.422000000000000455e+02 6.688152487976481986e-01
6.423999999999999773e+02 6.872647544528411867e-01
6.426000000000000227e+02 7.039482035624355927e-01
6.427999999999999545e+02 7.190929596825305081e-01
6.430000000000000000e+02 7.329498673529190045e-01
6.432000000000000455e+02 7.458543544731396358e-01
6.433999999999999773e+02 7.583536302206443924e-01
6.436000000000000227e+02 7.709015864221674397e-01
6.437999999999999545e+02 7.839275480150107445e-01
6.440000000000000000e+02 7.979450503461733568e-01
6.442000000000000455e+02 8.132074384302568903e-01
6.443999999999999773e+02 8.298661632406052480e-01
6.446000000000000227e+02 8.480450546299440617e-01
6.447999999999999545e+02 8.674706809557907183e-01
6.450000000000000000e+02 8.877698808274705478e-01
6.452000000000000455e+02 9.085260510519407307e-01
6.453999999999999773e+02 9.289494121496484347e-01
6.456000000000000227e+02 9.482227313266143875e-01
6.457999999999999545e+02 9.655750757945812390e-01
6.460000000000000000e+02 9.801888658208300908e-01
6.462000000000000455e+02 9.912407684256264728e-01
6.463999999999999773e+02 9.980070990743822312e-01
6.466000000000000227e+02 1.000000000000000000e+00
6.467999999999999545e+02 9.969191457505685028e-01
6.470000000000000000e+02 9.886306055013799332e-01
6.472000000000000455e+02 9.752007553063214429e-01
6.473999999999999773e+02 9.570596181021531201e-01
6.476000000000000227e+02 9.347389993838983724e-01
6.477999999999999545e+02 9.088227679883789101e-01
6.480000000000000000e+02 8.803023639419608193e-01
6.482000000000000455e+02 8.500644087622036826e-01
6.483999999999999773e+02 8.188872857562292662e-01
6.486000000000000227e+02 7.878635077776154905e-01
6.487999999999999545e+02 7.577674539770760109e-01
6.490000000000000000e+02 7.291709674973739785e-01
6.492000000000000455e+02 7.028011769885137427e-01
6.493999999999999773e+02 6.790453002369578606e-01
6.496000000000000227e+02 6.580342250241012492e-01
6.497999999999999545e+02 6.397962229400351308e-01
6.500000000000000000e+02 6.243130933795288939e-01
6.502000000000000455e+02 6.113908729683228405e-01
6.503999999999999773e+02 6.006332299699711497e-01
6.506000000000000227e+02 5.917211858513644618e-01
6.507999999999999545e+02 5.842734337255997001e-01
6.510000000000000000e+02 5.778487147509527855e-01
6.512000000000000455e+02 5.721293396311440960e-01
6.513999999999999773e+02 5.668028772434436924e-01
6.516000000000000227e+02 5.615895540350109849e-01
6.517999999999999545e+02 5.563450638696084694e-01
6.520000000000000000e+02 5.509415635211820650e-01
6.522000000000000455e+02 5.453068698422427474e-01
6.523999999999999773e+02 5.394811006201672976e-01
6.526000000000000227e+02 5.334842136406074964e-01
6.527999999999999545e+02 5.273696098650758612e-01
6.530000000000000000e+02 5.212536041700644995e-01
6.532000000000000455e+02 5.152063246760153481e-01
6.533999999999999773e+02 5.092681371009717406e-01
6.536000000000000227e+02 5.034686970748952772e-01
6.537999999999999545e+02 4.978463644543656419e-01
6.540000000000000000e+02 4.923654909020804271e-01
6.542000000000000455e+02 4.869385599281297883e-01
6.543999999999999773e+02 4.815105830145077759e-01
6.546000000000000227e+02 4.759556631267689575e-01
6.547999999999999545e+02 4.701293673547857210e-01
6.550000000000000000e+02 4.639475777495817854e-01
6.552000000000000455e+02 4.572706867793590035e-01
6.553999999999999773e+02 4.499907229609030335e-01
6.556000000000000227e+02 4.420899108250420095e-01
6.557999999999999545e+02 4.334949147529939539e-01
6.560000000000000000e+02 4.242026223540796281e-01
6.562000000000000455e+02 4.143033030190899635e-01
6.563999999999999773e+02 4.038068424199018902e-01
6.566000000000000227e+02 3.928008636936190512e-01
6.567999999999999545e+02 3.814427378392984958e-01
6.570000000000000000e+02 3.698153193621773194e-01
6.572000000000000455e+02 3.579742895088784405e-01
6.573999999999999773e+02 3.459990731351293980e-01
6.576000000000000227e+02 3.340280005138037134e-01
6.577999999999999545e+02 3.220634777257347370e-01
6.580000000000000000e+02 3.100978881256001851e-01
6.582000000000000455e+02 2.982154856928013187e-01
6.583999999999999773e+02 2.863490249470185822e-01
6.586000000000000227e+02 2.744584933013421990e-01
6.587999999999999545e+02 2.625928181080253720e-01
6.590000000000000000e+02 2.506620447197068224e-01
6.592000000000000455e+02 2.386535092410221326e-01
6.593999999999999773e+02 2.266363940412553513e-01
6.596000000000000227e+02 2.145593286420564294e-01
6.597999999999999545e+02 2.024733283364989200e-01
6.600000000000000000e+02 1.904976626525890226e-01
6.602000000000000455e+02 1.786769547445279382e-01
6.603999999999999773e+02 1.670546329123814011e-01
6.606000000000000227e+02 1.557213618967257518e-01
6.607999999999999545e+02 1.448275640554573251e-01
6.610000000000000000e+02 1.344051902632167339e-01
6.612000000000000455e+02 1.244994519989936349e-01
6.613999999999999773e+02 1.152255669085380657e-01
6.616000000000000227e+02 1.065693950809891988e-01
6.617999999999999545e+02 9.853886559426404401e-02
6.620000000000000000e+02 9.118207767719158086e-02
6.622000000000000455e+02 8.443760307429663825e-02
6.623999999999999773e+02 7.827910478197727673e-02
6.626000000000000227e+02 7.270112633432601612e-02
6.627999999999999545e+02 6.762262245648782699e-02
6.630000000000000000e+02 6.300782895551439167e-02
6.632000000000000455e+02 5.883137846511507507e-02
6.633999999999999773e+02 5.502080952344563097e-02
6.636000000000000227e+02 5.154436388325503438e-02
6.637999999999999545e+02 4.837618840358086370e-02
6.640000000000000000e+02 4.546762361378201694e-02
6.642000000000000455e+02 4.277880458615408027e-02
6.643999999999999773e+02 4.028780023029963908e-02
6.646000000000000227e+02 3.798355477127025176e-02
6.647999999999999545e+02 3.583327749043398180e-02
6.650000000000000000e+02 3.382066204163817341e-02
6.652000000000000455e+02 3.194153399143294381e-02
6.653999999999999773e+02 3.017060890186373801e-02
6.656000000000000227e+02 2.849955440795481562e-02
6.657999999999999545e+02 2.692568915027478485e-02
6.660000000000000000e+02 2.542973478703030796e-02
6.662000000000000455e+02 2.401008012381364992e-02
6.663999999999999773e+02 2.266650259139070187e-02
6.666000000000000227e+02 2.138700864830354528e-02
6.667999999999999545e+02 2.017576903079909556e-02
6.670000000000000000e+02 1.903384331493023635e-02
6.672000000000000455e+02 1.795300230876931136e-02
6.673999999999999773e+02 1.693722204521113175e-02
6.676000000000000227e+02 1.598718578002018484e-02
6.677999999999999545e+02 1.509720038410737250e-02
6.680000000000000000e+02 1.426244410855717279e-02
6.682000000000000455e+02 1.348239365385830307e-02
6.683999999999999773e+02 1.275590565286769881e-02
6.686000000000000227e+02 1.207403365278873937e-02
6.687999999999999545e+02 1.143458874923995380e-02
6.690000000000000000e+02 1.083577268581836436e-02
6.692000000000000455e+02 1.026968765661509346e-02
6.693999999999999773e+02 9.735138304887099026e-03
6.696000000000000227e+02 9.229436245262637173e-03
6.697999999999999545e+02 8.745072958300351834e-03
6.700000000000000000e+02 8.280749310005591085e-03
6.702000000000000455e+02 7.833592670773563763e-03
6.703999999999999773e+02 7.398901224538129671e-03
6.706000000000000227e+02 6.978287119601494191e-03
6.707999999999999545e+02 6.570660322796810851e-03
6.710000000000000000e+02 6.173395982057838620e-03
6.712000000000000455e+02 5.788106594811310776e-03
6.713999999999999773e+02 5.414813353149311101e-03
6.716000000000000227e+02 5.052621071470521537e-03
6.717999999999999545e+02 4.701764673739830189e-03
6.720000000000000000e+02 4.364454852426645146e-03
6.722000000000000455e+02 4.040950757886806882e-03
6.723999999999999773e+02 3.728134598292333780e-03
6.726000000000000227e+02 3.426423676732240613e-03
6.727999999999999545e+02 3.135485771587417144e-03
6.730000000000000000e+02 2.853873376800303893e-03
6.732000000000000455e+02 2.584386951769687517e-03
6.733999999999999773e+02 2.328254484262460948e-03
6.736000000000000227e+02 2.085575833547060904e-03
6.737999999999999545e+02 1.859369589935920900e-03
6.740000000000000000e+02 1.650792429111631095e-03
6.742000000000000455e+02 1.460466796145340950e-03
6.743999999999999773e+02 1.290798094750121713e-03
6.746000000000000227e+02 1.141693636989523459e-03
6.747999999999999545e+02 1.012633785231854995e-03
6.750000000000000000e+02 9.042630446048341344e-04
6.752000000000000455e+02 8.157837304679355344e-04
6.753999999999999773e+02 7.457339480697575173e-04
6.756000000000000227e+02 6.922487845272915635e-04
6.757999999999999545e+02 6.522521203271212887e-04
6.760000000000000000e+02 6.217460153812057015e-04
6.762000000000000455e+02 5.966918404953338098e-04
6.763999999999999773e+02 5.747186842655847274e-04
6.766000000000000227e+02 5.548386686335111777e-04
6.767999999999999545e+02 5.373215444533199943e-04
6.770000000000000000e+02 5.235672324602044705e-04
6.772000000000000455e+02 5.145210897884820852e-04
6.773999999999999773e+02 5.103416223017139420e-04
6.776000000000000227e+02 5.103243141293033408e-04
6.777999999999999545e+02 5.133206221473549536e-04
6.780000000000000000e+02 5.183854656595914033e-04
6.782000000000000455e+02 5.251381918670483713e-04
6.783999999999999773e+02 5.337254968923485325e-04
6.786000000000000227e+02 5.441434054743366942e-04
6.787999999999999545e+02 5.558207264253885388e-04
6.790000000000000000e+02 5.672213082936665516e-04
6.792000000000000455e+02 5.763079364811035709e-04
6.793999999999999773e+02 5.808732598391913755e-04
6.796000000000000227e+02 5.789133904418317707e-04
6.797999999999999545e+02 5.690872454029167592e-04
6.800000000000000000e+02 5.509233595884525849e-04
6.802000000000000455e+02 5.248681258591779549e-04
6.803999999999999773e+02 4.912211302673624540e-04
6.806000000000000227e+02 4.500793575772618930e-04
6.807999999999999545e+02 4.013932765765581482e-04
6.810000000000000000e+02 3.451220918182378071e-04
6.812000000000000455e+02 2.829104521781344406e-04
6.813999999999999773e+02 2.184185093401708514e-04
6.816000000000000227e+02 1.561371922590649910e-04
6.817999999999999545e+02 1.008480777188492538e-04
6.820000000000000000e+02 5.658857845067426971e-05
6.822000000000000455e+02 2.503539411345665936e-05
6.823999999999999773e+02 6.443903690132652860e-06
6.826000000000000227e+02 0.000000000000000000e+00
6.827999999999999545e+02 4.009049498320820348e-06
6.830000000000000000e+02 1.666274869084907764e-05
6.832000000000000455e+02 3.637612966332219214e-05
6.833999999999999773e+02 6.205901185361158113e-05
6.836000000000000227e+02 9.343861177509310437e-05
6.837999999999999545e+02 1.301241001254935790e-04
6.840000000000000000e+02 1.712981784462111077e-04
6.842000000000000455e+02 2.162166061590621580e-04
6.843999999999999773e+02 2.641000509779250832e-04
6.846000000000000227e+02 3.147472227289695862e-04
6.847999999999999545e+02 3.698411305445782247e-04
6.850000000000000000e+02 4.318497988676153884e-04
6.852000000000000455e+02 5.041602415334460463e-04
6.853999999999999773e+02 5.913767623874771617e-04
6.856000000000000227e+02 6.971034179872660254e-04
6.857999999999999545e+02 8.241165231574073234e-04
6.860000000000000000e+02 9.747665255222031852e-04
6.862000000000000455e+02 1.151141607349075386e-03
6.863999999999999773e+02 1.353877022820593797e-03
6.866000000000000227e+02 1.582410811734303929e-03
6.867999999999999545e+02 1.838239484132865066e-03
6.870000000000000000e+02 2.120287355536187943e-03
6.872000000000000455e+02 2.425275119421356224e-03
6.873999999999999773e+02 2.752207970651932532e-03
6.876000000000000227e+02 3.096795182610858569e-03
6.877999999999999545e+02 3.453908312720019910e-03
6.880000000000000000e+02 3.822511823518574738e-03
6.882000000000000455e+02 4.198539793050484921e-03
6.883999999999999773e+02 4.578410622763868024e-03
6.886000000000000227e+02 4.962316642335793532e-03
6.887999999999999545e+02 5.346797379685251476e-03
6.890000000000000000e+02 5.728723261107098418e-03
6.892000000000000455e+02 6.107808799479324049e-03
6.893999999999999773e+02 6.484668693350388244e-03
6.896000000000000227e+02 6.858996375661365746e-03
6.897999999999999545e+02 7.230841432136853215e-03
6.900000000000000000e+02 7.605344194271677731e-03
6.902000000000000455e+02 7.985413900842022739e-03
6.903999999999999773e+02 8.373247524430655481e-03
6.906000000000000227e+02 8.775469617352921539e-03
6.907999999999999545e+02 9.194315138550126013e-03
6.910000000000000000e+02 9.631423681250791957e-03
6.912000000000000455e+02 1.009235415877370381e-02
6.913999999999999773e+02 1.057759761633200561e-02
6.916000000000000227e+02 1.108916389728957334e-02
6.917999999999999545e+02 1.163351336464757933e-02
6.920000000000000000e+02 1.221061472727144603e-02
6.922000000000000455e+02 1.282304469043962433e-02
6.923999999999999773e+02 1.347687064571068301e-02
6.926000000000000227e+02 1.417132281794757261e-02
6.927999999999999545e+02 1.490757460202691773e-02
6.930000000000000000e+02 1.568995595349564204e-02
6.932000000000000455e+02 1.652248635189784015e-02
6.933999999999999773e+02 1.740206959108888535e-02
6.936000000000000227e+02 1.832539775417578801e-02
6.937999999999999545e+02 1.929669258753170802e-02
6.940000000000000000e+02 2.030932307588228028e-02
6.942000000000000455e+02 2.135835341606901264e-02
6.943999999999999773e+02 2.244825220915626363e-02
6.946000000000000227e+02 2.357153457055232576e-02
6.947999999999999545e+02 2.472625158789069910e-02
6.950000000000000000e+02 2.591914213642830880e-02
6.952000000000000455e+02 2.714369925329877462e-02
6.953999999999999773e+02 2.840200278692672775e-02
6.956000000000000227e+02 2.970222440894281640e-02
6.957999999999999545e+02 3.103829708002657853e-02
6.960000000000000000e+02 3.241278394567023713e-02
6.962000000000000455e+02 3.383355183394795573e-02
6.963999999999999773e+02 3.529964976970333818e-02
6.966000000000000227e+02 3.678338372571914733e-02
6.967999999999999545e+02 3.827190609808486105e-02
6.970000000000000000e+02 3.979540139734064758e-02
6.972000000000000455e+02 4.135263103294269799e-02
6.973999999999999773e+02 4.293023154716426454e-02
6.976000000000000227e+02 4.452050866104542703e-02
6.977999999999999545e+02 4.611208560256682687e-02
6.980000000000000000e+02 4.769163021639585831e-02
6.982000000000000455e+02 4.924529943918142666e-02
6.983999999999999773e+02 5.075713709346293262e-02
6.986000000000000227e+02 5.221276525589797074e-02
6.987999999999999545e+02 5.360049444771193550e-02
6.990000000000000000e+02 5.490135445656604135e-02
6.992000000000000455e+02 5.610065756551486232e-02
6.993999999999999773e+02 5.719482101967401227e-02
6.996000000000000227e+02 5.818093954379332383e-02
6.997999999999999545e+02 5.905951779577223171e-02
7.000000000000000000e+02 5.983691502820156355e-02
7.002000000000000455e+02 6.052418070749251977e-02
7.003999999999999773e+02 6.113718846262499590e-02
7.006000000000000227e+02 6.169731423147133131e-02
7.007999999999999545e+02 6.223165397561049306e-02
7.010000000000000000e+02 6.277203710375910128e-02
7.012000000000000455e+02 6.335461913108292320e-02
7.013999999999999773e+02 6.401848950410982120e-02
7.016000000000000227e+02 6.480410462497127044e-02
7.017999999999999545e+02 6.575209373896311049e-02
7.020000000000000000e+02 6.690079930038270173e-02
7.022000000000000455e+02 6.828461907561647615e-02
7.023999999999999773e+02 6.993162280426398758e-02
7.026000000000000227e+02 7.185786594738613475e-02
7.027999999999999545e+02 7.407381512518330935e-02
7.030000000000000000e+02 7.658151564291559854e-02
7.032000000000000455e+02 7.934990356030041658e-02
7.033999999999999773e+02 8.233915862187382584e-02
7.036000000000000227e+02 8.550753547302436530e-02
7.037999999999999545e+02 8.879106853086661533e-02
7.040000000000000000e+02 9.211354751476126534e-02
7.042000000000000455e+02 9.539120757136801410e-02
7.043999999999999773e+02 9.853413423551175832e-02
7.046000000000000227e+02 1.014511495959114912e-01
7.047999999999999545e+02 1.040530644684085626e-01
7.050000000000000000e+02 1.062576739840816881e-01
7.052000000000000455e+02 1.079933143013284275e-01
7.053999999999999773e+02 1.092017470216104791e-01
7.056000000000000227e+02 1.098424603131923499e-01
7.057999999999999545e+02 1.098931021593939628e-01
7.060000000000000000e+02 1.093507053155077097e-01
7.062000000000000455e+02 1.082336792904268902e-01
7.064000000000000909e+02 1.065781728382743515e-01
7.066000000000000227e+02 1.044375733291119934e-01
7.067999999999999545e+02 1.018835224117538574e-01
7.070000000000000000e+02 9.899005718197244341e-02
7.072000000000000455e+02 9.583474325782666281e-02
7.074000000000000909e+02 9.251942507070846922e-02
7.076000000000000227e+02 8.913317741493605173e-02
7.077999999999999545e+02 8.574616090562264814e-02
7.080000000000000000e+02 8.243002152787312631e-02
7.082000000000000455e+02 7.924675279550810747e-02
7.084000000000000909e+02 7.624487040854052711e-02
7.086000000000000227e+02 7.345934845596636953e-02
7.087999999999999545e+02 7.091193679477311718e-02
7.090000000000000000e+02 6.861159718389146789e-02
7.092000000000000455e+02 6.655521177995733784e-02
7.094000000000000909e+02 6.473059867207461848e-02
7.096000000000000227e+02 6.311806428199712160e-02
7.097999999999999545e+02 6.169200014832085938e-02
7.100000000000000000e+02 6.042363863048686584e-02
7.102000000000000455e+02 5.928239646002182034e-02
7.104000000000000909e+02 5.823734944810450564e-02
7.106000000000000227e+02 5.725877765445328699e-02
7.107999999999999545e+02 5.631938139568914287e-02
7.110000000000000000e+02 5.539634361262631840e-02
7.112000000000000455e+02 5.446833133030271751e-02
7.114000000000000909e+02 5.351777728592489042e-02
7.116000000000000227e+02 5.253805476923974205e-02
7.117999999999999545e+02 5.152284894047068353e-02
7.120000000000000000e+02 5.046650891016207785e-02
7.122000000000000455e+02 4.937086787936967314e-02
7.124000000000000909e+02 4.824086423221455450e-02
7.126000000000000227e+02 4.708327217384888908e-02
7.127999999999999545e+02 4.590657421546793376e-02
7.130000000000000000e+02 4.472043316532511165e-02
7.132000000000000455e+02 4.353555293225809530e-02
7.134000000000000909e+02 4.236371380610021858e-02
7.136000000000000227e+02 4.121668719098084410e-02
7.137999999999999545e+02 4.010555073877507259e-02
7.140000000000000000e+02 3.903969397555311083e-02
7.142000000000000455e+02 3.802642332915443651e-02
7.144000000000000909e+02 3.707077347791994104e-02
7.146000000000000227e+02 3.617501573352390615e-02
7.147999999999999545e+02 3.533951239491488205e-02
7.150000000000000000e+02 3.456197280403677102e-02
7.152000000000000455e+02 3.383588603272867645e-02
7.154000000000000909e+02 3.315693586018646222e-02
7.156000000000000227e+02 3.252076502547725234e-02
7.157999999999999545e+02 3.191751286778937713e-02
7.160000000000000000e+02 3.133791423585471914e-02
7.162000000000000455e+02 3.077336892929258619e-02
7.164000000000000909e+02 3.021433269428138932e-02
7.166000000000000227e+02 2.965114171762644329e-02
7.167999999999999545e+02 2.907438578767725795e-02
7.170000000000000000e+02 2.847540094299459007e-02
7.172000000000000455e+02 2.784757244662585535e-02
7.174000000000000909e+02 2.718689791922627996e-02
7.176000000000000227e+02 2.649283046692787330e-02
7.177999999999999545e+02 2.576721622378048276e-02
7.180000000000000000e+02 2.501348677936510168e-02
7.182000000000000455e+02 2.423604485236753592e-02
7.184000000000000909e+02 2.343994765099776528e-02
7.186000000000000227e+02 2.263101109887932436e-02
7.187999999999999545e+02 2.181608228157150969e-02
7.190000000000000000e+02 2.100237608713356394e-02
7.192000000000000455e+02 2.019732302666307419e-02
7.194000000000000909e+02 1.940828976051623550e-02
7.196000000000000227e+02 1.864020339968165338e-02
7.197999999999999545e+02 1.789850162182402352e-02
7.200000000000000000e+02 1.719217390604873413e-02
7.202000000000000455e+02 1.652438813581979735e-02
7.204000000000000909e+02 1.589527059842121490e-02
7.206000000000000227e+02 1.530588614920203386e-02
7.207999999999999545e+02 1.475639197607031376e-02
7.210000000000000000e+02 1.424618380481302432e-02
7.212000000000000455e+02 1.377411686710166422e-02
7.214000000000000909e+02 1.333772430853594725e-02
7.216000000000000227e+02 1.293301838427327217e-02
7.217999999999999545e+02 1.255425646113662169e-02
7.220000000000000000e+02 1.219485010393678466e-02
7.222000000000000455e+02 1.184836517583542047e-02
7.224000000000000909e+02 1.150952398629933281e-02
7.226000000000000227e+02 1.117500052972344310e-02
7.227999999999999545e+02 1.084342243765123136e-02
7.230000000000000000e+02 1.051546529452618110e-02
7.232000000000000455e+02 1.019292871638427869e-02
7.234000000000000909e+02 9.877131222057303900e-03
7.236000000000000227e+02 9.567937060693063739e-03
7.237999999999999545e+02 9.266844382871296942e-03
7.240000000000000000e+02 8.975275396249609086e-03
7.242000000000000455e+02 8.693268094103047058e-03
7.244000000000000909e+02 8.422555678646335281e-03
7.246000000000000227e+02 8.165576390308348920e-03
7.247999999999999545e+02 7.924416202611249058e-03
7.250000000000000000e+02 7.700275986905559360e-03
7.252000000000000455e+02 7.493514258226516289e-03
7.254000000000000909e+02 7.303635218117118279e-03
7.256000000000000227e+02 7.129462390200727237e-03
7.257999999999999545e+02 6.969614624584263493e-03
7.260000000000000000e+02 6.822798398140313830e-03
7.262000000000000455e+02 6.687696665060785875e-03
7.264000000000000909e+02 6.562516195037309229e-03
7.266000000000000227e+02 6.444565432272008308e-03
7.267999999999999545e+02 6.329970251464930343e-03
7.270000000000000000e+02 6.214487728405213192e-03
7.272000000000000455e+02 6.094194262838385431e-03
7.274000000000000909e+02 5.966412500164933706e-03
7.276000000000000227e+02 5.830082508631790651e-03
7.277999999999999545e+02 5.685990368140500864e-03
7.280000000000000000e+02 5.536052048277407753e-03
7.282000000000000455e+02 5.383469175007019394e-03
7.284000000000000909e+02 5.232487245536786291e-03
7.286000000000000227e+02 5.085820174923540507e-03
7.287999999999999545e+02 4.944984716768841687e-03
7.290000000000000000e+02 4.810583018956470294e-03
7.292000000000000455e+02 4.682715933741139584e-03
7.294000000000000909e+02 4.561820064425347286e-03
7.296000000000000227e+02 4.449057251771899521e-03
7.297999999999999545e+02 4.345933815731471694e-03
7.300000000000000000e+02 4.253878652940264356e-03
7.302000000000000455e+02 4.173957161559214632e-03
7.304000000000000909e+02 4.106543577780897604e-03
7.306000000000000227e+02 4.051671280997226968e-03
7.307999999999999545e+02 4.009287622927797286e-03
7.310000000000000000e+02 3.979659579579984674e-03
7.312000000000000455e+02 3.963436238513127520e-03
7.314000000000000909e+02 3.961563332231516146e-03
7.316000000000000227e+02 3.974742311954298189e-03
7.317999999999999545e+02 4.003100158324071622e-03
7.320000000000000000e+02 4.045962225360501263e-03
7.322000000000000455e+02 4.101645062139414391e-03
7.324000000000000909e+02 4.168598535375217171e-03
7.326000000000000227e+02 4.245960475638962256e-03
7.327999999999999545e+02 4.333750154744536558e-03
7.330000000000000000e+02 4.432792505187805286e-03
7.332000000000000455e+02 4.544574101217505741e-03
7.334000000000000909e+02 4.670698196904141467e-03
7.336000000000000227e+02 4.812087499165331947e-03
7.337999999999999545e+02 4.968408949630913514e-03
7.340000000000000000e+02 5.137190945417311090e-03
7.342000000000000455e+02 5.314699147313931872e-03
7.344000000000000909e+02 5.496584540493124754e-03
7.346000000000000227e+02 5.679057761870514101e-03
7.347999999999999545e+02 5.859512718889710661e-03
7.350000000000000000e+02 6.036588519201377054e-03
7.352000000000000455e+02 6.209630775161370693e-03
7.354000000000000909e+02 6.378165084438137782e-03
7.356000000000000227e+02 6.541840543080321320e-03
7.357999999999999545e+02 6.700788558442557878e-03
7.360000000000000000e+02 6.855661846282801522e-03
7.362000000000000455e+02 7.007618628559168436e-03
7.364000000000000909e+02 7.158167546835945451e-03
7.366000000000000227e+02 7.307396816442090874e-03
7.367999999999999545e+02 7.454050540249171179e-03
7.370000000000000000e+02 7.597299756026272902e-03
7.372000000000000455e+02 7.735927249287679122e-03
7.374000000000000909e+02 7.868535600884551603e-03
7.376000000000000227e+02 7.994834215286546544e-03
7.377999999999999545e+02 8.115572569030048491e-03
7.380000000000000000e+02 8.232312519312176904e-03
7.382000000000000455e+02 8.346937946096984196e-03
7.384000000000000909e+02 8.461000432649036160e-03
7.386000000000000227e+02 8.575261700154842778e-03
7.387999999999999545e+02 8.688922725824237484e-03
7.390000000000000000e+02 8.799775008602286550e-03
7.392000000000000455e+02 8.904300819697136965e-03
7.394000000000000909e+02 8.997736841216153261e-03
7.396000000000000227e+02 9.075201329115377066e-03
7.397999999999999545e+02 9.132656783323121058e-03
7.400000000000000000e+02 9.168540957188919469e-03
7.402000000000000455e+02 9.183515410101974683e-03
7.404000000000000909e+02 9.180115787506997957e-03
7.406000000000000227e+02 9.162307420904942587e-03
7.407999999999999545e+02 9.134331396267930669e-03
7.410000000000000000e+02 9.100288949341586026e-03
7.412000000000000455e+02 9.063838680080042037e-03
7.414000000000000909e+02 9.028363009613066606e-03
7.416000000000000227e+02 8.997038358415301515e-03
7.417999999999999545e+02 8.972825985727487727e-03
7.420000000000000000e+02 8.957956445990761241e-03
7.422000000000000455e+02 8.953762139743651205e-03
7.424000000000000909e+02 8.960508619484998730e-03
7.426000000000000227e+02 8.978359361141064962e-03
7.427999999999999545e+02 9.007903819469321657e-03
7.430000000000000000e+02 9.050771856186128062e-03
7.432000000000000455e+02 9.109203244214622228e-03
7.434000000000000909e+02 9.185359910308645015e-03
7.436000000000000227e+02 9.280229659696576094e-03
7.437999999999999545e+02 9.392891488112928983e-03
7.440000000000000000e+02 9.520620634674363883e-03
7.442000000000000455e+02 9.659052138242743210e-03
7.444000000000000909e+02 9.803023997297153833e-03
7.446000000000000227e+02 9.947590954197850152e-03
7.447999999999999545e+02 1.008926757057364808e-02
7.450000000000000000e+02 1.022462411841418457e-02
7.452000000000000455e+02 1.035058848303151147e-02
7.454000000000000909e+02 1.046525203700723883e-02
7.456000000000000227e+02 1.056704855566513966e-02
7.457999999999999545e+02 1.065500310638849493e-02
7.460000000000000000e+02 1.072933771925683143e-02
7.462000000000000455e+02 1.079100349954123690e-02
7.464000000000000909e+02 1.084110249456055400e-02
7.466000000000000227e+02 1.088025560398261579e-02
7.467999999999999545e+02 1.090864122107012765e-02
7.470000000000000000e+02 1.092635258619012104e-02
7.472000000000000455e+02 1.093382916424859644e-02
7.474000000000000909e+02 1.093187615008548927e-02
7.476000000000000227e+02 1.092133625881372069e-02
7.477999999999999545e+02 1.090272257971420730e-02
7.480000000000000000e+02 1.087646211302700436e-02
7.482000000000000455e+02 1.084350052997218664e-02
7.484000000000000909e+02 1.080604312489739233e-02
7.486000000000000227e+02 1.076748167852020592e-02
7.487999999999999545e+02 1.073167885362864837e-02
7.490000000000000000e+02 1.070214866522740949e-02
7.492000000000000455e+02 1.068109186339845189e-02
7.494000000000000909e+02 1.066980492882389255e-02
7.496000000000000227e+02 1.066916946924546111e-02
7.497999999999999545e+02 1.068029838156579758e-02
7.500000000000000000e+02 1.070460331374616623e-02
7.502000000000000455e+02 1.074372031462251728e-02
7.504000000000000909e+02 1.079871046301847902e-02
7.506000000000000227e+02 1.086964911649433881e-02
7.507999999999999545e+02 1.095520508352240685e-02
7.510000000000000000e+02 1.105285785204373691e-02
7.512000000000000455e+02 1.115948515882680785e-02
7.514000000000000909e+02 1.127184085819943338e-02
7.516000000000000227e+02 1.138700902714358427e-02
7.517999999999999545e+02 1.150238048426064502e-02
7.520000000000000000e+02 1.161559624503911113e-02
7.522000000000000455e+02 1.172430234728445535e-02
7.524000000000000909e+02 1.182621265614781057e-02
7.526000000000000227e+02 1.191916175784180944e-02
7.527999999999999545e+02 1.200090765316743496e-02
7.530000000000000000e+02 1.206958852449335762e-02
7.532000000000000455e+02 1.212416936074512362e-02
7.534000000000000909e+02 1.216454909684562720e-02
7.536000000000000227e+02 1.219167210558841710e-02
7.537999999999999545e+02 1.220763983647238544e-02
7.540000000000000000e+02 1.221516714756174654e-02
7.542000000000000455e+02 1.221711230996929722e-02
7.544000000000000909e+02 1.221608393225188070e-02
7.546000000000000227e+02 1.221376660505497924e-02
7.547999999999999545e+02 1.221095584605404356e-02
7.550000000000000000e+02 1.220759776193016712e-02
7.552000000000000455e+02 1.220323048545590879e-02
7.554000000000000909e+02 1.219754370839264829e-02
7.556000000000000227e+02 1.219069523589631256e-02
7.557999999999999545e+02 1.218313023083577272e-02
7.560000000000000000e+02 1.217532311237637041e-02
7.562000000000000455e+02 1.216764560828318895e-02
7.564000000000000909e+02 1.216043839223918469e-02
7.566000000000000227e+02 1.215418982506924483e-02
7.567999999999999545e+02 1.214984853021396777e-02
7.570000000000000000e+02 1.214979402035156093e-02
7.572000000000000455e+02 1.215782487010075123e-02
7.574000000000000909e+02 1.217897156005807134e-02
7.576000000000000227e+02 1.221820692987170449e-02
7.577999999999999545e+02 1.227929830531246901e-02
7.580000000000000000e+02 1.236403401328962579e-02
7.582000000000000455e+02 1.247166759547933129e-02
7.584000000000000909e+02 1.260006563962033123e-02
7.586000000000000227e+02 1.274628935449244153e-02
7.587999999999999545e+02 1.290697190878311272e-02
7.590000000000000000e+02 1.307793097155672025e-02
7.592000000000000455e+02 1.325403719871929946e-02
7.594000000000000909e+02 1.342973826966099675e-02
7.596000000000000227e+02 1.359991309570211110e-02
7.597999999999999545e+02 1.376036133629777308e-02
7.600000000000000000e+02 1.390816207314359530e-02
7.602000000000000455e+02 1.404126373456083578e-02
7.604000000000000909e+02 1.415833169423849625e-02
7.606000000000000227e+02 1.425872966850815458e-02
7.607999999999999545e+02 1.434279853873451221e-02
7.610000000000000000e+02 1.441187601577369713e-02
7.612000000000000455e+02 1.446777190004232098e-02
7.614000000000000909e+02 1.451261699274382366e-02
7.616000000000000227e+02 1.454892571573369008e-02
7.617999999999999545e+02 1.457995884978422786e-02
7.620000000000000000e+02 1.460975506916538727e-02
7.622000000000000455e+02 1.464281700071423144e-02
7.624000000000000909e+02 1.468295867897603107e-02
7.626000000000000227e+02 1.473306423768065525e-02
7.627999999999999545e+02 1.479490308818920581e-02
7.630000000000000000e+02 1.486879607308051049e-02
7.632000000000000455e+02 1.495406692847871082e-02
7.634000000000000909e+02 1.504868885534412816e-02
7.636000000000000227e+02 1.514780735236223932e-02
7.637999999999999545e+02 1.524675427186558685e-02
7.640000000000000000e+02 1.534157010154718614e-02
7.642000000000000455e+02 1.542752409826016191e-02
7.644000000000000909e+02 1.550048702953785336e-02
7.646000000000000227e+02 1.555763534651871498e-02
7.647999999999999545e+02 1.559810573036056122e-02
7.650000000000000000e+02 1.562305326085371843e-02
7.652000000000000455e+02 1.563558206457450403e-02
7.654000000000000909e+02 1.563972375762436723e-02
7.656000000000000227e+02 1.563984182896164393e-02
7.657999999999999545e+02 1.564034454662249080e-02
7.660000000000000000e+02 1.564544062172531017e-02
7.662000000000000455e+02 1.565946986082434114e-02
7.664000000000000909e+02 1.568703338179047724e-02
7.666000000000000227e+02 1.573234336516218454e-02
7.667999999999999545e+02 1.579859786607445624e-02
7.670000000000000000e+02 1.588741597571431685e-02
7.672000000000000455e+02 1.599908754155628110e-02
7.674000000000000909e+02 1.613253020054858725e-02
7.676000000000000227e+02 1.628491503082797956e-02
7.677999999999999545e+02 1.645134978473017026e-02
7.680000000000000000e+02 1.662564451334495180e-02
7.682000000000000455e+02 1.680106851865416015e-02
7.684000000000000909e+02 1.697179184298611490e-02
7.686000000000000227e+02 1.713311952381732853e-02
7.687999999999999545e+02 1.728172778740259471e-02
7.690000000000000000e+02 1.741504091413872968e-02
7.692000000000000455e+02 1.753104711280304220e-02
7.694000000000000909e+02 1.762836719180584447e-02
7.696000000000000227e+02 1.770713812509814439e-02
7.697999999999999545e+02 1.776906778755053123e-02
7.700000000000000000e+02 1.781749123985810340e-02
7.702000000000000455e+02 1.785666928984414037e-02
7.704000000000000909e+02 1.789154930327677834e-02
7.706000000000000227e+02 1.792764174981609920e-02
7.707999999999999545e+02 1.797018100264763038e-02
7.710000000000000000e+02 1.802366182392194441e-02
7.712000000000000455e+02 1.809107786446332439e-02
7.714000000000000909e+02 1.817411484854570061e-02
7.716000000000000227e+02 1.827326870599908087e-02
7.717999999999999545e+02 1.838803057504671476e-02
7.720000000000000000e+02 1.851713313421667409e-02
7.722000000000000455e+02 1.865854740925851005e-02
7.724000000000000909e+02 1.880926882577391157e-02
7.726000000000000227e+02 1.896609948122720060e-02
7.727999999999999545e+02 1.912616007295187340e-02
7.730000000000000000e+02 1.928770135142159059e-02
7.732000000000000455e+02 1.944947545035749514e-02
7.734000000000000909e+02 1.961038650901745020e-02
7.736000000000000227e+02 1.976924545182495371e-02
7.737999999999999545e+02 1.992527157950855013e-02
7.740000000000000000e+02 2.007836126018834946e-02
7.742000000000000455e+02 2.022839201210064816e-02
7.744000000000000909e+02 2.037462438836776940e-02
7.746000000000000227e+02 2.051529629464599394e-02
7.747999999999999545e+02 2.064834680149095145e-02
7.750000000000000000e+02 2.077212734246172351e-02
7.752000000000000455e+02 2.088615280326023768e-02
7.754000000000000909e+02 2.099183838981954001e-02
7.756000000000000227e+02 2.109120229103215657e-02
7.757999999999999545e+02 2.118563827525607457e-02
7.760000000000000000e+02 2.127745546794657452e-02
7.762000000000000455e+02 2.136997563647869899e-02
7.764000000000000909e+02 2.146755921232645914e-02
7.766000000000000227e+02 2.157515394996573424e-02
7.767999999999999545e+02 2.169789503588372831e-02
7.770000000000000000e+02 2.184061439858537082e-02
7.772000000000000455e+02 2.200752702037070407e-02
7.774000000000000909e+02 2.220209059409945090e-02
7.776000000000000227e+02 2.242665383214532959e-02
7.777999999999999545e+02 2.268189875783272608e-02
7.780000000000000000e+02 2.296656537776188903e-02
7.782000000000000455e+02 2.327682252685351130e-02
7.784000000000000909e+02 2.360733037305322649e-02
7.786000000000000227e+02 2.395192365292257708e-02
7.787999999999999545e+02 2.430465323048319401e-02
7.790000000000000000e+02 2.466002287007989027e-02
7.792000000000000455e+02 2.501306776377596949e-02
7.794000000000000909e+02 2.535940424691836628e-02
7.796000000000000227e+02 2.569457141403086800e-02
7.797999999999999545e+02 2.601369092486023604e-02
7.800000000000000000e+02 2.631110811286715978e-02
7.802000000000000455e+02 2.658202933538546600e-02
7.804000000000000909e+02 2.682355001726080893e-02
7.806000000000000227e+02 2.703583408122586101e-02
7.807999999999999545e+02 2.722108517282439272e-02
7.810000000000000000e+02 2.738291001813705078e-02
7.812000000000000455e+02 2.752485950889002261e-02
7.814000000000000909e+02 2.765039547904129050e-02
7.816000000000000227e+02 2.776310569111330520e-02
7.817999999999999545e+02 2.786774819372928036e-02
7.820000000000000000e+02 2.796947578624831704e-02
7.822000000000000455e+02 2.807290788014941280e-02
7.824000000000000909e+02 2.817972967688233549e-02
7.826000000000000227e+02 2.828851234803677478e-02
7.827999999999999545e+02 2.839440127232094324e-02
7.830000000000000000e+02 2.849093195840165724e-02
7.832000000000000455e+02 2.857166925269956012e-02
7.834000000000000909e+02 2.863186440233143892e-02
7.836000000000000227e+02 2.866965213720758590e-02
7.837999999999999545e+02 2.868550426187889066e-02
7.840000000000000000e+02 2.868183066347475621e-02
7.842000000000000455e+02 2.866293652161253439e-02
7.844000000000000909e+02 2.863446894410399610e-02
7.846000000000000227e+02 2.860274297055053275e-02
7.847999999999999545e+02 2.857318357975302536e-02
7.850000000000000000e+02 2.854952958799509416e-02
7.852000000000000455e+02 2.853254692016256658e-02
7.854000000000000909e+02 2.852023370085232656e-02
7.856000000000000227e+02 2.850873023488488534e-02
7.857999999999999545e+02 2.849399769471774521e-02
7.860000000000000000e+02 2.847276231429171980e-02
7.862000000000000455e+02 2.844249788679174828e-02
7.864000000000000909e+02 2.840082735850211690e-02
7.866000000000000227e+02 2.834519618316767159e-02
7.867999999999999545e+02 2.827310857138597144e-02
7.870000000000000000e+02 2.818322107676899183e-02
7.872000000000000455e+02 2.807595781813659527e-02
7.874000000000000909e+02 2.795358134479088499e-02
7.876000000000000227e+02 2.781945290334905327e-02
7.877999999999999545e+02 2.767666263229266038e-02
7.880000000000000000e+02 2.752756826756143013e-02
7.882000000000000455e+02 2.737433732127259045e-02
7.884000000000000909e+02 2.722009370059875685e-02
7.886000000000000227e+02 2.706952518368690649e-02
7.887999999999999545e+02 2.692857796977285098e-02
7.890000000000000000e+02 2.680309027752708628e-02
7.892000000000000455e+02 2.669780350477880815e-02
7.894000000000000909e+02 2.661547650763021813e-02
7.896000000000000227e+02 2.655760112910205903e-02
7.897999999999999545e+02 2.652485650568574618e-02
7.900000000000000000e+02 2.651764831837901196e-02
7.902000000000000455e+02 2.653542133859365659e-02
7.904000000000000909e+02 2.657580666938764644e-02
7.906000000000000227e+02 2.663459166046508453e-02
7.907999999999999545e+02 2.670618627299874495e-02
7.910000000000000000e+02 2.678391941996802889e-02
7.912000000000000455e+02 2.686085100703002049e-02
7.914000000000000909e+02 2.693049679621394021e-02
7.916000000000000227e+02 2.698785393641436881e-02
7.917999999999999545e+02 2.703082983041538156e-02
7.920000000000000000e+02 2.706049068031660121e-02
7.922000000000000455e+02 2.708160500305081819e-02
7.924000000000000909e+02 2.710018381227851519e-02
7.926000000000000227e+02 2.712224742793532470e-02
7.927999999999999545e+02 2.715231578567971898e-02
7.930000000000000000e+02 2.719233723610103848e-02
7.932000000000000455e+02 2.724175943308553699e-02
7.934000000000000909e+02 2.729781834815496119e-02
7.936000000000000227e+02 2.735638903237637073e-02
7.937999999999999545e+02 2.741236841807683997e-02
7.940000000000000000e+02 2.746004468867448145e-02
7.942000000000000455e+02 2.749336631466892805e-02
7.944000000000000909e+02 2.750613651875234711e-02
7.946000000000000227e+02 2.749245042084264012e-02
7.947999999999999545e+02 2.744788842527668554e-02
7.950000000000000000e+02 2.736995424340884706e-02
7.952000000000000455e+02 2.725798269945544153e-02
7.954000000000000909e+02 2.711246367022525361e-02
7.956000000000000227e+02 2.693450906701998215e-02
7.957999999999999545e+02 2.672440587118096386e-02
7.960000000000000000e+02 2.648175741466078301e-02
7.962000000000000455e+02 2.620579702078737819e-02
7.964000000000000909e+02 2.589674846084079676e-02
7.966000000000000227e+02 2.555636881201748048e-02
7.967999999999999545e+02 2.518849532659145699e-02
7.970000000000000000e+02 2.479943909634814078e-02
7.972000000000000455e+02 2.439734737444471807e-02
7.974000000000000909e+02 2.399188871844688126e-02
7.976000000000000227e+02 2.359337960613712079e-02
7.977999999999999545e+02 2.321124877028494030e-02
7.980000000000000000e+02 2.285233435739948346e-02
7.982000000000000455e+02 2.251895091288797640e-02
7.984000000000000909e+02 2.220919047489389869e-02
7.986000000000000227e+02 2.191688512582423351e-02
7.987999999999999545e+02 2.163430140057630985e-02
7.990000000000000000e+02 2.135398170123304143e-02
7.992000000000000455e+02 2.107065003781887283e-02
7.994000000000000909e+02 2.078074356347514584e-02
7.996000000000000227e+02 2.048299294491923508e-02
7.997999999999999545e+02 2.017963503703041478e-02
8.000000000000000000e+02 1.987220325801357032e-02
