4.200000000000000000e+02 2.160224961685893175e-01
4.201999999999999886e+02 2.143254742342238506e-01
4.203999999999999773e+02 2.126768091805111283e-01
4.206000000000000227e+02 2.110663787570013494e-01
4.208000000000000114e+02 2.094942496276945842e-01
4.210000000000000000e+02 2.079668718300663743e-01
4.211999999999999886e+02 2.064707895301224616e-01
4.213999999999999773e+02 2.050057440320273427e-01
4.216000000000000227e+02 2.035733808708008741e-01
4.218000000000000114e+02 2.021605545041948171e-01
4.220000000000000000e+02 2.007740358543914361e-01
4.221999999999999886e+02 1.994114634025833110e-01
4.223999999999999773e+02 1.980643914222509072e-01
4.226000000000000227e+02 1.967421664704430695e-01
4.228000000000000114e+02 1.954398075357107467e-01
4.230000000000000000e+02 1.941586644578110199e-01
4.231999999999999886e+02 1.929099429819339795e-01
4.233999999999999773e+02 1.916861216198563200e-01
4.236000000000000227e+02 1.904901414373412205e-01
4.238000000000000114e+02 1.893226357413772265e-01
4.240000000000000000e+02 1.881720192347051401e-01
4.241999999999999886e+02 1.870435120628229364e-01
4.243999999999999773e+02 1.859344007921424624e-01
4.246000000000000227e+02 1.848402921385215170e-01
4.248000000000000114e+02 1.837706181901949953e-01
4.250000000000000000e+02 1.827204341806198395e-01
4.251999999999999886e+02 1.816898298963054992e-01
4.253999999999999773e+02 1.806840657153554186e-01
4.256000000000000227e+02 1.796943379236798366e-01
4.258000000000000114e+02 1.787233943703905870e-01
4.260000000000000000e+02 1.777716109867647221e-01
4.261999999999999886e+02 1.768309631293982220e-01
4.263999999999999773e+02 1.759059123923262802e-01
4.266000000000000227e+02 1.749916085555457967e-01
4.268000000000000114e+02 1.740825207998887292e-01
4.270000000000000000e+02 1.731831086273599718e-01
4.271999999999999886e+02 1.722857456520082986e-01
4.273999999999999773e+02 1.713897823497437245e-01
4.276000000000000227e+02 1.704985219406082442e-01
4.278000000000000114e+02 1.696045617759067980e-01
4.280000000000000000e+02 1.687115238307540510e-01
4.281999999999999886e+02 1.678182489049050985e-01
4.283999999999999773e+02 1.669168418951910704e-01
4.286000000000000227e+02 1.660119939948231094e-01
4.288000000000000114e+02 1.651009998714124960e-01
4.290000000000000000e+02 1.641853771919602190e-01
4.291999999999999886e+02 1.632781211411911959e-01
4.293999999999999773e+02 1.623819357689894327e-01
4.296000000000000227e+02 1.615066166504268985e-01
4.298000000000000114e+02 1.606616969309960785e-01
4.300000000000000000e+02 1.598437889415307844e-01
4.301999999999999886e+02 1.590576581062253247e-01
4.303999999999999773e+02 1.583021281009394654e-01
4.306000000000000227e+02 1.575713562017104497e-01
4.308000000000000114e+02 1.568691188038347506e-01
4.310000000000000000e+02 1.561905488939038800e-01
4.311999999999999886e+02 1.555322950046828523e-01
4.313999999999999773e+02 1.548961171206703902e-01
4.316000000000000227e+02 1.542748879682865060e-01
4.318000000000000114e+02 1.536678459583839529e-01
4.320000000000000000e+02 1.530746510483280420e-01
4.321999999999999886e+02 1.524890003307165787e-01
4.323999999999999773e+02 1.519128817264856490e-01
4.326000000000000227e+02 1.513435189192659514e-01
4.328000000000000114e+02 1.507758218544202333e-01
4.330000000000000000e+02 1.502116719691944657e-01
4.331999999999999886e+02 1.496467687762940424e-01
4.333999999999999773e+02 1.490813198374536241e-01
4.336000000000000227e+02 1.485212064468768300e-01
4.338000000000000114e+02 1.479668692603348934e-01
4.340000000000000000e+02 1.474251446420109801e-01
4.341999999999999886e+02 1.469005039310900540e-01
4.343999999999999773e+02 1.463900027929903591e-01
4.346000000000000227e+02 1.458954063198348305e-01
4.348000000000000114e+02 1.454125032806384832e-01
4.350000000000000000e+02 1.449360113461918842e-01
4.351999999999999886e+02 1.444671462338589785e-01
4.353999999999999773e+02 1.440030284442241904e-01
4.356000000000000227e+02 1.435430555375489248e-01
4.358000000000000114e+02 1.430919837970446584e-01
4.360000000000000000e+02 1.426573239007249694e-01
4.361999999999999886e+02 1.422354754918357667e-01
4.363999999999999773e+02 1.418216824096339146e-01
4.366000000000000227e+02 1.414169124577361880e-01
4.368000000000000114e+02 1.410237227992957587e-01
4.370000000000000000e+02 1.406423436468668409e-01
4.371999999999999886e+02 1.402716190990127565e-01
4.373999999999999773e+02 1.399115409479551320e-01
4.376000000000000227e+02 1.395606331437374559e-01
4.378000000000000114e+02 1.392190134519993572e-01
4.380000000000000000e+02 1.388891896206605470e-01
4.381999999999999886e+02 1.385715670665593202e-01
4.383999999999999773e+02 1.382677910506247276e-01
4.386000000000000227e+02 1.379801230084946317e-01
4.388000000000000114e+02 1.377093790731262479e-01
4.390000000000000000e+02 1.374572885718565451e-01
4.391999999999999886e+02 1.372239517520554841e-01
4.393999999999999773e+02 1.370071362506522783e-01
4.396000000000000227e+02 1.368058032026726045e-01
4.398000000000000114e+02 1.366197412029465652e-01
4.400000000000000000e+02 1.364485954683320457e-01
4.401999999999999886e+02 1.362908938528255010e-01
4.403999999999999773e+02 1.361449301685261626e-01
4.406000000000000227e+02 1.360074523810394231e-01
4.408000000000000114e+02 1.358736873812341484e-01
4.410000000000000000e+02 1.357401313609886695e-01
4.411999999999999886e+02 1.356039999577565158e-01
4.413999999999999773e+02 1.354636775498489765e-01
4.416000000000000227e+02 1.353192537259928219e-01
4.418000000000000114e+02 1.351699723511423090e-01
4.420000000000000000e+02 1.350147926658220032e-01
4.421999999999999886e+02 1.348530264657419597e-01
4.423999999999999773e+02 1.346845593359556337e-01
4.426000000000000227e+02 1.345095598910792112e-01
4.428000000000000114e+02 1.343291985085205420e-01
4.430000000000000000e+02 1.341462345854786409e-01
4.431999999999999886e+02 1.339618252933088005e-01
4.433999999999999773e+02 1.337764513233177799e-01
4.436000000000000227e+02 1.335903362838468944e-01
4.438000000000000114e+02 1.334025209797728428e-01
4.440000000000000000e+02 1.332129969437719497e-01
4.441999999999999886e+02 1.330218250378284173e-01
4.443999999999999773e+02 1.328275807768226069e-01
4.446000000000000227e+02 1.326296371393096696e-01
4.448000000000000114e+02 1.324271105427589912e-01
4.450000000000000000e+02 1.322187743539085802e-01
4.451999999999999886e+02 1.320048608647746979e-01
4.453999999999999773e+02 1.317844913429617737e-01
4.456000000000000227e+02 1.315569064309946024e-01
4.458000000000000114e+02 1.313238907609209638e-01
4.460000000000000000e+02 1.310892748421123299e-01
4.461999999999999886e+02 1.308573181175441413e-01
4.463999999999999773e+02 1.306319338719073020e-01
4.466000000000000227e+02 1.304166518979186506e-01
4.468000000000000114e+02 1.302110722912713792e-01
4.470000000000000000e+02 1.300122291862810808e-01
4.471999999999999886e+02 1.298171547134718828e-01
4.473999999999999773e+02 1.296218572296472804e-01
4.476000000000000227e+02 1.294234155083433813e-01
4.478000000000000114e+02 1.292201369209054762e-01
4.480000000000000000e+02 1.290087702389163815e-01
4.481999999999999886e+02 1.287868091761561196e-01
4.483999999999999773e+02 1.285522407490528318e-01
4.486000000000000227e+02 1.283029339300041094e-01
4.488000000000000114e+02 1.280390626027275158e-01
4.490000000000000000e+02 1.277606898216784304e-01
4.491999999999999886e+02 1.274671135286630785e-01
4.493999999999999773e+02 1.271589923001825717e-01
4.496000000000000227e+02 1.268377634696933598e-01
4.498000000000000114e+02 1.265047890402400399e-01
4.500000000000000000e+02 1.261612850724141976e-01
4.501999999999999886e+02 1.258121386221245086e-01
4.503999999999999773e+02 1.254617378996641941e-01
4.506000000000000227e+02 1.251125426974227517e-01
4.508000000000000114e+02 1.247674905005907997e-01
4.510000000000000000e+02 1.244267203963666385e-01
4.511999999999999886e+02 1.240891866350347095e-01
4.513999999999999773e+02 1.237547369233788774e-01
4.516000000000000227e+02 1.234202106700806323e-01
4.518000000000000114e+02 1.230823320674346993e-01
4.520000000000000000e+02 1.227393184699009931e-01
4.521999999999999886e+02 1.223904567293118834e-01
4.523999999999999773e+02 1.220350775983786717e-01
4.526000000000000227e+02 1.216740118027328926e-01
4.528000000000000114e+02 1.213104789518525961e-01
4.530000000000000000e+02 1.209443491572520651e-01
4.531999999999999886e+02 1.205748901670121165e-01
4.533999999999999773e+02 1.202013680285066721e-01
4.536000000000000227e+02 1.198207321052627700e-01
4.538000000000000114e+02 1.194328979571882970e-01
4.540000000000000000e+02 1.190385660826757397e-01
4.541999999999999886e+02 1.186362235262896359e-01
4.543999999999999773e+02 1.182263883694152085e-01
4.546000000000000227e+02 1.178082951981830606e-01
4.548000000000000114e+02 1.173799075695913796e-01
4.550000000000000000e+02 1.169421011341786332e-01
4.551999999999999886e+02 1.164936592431568135e-01
4.553999999999999773e+02 1.160328056053777646e-01
4.556000000000000227e+02 1.155598114981760266e-01
4.558000000000000114e+02 1.150751238002766380e-01
4.560000000000000000e+02 1.145777954234413198e-01
4.561999999999999886e+02 1.140672141116988725e-01
4.563999999999999773e+02 1.135481716690095455e-01
4.566000000000000227e+02 1.130240984576308394e-01
4.568000000000000114e+02 1.124987337953058525e-01
4.570000000000000000e+02 1.119784155565828193e-01
4.571999999999999886e+02 1.114662827034453851e-01
4.573999999999999773e+02 1.109663273673740930e-01
4.576000000000000227e+02 1.104828058771763211e-01
4.578000000000000114e+02 1.100142259437976583e-01
4.580000000000000000e+02 1.095590435311457056e-01
4.581999999999999886e+02 1.091165268322471238e-01
4.583999999999999773e+02 1.086860809798928101e-01
4.586000000000000227e+02 1.082664497986078889e-01
4.588000000000000114e+02 1.078590913977752197e-01
4.590000000000000000e+02 1.074670355138801631e-01
4.591999999999999886e+02 1.070889815668456674e-01
4.593999999999999773e+02 1.067234501912015243e-01
4.596000000000000227e+02 1.063682414293809220e-01
4.598000000000000114e+02 1.060199148832179916e-01
4.600000000000000000e+02 1.056786122066859651e-01
4.601999999999999886e+02 1.053444586572632180e-01
4.603999999999999773e+02 1.050169388434198797e-01
4.606000000000000227e+02 1.046973253160476819e-01
4.608000000000000114e+02 1.043853694514744329e-01
4.610000000000000000e+02 1.040810392563218251e-01
4.611999999999999886e+02 1.037860560289929485e-01
4.613999999999999773e+02 1.034996618861734746e-01
4.616000000000000227e+02 1.032209691130243634e-01
4.618000000000000114e+02 1.029497111735525744e-01
4.620000000000000000e+02 1.026851277317259448e-01
4.621999999999999886e+02 1.024253764952447188e-01
4.623999999999999773e+02 1.021691576894003251e-01
4.626000000000000227e+02 1.019167011819288454e-01
4.628000000000000114e+02 1.016665953044250809e-01
4.630000000000000000e+02 1.014185903912709213e-01
4.631999999999999886e+02 1.011741939526619172e-01
4.633999999999999773e+02 1.009352244753979749e-01
4.636000000000000227e+02 1.007053100481257180e-01
4.638000000000000114e+02 1.004873439000206481e-01
4.640000000000000000e+02 1.002814119101397144e-01
4.641999999999999886e+02 1.000877096848017955e-01
4.643999999999999773e+02 9.990543808086266298e-02
4.646000000000000227e+02 9.973337081656377667e-02
4.648000000000000114e+02 9.957199758489708452e-02
4.650000000000000000e+02 9.942093545458063897e-02
4.651999999999999886e+02 9.927939787290901430e-02
4.653999999999999773e+02 9.914686792330577869e-02
4.656000000000000227e+02 9.902202495255509052e-02
4.658000000000000114e+02 9.890274833279637245e-02
4.660000000000000000e+02 9.878707414780248108e-02
4.661999999999999886e+02 9.867481892359598883e-02
4.663999999999999773e+02 9.856537565373067744e-02
4.666000000000000227e+02 9.845774124423740947e-02
4.668000000000000114e+02 9.835083599881504213e-02
4.670000000000000000e+02 9.824315998578138365e-02
4.671999999999999886e+02 9.813471815830891731e-02
4.673999999999999773e+02 9.802706954907519643e-02
4.676000000000000227e+02 9.792185705599711076e-02
4.678000000000000114e+02 9.782102173649756538e-02
4.680000000000000000e+02 9.772629327351409212e-02
4.681999999999999886e+02 9.763885708859566803e-02
4.683999999999999773e+02 9.755999895071831851e-02
4.686000000000000227e+02 9.748971540190880247e-02
4.688000000000000114e+02 9.742665816491834219e-02
4.690000000000000000e+02 9.736918805723406012e-02
4.691999999999999886e+02 9.731598509918144846e-02
4.693999999999999773e+02 9.726621563685161620e-02
4.696000000000000227e+02 9.721956024852933254e-02
4.698000000000000114e+02 9.717601396336365827e-02
4.700000000000000000e+02 9.713523798392392772e-02
4.701999999999999886e+02 9.709655072560385847e-02
4.703999999999999773e+02 9.705929639909398332e-02
4.706000000000000227e+02 9.702225117301353785e-02
4.708000000000000114e+02 9.698387893453672137e-02
4.710000000000000000e+02 9.694276081732328132e-02
4.711999999999999886e+02 9.689807008066284033e-02
4.713999999999999773e+02 9.684927937395486353e-02
4.716000000000000227e+02 9.679568678769237544e-02
4.718000000000000114e+02 9.673576257747569518e-02
4.720000000000000000e+02 9.666715419259515329e-02
4.721999999999999886e+02 9.658800641108744589e-02
4.723999999999999773e+02 9.649790324550712450e-02
4.726000000000000227e+02 9.639718262556579154e-02
4.728000000000000114e+02 9.628693051660408564e-02
4.730000000000000000e+02 9.616863174929581037e-02
4.731999999999999886e+02 9.604363641022026221e-02
4.733999999999999773e+02 9.591417756870612710e-02
4.736000000000000227e+02 9.578200397802884292e-02
4.738000000000000114e+02 9.564766144644427925e-02
4.740000000000000000e+02 9.551253866168983586e-02
4.741999999999999886e+02 9.537802803074135749e-02
4.743999999999999773e+02 9.524547484132596387e-02
4.746000000000000227e+02 9.511641785997727860e-02
4.748000000000000114e+02 9.499009670010075124e-02
4.750000000000000000e+02 9.486441964226628720e-02
4.751999999999999886e+02 9.473720790533365910e-02
4.753999999999999773e+02 9.460685182907578594e-02
4.756000000000000227e+02 9.447198668791215170e-02
4.758000000000000114e+02 9.433196659854041488e-02
4.760000000000000000e+02 9.418770257717658245e-02
4.761999999999999886e+02 9.403977538261674984e-02
4.763999999999999773e+02 9.388896065048811523e-02
4.766000000000000227e+02 9.373625703706151002e-02
4.768000000000000114e+02 9.358064991296560775e-02
4.770000000000000000e+02 9.342076726069489800e-02
4.771999999999999886e+02 9.325494183174912188e-02
4.773999999999999773e+02 9.308055839569709389e-02
4.776000000000000227e+02 9.289659792268679939e-02
4.778000000000000114e+02 9.270318982437637800e-02
4.780000000000000000e+02 9.250044892295944399e-02
4.781999999999999886e+02 9.228674897963315416e-02
4.783999999999999773e+02 9.206155312096474252e-02
4.786000000000000227e+02 9.182516505991852873e-02
4.788000000000000114e+02 9.157700409411073661e-02
4.790000000000000000e+02 9.131834194307719699e-02
4.791999999999999886e+02 9.105034503085876474e-02
4.793999999999999773e+02 9.077315276298858482e-02
4.796000000000000227e+02 9.048876092398698556e-02
4.798000000000000114e+02 9.019811280609685289e-02
4.800000000000000000e+02 8.990199648913634045e-02
4.801999999999999886e+02 8.960380404116696784e-02
4.803999999999999773e+02 8.930670150888891934e-02
4.806000000000000227e+02 8.901481052139337269e-02
4.808000000000000114e+02 8.873312649674158781e-02
4.810000000000000000e+02 8.846319218909932947e-02
4.811999999999999886e+02 8.820549369661938310e-02
4.813999999999999773e+02 8.796003650466918677e-02
4.816000000000000227e+02 8.772571506991774792e-02
4.818000000000000114e+02 8.749963821072936909e-02
4.820000000000000000e+02 8.727897953590034452e-02
4.821999999999999886e+02 8.706171232064099930e-02
4.823999999999999773e+02 8.684459877810452033e-02
4.826000000000000227e+02 8.662598631203892452e-02
4.828000000000000114e+02 8.640561988769764057e-02
4.830000000000000000e+02 8.618316823738855770e-02
4.831999999999999886e+02 8.595984390899567840e-02
4.833999999999999773e+02 8.573619891495390388e-02
4.836000000000000227e+02 8.551134852205273529e-02
4.838000000000000114e+02 8.528586408151320186e-02
4.840000000000000000e+02 8.505919895286588595e-02
4.841999999999999886e+02 8.483000885696891091e-02
4.843999999999999773e+02 8.459758593588298514e-02
4.846000000000000227e+02 8.435948872485152239e-02
4.848000000000000114e+02 8.411401053759239022e-02
4.850000000000000000e+02 8.386191417036308049e-02
4.851999999999999886e+02 8.360569325173521082e-02
4.853999999999999773e+02 8.334744827514954657e-02
4.856000000000000227e+02 8.308935784483632847e-02
4.858000000000000114e+02 8.283482741578264419e-02
4.860000000000000000e+02 8.258518396046629628e-02
4.861999999999999886e+02 8.234201512407658685e-02
4.863999999999999773e+02 8.210826813137329927e-02
4.866000000000000227e+02 8.188596084922700191e-02
4.868000000000000114e+02 8.167819103865478492e-02
4.870000000000000000e+02 8.148802428114257368e-02
4.871999999999999886e+02 8.131638295364068680e-02
4.873999999999999773e+02 8.116495235349781290e-02
4.876000000000000227e+02 8.103587059916882163e-02
4.878000000000000114e+02 8.093106478402686821e-02
4.880000000000000000e+02 8.085167907297849399e-02
4.881999999999999886e+02 8.079845171701864615e-02
4.883999999999999773e+02 8.077121391040895104e-02
4.886000000000000227e+02 8.076816977694126209e-02
4.888000000000000114e+02 8.078711027886069374e-02
4.890000000000000000e+02 8.082546381561211968e-02
4.891999999999999886e+02 8.087990265349412344e-02
4.893999999999999773e+02 8.094551243855835354e-02
4.896000000000000227e+02 8.101705954584936809e-02
4.898000000000000114e+02 8.108958325230639086e-02
4.900000000000000000e+02 8.115893539818250235e-02
4.901999999999999886e+02 8.122326989199785130e-02
4.903999999999999773e+02 8.128253020671886986e-02
4.906000000000000227e+02 8.133809787147815162e-02
4.908000000000000114e+02 8.139287172142685434e-02
4.910000000000000000e+02 8.145037445027734913e-02
4.911999999999999886e+02 8.151449392803282457e-02
4.913999999999999773e+02 8.158952364144986258e-02
4.916000000000000227e+02 8.168029131478350691e-02
4.918000000000000114e+02 8.179068578271843359e-02
4.920000000000000000e+02 8.192331784271385253e-02
4.921999999999999886e+02 8.208114605567509714e-02
4.923999999999999773e+02 8.226658969227647333e-02
4.926000000000000227e+02 8.248195758483052586e-02
4.928000000000000114e+02 8.272974010568658054e-02
4.930000000000000000e+02 8.300894980830021697e-02
4.931999999999999886e+02 8.331761628777241413e-02
4.933999999999999773e+02 8.365372886713066947e-02
4.936000000000000227e+02 8.401316553165850964e-02
4.938000000000000114e+02 8.439239672880566312e-02
4.940000000000000000e+02 8.478686038827912275e-02
4.941999999999999886e+02 8.518883217972494926e-02
4.943999999999999773e+02 8.559327647993382471e-02
4.946000000000000227e+02 8.599572270462711721e-02
4.948000000000000114e+02 8.639145084454319390e-02
4.950000000000000000e+02 8.677795308789643114e-02
4.951999999999999886e+02 8.715651302892088448e-02
4.953999999999999773e+02 8.752959205370412776e-02
4.956000000000000227e+02 8.789770115897072023e-02
4.958000000000000114e+02 8.826288731943776611e-02
4.960000000000000000e+02 8.862566187091712455e-02
4.961999999999999886e+02 8.898457601097944925e-02
4.963999999999999773e+02 8.934024523562601738e-02
4.966000000000000227e+02 8.969220255662786745e-02
4.968000000000000114e+02 9.004068643354760926e-02
4.970000000000000000e+02 9.038921623362816682e-02
4.971999999999999886e+02 9.074042996143653894e-02
4.973999999999999773e+02 9.109627716792820240e-02
4.976000000000000227e+02 9.145871220895150644e-02
4.978000000000000114e+02 9.183012004991002175e-02
4.980000000000000000e+02 9.220898746600614260e-02
4.981999999999999886e+02 9.259201783954160159e-02
4.983999999999999773e+02 9.297724004266259834e-02
4.986000000000000227e+02 9.336002806300840173e-02
4.988000000000000114e+02 9.373603438633150431e-02
4.990000000000000000e+02 9.410169420429702336e-02
4.991999999999999886e+02 9.445118029420263017e-02
4.993999999999999773e+02 9.478184667265374119e-02
4.996000000000000227e+02 9.509293452144718106e-02
4.998000000000000114e+02 9.538284876413002933e-02
5.000000000000000000e+02 9.565110789273763292e-02
5.001999999999999886e+02 9.589651395981646509e-02
5.003999999999999773e+02 9.611759568945048293e-02
5.006000000000000227e+02 9.631629837378068160e-02
5.008000000000000114e+02 9.649532326085917544e-02
5.010000000000000000e+02 9.665757791598410253e-02
5.011999999999999886e+02 9.680641311829121798e-02
5.013999999999999773e+02 9.694582752823113769e-02
5.016000000000000227e+02 9.707958210872862093e-02
5.018000000000000114e+02 9.721121441745192437e-02
5.020000000000000000e+02 9.734504860005525895e-02
5.021999999999999886e+02 9.748400668658852020e-02
5.023999999999999773e+02 9.762962983540561523e-02
5.026000000000000227e+02 9.778234736607917255e-02
5.028000000000000114e+02 9.794000635194900772e-02
5.030000000000000000e+02 9.810010206138208844e-02
5.031999999999999886e+02 9.826041529336668190e-02
5.033999999999999773e+02 9.841776379114886009e-02
5.036000000000000227e+02 9.856946708969528681e-02
5.038000000000000114e+02 9.871279696196282039e-02
5.040000000000000000e+02 9.884451431055402137e-02
5.041999999999999886e+02 9.896350750064182578e-02
5.043999999999999773e+02 9.906894947649956540e-02
5.046000000000000227e+02 9.915931356236430683e-02
5.048000000000000114e+02 9.923252310676033972e-02
5.050000000000000000e+02 9.928608782636830221e-02
5.051999999999999886e+02 9.931755730916816405e-02
5.053999999999999773e+02 9.932522685219950798e-02
5.056000000000000227e+02 9.930927770009916056e-02
5.058000000000000114e+02 9.927096915193338311e-02
5.060000000000000000e+02 9.921165836835407759e-02
5.061999999999999886e+02 9.913163871545573047e-02
5.063999999999999773e+02 9.903125252640691822e-02
5.066000000000000227e+02 9.891105761038065936e-02
5.068000000000000114e+02 9.877202172502765054e-02
5.070000000000000000e+02 9.861689112812409286e-02
5.071999999999999886e+02 9.844949923359526400e-02
5.073999999999999773e+02 9.827375893894421677e-02
5.076000000000000227e+02 9.809245618617754015e-02
5.078000000000000114e+02 9.790941210125467253e-02
5.080000000000000000e+02 9.772814975944575655e-02
5.081999999999999886e+02 9.755037038482443357e-02
5.083999999999999773e+02 9.737767319778145580e-02
5.086000000000000227e+02 9.721060257933354654e-02
5.088000000000000114e+02 9.704880044132006833e-02
5.090000000000000000e+02 9.689227632275344837e-02
5.091999999999999886e+02 9.673891302640193202e-02
5.093999999999999773e+02 9.658518417902138553e-02
5.096000000000000227e+02 9.642710041001857635e-02
5.098000000000000114e+02 9.625908584930528700e-02
5.100000000000000000e+02 9.607641519183926504e-02
5.101999999999999886e+02 9.587564200275013049e-02
5.103999999999999773e+02 9.565324610885812817e-02
5.106000000000000227e+02 9.540788481764657381e-02
5.108000000000000114e+02 9.514024549306061840e-02
5.110000000000000000e+02 9.485211777060638394e-02
5.111999999999999886e+02 9.454477876917428969e-02
5.113999999999999773e+02 9.422141978406188556e-02
5.116000000000000227e+02 9.388644903599782654e-02
5.118000000000000114e+02 9.354179528503790697e-02
5.120000000000000000e+02 9.318946238853688391e-02
5.122000000000000455e+02 9.282982459497179928e-02
5.123999999999999773e+02 9.246046793407013131e-02
5.126000000000000227e+02 9.208086968320731980e-02
5.127999999999999545e+02 9.168876872850809101e-02
5.130000000000000000e+02 9.128048615346956440e-02
5.132000000000000455e+02 9.085477504364074253e-02
5.133999999999999773e+02 9.040837253104568039e-02
5.136000000000000227e+02 8.993882024280766552e-02
5.137999999999999545e+02 8.944646568847350321e-02
5.140000000000000000e+02 8.892783253012430389e-02
5.142000000000000455e+02 8.837955140206354976e-02
5.143999999999999773e+02 8.779975550284749297e-02
5.146000000000000227e+02 8.718676345093559488e-02
5.147999999999999545e+02 8.653682404011495133e-02
5.150000000000000000e+02 8.584911730495561888e-02
5.152000000000000455e+02 8.512865690341020475e-02
5.153999999999999773e+02 8.437708344364125423e-02
5.156000000000000227e+02 8.359872207439972280e-02
5.157999999999999545e+02 8.279991846637745068e-02
5.160000000000000000e+02 8.198295112884605718e-02
5.162000000000000455e+02 8.115427682921680375e-02
5.163999999999999773e+02 8.031846703514215757e-02
5.166000000000000227e+02 7.947344398383253405e-02
5.167999999999999545e+02 7.861966542917155076e-02
5.170000000000000000e+02 7.775893578260867356e-02
5.172000000000000455e+02 7.689217336231841948e-02
5.173999999999999773e+02 7.601771505502449844e-02
5.176000000000000227e+02 7.514040734295687751e-02
5.177999999999999545e+02 7.426461981223532460e-02
5.180000000000000000e+02 7.338900781585142030e-02
5.182000000000000455e+02 7.251624452469765392e-02
5.183999999999999773e+02 7.164674043026054984e-02
5.186000000000000227e+02 7.078017971541042397e-02
5.187999999999999545e+02 6.992247444265187184e-02
5.190000000000000000e+02 6.907348648698233284e-02
5.192000000000000455e+02 6.823149609534294446e-02
5.193999999999999773e+02 6.739722822767105215e-02
5.196000000000000227e+02 6.656731479270865115e-02
5.197999999999999545e+02 6.574270824219156928e-02
5.200000000000000000e+02 6.492706377887659530e-02
5.202000000000000455e+02 6.411820072136226178e-02
5.203999999999999773e+02 6.331627727050588572e-02
5.206000000000000227e+02 6.252221878002171829e-02
5.207999999999999545e+02 6.173430533021067451e-02
5.210000000000000000e+02 6.094546918746406028e-02
5.212000000000000455e+02 6.015139573788069738e-02
5.213999999999999773e+02 5.934928716157301942e-02
5.216000000000000227e+02 5.853104194031768376e-02
5.217999999999999545e+02 5.769315336884103806e-02
5.220000000000000000e+02 5.683341744048260591e-02
5.222000000000000455e+02 5.594868121235323927e-02
5.223999999999999773e+02 5.504124283394502826e-02
5.226000000000000227e+02 5.410282177166846757e-02
5.227999999999999545e+02 5.311454130552544645e-02
5.230000000000000000e+02 5.205848108719741268e-02
5.232000000000000455e+02 5.092464629103213292e-02
5.233999999999999773e+02 4.971177178236987210e-02
5.236000000000000227e+02 4.842980608378540802e-02
5.237999999999999545e+02 4.710786296030691767e-02
5.240000000000000000e+02 4.577090460042301800e-02
5.242000000000000455e+02 4.443799273115260628e-02
5.243999999999999773e+02 4.313284910894370217e-02
5.246000000000000227e+02 4.187247199650692003e-02
5.247999999999999545e+02 4.067530897950304841e-02
5.250000000000000000e+02 3.956449873151159785e-02
5.252000000000000455e+02 3.855070177550821292e-02
5.253999999999999773e+02 3.764230784695564436e-02
5.256000000000000227e+02 3.684515190877728913e-02
5.257999999999999545e+02 3.615604356349092635e-02
5.260000000000000000e+02 3.557132615749562798e-02
5.262000000000000455e+02 3.508258324498495645e-02
5.263999999999999773e+02 3.467410469037921633e-02
5.266000000000000227e+02 3.432998023200448112e-02
5.267999999999999545e+02 3.403197753309019497e-02
5.270000000000000000e+02 3.375879929313853334e-02
5.272000000000000455e+02 3.348696449533202640e-02
5.273999999999999773e+02 3.319549667763339873e-02
5.276000000000000227e+02 3.286441293270673386e-02
5.277999999999999545e+02 3.247497076845246716e-02
5.280000000000000000e+02 3.201664168360376928e-02
5.282000000000000455e+02 3.148913170838724129e-02
5.283999999999999773e+02 3.090422142830217059e-02
5.286000000000000227e+02 3.028590659178574326e-02
5.287999999999999545e+02 2.965289834366039226e-02
5.290000000000000000e+02 2.901752891754652910e-02
5.292000000000000455e+02 2.838626294159509247e-02
5.293999999999999773e+02 2.775829834813463987e-02
5.296000000000000227e+02 2.713674490962990349e-02
5.297999999999999545e+02 2.652668769366514287e-02
5.300000000000000000e+02 2.592689292570286505e-02
5.302000000000000455e+02 2.533540437366527467e-02
5.303999999999999773e+02 2.474968148579058044e-02
5.306000000000000227e+02 2.416585341710399126e-02
5.307999999999999545e+02 2.357861726616585288e-02
5.310000000000000000e+02 2.298750043332925888e-02
5.312000000000000455e+02 2.239450509143195781e-02
5.313999999999999773e+02 2.179813172025455922e-02
5.316000000000000227e+02 2.119939028624128266e-02
5.317999999999999545e+02 2.059958247688149086e-02
5.320000000000000000e+02 2.000014738474490197e-02
5.322000000000000455e+02 1.940894963827124314e-02
5.323999999999999773e+02 1.883172900967483576e-02
5.326000000000000227e+02 1.827194406200144741e-02
5.327999999999999545e+02 1.773446562369909024e-02
5.330000000000000000e+02 1.722295296772165946e-02
5.332000000000000455e+02 1.673880196545406845e-02
5.333999999999999773e+02 1.628190639733461190e-02
5.336000000000000227e+02 1.585431925092530697e-02
5.337999999999999545e+02 1.545426450614984480e-02
5.340000000000000000e+02 1.507720764451101099e-02
5.342000000000000455e+02 1.471977492975936989e-02
5.343999999999999773e+02 1.437652769392053047e-02
5.346000000000000227e+02 1.404253680344991727e-02
5.347999999999999545e+02 1.371400929827586851e-02
5.350000000000000000e+02 1.338400296142271649e-02
5.352000000000000455e+02 1.304681925447128896e-02
5.353999999999999773e+02 1.269827059025405158e-02
5.356000000000000227e+02 1.233485147118518893e-02
5.357999999999999545e+02 1.195888303518188693e-02
5.360000000000000000e+02 1.157426465336820927e-02
5.362000000000000455e+02 1.118365851405089643e-02
5.363999999999999773e+02 1.078971803265799979e-02
5.366000000000000227e+02 1.039392894546286618e-02
5.367999999999999545e+02 9.996121095176918603e-03
5.370000000000000000e+02 9.595167350552850569e-03
5.372000000000000455e+02 9.194687622103478106e-03
5.373999999999999773e+02 8.798157026319820481e-03
5.376000000000000227e+02 8.406476698297452380e-03
5.377999999999999545e+02 8.021536775099574051e-03
5.380000000000000000e+02 7.644085454686660834e-03
5.382000000000000455e+02 7.275569143801377016e-03
5.383999999999999773e+02 6.920757304613365385e-03
5.386000000000000227e+02 6.581792584277082817e-03
5.387999999999999545e+02 6.260107551563111154e-03
5.390000000000000000e+02 5.957260866054121459e-03
5.392000000000000455e+02 5.672609262483937695e-03
5.393999999999999773e+02 5.406704306697140798e-03
5.396000000000000227e+02 5.160310930304410314e-03
5.397999999999999545e+02 4.932087564830861699e-03
5.400000000000000000e+02 4.721053312800560856e-03
5.402000000000000455e+02 4.525878237674237602e-03
5.403999999999999773e+02 4.344098593202652160e-03
5.406000000000000227e+02 4.171880896051794602e-03
5.407999999999999545e+02 4.006032972950149783e-03
5.410000000000000000e+02 3.843749351622992912e-03
5.412000000000000455e+02 3.681786235064602592e-03
5.413999999999999773e+02 3.518034217918083063e-03
5.416000000000000227e+02 3.350370593295448444e-03
5.417999999999999545e+02 3.176845983006458974e-03
5.420000000000000000e+02 2.998356581817203121e-03
5.422000000000000455e+02 2.816146645968528508e-03
5.423999999999999773e+02 2.631966229147071016e-03
5.426000000000000227e+02 2.448981688035479533e-03
5.427999999999999545e+02 2.270121228045459197e-03
5.430000000000000000e+02 2.097353491167927228e-03
5.432000000000000455e+02 1.931867289917987059e-03
5.433999999999999773e+02 1.775252399703880837e-03
5.436000000000000227e+02 1.627269814858979102e-03
5.437999999999999545e+02 1.486931611386481519e-03
5.440000000000000000e+02 1.354467007274489645e-03
5.442000000000000455e+02 1.230371059369336773e-03
5.443999999999999773e+02 1.115890826340085575e-03
5.446000000000000227e+02 1.012698640881600420e-03
5.447999999999999545e+02 9.210955145460080450e-04
5.450000000000000000e+02 8.412079178034870307e-04
5.452000000000000455e+02 7.723847970754604136e-04
5.453999999999999773e+02 7.122240395858406986e-04
5.456000000000000227e+02 6.579286886141965957e-04
5.457999999999999545e+02 6.060919274881935688e-04
5.460000000000000000e+02 5.536168156537949869e-04
5.462000000000000455e+02 5.004198238514315136e-04
5.463999999999999773e+02 4.453310431343112091e-04
5.466000000000000227e+02 3.869334920052249762e-04
5.467999999999999545e+02 3.259064652408627007e-04
5.470000000000000000e+02 2.634176701991317623e-04
5.472000000000000455e+02 2.011463651566680610e-04
5.473999999999999773e+02 1.415471333693839285e-04
5.476000000000000227e+02 8.781046996812985703e-05
5.477999999999999545e+02 4.365085485884169779e-05
5.480000000000000000e+02 1.309115843647043248e-05
5.482000000000000455e+02 0.000000000000000000e+00
5.483999999999999773e+02 7.013953333914828734e-06
5.486000000000000227e+02 3.497372191028172179e-05
5.487999999999999545e+02 8.248499830752074782e-05
5.490000000000000000e+02 1.472720923754078284e-04
5.492000000000000455e+02 2.270482856697760682e-04
5.493999999999999773e+02 3.200495078429874281e-04
5.496000000000000227e+02 4.235506602295257498e-04
5.497999999999999545e+02 5.344935938146486371e-04
5.500000000000000000e+02 6.501552886944172473e-04
5.502000000000000455e+02 7.681670541099737100e-04
5.503999999999999773e+02 8.859199543379271376e-04
5.506000000000000227e+02 1.000648155560147912e-03
5.507999999999999545e+02 1.110667272364590378e-03
5.510000000000000000e+02 1.215410546673012081e-03
5.512000000000000455e+02 1.315190309520508768e-03
5.513999999999999773e+02 1.410873206356088238e-03
5.516000000000000227e+02 1.504837166232511018e-03
5.517999999999999545e+02 1.600323689916157907e-03
5.520000000000000000e+02 1.700644642884706478e-03
5.522000000000000455e+02 1.810456265208893259e-03
5.523999999999999773e+02 1.934648566985607953e-03
5.526000000000000227e+02 2.077357314664347258e-03
5.527999999999999545e+02 2.241990783018874261e-03
5.530000000000000000e+02 2.431293460362013003e-03
5.532000000000000455e+02 2.646997194812076518e-03
5.533999999999999773e+02 2.888823701588913266e-03
5.536000000000000227e+02 3.156604555025005910e-03
5.537999999999999545e+02 3.450572255527404632e-03
5.540000000000000000e+02 3.770484660470160496e-03
5.542000000000000455e+02 4.114040874201151804e-03
5.543999999999999773e+02 4.479268409310003217e-03
5.546000000000000227e+02 4.867660169985284745e-03
5.547999999999999545e+02 5.282946552089481072e-03
5.550000000000000000e+02 5.727896681455858438e-03
5.552000000000000455e+02 6.203028009747812987e-03
5.553999999999999773e+02 6.711158335669789761e-03
5.556000000000000227e+02 7.253692758421571157e-03
5.557999999999999545e+02 7.830158913764035181e-03
5.560000000000000000e+02 8.442219250730364360e-03
5.562000000000000455e+02 9.088412033098999809e-03
5.563999999999999773e+02 9.765823436835994326e-03
5.566000000000000227e+02 1.047601553990261392e-02
5.567999999999999545e+02 1.122221763441477206e-02
5.570000000000000000e+02 1.200588309184431011e-02
5.572000000000000455e+02 1.282440204371624801e-02
5.573999999999999773e+02 1.367913097211105600e-02
5.576000000000000227e+02 1.457332159019995334e-02
5.577999999999999545e+02 1.550864942707838069e-02
5.580000000000000000e+02 1.647961369313898777e-02
5.582000000000000455e+02 1.748199388641145935e-02
5.583999999999999773e+02 1.851568384896756791e-02
5.586000000000000227e+02 1.958097994050521720e-02
5.587999999999999545e+02 2.067251676591295648e-02
5.590000000000000000e+02 2.178365507089716907e-02
5.592000000000000455e+02 2.291627168014487292e-02
5.593999999999999773e+02 2.406928988250393170e-02
5.596000000000000227e+02 2.524192193422549607e-02
5.597999999999999545e+02 2.643794866338685171e-02
5.600000000000000000e+02 2.765363455880048837e-02
5.602000000000000455e+02 2.888656745872838702e-02
5.603999999999999773e+02 3.014136196215091296e-02
5.606000000000000227e+02 3.142263922947292898e-02
5.607999999999999545e+02 3.272840283245372767e-02
5.610000000000000000e+02 3.405198742166654080e-02
5.612000000000000455e+02 3.539467078628712182e-02
5.613999999999999773e+02 3.675966096004091438e-02
5.616000000000000227e+02 3.814692045732949455e-02
5.617999999999999545e+02 3.954864502082305194e-02
5.620000000000000000e+02 4.096424854680115468e-02
5.622000000000000455e+02 4.239839443948247716e-02
5.623999999999999773e+02 4.385492686408336283e-02
5.626000000000000227e+02 4.532844648014290601e-02
5.627999999999999545e+02 4.681586696220667310e-02
5.630000000000000000e+02 4.832321425192585146e-02
5.632000000000000455e+02 4.985828364717096589e-02
5.633999999999999773e+02 5.142119580444565879e-02
5.636000000000000227e+02 5.300686761742830905e-02
5.637999999999999545e+02 5.462074555669613196e-02
5.640000000000000000e+02 5.626466727229198495e-02
5.642000000000000455e+02 5.793933808185383616e-02
5.643999999999999773e+02 5.965313952915211188e-02
5.646000000000000227e+02 6.140376534748368670e-02
5.647999999999999545e+02 6.318708977096117174e-02
5.650000000000000000e+02 6.500829306960220766e-02
5.652000000000000455e+02 6.687278184261931380e-02
5.653999999999999773e+02 6.877772693219985634e-02
5.656000000000000227e+02 7.071187419569564814e-02
5.657999999999999545e+02 7.267519332725676240e-02
5.660000000000000000e+02 7.467158354655913099e-02
5.662000000000000455e+02 7.670129084283791587e-02
5.663999999999999773e+02 7.875159918476930254e-02
5.666000000000000227e+02 8.081829916026130045e-02
5.667999999999999545e+02 8.290655651017916905e-02
5.670000000000000000e+02 8.502241241449823295e-02
5.672000000000000455e+02 8.716029355168586346e-02
5.673999999999999773e+02 8.931694829364045241e-02
5.676000000000000227e+02 9.150361453278665902e-02
5.677999999999999545e+02 9.372281336331159118e-02
5.680000000000000000e+02 9.597887096496642012e-02
5.682000000000000455e+02 9.828009655620220664e-02
5.683999999999999773e+02 1.006163911429609759e-01
5.686000000000000227e+02 1.029825112008949106e-01
5.687999999999999545e+02 1.053837762145858059e-01
5.690000000000000000e+02 1.078254107935795458e-01
5.692000000000000455e+02 1.102996881189850231e-01
5.693999999999999773e+02 1.127959004644724927e-01
5.696000000000000227e+02 1.153191293995436684e-01
5.697999999999999545e+02 1.178769430096711646e-01
5.700000000000000000e+02 1.204679781307718966e-01
5.702000000000000455e+02 1.230774247130601295e-01
5.703999999999999773e+02 1.257052249002041933e-01
5.706000000000000227e+02 1.283581786893218946e-01
5.707999999999999545e+02 1.310395442396670163e-01
5.710000000000000000e+02 1.337347333030763918e-01
5.712000000000000455e+02 1.364402742979981820e-01
5.713999999999999773e+02 1.391649911369633175e-01
5.716000000000000227e+02 1.419077684163196906e-01
5.717999999999999545e+02 1.446768111623467634e-01
5.720000000000000000e+02 1.474796145470380904e-01
5.722000000000000455e+02 1.503042979701025017e-01
5.723999999999999773e+02 1.531535743620440759e-01
5.726000000000000227e+02 1.560400419853681109e-01
5.727999999999999545e+02 1.589742206507884781e-01
5.730000000000000000e+02 1.619477039382309913e-01
5.732000000000000455e+02 1.649558051796079228e-01
5.733999999999999773e+02 1.680079775091598560e-01
5.736000000000000227e+02 1.711135901887718136e-01
5.737999999999999545e+02 1.742666125879868133e-01
5.740000000000000000e+02 1.774530353616528833e-01
5.742000000000000455e+02 1.806789878189364873e-01
5.743999999999999773e+02 1.839547292079157792e-01
5.746000000000000227e+02 1.872799891418048812e-01
5.747999999999999545e+02 1.906328466296285107e-01
5.750000000000000000e+02 1.940111955150480572e-01
5.752000000000000455e+02 1.974164850682258165e-01
5.753999999999999773e+02 2.008390350028950999e-01
5.756000000000000227e+02 2.042851684722195027e-01
5.757999999999999545e+02 2.077512802882324483e-01
5.760000000000000000e+02 2.112187685041842233e-01
5.762000000000000455e+02 2.146927232889805914e-01
5.763999999999999773e+02 2.181848952396711616e-01
5.766000000000000227e+02 2.217006939780620522e-01
5.767999999999999545e+02 2.252268780969217676e-01
5.770000000000000000e+02 2.287568916020253085e-01
5.772000000000000455e+02 2.322989880982471722e-01
5.773999999999999773e+02 2.358745536414184885e-01
5.776000000000000227e+02 2.394714155225660390e-01
5.777999999999999545e+02 2.430834183401814341e-01
5.780000000000000000e+02 2.467381003046661414e-01
5.782000000000000455e+02 2.504217718481459021e-01
5.783999999999999773e+02 2.541325382505578157e-01
5.786000000000000227e+02 2.578943377072215881e-01
5.787999999999999545e+02 2.616839611781943131e-01
5.790000000000000000e+02 2.654995526516167326e-01
5.792000000000000455e+02 2.693585185468507781e-01
5.793999999999999773e+02 2.732327758818509089e-01
5.796000000000000227e+02 2.771257632786519598e-01
5.797999999999999545e+02 2.810508792294528768e-01
5.800000000000000000e+02 2.849769699142048474e-01
5.802000000000000455e+02 2.889103887332198917e-01
5.803999999999999773e+02 2.928601593300556583e-01
5.806000000000000227e+02 2.968001558335853218e-01
5.807999999999999545e+02 3.007331535428953151e-01
5.810000000000000000e+02 3.046768102699946579e-01
5.812000000000000455e+02 3.086441671974278766e-01
5.813999999999999773e+02 3.126183606790137737e-01
5.816000000000000227e+02 3.166060668621268337e-01
5.817999999999999545e+02 3.206345515882718655e-01
5.820000000000000000e+02 3.246852551130815501e-01
5.822000000000000455e+02 3.287714136854275049e-01
5.823999999999999773e+02 3.329197678782903069e-01
5.826000000000000227e+02 3.371078523092355117e-01
5.827999999999999545e+02 3.413495144687299643e-01
5.830000000000000000e+02 3.456579116077103664e-01
5.832000000000000455e+02 3.499988216234077298e-01
5.833999999999999773e+02 3.543835331615610706e-01
5.836000000000000227e+02 3.588137451559491042e-01
5.837999999999999545e+02 3.632527001085642526e-01
5.840000000000000000e+02 3.677147352582685880e-01
5.842000000000000455e+02 3.721981577980300604e-01
5.843999999999999773e+02 3.766716652247915076e-01
5.846000000000000227e+02 3.811384256229548573e-01
5.847999999999999545e+02 3.856116459173612454e-01
5.850000000000000000e+02 3.900936791263908132e-01
5.852000000000000455e+02 3.945565606061139929e-01
5.853999999999999773e+02 3.990120376099192123e-01
5.856000000000000227e+02 4.034777409167403239e-01
5.857999999999999545e+02 4.079275460345295756e-01
5.860000000000000000e+02 4.123846776610600728e-01
5.862000000000000455e+02 4.168681646401727892e-01
5.863999999999999773e+02 4.213557019413414761e-01
5.866000000000000227e+02 4.258740072240154162e-01
5.867999999999999545e+02 4.304293718743896213e-01
5.870000000000000000e+02 4.349924235530435168e-01
5.872000000000000455e+02 4.395852302551072621e-01
5.873999999999999773e+02 4.442036051696604537e-01
5.876000000000000227e+02 4.488165346069190043e-01
5.877999999999999545e+02 4.534266981304737043e-01
5.880000000000000000e+02 4.580434718716628328e-01
5.882000000000000455e+02 4.626624628556954000e-01
5.883999999999999773e+02 4.672531581047042470e-01
5.886000000000000227e+02 4.718327684056216609e-01
5.887999999999999545e+02 4.764173443000970232e-01
5.890000000000000000e+02 4.809816046346707119e-01
5.892000000000000455e+02 4.855514103320226482e-01
5.893999999999999773e+02 4.901372031932769713e-01
5.896000000000000227e+02 4.947123837055050211e-01
5.897999999999999545e+02 4.993049253566945178e-01
5.900000000000000000e+02 5.039162170054576340e-01
5.902000000000000455e+02 5.085212867130440850e-01
5.903999999999999773e+02 5.131496437004295919e-01
5.906000000000000227e+02 5.177939964184167243e-01
5.907999999999999545e+02 5.224324081458044944e-01
5.910000000000000000e+02 5.270944292651169594e-01
5.912000000000000455e+02 5.317688230243869940e-01
5.913999999999999773e+02 5.364326709264700677e-01
5.916000000000000227e+02 5.410940325409633322e-01
5.917999999999999545e+02 5.457627244690738122e-01
5.920000000000000000e+02 5.504264022399469880e-01
5.922000000000000455e+02 5.550529054619411928e-01
5.923999999999999773e+02 5.596622676502922555e-01
5.926000000000000227e+02 5.642536031300480204e-01
5.927999999999999545e+02 5.688013155392277476e-01
5.930000000000000000e+02 5.733385360990315149e-01
5.932000000000000455e+02 5.778677959002666009e-01
5.933999999999999773e+02 5.823751862949025915e-01
5.936000000000000227e+02 5.868976231302813762e-01
5.937999999999999545e+02 5.914278619734251174e-01
5.940000000000000000e+02 5.959511745548476958e-01
5.942000000000000455e+02 6.004977633706333195e-01
5.943999999999999773e+02 6.050476692315911453e-01
5.946000000000000227e+02 6.095865533111864965e-01
5.947999999999999545e+02 6.141397823306422588e-01
5.950000000000000000e+02 6.186855950292411421e-01
5.952000000000000455e+02 6.232091126731463815e-01
5.953999999999999773e+02 6.277239693754631533e-01
5.956000000000000227e+02 6.322429335477441903e-01
5.957999999999999545e+02 6.367512708666718257e-01
5.960000000000000000e+02 6.412273942706173679e-01
5.962000000000000455e+02 6.456965628876571994e-01
5.963999999999999773e+02 6.501446985296331915e-01
5.966000000000000227e+02 6.545493563581509244e-01
5.967999999999999545e+02 6.589357597074955164e-01
5.970000000000000000e+02 6.632851595454042348e-01
5.972000000000000455e+02 6.675841508974890148e-01
5.973999999999999773e+02 6.718624788875710019e-01
5.976000000000000227e+02 6.761022605783107986e-01
5.977999999999999545e+02 6.802998543553169242e-01
5.980000000000000000e+02 6.844834507614063757e-01
5.982000000000000455e+02 6.886355624847815271e-01
5.983999999999999773e+02 6.927494431141607567e-01
5.986000000000000227e+02 6.968409626862570594e-01
5.987999999999999545e+02 7.009229203025936217e-01
5.990000000000000000e+02 7.049811372536123333e-01
5.992000000000000455e+02 7.090015462098445687e-01
5.993999999999999773e+02 7.130117332570662381e-01
5.996000000000000227e+02 7.170017540355021479e-01
5.997999999999999545e+02 7.209632869083938411e-01
6.000000000000000000e+02 7.249271915445462122e-01
6.002000000000000455e+02 7.288793034797579340e-01
6.003999999999999773e+02 7.328161703451659958e-01
6.006000000000000227e+02 7.367661959338361877e-01
6.007999999999999545e+02 7.407100355885137821e-01
6.010000000000000000e+02 7.446477828732916970e-01
6.012000000000000455e+02 7.486008165036274198e-01
6.013999999999999773e+02 7.525417439735225811e-01
6.016000000000000227e+02 7.564709832520465360e-01
6.017999999999999545e+02 7.604027270182202036e-01
6.020000000000000000e+02 7.643101365868342212e-01
6.022000000000000455e+02 7.681878717827997916e-01
6.023999999999999773e+02 7.720473917348584791e-01
6.026000000000000227e+02 7.758961446510614923e-01
6.027999999999999545e+02 7.797125382454854758e-01
6.030000000000000000e+02 7.834871931154213653e-01
6.032000000000000455e+02 7.872393709248851623e-01
6.033999999999999773e+02 7.909471651433344075e-01
6.036000000000000227e+02 7.946080176705268006e-01
6.037999999999999545e+02 7.982451789208100390e-01
6.040000000000000000e+02 8.018380291012100480e-01
6.042000000000000455e+02 8.053906072974472696e-01
6.043999999999999773e+02 8.089216583544336370e-01
6.046000000000000227e+02 8.124090567423614129e-01
6.047999999999999545e+02 8.158627129135554990e-01
6.050000000000000000e+02 8.192984200817315932e-01
6.052000000000000455e+02 8.226955884650296591e-01
6.053999999999999773e+02 8.260678189356028822e-01
6.056000000000000227e+02 8.294261335227919307e-01
6.057999999999999545e+02 8.327518355929038885e-01
6.060000000000000000e+02 8.360495056178706141e-01
6.062000000000000455e+02 8.393322439325093809e-01
6.063999999999999773e+02 8.426059466369351103e-01
6.066000000000000227e+02 8.458517592310212940e-01
6.067999999999999545e+02 8.490725350019021622e-01
6.070000000000000000e+02 8.522846317909374969e-01
6.072000000000000455e+02 8.554687732861230298e-01
6.073999999999999773e+02 8.586324290647576740e-01
6.076000000000000227e+02 8.617884283712738958e-01
6.077999999999999545e+02 8.649117495124313271e-01
6.080000000000000000e+02 8.680073283418469066e-01
6.082000000000000455e+02 8.710783403664358326e-01
6.083999999999999773e+02 8.740991493211150987e-01
6.086000000000000227e+02 8.770807818328824057e-01
6.087999999999999545e+02 8.800264314181993619e-01
6.090000000000000000e+02 8.829167066934985320e-01
6.092000000000000455e+02 8.857664401446420088e-01
6.093999999999999773e+02 8.885774201030421926e-01
6.096000000000000227e+02 8.913348010092096985e-01
6.097999999999999545e+02 8.940453620679887914e-01
6.100000000000000000e+02 8.967197400959470155e-01
6.102000000000000455e+02 8.993598767876168631e-01
6.103999999999999773e+02 9.019503977725557009e-01
6.106000000000000227e+02 9.045003321684623732e-01
6.107999999999999545e+02 9.070183683058350432e-01
6.110000000000000000e+02 9.094878703792849128e-01
6.112000000000000455e+02 9.119185338495009452e-01
6.113999999999999773e+02 9.143138905370080671e-01
6.116000000000000227e+02 9.166574650361274390e-01
6.117999999999999545e+02 9.189625389503398578e-01
6.120000000000000000e+02 9.212334573131453208e-01
6.122000000000000455e+02 9.234627048778939473e-01
6.123999999999999773e+02 9.256714071369835928e-01
6.126000000000000227e+02 9.278633759036427620e-01
6.127999999999999545e+02 9.300316174672397240e-01
6.130000000000000000e+02 9.321907233356946376e-01
6.132000000000000455e+02 9.343368395590385678e-01
6.133999999999999773e+02 9.364611203177716225e-01
6.136000000000000227e+02 9.385722374893815667e-01
6.137999999999999545e+02 9.406811761698606889e-01
6.140000000000000000e+02 9.427887738743795376e-01
6.142000000000000455e+02 9.448840432403018408e-01
6.143999999999999773e+02 9.469754943079796705e-01
6.146000000000000227e+02 9.490602861825826464e-01
6.147999999999999545e+02 9.511202664464736278e-01
6.150000000000000000e+02 9.531598575811419671e-01
6.152000000000000455e+02 9.551681476775252255e-01
6.153999999999999773e+02 9.571241935860443917e-01
6.156000000000000227e+02 9.590309423443874604e-01
6.157999999999999545e+02 9.608773646284251013e-01
6.160000000000000000e+02 9.626511058224593853e-01
6.162000000000000455e+02 9.643616776448545869e-01
6.163999999999999773e+02 9.660037342634332225e-01
6.166000000000000227e+02 9.675714882979886688e-01
6.167999999999999545e+02 9.690737089760522727e-01
6.170000000000000000e+02 9.705235255230422187e-01
6.172000000000000455e+02 9.719299823750495726e-01
6.173999999999999773e+02 9.732984626647694926e-01
6.176000000000000227e+02 9.746460239075740439e-01
6.177999999999999545e+02 9.759775433085756680e-01
6.180000000000000000e+02 9.772875630066008013e-01
6.182000000000000455e+02 9.785835932805296844e-01
6.183999999999999773e+02 9.798621342953114377e-01
6.186000000000000227e+02 9.811162380329145893e-01
6.187999999999999545e+02 9.823525554699007456e-01
6.190000000000000000e+02 9.835636952741563244e-01
6.192000000000000455e+02 9.847404977796970771e-01
6.193999999999999773e+02 9.858839557287134570e-01
6.196000000000000227e+02 9.869809981480476280e-01
6.197999999999999545e+02 9.880211125827490504e-01
6.200000000000000000e+02 9.890035036799323942e-01
6.202000000000000455e+02 9.899184340472123589e-01
6.203999999999999773e+02 9.907606611444289557e-01
6.206000000000000227e+02 9.915327773618892726e-01
6.207999999999999545e+02 9.922383507407374070e-01
6.210000000000000000e+02 9.928788000221938637e-01
6.212000000000000455e+02 9.934569169435153446e-01
6.213999999999999773e+02 9.939830868872658876e-01
6.216000000000000227e+02 9.944632692370308780e-01
6.217999999999999545e+02 9.949037562827338643e-01
6.220000000000000000e+02 9.953172409764809991e-01
6.222000000000000455e+02 9.957121665159862633e-01
6.223999999999999773e+02 9.960965691324751292e-01
6.226000000000000227e+02 9.964793867252327297e-01
6.227999999999999545e+02 9.968606078241738500e-01
6.230000000000000000e+02 9.972380648006083925e-01
6.232000000000000455e+02 9.976092882358031932e-01
6.233999999999999773e+02 9.979673948627582059e-01
6.236000000000000227e+02 9.983083287260469119e-01
6.237999999999999545e+02 9.986300897994010439e-01
6.240000000000000000e+02 9.989274621936685694e-01
6.242000000000000455e+02 9.991962577537735202e-01
6.243999999999999773e+02 9.994327649250521750e-01
6.246000000000000227e+02 9.996321822463766216e-01
6.247999999999999545e+02 9.997899653662293273e-01
6.250000000000000000e+02 9.999035609259082635e-01
6.252000000000000455e+02 9.999732957826822366e-01
6.253999999999999773e+02 1.000000000000000000e+00
6.256000000000000227e+02 9.999845991799266587e-01
6.257999999999999545e+02 9.999279001825130964e-01
6.260000000000000000e+02 9.998300789244097819e-01
6.262000000000000455e+02 9.996889967129127808e-01
6.263999999999999773e+02 9.995009027143469948e-01
6.266000000000000227e+02 9.992630014766150648e-01
6.267999999999999545e+02 9.989720954559410115e-01
6.270000000000000000e+02 9.986272422205128008e-01
6.272000000000000455e+02 9.982332473860253685e-01
6.273999999999999773e+02 9.977931408483418085e-01
6.276000000000000227e+02 9.973109540396142281e-01
6.277999999999999545e+02 9.967940644829974550e-01
6.280000000000000000e+02 9.962462343209428361e-01
6.282000000000000455e+02 9.956695978571161731e-01
6.283999999999999773e+02 9.950673390863696843e-01
6.286000000000000227e+02 9.944478071861091451e-01
6.287999999999999545e+02 9.938165254239865742e-01
6.290000000000000000e+02 9.931770398288930490e-01
6.292000000000000455e+02 9.925397008649177177e-01
6.293999999999999773e+02 9.919077107548907035e-01
6.296000000000000227e+02 9.912792009313419195e-01
6.297999999999999545e+02 9.906545848787353670e-01
6.300000000000000000e+02 9.900251706317574341e-01
6.302000000000000455e+02 9.893808076691575915e-01
6.303999999999999773e+02 9.887174770051835315e-01
6.306000000000000227e+02 9.880248384718223198e-01
6.307999999999999545e+02 9.872952502130603047e-01
6.310000000000000000e+02 9.865283473789604463e-01
6.312000000000000455e+02 9.857212192541678908e-01
6.313999999999999773e+02 9.848713843532305168e-01
6.316000000000000227e+02 9.839800380437077054e-01
6.317999999999999545e+02 9.830559019508056107e-01
6.320000000000000000e+02 9.821007275105604339e-01
6.322000000000000455e+02 9.811135801679529145e-01
6.323999999999999773e+02 9.801038706463816030e-01
6.326000000000000227e+02 9.790704144699480249e-01
6.327999999999999545e+02 9.780108158835678633e-01
6.330000000000000000e+02 9.769335255816177233e-01
6.332000000000000455e+02 9.758346728463228592e-01
6.333999999999999773e+02 9.747110454169881644e-01
6.336000000000000227e+02 9.735668439859982426e-01
6.337999999999999545e+02 9.723907654825475477e-01
6.340000000000000000e+02 9.711751673541163532e-01
6.342000000000000455e+02 9.699190722555199873e-01
6.343999999999999773e+02 9.686074007952062415e-01
6.346000000000000227e+02 9.672337380743012414e-01
6.347999999999999545e+02 9.657999403248003212e-01
6.350000000000000000e+02 9.643011095159672585e-01
6.352000000000000455e+02 9.627328414970640624e-01
6.353999999999999773e+02 9.610992562554361296e-01
6.356000000000000227e+02 9.594187128323429237e-01
6.357999999999999545e+02 9.576971712327158048e-01
6.360000000000000000e+02 9.559461927878836196e-01
6.362000000000000455e+02 9.541941602477790330e-01
6.363999999999999773e+02 9.524476891096161912e-01
6.366000000000000227e+02 9.507168526401487130e-01
6.367999999999999545e+02 9.490209854055283722e-01
6.370000000000000000e+02 9.473557432957624425e-01
6.372000000000000455e+02 9.457242774980381128e-01
6.373999999999999773e+02 9.441355494672374338e-01
6.376000000000000227e+02 9.425762249661400194e-01
6.377999999999999545e+02 9.410435352114421281e-01
6.380000000000000000e+02 9.395379356516744274e-01
6.382000000000000455e+02 9.380441083952930637e-01
6.383999999999999773e+02 9.365607807026781195e-01
6.386000000000000227e+02 9.350887903566434955e-01
6.387999999999999545e+02 9.336169346421204773e-01
6.390000000000000000e+02 9.321314553187213248e-01
6.392000000000000455e+02 9.306259273227197593e-01
6.393999999999999773e+02 9.291010699269435236e-01
6.396000000000000227e+02 9.275426445369147066e-01
6.397999999999999545e+02 9.259470311954808297e-01
6.400000000000000000e+02 9.243204340495536631e-01
6.402000000000000455e+02 9.226509326551509682e-01
6.403999999999999773e+02 9.209403781636936737e-01
6.406000000000000227e+02 9.191956696870569044e-01
6.407999999999999545e+02 9.174035550048029730e-01
6.410000000000000000e+02 9.155675951521135003e-01
6.412000000000000455e+02 9.136928810604747486e-01
6.413999999999999773e+02 9.117684739007620998e-01
6.416000000000000227e+02 9.098052287542761629e-01
6.417999999999999545e+02 9.078094652444765877e-01
6.420000000000000000e+02 9.057703554879860119e-01
6.422000000000000455e+02 9.036974398758130800e-01
6.423999999999999773e+02 9.015956185567376435e-01
6.426000000000000227e+02 8.994561414409094624e-01
6.427999999999999545e+02 8.972673295689066464e-01
6.430000000000000000e+02 8.950298183660323481e-01
6.432000000000000455e+02 8.927467291890572865e-01
6.433999999999999773e+02 8.904010324056589321e-01
6.436000000000000227e+02 8.880017635666550557e-01
6.437999999999999545e+02 8.855634187627362541e-01
6.440000000000000000e+02 8.830768448060749565e-01
6.442000000000000455e+02 8.805595132211235798e-01
6.443999999999999773e+02 8.780251196748104503e-01
6.446000000000000227e+02 8.754650197361831809e-01
6.447999999999999545e+02 8.728991098132151683e-01
6.450000000000000000e+02 8.703358876708824354e-01
6.452000000000000455e+02 8.677647293874962697e-01
6.453999999999999773e+02 8.652024748181942337e-01
6.456000000000000227e+02 8.626586840991025129e-01
6.457999999999999545e+02 8.601295844270863133e-01
6.460000000000000000e+02 8.576120208740376505e-01
6.462000000000000455e+02 8.551180384985607175e-01
6.463999999999999773e+02 8.526575626377748129e-01
6.466000000000000227e+02 8.502159639554265347e-01
6.467999999999999545e+02 8.478031190400471262e-01
6.470000000000000000e+02 8.454251481945102009e-01
6.472000000000000455e+02 8.430618104192530993e-01
6.473999999999999773e+02 8.407165955415193404e-01
6.476000000000000227e+02 8.383831942654283997e-01
6.477999999999999545e+02 8.360368562530191561e-01
6.480000000000000000e+02 8.336824420042174832e-01
6.482000000000000455e+02 8.313131604031509525e-01
6.483999999999999773e+02 8.289126490258817981e-01
6.486000000000000227e+02 8.264962065533327795e-01
6.487999999999999545e+02 8.240629195536667284e-01
6.490000000000000000e+02 8.216060325269467501e-01
6.492000000000000455e+02 8.191432568813721282e-01
6.493999999999999773e+02 8.166752876273004613e-01
6.496000000000000227e+02 8.141894574295106546e-01
6.497999999999999545e+02 8.116726301423431433e-01
6.500000000000000000e+02 8.091304732904265329e-01
6.502000000000000455e+02 8.065597389916099313e-01
6.503999999999999773e+02 8.039414186913615978e-01
6.506000000000000227e+02 8.012914401799650088e-01
6.507999999999999545e+02 7.986159762226657799e-01
6.510000000000000000e+02 7.959090945442556242e-01
6.512000000000000455e+02 7.931981182991502122e-01
6.513999999999999773e+02 7.904889239101750009e-01
6.516000000000000227e+02 7.877762817811687635e-01
6.517999999999999545e+02 7.850838230011639718e-01
6.520000000000000000e+02 7.824086857048883070e-01
6.522000000000000455e+02 7.797443389452606288e-01
6.523999999999999773e+02 7.771095604944694424e-01
6.526000000000000227e+02 7.744914568618840311e-01
6.527999999999999545e+02 7.718780484101013251e-01
6.530000000000000000e+02 7.692786484190186069e-01
6.532000000000000455e+02 7.666854610540727588e-01
6.533999999999999773e+02 7.640858529853499226e-01
6.536000000000000227e+02 7.614742724646507144e-01
6.537999999999999545e+02 7.588649687415945921e-01
6.540000000000000000e+02 7.562517759152440622e-01
6.542000000000000455e+02 7.536172637553130160e-01
6.543999999999999773e+02 7.509715239556026267e-01
6.546000000000000227e+02 7.483007580930121083e-01
6.547999999999999545e+02 7.455888016224849757e-01
6.550000000000000000e+02 7.428513845125633841e-01
6.552000000000000455e+02 7.400796792219949127e-01
6.553999999999999773e+02 7.372718978809899015e-01
6.556000000000000227e+02 7.344543388469234602e-01
6.557999999999999545e+02 7.316207932050839968e-01
6.560000000000000000e+02 7.287749903880857971e-01
6.562000000000000455e+02 7.259399985925326648e-01
6.563999999999999773e+02 7.231047511109781611e-01
6.566000000000000227e+02 7.202721286804812939e-01
6.567999999999999545e+02 7.174592998081329442e-01
6.570000000000000000e+02 7.146602690905983213e-01
6.572000000000000455e+02 7.118633489986400109e-01
6.573999999999999773e+02 7.090651211518863573e-01
6.576000000000000227e+02 7.062799040020367736e-01
6.577999999999999545e+02 7.034956084230239437e-01
6.580000000000000000e+02 7.007022349392746374e-01
6.582000000000000455e+02 6.979149804004285418e-01
6.583999999999999773e+02 6.951169178952413263e-01
6.586000000000000227e+02 6.922998656245820115e-01
6.587999999999999545e+02 6.894777618165947031e-01
6.590000000000000000e+02 6.866308109850596253e-01
6.592000000000000455e+02 6.837551817029374757e-01
6.593999999999999773e+02 6.808631130015283528e-01
6.596000000000000227e+02 6.779340825321086283e-01
6.597999999999999545e+02 6.749709959122150993e-01
6.600000000000000000e+02 6.719932835042191632e-01
6.602000000000000455e+02 6.690033618955179007e-01
6.603999999999999773e+02 6.660021459770844032e-01
6.606000000000000227e+02 6.630020927404483011e-01
6.607999999999999545e+02 6.600313410259017743e-01
6.610000000000000000e+02 6.570860969242061644e-01
6.612000000000000455e+02 6.541690988354670333e-01
6.613999999999999773e+02 6.513057493070899540e-01
6.616000000000000227e+02 6.484849153050751269e-01
6.617999999999999545e+02 6.457058745398803756e-01
6.620000000000000000e+02 6.429819525491553556e-01
6.622000000000000455e+02 6.402890739337081527e-01
6.623999999999999773e+02 6.376202401046707768e-01
6.626000000000000227e+02 6.349776375930196171e-01
6.627999999999999545e+02 6.323327745025950630e-01
6.630000000000000000e+02 6.296825902089587812e-01
6.632000000000000455e+02 6.270282175557736482e-01
6.633999999999999773e+02 6.243438418329546602e-01
6.636000000000000227e+02 6.216284981331672288e-01
6.637999999999999545e+02 6.188845877899632475e-01
6.640000000000000000e+02 6.160998123869497745e-01
6.642000000000000455e+02 6.132643126371219999e-01
6.643999999999999773e+02 6.103866220726374969e-01
6.646000000000000227e+02 6.074873790161986475e-01
6.647999999999999545e+02 6.045568848007901730e-01
6.650000000000000000e+02 6.016052717051105780e-01
6.652000000000000455e+02 5.986554820812055588e-01
6.653999999999999773e+02 5.956974501994510840e-01
6.656000000000000227e+02 5.927463023472060444e-01
6.657999999999999545e+02 5.898212436038916540e-01
6.660000000000000000e+02 5.869072828693291388e-01
6.662000000000000455e+02 5.840177685453212808e-01
6.663999999999999773e+02 5.811620661490649598e-01
6.666000000000000227e+02 5.783206988191452735e-01
6.667999999999999545e+02 5.755063165849572115e-01
6.670000000000000000e+02 5.727220754296470373e-01
6.672000000000000455e+02 5.699497614289295022e-01
6.673999999999999773e+02 5.672017580946286941e-01
6.676000000000000227e+02 5.644832746584688143e-01
6.677999999999999545e+02 5.617834396775157613e-01
6.680000000000000000e+02 5.590902365500071136e-01
6.682000000000000455e+02 5.564074504274987287e-01
6.683999999999999773e+02 5.537380416646880965e-01
6.686000000000000227e+02 5.510584176299981873e-01
6.687999999999999545e+02 5.483730729159943529e-01
6.690000000000000000e+02 5.456875613932569147e-01
6.692000000000000455e+02 5.429825564103881730e-01
6.693999999999999773e+02 5.402706786207720491e-01
6.696000000000000227e+02 5.375569176789213310e-01
6.697999999999999545e+02 5.348234942639386036e-01
6.700000000000000000e+02 5.320850644553771769e-01
6.702000000000000455e+02 5.293417442916502624e-01
6.703999999999999773e+02 5.265777291029957174e-01
6.706000000000000227e+02 5.238100056239255453e-01
6.707999999999999545e+02 5.210350095970390782e-01
6.710000000000000000e+02 5.182388280404259806e-01
6.712000000000000455e+02 5.154362583199966208e-01
6.713999999999999773e+02 5.126292287725118246e-01
6.716000000000000227e+02 5.098096766046709138e-01
6.717999999999999545e+02 5.069731903895489111e-01
6.720000000000000000e+02 5.041351886363741874e-01
6.722000000000000455e+02 5.013001085236389320e-01
6.723999999999999773e+02 4.984498888856466192e-01
6.726000000000000227e+02 4.955989671195503155e-01
6.727999999999999545e+02 4.927488677511482895e-01
6.730000000000000000e+02 4.898834342418216248e-01
6.732000000000000455e+02 4.870213643407948489e-01
6.733999999999999773e+02 4.841609553942032296e-01
6.736000000000000227e+02 4.812891598513533431e-01
6.737999999999999545e+02 4.784283515876757709e-01
6.740000000000000000e+02 4.755773771513137071e-01
6.742000000000000455e+02 4.727324762163597760e-01
6.743999999999999773e+02 4.699208522202795169e-01
6.746000000000000227e+02 4.671395771401778418e-01
6.747999999999999545e+02 4.643860870028153065e-01
6.750000000000000000e+02 4.616806305979571645e-01
6.752000000000000455e+02 4.590213680745031111e-01
6.753999999999999773e+02 4.563967789151380794e-01
6.756000000000000227e+02 4.537984846860321775e-01
6.757999999999999545e+02 4.512351234637925756e-01
6.760000000000000000e+02 4.486974233910467902e-01
6.762000000000000455e+02 4.461658585739854410e-01
6.764000000000000909e+02 4.436506562410654220e-01
6.766000000000000227e+02 4.411409396276286810e-01
6.767999999999999545e+02 4.386210049312150860e-01
6.770000000000000000e+02 4.361039417871011570e-01
6.772000000000000455e+02 4.335772667886266807e-01
6.774000000000000909e+02 4.310298759711708172e-01
6.776000000000000227e+02 4.284752859213678544e-01
6.777999999999999545e+02 4.259000109128711076e-01
6.780000000000000000e+02 4.232990412164535643e-01
6.782000000000000455e+02 4.206895291049430052e-01
6.784000000000000909e+02 4.180711088845245338e-01
6.786000000000000227e+02 4.154371977274043948e-01
6.787999999999999545e+02 4.127867043334935149e-01
6.790000000000000000e+02 4.101378375290812839e-01
6.792000000000000455e+02 4.074889927726836336e-01
6.794000000000000909e+02 4.048334483017771990e-01
6.796000000000000227e+02 4.021935428935723422e-01
6.797999999999999545e+02 3.995650743255982906e-01
6.800000000000000000e+02 3.969421309209040793e-01
6.802000000000000455e+02 3.943440185292422240e-01
6.804000000000000909e+02 3.917598590061537878e-01
6.806000000000000227e+02 3.891837789934218250e-01
6.807999999999999545e+02 3.866307188577073339e-01
6.810000000000000000e+02 3.840866919494513865e-01
6.812000000000000455e+02 3.815528138935607161e-01
6.814000000000000909e+02 3.790484076849814365e-01
6.816000000000000227e+02 3.765640923357152503e-01
6.817999999999999545e+02 3.741047570786077969e-01
6.820000000000000000e+02 3.716849917544777226e-01
6.822000000000000455e+02 3.692992610187407765e-01
6.824000000000000909e+02 3.669389625319662285e-01
6.826000000000000227e+02 3.646031996663252617e-01
6.827999999999999545e+02 3.623026811877118614e-01
6.830000000000000000e+02 3.600226755471683249e-01
6.832000000000000455e+02 3.577514446162771145e-01
6.834000000000000909e+02 3.554959439577166647e-01
6.836000000000000227e+02 3.532376455993133657e-01
6.837999999999999545e+02 3.509695579529586440e-01
6.840000000000000000e+02 3.487019691192928539e-01
6.842000000000000455e+02 3.464192573931343389e-01
6.844000000000000909e+02 3.441226515065299307e-01
6.846000000000000227e+02 3.418243556297396735e-01
6.847999999999999545e+02 3.395099405192488762e-01
6.850000000000000000e+02 3.371861845935294477e-01
6.852000000000000455e+02 3.348654990548430854e-01
6.854000000000000909e+02 3.325374197645502572e-01
6.856000000000000227e+02 3.302137184040804252e-01
6.857999999999999545e+02 3.279088796503940029e-01
6.860000000000000000e+02 3.256206957675560898e-01
6.862000000000000455e+02 3.233448710720562835e-01
6.864000000000000909e+02 3.210880426643820118e-01
6.866000000000000227e+02 3.188650192466292999e-01
6.867999999999999545e+02 3.166666604225435999e-01
6.870000000000000000e+02 3.144964267506343836e-01
6.872000000000000455e+02 3.123669951300198644e-01
6.874000000000000909e+02 3.102632348809435392e-01
6.876000000000000227e+02 3.081861687616473389e-01
6.877999999999999545e+02 3.061417895123234589e-01
6.880000000000000000e+02 3.041129738640833136e-01
6.882000000000000455e+02 3.021027725617129733e-01
6.884000000000000909e+02 3.001140674780355955e-01
6.886000000000000227e+02 2.981298941121739432e-01
6.887999999999999545e+02 2.961534348178852527e-01
6.890000000000000000e+02 2.941878580295534951e-01
6.892000000000000455e+02 2.922240589115854270e-01
6.894000000000000909e+02 2.902527402217280339e-01
6.896000000000000227e+02 2.882756710749108664e-01
6.897999999999999545e+02 2.862992498939498920e-01
6.900000000000000000e+02 2.843084645129446697e-01
6.902000000000000455e+02 2.823042254773830417e-01
6.904000000000000909e+02 2.802944653893535421e-01
6.906000000000000227e+02 2.782657835778665212e-01
6.907999999999999545e+02 2.762251567546671893e-01
6.910000000000000000e+02 2.741809683963144506e-01
6.912000000000000455e+02 2.721205959055551515e-01
6.914000000000000909e+02 2.700544356274502955e-01
6.916000000000000227e+02 2.679896615198126275e-01
6.917999999999999545e+02 2.659173186149080270e-01
6.920000000000000000e+02 2.638530747636295692e-01
6.922000000000000455e+02 2.618033223765028894e-01
6.924000000000000909e+02 2.597607641172134385e-01
6.926000000000000227e+02 2.577397517782433756e-01
6.927999999999999545e+02 2.557478355818115223e-01
6.930000000000000000e+02 2.537825438909263598e-01
6.932000000000000455e+02 2.518430923700709090e-01
6.934000000000000909e+02 2.499421240843422432e-01
6.936000000000000227e+02 2.480906449013175197e-01
6.937999999999999545e+02 2.462810028958810904e-01
6.940000000000000000e+02 2.445216619719542683e-01
6.942000000000000455e+02 2.428164800242574584e-01
6.944000000000000909e+02 2.411515196085140256e-01
6.946000000000000227e+02 2.395313245086363729e-01
6.947999999999999545e+02 2.379540432320606524e-01
6.950000000000000000e+02 2.364062705030471612e-01
6.952000000000000455e+02 2.348929497603275129e-01
6.954000000000000909e+02 2.334090277853621276e-01
6.956000000000000227e+02 2.319421069160259585e-01
6.957999999999999545e+02 2.304978596799231449e-01
6.960000000000000000e+02 2.290729378522859128e-01
6.962000000000000455e+02 2.276591122806304601e-01
6.964000000000000909e+02 2.262591728462864937e-01
6.966000000000000227e+02 2.248983997937499535e-01
6.967999999999999545e+02 2.235873838604228447e-01
6.970000000000000000e+02 2.222973623822613876e-01
6.972000000000000455e+02 2.210267454365956730e-01
6.974000000000000909e+02 2.197819883763738047e-01
6.976000000000000227e+02 2.185601582754858607e-01
6.977999999999999545e+02 2.173591177847778722e-01
6.980000000000000000e+02 2.161768489914695501e-01
6.982000000000000455e+02 2.150104974085925158e-01
6.984000000000000909e+02 2.138580866190770424e-01
6.986000000000000227e+02 2.127146381919801654e-01
6.987999999999999545e+02 2.115709098198648441e-01
6.990000000000000000e+02 2.104243721182593174e-01
6.992000000000000455e+02 2.092710094918595609e-01
6.994000000000000909e+02 2.081011311527332097e-01
6.996000000000000227e+02 2.069106891892739941e-01
6.997999999999999545e+02 2.056989944351809430e-01
7.000000000000000000e+02 2.044669923183806137e-01
7.002000000000000455e+02 2.032171524051526457e-01
7.004000000000000909e+02 2.019531921061702151e-01
7.006000000000000227e+02 2.006799696103160335e-01
7.007999999999999545e+02 1.994031075495375505e-01
7.010000000000000000e+02 1.981287294051485570e-01
7.012000000000000455e+02 1.968630044586062167e-01
7.014000000000000909e+02 1.956103527115949647e-01
7.016000000000000227e+02 1.943731404665277329e-01
7.017999999999999545e+02 1.931516026343973180e-01
7.020000000000000000e+02 1.919447423419751164e-01
7.022000000000000455e+02 1.907508407672416362e-01
7.024000000000000909e+02 1.895679356646828850e-01
7.026000000000000227e+02 1.883951044649999351e-01
7.027999999999999545e+02 1.872289623432873418e-01
7.030000000000000000e+02 1.860639129748782872e-01
7.032000000000000455e+02 1.849015148390369678e-01
7.034000000000000909e+02 1.837403105802414283e-01
7.036000000000000227e+02 1.825732651163088638e-01
7.037999999999999545e+02 1.813988520010201000e-01
7.040000000000000000e+02 1.802176864000507306e-01
7.042000000000000455e+02 1.790310815007711831e-01
7.044000000000000909e+02 1.778420878250450421e-01
7.046000000000000227e+02 1.766551155413319807e-01
7.047999999999999545e+02 1.754757429749179698e-01
7.050000000000000000e+02 1.743104402371780381e-01
7.052000000000000455e+02 1.731658509312618277e-01
7.054000000000000909e+02 1.720479583294927117e-01
7.056000000000000227e+02 1.709600527437671880e-01
7.057999999999999545e+02 1.699033252376577763e-01
7.060000000000000000e+02 1.688771477579815161e-01
7.062000000000000455e+02 1.678793330413488327e-01
7.064000000000000909e+02 1.669065530713309264e-01
7.066000000000000227e+02 1.659548871233620659e-01
7.067999999999999545e+02 1.650211526463693512e-01
7.070000000000000000e+02 1.640997809517973083e-01
7.072000000000000455e+02 1.631839469554621780e-01
7.074000000000000909e+02 1.622727977238269115e-01
7.076000000000000227e+02 1.613623026823337858e-01
7.077999999999999545e+02 1.604444420330743692e-01
7.080000000000000000e+02 1.595145700849531778e-01
7.082000000000000455e+02 1.585686141868873078e-01
7.084000000000000909e+02 1.576022750636757452e-01
7.086000000000000227e+02 1.566116611886428645e-01
7.087999999999999545e+02 1.555938817996745382e-01
7.090000000000000000e+02 1.545477448851056701e-01
7.092000000000000455e+02 1.534753020920729127e-01
7.094000000000000909e+02 1.523814062338173514e-01
7.096000000000000227e+02 1.512728449513979501e-01
7.097999999999999545e+02 1.501564345804652922e-01
7.100000000000000000e+02 1.490383757225542949e-01
7.102000000000000455e+02 1.479240325301227343e-01
7.104000000000000909e+02 1.468177402503927920e-01
7.106000000000000227e+02 1.457231747833351854e-01
7.107999999999999545e+02 1.446434196130762240e-01
7.110000000000000000e+02 1.435806268205399028e-01
7.112000000000000455e+02 1.425327016666522451e-01
7.114000000000000909e+02 1.414963718236922630e-01
7.116000000000000227e+02 1.404758382156019170e-01
7.117999999999999545e+02 1.394711660218155846e-01
7.120000000000000000e+02 1.384785208490940389e-01
7.122000000000000455e+02 1.374967362788062086e-01
7.124000000000000909e+02 1.365229403688586196e-01
7.126000000000000227e+02 1.355522910230775868e-01
7.127999999999999545e+02 1.345796517717269269e-01
7.130000000000000000e+02 1.336012932552039512e-01
7.132000000000000455e+02 1.326154866933871024e-01
7.134000000000000909e+02 1.316231842836206312e-01
7.136000000000000227e+02 1.306276592416735771e-01
7.137999999999999545e+02 1.296339723716630477e-01
7.140000000000000000e+02 1.286482940495048410e-01
7.142000000000000455e+02 1.276770023176927726e-01
7.144000000000000909e+02 1.267258563380705139e-01
7.146000000000000227e+02 1.257987332347774712e-01
7.147999999999999545e+02 1.248978904768837106e-01
7.150000000000000000e+02 1.240230506498301577e-01
7.152000000000000455e+02 1.231699150277837107e-01
7.154000000000000909e+02 1.223384585207376446e-01
7.156000000000000227e+02 1.215303434723588871e-01
7.157999999999999545e+02 1.207424596003013051e-01
7.160000000000000000e+02 1.199727030378888032e-01
7.162000000000000455e+02 1.192193683817414224e-01
7.164000000000000909e+02 1.184785467429200073e-01
7.166000000000000227e+02 1.177454290005185839e-01
7.167999999999999545e+02 1.170150527017052855e-01
7.170000000000000000e+02 1.162830762617384495e-01
7.172000000000000455e+02 1.155462691456855956e-01
7.174000000000000909e+02 1.148026103406747100e-01
7.176000000000000227e+02 1.140515088657593490e-01
7.177999999999999545e+02 1.132936664423066231e-01
7.180000000000000000e+02 1.125308807035381164e-01
7.182000000000000455e+02 1.117659410034102518e-01
7.184000000000000909e+02 1.110020367332926888e-01
7.186000000000000227e+02 1.102424028997799205e-01
7.187999999999999545e+02 1.094899303215037950e-01
7.190000000000000000e+02 1.087466188541845041e-01
7.192000000000000455e+02 1.080137136234571860e-01
7.194000000000000909e+02 1.072915788389837699e-01
7.196000000000000227e+02 1.065771884706522010e-01
7.197999999999999545e+02 1.058673002328300722e-01
7.200000000000000000e+02 1.051618815510489413e-01
7.202000000000000455e+02 1.044566193589226560e-01
7.204000000000000909e+02 1.037465885512045966e-01
7.206000000000000227e+02 1.030313481528299796e-01
7.207999999999999545e+02 1.023130925884058046e-01
7.210000000000000000e+02 1.015953240064023516e-01
7.212000000000000455e+02 1.008817027802977190e-01
7.214000000000000909e+02 1.001742196653097883e-01
7.216000000000000227e+02 9.947317500643657051e-02
7.217999999999999545e+02 9.877739132783269760e-02
7.220000000000000000e+02 9.808624106352029082e-02
7.222000000000000455e+02 9.740024372550393217e-02
7.224000000000000909e+02 9.672150159432529870e-02
7.226000000000000227e+02 9.605310378510394098e-02
7.227999999999999545e+02 9.539884963478825752e-02
7.230000000000000000e+02 9.476316327066010292e-02
7.232000000000000455e+02 9.415099776265618836e-02
7.234000000000000909e+02 9.356536460665604293e-02
7.236000000000000227e+02 9.300547649321939947e-02
7.237999999999999545e+02 9.247131919966185276e-02
7.240000000000000000e+02 9.196099032438045939e-02
7.242000000000000455e+02 9.146877605374746645e-02
7.244000000000000909e+02 9.099213920573380465e-02
7.246000000000000227e+02 9.053012795290348025e-02
7.247999999999999545e+02 9.008145338556076964e-02
7.250000000000000000e+02 8.964297218668530742e-02
7.252000000000000455e+02 8.921020491036887878e-02
7.254000000000000909e+02 8.877793187154528476e-02
7.256000000000000227e+02 8.834176828417948657e-02
7.257999999999999545e+02 8.789884140256651324e-02
7.260000000000000000e+02 8.744812765044290837e-02
7.262000000000000455e+02 8.698901859851260188e-02
7.264000000000000909e+02 8.652006578616744381e-02
7.266000000000000227e+02 8.603803738837799420e-02
7.267999999999999545e+02 8.553763368637133657e-02
7.270000000000000000e+02 8.501361847101437941e-02
7.272000000000000455e+02 8.446253688086972911e-02
7.274000000000000909e+02 8.388415692866640905e-02
7.276000000000000227e+02 8.328164856616768197e-02
7.277999999999999545e+02 8.266133423118877943e-02
7.280000000000000000e+02 8.202924993633775586e-02
7.282000000000000455e+02 8.139384372764221776e-02
7.284000000000000909e+02 8.076658357226955409e-02
7.286000000000000227e+02 8.015452844182524572e-02
7.287999999999999545e+02 7.956349108343101217e-02
7.290000000000000000e+02 7.899980939769420119e-02
7.292000000000000455e+02 7.846902506461456150e-02
7.294000000000000909e+02 7.797627460736174243e-02
7.296000000000000227e+02 7.752631049229873061e-02
7.297999999999999545e+02 7.712249705482951412e-02
7.300000000000000000e+02 7.676676133360635368e-02
7.302000000000000455e+02 7.645933134654328556e-02
7.304000000000000909e+02 7.619801568255930857e-02
7.306000000000000227e+02 7.597842620369664457e-02
7.307999999999999545e+02 7.579408423807258710e-02
7.310000000000000000e+02 7.563700769344058883e-02
7.312000000000000455e+02 7.549876498610139097e-02
7.314000000000000909e+02 7.537102030323841739e-02
7.316000000000000227e+02 7.524587918860636826e-02
7.317999999999999545e+02 7.511458861978162482e-02
7.320000000000000000e+02 7.496733858561535624e-02
7.322000000000000455e+02 7.479511557555332257e-02
7.324000000000000909e+02 7.459024945354401914e-02
7.326000000000000227e+02 7.434735893046166832e-02
7.327999999999999545e+02 7.406600745708406819e-02
7.330000000000000000e+02 7.374910938576179076e-02
7.332000000000000455e+02 7.340202689743421938e-02
7.334000000000000909e+02 7.303135025674588332e-02
7.336000000000000227e+02 7.264378503577431645e-02
7.337999999999999545e+02 7.224546890190365611e-02
7.340000000000000000e+02 7.184099467031478115e-02
7.342000000000000455e+02 7.143414312162059410e-02
7.344000000000000909e+02 7.102807917011755290e-02
7.346000000000000227e+02 7.062509191598888292e-02
7.347999999999999545e+02 7.022673668066448105e-02
7.350000000000000000e+02 6.983354461418335435e-02
7.352000000000000455e+02 6.944396094439518607e-02
7.354000000000000909e+02 6.905545419844370814e-02
7.356000000000000227e+02 6.866546387283298247e-02
7.357999999999999545e+02 6.827319101249937350e-02
7.360000000000000000e+02 6.787954017470182455e-02
7.362000000000000455e+02 6.748621505967385137e-02
7.364000000000000909e+02 6.709319076007334848e-02
7.366000000000000227e+02 6.670114864200100968e-02
7.367999999999999545e+02 6.631131664601525033e-02
7.370000000000000000e+02 6.592286760272056401e-02
7.372000000000000455e+02 6.553632589240412920e-02
7.374000000000000909e+02 6.515396456284214266e-02
7.376000000000000227e+02 6.477814614296016626e-02
7.377999999999999545e+02 6.441175351628487811e-02
7.380000000000000000e+02 6.405828882925185264e-02
7.382000000000000455e+02 6.372176826281560069e-02
7.384000000000000909e+02 6.340609120197200632e-02
7.386000000000000227e+02 6.311442543534064031e-02
7.387999999999999545e+02 6.284802348118841142e-02
7.390000000000000000e+02 6.260610277390983580e-02
7.392000000000000455e+02 6.238610467577661994e-02
7.394000000000000909e+02 6.218419730518251476e-02
7.396000000000000227e+02 6.199544346186685456e-02
7.397999999999999545e+02 6.181454601044273495e-02
7.400000000000000000e+02 6.163743019994968875e-02
7.402000000000000455e+02 6.146122626333280770e-02
7.404000000000000909e+02 6.128501592349670096e-02
7.406000000000000227e+02 6.111154421966003697e-02
7.407999999999999545e+02 6.094408340790773843e-02
7.410000000000000000e+02 6.078567285119634150e-02
7.412000000000000455e+02 6.063900227426752276e-02
7.414000000000000909e+02 6.050526640570574183e-02
7.416000000000000227e+02 6.038399210542753220e-02
7.417999999999999545e+02 6.027292961541418775e-02
7.420000000000000000e+02 6.016769705915161331e-02
7.422000000000000455e+02 6.006185073332026558e-02
7.424000000000000909e+02 5.994699312053607815e-02
7.426000000000000227e+02 5.981476672039528347e-02
7.427999999999999545e+02 5.965817267130052448e-02
7.430000000000000000e+02 5.947335079604232355e-02
7.432000000000000455e+02 5.925895705155233284e-02
7.434000000000000909e+02 5.901535928489643618e-02
7.436000000000000227e+02 5.874373174154368799e-02
7.437999999999999545e+02 5.844548732669244823e-02
7.440000000000000000e+02 5.812261803597724291e-02
7.442000000000000455e+02 5.777858927273179374e-02
7.444000000000000909e+02 5.741906408893629465e-02
7.446000000000000227e+02 5.705103353177802539e-02
7.447999999999999545e+02 5.668159850425055768e-02
7.450000000000000000e+02 5.631921676125782594e-02
7.452000000000000455e+02 5.597077871455211767e-02
7.454000000000000909e+02 5.563716373919651292e-02
7.456000000000000227e+02 5.531793778913202814e-02
7.457999999999999545e+02 5.501238170823240237e-02
7.460000000000000000e+02 5.471980036978908030e-02
7.462000000000000455e+02 5.444028422871893813e-02
7.464000000000000909e+02 5.417392869995348720e-02
7.466000000000000227e+02 5.391961540747202547e-02
7.467999999999999545e+02 5.367488443456949060e-02
7.470000000000000000e+02 5.343679086476452178e-02
7.472000000000000455e+02 5.320300383529173033e-02
7.474000000000000909e+02 5.297248845558639313e-02
7.476000000000000227e+02 5.274498471205017747e-02
7.477999999999999545e+02 5.252036309100586997e-02
7.480000000000000000e+02 5.229842579177748640e-02
7.482000000000000455e+02 5.207985319002771119e-02
7.484000000000000909e+02 5.186741696947313324e-02
7.486000000000000227e+02 5.166537125775840650e-02
7.487999999999999545e+02 5.147881154073515042e-02
7.490000000000000000e+02 5.131287226481552610e-02
7.492000000000000455e+02 5.117002968252436224e-02
7.494000000000000909e+02 5.105179948159590392e-02
7.496000000000000227e+02 5.096067785441452808e-02
7.497999999999999545e+02 5.089985922076562669e-02
7.500000000000000000e+02 5.087195704297247517e-02
7.502000000000000455e+02 5.087744357298039366e-02
7.504000000000000909e+02 5.091287089442457503e-02
7.506000000000000227e+02 5.097143294063800900e-02
7.507999999999999545e+02 5.104346738304368913e-02
7.510000000000000000e+02 5.111860833091287637e-02
7.512000000000000455e+02 5.118723371751054269e-02
7.514000000000000909e+02 5.124181385915708292e-02
7.516000000000000227e+02 5.127803768929494604e-02
7.517999999999999545e+02 5.129421784085971131e-02
7.520000000000000000e+02 5.129075541992371423e-02
7.522000000000000455e+02 5.126810255710240183e-02
7.524000000000000909e+02 5.122658155413199743e-02
7.526000000000000227e+02 5.116649143762618673e-02
7.527999999999999545e+02 5.108865350935884453e-02
7.530000000000000000e+02 5.099444695461710642e-02
7.532000000000000455e+02 5.088586327058029074e-02
7.534000000000000909e+02 5.076546030202346016e-02
7.536000000000000227e+02 5.063534647496335805e-02
7.537999999999999545e+02 5.049687705015545869e-02
7.540000000000000000e+02 5.035360223014152120e-02
7.542000000000000455e+02 5.021021158479155311e-02
7.544000000000000909e+02 5.007132951150913835e-02
7.546000000000000227e+02 4.993922661219699077e-02
7.547999999999999545e+02 4.981309762809080222e-02
7.550000000000000000e+02 4.968856308367672336e-02
7.552000000000000455e+02 4.955882838010194913e-02
7.554000000000000909e+02 4.941663406756165167e-02
7.556000000000000227e+02 4.925556850243280327e-02
7.557999999999999545e+02 4.907104991508298014e-02
7.560000000000000000e+02 4.886110848949561103e-02
7.562000000000000455e+02 4.862712068219916112e-02
7.564000000000000909e+02 4.837396342936052529e-02
7.566000000000000227e+02 4.810916471111939541e-02
7.567999999999999545e+02 4.784258254045846426e-02
7.570000000000000000e+02 4.758604284054517713e-02
7.572000000000000455e+02 4.735391863789209510e-02
7.574000000000000909e+02 4.716258290536234909e-02
7.576000000000000227e+02 4.702513702224010717e-02
7.577999999999999545e+02 4.695123133936771748e-02
7.580000000000000000e+02 4.694659119835748601e-02
7.582000000000000455e+02 4.701164336090898899e-02
7.584000000000000909e+02 4.714344679890422607e-02
7.586000000000000227e+02 4.733650573739330014e-02
7.587999999999999545e+02 4.758294889458198479e-02
7.590000000000000000e+02 4.787211007267577062e-02
7.592000000000000455e+02 4.819038918505382657e-02
7.594000000000000909e+02 4.852233446346995716e-02
7.596000000000000227e+02 4.885195509405453052e-02
7.597999999999999545e+02 4.916346645758627731e-02
7.600000000000000000e+02 4.944218247300036229e-02
7.602000000000000455e+02 4.967561966283209202e-02
7.604000000000000909e+02 4.985445276748168286e-02
7.606000000000000227e+02 4.997404450708366891e-02
7.607999999999999545e+02 5.003455958889647254e-02
7.610000000000000000e+02 5.004085417490084647e-02
7.612000000000000455e+02 5.000120272449867787e-02
7.614000000000000909e+02 4.992551294128611677e-02
7.616000000000000227e+02 4.982467412034270043e-02
7.617999999999999545e+02 4.971036219861773436e-02
7.620000000000000000e+02 4.959267499393228695e-02
7.622000000000000455e+02 4.947930845252138804e-02
7.624000000000000909e+02 4.937592140877156144e-02
7.626000000000000227e+02 4.928742911033782287e-02
7.627999999999999545e+02 4.921854175080483951e-02
7.630000000000000000e+02 4.917405532352297354e-02
7.632000000000000455e+02 4.915808944612546499e-02
7.634000000000000909e+02 4.917290019256351230e-02
7.636000000000000227e+02 4.921601738562351308e-02
7.637999999999999545e+02 4.928189122382901216e-02
7.640000000000000000e+02 4.936291353791821823e-02
7.642000000000000455e+02 4.945079002074862645e-02
7.644000000000000909e+02 4.953785239326852913e-02
7.646000000000000227e+02 4.961776279782425386e-02
7.647999999999999545e+02 4.968642993885667714e-02
7.650000000000000000e+02 4.974205502195865741e-02
7.652000000000000455e+02 4.978511318077096653e-02
7.654000000000000909e+02 4.981751176749131538e-02
7.656000000000000227e+02 4.984152079001714919e-02
7.657999999999999545e+02 4.985915338493947940e-02
7.660000000000000000e+02 4.987150087078159877e-02
7.662000000000000455e+02 4.987974475392319140e-02
7.664000000000000909e+02 4.988596033137125685e-02
7.666000000000000227e+02 4.989384676872761493e-02
7.667999999999999545e+02 4.990750771449254525e-02
7.670000000000000000e+02 4.993042065010135089e-02
7.672000000000000455e+02 4.996454650963493699e-02
7.674000000000000909e+02 5.001025223098523598e-02
7.676000000000000227e+02 5.006614020670181048e-02
7.677999999999999545e+02 5.013008141518369987e-02
7.680000000000000000e+02 5.020033790819554420e-02
7.682000000000000455e+02 5.027677777241239265e-02
7.684000000000000909e+02 5.036123703835804905e-02
7.686000000000000227e+02 5.045626569092718366e-02
7.687999999999999545e+02 5.056340990548062464e-02
7.690000000000000000e+02 5.068154897677626392e-02
7.692000000000000455e+02 5.080753655715291445e-02
7.694000000000000909e+02 5.093746210444852207e-02
7.696000000000000227e+02 5.106993424202629223e-02
7.697999999999999545e+02 5.120666328332820066e-02
7.700000000000000000e+02 5.135277176633654128e-02
7.702000000000000455e+02 5.151312535170182727e-02
7.704000000000000909e+02 5.169114425429893744e-02
7.706000000000000227e+02 5.188780049256990629e-02
7.707999999999999545e+02 5.210341318163299457e-02
7.710000000000000000e+02 5.233854520560986268e-02
7.712000000000000455e+02 5.259516402691748194e-02
7.714000000000000909e+02 5.287532620796887850e-02
7.716000000000000227e+02 5.318049404796346136e-02
7.717999999999999545e+02 5.351060638015803922e-02
7.720000000000000000e+02 5.386436135190514340e-02
7.722000000000000455e+02 5.423914456268243145e-02
7.724000000000000909e+02 5.463048530943616365e-02
7.726000000000000227e+02 5.503253628523917945e-02
7.727999999999999545e+02 5.543833551950846233e-02
7.730000000000000000e+02 5.584046144186213118e-02
7.732000000000000455e+02 5.623183733525193018e-02
7.734000000000000909e+02 5.660613820657996176e-02
7.736000000000000227e+02 5.695766270722223829e-02
7.737999999999999545e+02 5.728158404643202140e-02
7.740000000000000000e+02 5.757409706668405874e-02
7.742000000000000455e+02 5.783157864911980112e-02
7.744000000000000909e+02 5.805025595238232777e-02
7.746000000000000227e+02 5.822638636732988676e-02
7.747999999999999545e+02 5.835901950558537721e-02
7.750000000000000000e+02 5.845067153110727193e-02
7.752000000000000455e+02 5.850818210106949191e-02
7.754000000000000909e+02 5.854132053384862588e-02
7.756000000000000227e+02 5.855999076373497036e-02
7.757999999999999545e+02 5.857145852808687964e-02
7.760000000000000000e+02 5.858109433792670073e-02
7.762000000000000455e+02 5.859460717196155605e-02
7.764000000000000909e+02 5.862082860871593165e-02
7.766000000000000227e+02 5.867135690024168765e-02
7.767999999999999545e+02 5.875883191303900299e-02
7.770000000000000000e+02 5.889436771314275620e-02
7.772000000000000455e+02 5.908488183499869401e-02
7.774000000000000909e+02 5.933328164332574844e-02
7.776000000000000227e+02 5.963898652230980452e-02
7.777999999999999545e+02 5.999908595128934652e-02
7.780000000000000000e+02 6.040792599827218140e-02
7.782000000000000455e+02 6.085516823938719871e-02
7.784000000000000909e+02 6.132652784225861575e-02
7.786000000000000227e+02 6.180507808708086276e-02
7.787999999999999545e+02 6.227410346242558820e-02
7.790000000000000000e+02 6.271983964312304038e-02
7.792000000000000455e+02 6.313231250765774516e-02
7.794000000000000909e+02 6.350553123529191490e-02
7.796000000000000227e+02 6.383512924656123411e-02
7.797999999999999545e+02 6.411752058430791879e-02
7.800000000000000000e+02 6.434971843450293383e-02
7.802000000000000455e+02 6.453186314534301027e-02
7.804000000000000909e+02 6.466861495689518735e-02
7.806000000000000227e+02 6.476958686006645260e-02
7.807999999999999545e+02 6.484646671020677378e-02
7.810000000000000000e+02 6.491134817146612668e-02
7.812000000000000455e+02 6.497467775283036207e-02
7.814000000000000909e+02 6.504678753181410145e-02
7.816000000000000227e+02 6.513934859992635829e-02
7.817999999999999545e+02 6.526790318729566720e-02
7.820000000000000000e+02 6.544976771461920306e-02
7.822000000000000455e+02 6.570167215360848967e-02
7.824000000000000909e+02 6.603333658675433759e-02
7.826000000000000227e+02 6.644632919664200665e-02
7.827999999999999545e+02 6.693241926768359051e-02
7.830000000000000000e+02 6.747638326795009356e-02
7.832000000000000455e+02 6.805952495051964535e-02
7.834000000000000909e+02 6.866274223053407677e-02
7.836000000000000227e+02 6.927024161496056487e-02
7.837999999999999545e+02 6.986945292627430582e-02
7.840000000000000000e+02 7.045113037662663336e-02
7.842000000000000455e+02 7.101105269841562206e-02
7.844000000000000909e+02 7.154978764420417969e-02
7.846000000000000227e+02 7.207272711186175906e-02
7.847999999999999545e+02 7.258700515593652369e-02
7.850000000000000000e+02 7.309923760382874836e-02
7.852000000000000455e+02 7.361222404154478538e-02
7.854000000000000909e+02 7.412441304950823096e-02
7.856000000000000227e+02 7.463171424883284499e-02
7.857999999999999545e+02 7.513151109756120716e-02
7.860000000000000000e+02 7.562470266916285211e-02
7.862000000000000455e+02 7.611488799451150700e-02
7.864000000000000909e+02 7.660498266596049710e-02
7.866000000000000227e+02 7.709456250988871995e-02
7.867999999999999545e+02 7.757975674039950531e-02
7.870000000000000000e+02 7.805537892293118452e-02
7.872000000000000455e+02 7.851757368210146582e-02
7.874000000000000909e+02 7.896447043317511572e-02
7.876000000000000227e+02 7.939504751020902418e-02
7.877999999999999545e+02 7.980691335189961377e-02
7.880000000000000000e+02 8.019558602725655738e-02
7.882000000000000455e+02 8.055579353294990697e-02
7.884000000000000909e+02 8.088418214056679323e-02
7.886000000000000227e+02 8.118091065228075220e-02
7.887999999999999545e+02 8.144994007432192207e-02
7.890000000000000000e+02 8.169675703368928232e-02
7.892000000000000455e+02 8.192713021722919375e-02
7.894000000000000909e+02 8.214685349338506082e-02
7.896000000000000227e+02 8.236269117416632202e-02
7.897999999999999545e+02 8.258313706517952935e-02
7.900000000000000000e+02 8.281758502414054979e-02
7.902000000000000455e+02 8.307353841820055984e-02
7.904000000000000909e+02 8.335364450526104585e-02
7.906000000000000227e+02 8.365418118986742146e-02
7.907999999999999545e+02 8.396662971364110550e-02
7.910000000000000000e+02 8.427890570866516939e-02
7.912000000000000455e+02 8.457881926111569804e-02
7.914000000000000909e+02 8.485556587532785966e-02
7.916000000000000227e+02 8.510143065617230274e-02
7.917999999999999545e+02 8.531280853123446306e-02
7.920000000000000000e+02 8.549022545767678838e-02
7.922000000000000455e+02 8.563886386749193502e-02
7.924000000000000909e+02 8.576623057761771640e-02
7.926000000000000227e+02 8.588175814360531068e-02
7.927999999999999545e+02 8.599707413511227527e-02
7.930000000000000000e+02 8.612273096912867465e-02
7.932000000000000455e+02 8.626703914010998286e-02
7.934000000000000909e+02 8.643468533715450985e-02
7.936000000000000227e+02 8.662724714735768605e-02
7.937999999999999545e+02 8.684349839865931897e-02
7.940000000000000000e+02 8.707961339675221457e-02
7.942000000000000455e+02 8.733050898007148344e-02
7.944000000000000909e+02 8.759016425353111091e-02
7.946000000000000227e+02 8.785147412849490800e-02
7.947999999999999545e+02 8.810879983321132092e-02
7.950000000000000000e+02 8.835882929350059867e-02
7.952000000000000455e+02 8.860021268285234175e-02
7.954000000000000909e+02 8.883149150255624515e-02
7.956000000000000227e+02 8.904972189522093740e-02
7.957999999999999545e+02 8.924828734275153108e-02
7.960000000000000000e+02 8.941884174726139056e-02
7.962000000000000455e+02 8.955279765748144771e-02
7.964000000000000909e+02 8.964443833648902404e-02
7.966000000000000227e+02 8.969142084246987945e-02
7.967999999999999545e+02 8.969537830354996910e-02
7.970000000000000000e+02 8.966177525876439791e-02
7.972000000000000455e+02 8.959874168937440042e-02
7.974000000000000909e+02 8.951648331773172373e-02
7.976000000000000227e+02 8.942599721508984190e-02
7.977999999999999545e+02 8.933707204900243060e-02
7.980000000000000000e+02 8.925601675787263323e-02
7.982000000000000455e+02 8.918268729244149817e-02
7.984000000000000909e+02 8.911024983531619370e-02
7.986000000000000227e+02 8.902444024915169563e-02
7.987999999999999545e+02 8.890871744068984395e-02
7.990000000000000000e+02 8.874888402378455776e-02
7.992000000000000455e+02 8.853892526586841505e-02
7.994000000000000909e+02 8.828399815795727468e-02
7.996000000000000227e+02 8.799948682119515531e-02
7.997999999999999545e+02 8.771037748449461713e-02
8.000000000000000000e+02 8.744226379835429164e-02
