4.500000000000000000e+02 3.271937385796203079e-01
4.501999999999999886e+02 3.250209647565096005e-01
4.503999999999999773e+02 3.227952602811354765e-01
4.506000000000000227e+02 3.205149905183969361e-01
4.508000000000000114e+02 3.181903146215845357e-01
4.510000000000000000e+02 3.158244834729224126e-01
4.511999999999999886e+02 3.134240905423074652e-01
4.513999999999999773e+02 3.110097651805180385e-01
4.516000000000000227e+02 3.085787464959224846e-01
4.518000000000000114e+02 3.061274771959128227e-01
4.520000000000000000e+02 3.036613553749518690e-01
4.521999999999999886e+02 3.011834636059858572e-01
4.523999999999999773e+02 2.986895730151171158e-01
4.526000000000000227e+02 2.961824528755994668e-01
4.528000000000000114e+02 2.936809963580638283e-01
4.530000000000000000e+02 2.911756108154842648e-01
4.531999999999999886e+02 2.886548604348177505e-01
4.533999999999999773e+02 2.861158408623877825e-01
4.536000000000000227e+02 2.835518903365273902e-01
4.538000000000000114e+02 2.809746989274879980e-01
4.540000000000000000e+02 2.783964235882057658e-01
4.541999999999999886e+02 2.758096354669326566e-01
4.543999999999999773e+02 2.732171450005426161e-01
4.546000000000000227e+02 2.706187103030214258e-01
4.548000000000000114e+02 2.680129181928599946e-01
4.550000000000000000e+02 2.654182014995706829e-01
4.551999999999999886e+02 2.628320539484108598e-01
4.553999999999999773e+02 2.602425154869219548e-01
4.556000000000000227e+02 2.576499652288399833e-01
4.558000000000000114e+02 2.550619805661986650e-01
4.560000000000000000e+02 2.524830265300354593e-01
4.561999999999999886e+02 2.499179900157141865e-01
4.563999999999999773e+02 2.473885474695009801e-01
4.566000000000000227e+02 2.448987828377736931e-01
4.568000000000000114e+02 2.424454868747719649e-01
4.570000000000000000e+02 2.400330824516469785e-01
4.571999999999999886e+02 2.376533689794880777e-01
4.573999999999999773e+02 2.353054748710297628e-01
4.576000000000000227e+02 2.329943305469491521e-01
4.578000000000000114e+02 2.307046095982788203e-01
4.580000000000000000e+02 2.284230064805048421e-01
4.581999999999999886e+02 2.261419633806143747e-01
4.583999999999999773e+02 2.238574948645493112e-01
4.586000000000000227e+02 2.215660804492349256e-01
4.588000000000000114e+02 2.192763019516561496e-01
4.590000000000000000e+02 2.170019850461851751e-01
4.591999999999999886e+02 2.147362732181016531e-01
4.593999999999999773e+02 2.124768749506556198e-01
4.596000000000000227e+02 2.102208097502498152e-01
4.598000000000000114e+02 2.079595953241488715e-01
4.600000000000000000e+02 2.057084777174119639e-01
4.601999999999999886e+02 2.034745359165564538e-01
4.603999999999999773e+02 2.012509626418366449e-01
4.606000000000000227e+02 1.990387276593777455e-01
4.608000000000000114e+02 1.968372610977127957e-01
4.610000000000000000e+02 1.946567401973745559e-01
4.611999999999999886e+02 1.925230259333369498e-01
4.613999999999999773e+02 1.904331727340795033e-01
4.616000000000000227e+02 1.883793519449743492e-01
4.618000000000000114e+02 1.863619551326686774e-01
4.620000000000000000e+02 1.843888104948222251e-01
4.621999999999999886e+02 1.824576352128474688e-01
4.623999999999999773e+02 1.805662969858538025e-01
4.626000000000000227e+02 1.787208803897163967e-01
4.628000000000000114e+02 1.769113688874919821e-01
4.630000000000000000e+02 1.751317968117149793e-01
4.631999999999999886e+02 1.733854937017296483e-01
4.633999999999999773e+02 1.716770657518705279e-01
4.636000000000000227e+02 1.700273645010839663e-01
4.638000000000000114e+02 1.684539212389772056e-01
4.640000000000000000e+02 1.669530349664694879e-01
4.641999999999999886e+02 1.655165969962799355e-01
4.643999999999999773e+02 1.641320461432921596e-01
4.646000000000000227e+02 1.627860209464339902e-01
4.648000000000000114e+02 1.614723801580125462e-01
4.650000000000000000e+02 1.601815763483797894e-01
4.651999999999999886e+02 1.589072856956492419e-01
4.653999999999999773e+02 1.576509393364460554e-01
4.656000000000000227e+02 1.564056733570787783e-01
4.658000000000000114e+02 1.551596430186837627e-01
4.660000000000000000e+02 1.539051646516068905e-01
4.661999999999999886e+02 1.526506481015777184e-01
4.663999999999999773e+02 1.513969444531599318e-01
4.666000000000000227e+02 1.501411756013350529e-01
4.668000000000000114e+02 1.488835115161157296e-01
4.670000000000000000e+02 1.476236552098985078e-01
4.671999999999999886e+02 1.463700925379941287e-01
4.673999999999999773e+02 1.451328964061699700e-01
4.676000000000000227e+02 1.439048892200509300e-01
4.678000000000000114e+02 1.426895933258033600e-01
4.680000000000000000e+02 1.414974774493182319e-01
4.681999999999999886e+02 1.403390788686075530e-01
4.683999999999999773e+02 1.392291645084313689e-01
4.686000000000000227e+02 1.381742067944895236e-01
4.688000000000000114e+02 1.371719226539920566e-01
4.690000000000000000e+02 1.362198663056165826e-01
4.691999999999999886e+02 1.353129751215919885e-01
4.693999999999999773e+02 1.344412224359737007e-01
4.696000000000000227e+02 1.335908453630510750e-01
4.698000000000000114e+02 1.327558833246490211e-01
4.700000000000000000e+02 1.319275786730933486e-01
4.701999999999999886e+02 1.310949558139263282e-01
4.703999999999999773e+02 1.302537997666911584e-01
4.706000000000000227e+02 1.294005491306568778e-01
4.708000000000000114e+02 1.285353044493074415e-01
4.710000000000000000e+02 1.276631432334382477e-01
4.711999999999999886e+02 1.267849825380085171e-01
4.713999999999999773e+02 1.259054323248081642e-01
4.716000000000000227e+02 1.250300335907981453e-01
4.718000000000000114e+02 1.241539041225566964e-01
4.720000000000000000e+02 1.232613960990920077e-01
4.721999999999999886e+02 1.223374530346814093e-01
4.723999999999999773e+02 1.213739308410840406e-01
4.726000000000000227e+02 1.203580534655005613e-01
4.728000000000000114e+02 1.192847567242777684e-01
4.730000000000000000e+02 1.181552240037168217e-01
4.731999999999999886e+02 1.169668453041254330e-01
4.733999999999999773e+02 1.157255565419283427e-01
4.736000000000000227e+02 1.144371535445719151e-01
4.738000000000000114e+02 1.131026158066007342e-01
4.740000000000000000e+02 1.117335639279007781e-01
4.741999999999999886e+02 1.103428515929889553e-01
4.743999999999999773e+02 1.089428845150458014e-01
4.746000000000000227e+02 1.075469852393868969e-01
4.748000000000000114e+02 1.061497276747637164e-01
4.750000000000000000e+02 1.047443427737207999e-01
4.751999999999999886e+02 1.033368338694027333e-01
4.753999999999999773e+02 1.019370903891664432e-01
4.756000000000000227e+02 1.005495524262060847e-01
4.758000000000000114e+02 9.917664156012841181e-02
4.760000000000000000e+02 9.782679452615106186e-02
4.761999999999999886e+02 9.648985497841544579e-02
4.763999999999999773e+02 9.514961023659357364e-02
4.766000000000000227e+02 9.379369394282442707e-02
4.768000000000000114e+02 9.240377353097212199e-02
4.770000000000000000e+02 9.096670555895365606e-02
4.771999999999999886e+02 8.947437842940336727e-02
4.773999999999999773e+02 8.791846204527613284e-02
4.776000000000000227e+02 8.630565662811473526e-02
4.778000000000000114e+02 8.465303903655950479e-02
4.780000000000000000e+02 8.298022503798552219e-02
4.781999999999999886e+02 8.130050732125100599e-02
4.783999999999999773e+02 7.963250185169144790e-02
4.786000000000000227e+02 7.799572103327713501e-02
4.788000000000000114e+02 7.639790502624071999e-02
4.790000000000000000e+02 7.484795670192394279e-02
4.791999999999999886e+02 7.334700585972761533e-02
4.793999999999999773e+02 7.188563072389879405e-02
4.796000000000000227e+02 7.046286591122992438e-02
4.798000000000000114e+02 6.906917100753236227e-02
4.800000000000000000e+02 6.769108257813255536e-02
4.801999999999999886e+02 6.632701038364897939e-02
4.803999999999999773e+02 6.497506973275726794e-02
4.806000000000000227e+02 6.363567093834238131e-02
4.808000000000000114e+02 6.231073035408916244e-02
4.810000000000000000e+02 6.099016208321476201e-02
4.811999999999999886e+02 5.966623429159777225e-02
4.813999999999999773e+02 5.833410154937593989e-02
4.816000000000000227e+02 5.698507307450638437e-02
4.818000000000000114e+02 5.560927588048882042e-02
4.820000000000000000e+02 5.420520832244427045e-02
4.821999999999999886e+02 5.278083912056688587e-02
4.823999999999999773e+02 5.133574491850807775e-02
4.826000000000000227e+02 4.987538340919896868e-02
4.828000000000000114e+02 4.840800370486903620e-02
4.830000000000000000e+02 4.693451074145333496e-02
4.831999999999999886e+02 4.546449662926640295e-02
4.833999999999999773e+02 4.400353744429681691e-02
4.836000000000000227e+02 4.254777573347821862e-02
4.838000000000000114e+02 4.110016069642901532e-02
4.840000000000000000e+02 3.965878932155528919e-02
4.841999999999999886e+02 3.822318283485398593e-02
4.843999999999999773e+02 3.680683795185984292e-02
4.846000000000000227e+02 3.541569962757275952e-02
4.848000000000000114e+02 3.405496208663520014e-02
4.850000000000000000e+02 3.273358803932992223e-02
4.851999999999999886e+02 3.145677430834957489e-02
4.853999999999999773e+02 3.022299311327918819e-02
4.856000000000000227e+02 2.903131343656144628e-02
4.858000000000000114e+02 2.789006408108281668e-02
4.860000000000000000e+02 2.679492092358862210e-02
4.861999999999999886e+02 2.573841137614365365e-02
4.863999999999999773e+02 2.471633374906099384e-02
4.866000000000000227e+02 2.372267894554688783e-02
4.868000000000000114e+02 2.276369629461148444e-02
4.870000000000000000e+02 2.185545752650410595e-02
4.871999999999999886e+02 2.101341770517261773e-02
4.873999999999999773e+02 2.024741423178346919e-02
4.876000000000000227e+02 1.956059845495629682e-02
4.878000000000000114e+02 1.895137602185013523e-02
4.880000000000000000e+02 1.842081298934108990e-02
4.881999999999999886e+02 1.797492556633077318e-02
4.883999999999999773e+02 1.762040222824534999e-02
4.886000000000000227e+02 1.735762778866608083e-02
4.888000000000000114e+02 1.717981541946553281e-02
4.890000000000000000e+02 1.707559279020309795e-02
4.891999999999999886e+02 1.703258300744271703e-02
4.893999999999999773e+02 1.704293219688209765e-02
4.896000000000000227e+02 1.709626355649475002e-02
4.898000000000000114e+02 1.717873416097667749e-02
4.900000000000000000e+02 1.727563019756928747e-02
4.901999999999999886e+02 1.737772210870478645e-02
4.903999999999999773e+02 1.748145919123538991e-02
4.906000000000000227e+02 1.758920093749826580e-02
4.908000000000000114e+02 1.771006356533831941e-02
4.910000000000000000e+02 1.785118660216227990e-02
4.911999999999999886e+02 1.801676969814419368e-02
4.913999999999999773e+02 1.821121217959114150e-02
4.916000000000000227e+02 1.844608952192797538e-02
4.918000000000000114e+02 1.873752037896879094e-02
4.920000000000000000e+02 1.910339569885665528e-02
4.921999999999999886e+02 1.956073336351661987e-02
4.923999999999999773e+02 2.011773823409618994e-02
4.926000000000000227e+02 2.077559407893761131e-02
4.928000000000000114e+02 2.153322279175160295e-02
4.930000000000000000e+02 2.238635868133298165e-02
4.931999999999999886e+02 2.333406604111322794e-02
4.933999999999999773e+02 2.437775544518930651e-02
4.936000000000000227e+02 2.550812005140372374e-02
4.938000000000000114e+02 2.671605883835149325e-02
4.940000000000000000e+02 2.798869987653358066e-02
4.941999999999999886e+02 2.930412350281561343e-02
4.943999999999999773e+02 3.065509202147385578e-02
4.946000000000000227e+02 3.203669414247565378e-02
4.948000000000000114e+02 3.343779265235548304e-02
4.950000000000000000e+02 3.484297788030270987e-02
4.951999999999999886e+02 3.624699393049422846e-02
4.953999999999999773e+02 3.765015185349770283e-02
4.956000000000000227e+02 3.904911153958905146e-02
4.958000000000000114e+02 4.044386434059586005e-02
4.960000000000000000e+02 4.182950830934370479e-02
4.961999999999999886e+02 4.319754925554971509e-02
4.963999999999999773e+02 4.455247372744788881e-02
4.966000000000000227e+02 4.589843554163534900e-02
4.968000000000000114e+02 4.724384134389870982e-02
4.970000000000000000e+02 4.860776108533001322e-02
4.971999999999999886e+02 4.999797815001416623e-02
4.973999999999999773e+02 5.141849660905285779e-02
4.976000000000000227e+02 5.287622779270721024e-02
4.978000000000000114e+02 5.438192901866516216e-02
4.980000000000000000e+02 5.592793945287705126e-02
4.981999999999999886e+02 5.749780812392168289e-02
4.983999999999999773e+02 5.908331560686291839e-02
4.986000000000000227e+02 6.067732596748397211e-02
4.988000000000000114e+02 6.227944165442800967e-02
4.990000000000000000e+02 6.388927376755647314e-02
4.991999999999999886e+02 6.548213221889105651e-02
4.993999999999999773e+02 6.704151722150723802e-02
4.996000000000000227e+02 6.855943939974695756e-02
4.998000000000000114e+02 7.002845742660676609e-02
5.000000000000000000e+02 7.144846143819992557e-02
5.001999999999999886e+02 7.281137428598659367e-02
5.003999999999999773e+02 7.410205985362965098e-02
5.006000000000000227e+02 7.532157918094750659e-02
5.008000000000000114e+02 7.647620334622318161e-02
5.010000000000000000e+02 7.757132093732926892e-02
5.011999999999999886e+02 7.860949332396563460e-02
5.013999999999999773e+02 7.959865679234766345e-02
5.016000000000000227e+02 8.054698556491274308e-02
5.018000000000000114e+02 8.146529051925775755e-02
5.020000000000000000e+02 8.237918248464519422e-02
5.021999999999999886e+02 8.331090793200519873e-02
5.023999999999999773e+02 8.427699636024625629e-02
5.026000000000000227e+02 8.528951096072347193e-02
5.028000000000000114e+02 8.635118239808235729e-02
5.030000000000000000e+02 8.745949570178362942e-02
5.031999999999999886e+02 8.860623312142502928e-02
5.033999999999999773e+02 8.977232571299632868e-02
5.036000000000000227e+02 9.094521314894382646e-02
5.038000000000000114e+02 9.211324676949107781e-02
5.040000000000000000e+02 9.325690821778694073e-02
5.041999999999999886e+02 9.435886067998662530e-02
5.043999999999999773e+02 9.540403970108297937e-02
5.046000000000000227e+02 9.638250640867572494e-02
5.048000000000000114e+02 9.729624214736272425e-02
5.050000000000000000e+02 9.814583878395417849e-02
5.051999999999999886e+02 9.892514788977453677e-02
5.053999999999999773e+02 9.962231747938454784e-02
5.056000000000000227e+02 1.002373249301747038e-01
5.058000000000000114e+02 1.007753092168724440e-01
5.060000000000000000e+02 1.012442952353756337e-01
5.061999999999999886e+02 1.016582429868317233e-01
5.063999999999999773e+02 1.020246725994868875e-01
5.066000000000000227e+02 1.023470802773939203e-01
5.068000000000000114e+02 1.026307670474990996e-01
5.070000000000000000e+02 1.028846448483084763e-01
5.071999999999999886e+02 1.031201266854889081e-01
5.073999999999999773e+02 1.033476274149543878e-01
5.076000000000000227e+02 1.035702600838823983e-01
5.078000000000000114e+02 1.037878812723532079e-01
5.080000000000000000e+02 1.040017584877892948e-01
5.081999999999999886e+02 1.042170931132032768e-01
5.083999999999999773e+02 1.044371228464078261e-01
5.086000000000000227e+02 1.046687763854757119e-01
5.088000000000000114e+02 1.049225230712377693e-01
5.090000000000000000e+02 1.052055761301852882e-01
5.091999999999999886e+02 1.055228767787776412e-01
5.093999999999999773e+02 1.058760807327389919e-01
5.096000000000000227e+02 1.062633846432746998e-01
5.098000000000000114e+02 1.066851480140170588e-01
5.100000000000000000e+02 1.071388484187042189e-01
5.101999999999999886e+02 1.076158008265099691e-01
5.103999999999999773e+02 1.081001500521143743e-01
5.106000000000000227e+02 1.085742100399772897e-01
5.108000000000000114e+02 1.090241777184488420e-01
5.110000000000000000e+02 1.094433323517890327e-01
5.111999999999999886e+02 1.098254608192016230e-01
5.113999999999999773e+02 1.101622220454414741e-01
5.116000000000000227e+02 1.104433561872330133e-01
5.118000000000000114e+02 1.106592942881979430e-01
5.120000000000000000e+02 1.108038665350973978e-01
5.122000000000000455e+02 1.108783019530378000e-01
5.123999999999999773e+02 1.108917452494942724e-01
5.126000000000000227e+02 1.108472972344473617e-01
5.127999999999999545e+02 1.107380219244280678e-01
5.130000000000000000e+02 1.105495379561413916e-01
5.132000000000000455e+02 1.102677603928501754e-01
5.133999999999999773e+02 1.098803047492979829e-01
5.136000000000000227e+02 1.093778586664690688e-01
5.137999999999999545e+02 1.087537659392425887e-01
5.140000000000000000e+02 1.079976746023379314e-01
5.142000000000000455e+02 1.071083101050873954e-01
5.143999999999999773e+02 1.060994549407281717e-01
5.146000000000000227e+02 1.049985458186811771e-01
5.147999999999999545e+02 1.038259798833625902e-01
5.150000000000000000e+02 1.026017128712320425e-01
5.152000000000000455e+02 1.013521875396737326e-01
5.153999999999999773e+02 1.000976042984638714e-01
5.156000000000000227e+02 9.885289174596113837e-02
5.157999999999999545e+02 9.762816411050889709e-02
5.160000000000000000e+02 9.642965683488835538e-02
5.162000000000000455e+02 9.527578270503672675e-02
5.163999999999999773e+02 9.417984459008638121e-02
5.166000000000000227e+02 9.313587681662158224e-02
5.167999999999999545e+02 9.213668506524998192e-02
5.170000000000000000e+02 9.117633157868666738e-02
5.172000000000000455e+02 9.024714843735230640e-02
5.173999999999999773e+02 8.933440377672706434e-02
5.176000000000000227e+02 8.842639124083992441e-02
5.177999999999999545e+02 8.751068846272509749e-02
5.180000000000000000e+02 8.657206116740395752e-02
5.182000000000000455e+02 8.560426312379959546e-02
5.183999999999999773e+02 8.460468220634156933e-02
5.186000000000000227e+02 8.357761233532778888e-02
5.187999999999999545e+02 8.254262339341633670e-02
5.190000000000000000e+02 8.150984586806254983e-02
5.192000000000000455e+02 8.048784761921112807e-02
5.193999999999999773e+02 7.949228712232084271e-02
5.196000000000000227e+02 7.853753157619454417e-02
5.197999999999999545e+02 7.763448919746895882e-02
5.200000000000000000e+02 7.678735683234848286e-02
5.202000000000000455e+02 7.599009841643694640e-02
5.203999999999999773e+02 7.523937917251560803e-02
5.206000000000000227e+02 7.453316311831971464e-02
5.207999999999999545e+02 7.386582136824396128e-02
5.210000000000000000e+02 7.322195197119701904e-02
5.212000000000000455e+02 7.258712023741822894e-02
5.213999999999999773e+02 7.194849665403836581e-02
5.216000000000000227e+02 7.128898221009905001e-02
5.217999999999999545e+02 7.059376698721783749e-02
5.220000000000000000e+02 6.985331801172080246e-02
5.222000000000000455e+02 6.906769711262730760e-02
5.223999999999999773e+02 6.825572966553873633e-02
5.226000000000000227e+02 6.743460571780017510e-02
5.227999999999999545e+02 6.662098255349387099e-02
5.230000000000000000e+02 6.584448138865113542e-02
5.232000000000000455e+02 6.512791895292741051e-02
5.233999999999999773e+02 6.447706291352846286e-02
5.236000000000000227e+02 6.388174875389035501e-02
5.237999999999999545e+02 6.334158404447252921e-02
5.240000000000000000e+02 6.285357898113226593e-02
5.242000000000000455e+02 6.241070539056574329e-02
5.243999999999999773e+02 6.200789414237781877e-02
5.246000000000000227e+02 6.163700015442701019e-02
5.247999999999999545e+02 6.128836949372420267e-02
5.250000000000000000e+02 6.095198855141283761e-02
5.252000000000000455e+02 6.061515569997111968e-02
5.253999999999999773e+02 6.026945328578193345e-02
5.256000000000000227e+02 5.990933071497792778e-02
5.257999999999999545e+02 5.952663068338136243e-02
5.260000000000000000e+02 5.911973792120661653e-02
5.262000000000000455e+02 5.869414821815426703e-02
5.263999999999999773e+02 5.826192442571090369e-02
5.266000000000000227e+02 5.784155981451970241e-02
5.267999999999999545e+02 5.745101075457167972e-02
5.270000000000000000e+02 5.710641840050711959e-02
5.272000000000000455e+02 5.682440000019645804e-02
5.273999999999999773e+02 5.662500580836019731e-02
5.276000000000000227e+02 5.652343119068223287e-02
5.277999999999999545e+02 5.652289427372276381e-02
5.280000000000000000e+02 5.661391138152561259e-02
5.282000000000000455e+02 5.678745561799911079e-02
5.283999999999999773e+02 5.703524250059284484e-02
5.286000000000000227e+02 5.734419528265421312e-02
5.287999999999999545e+02 5.770648591193700688e-02
5.290000000000000000e+02 5.812355895254341792e-02
5.292000000000000455e+02 5.860543530924468281e-02
5.293999999999999773e+02 5.916135346065306416e-02
5.296000000000000227e+02 5.979722118724133811e-02
5.297999999999999545e+02 6.051368887372963329e-02
5.300000000000000000e+02 6.130382346800782034e-02
5.302000000000000455e+02 6.215263250985293003e-02
5.303999999999999773e+02 6.304429555034621324e-02
5.306000000000000227e+02 6.396943253346516756e-02
5.307999999999999545e+02 6.493135146865773588e-02
5.310000000000000000e+02 6.593227118195885139e-02
5.312000000000000455e+02 6.696962749669188586e-02
5.313999999999999773e+02 6.803708284643662785e-02
5.316000000000000227e+02 6.912185041972394861e-02
5.317999999999999545e+02 7.021204741846881481e-02
5.320000000000000000e+02 7.129881539354764042e-02
5.322000000000000455e+02 7.236676639655546805e-02
5.323999999999999773e+02 7.341554036476631573e-02
5.326000000000000227e+02 7.445581893820998887e-02
5.327999999999999545e+02 7.549314392060386958e-02
5.330000000000000000e+02 7.653029018093809865e-02
5.332000000000000455e+02 7.757745250491542011e-02
5.333999999999999773e+02 7.865374140312658691e-02
5.336000000000000227e+02 7.977014332845863698e-02
5.337999999999999545e+02 8.093612352467863258e-02
5.340000000000000000e+02 8.215755203391589268e-02
5.342000000000000455e+02 8.343179169906456139e-02
5.343999999999999773e+02 8.476062886931375051e-02
5.346000000000000227e+02 8.613576413405966969e-02
5.347999999999999545e+02 8.753593200620554682e-02
5.350000000000000000e+02 8.895299031817952007e-02
5.352000000000000455e+02 9.038155603678917072e-02
5.353999999999999773e+02 9.181863691075031753e-02
5.356000000000000227e+02 9.326640766481272826e-02
5.357999999999999545e+02 9.471815808667816139e-02
5.360000000000000000e+02 9.617093894910053176e-02
5.362000000000000455e+02 9.762910032672190985e-02
5.363999999999999773e+02 9.908565847492427359e-02
5.366000000000000227e+02 1.005269455563174569e-01
5.367999999999999545e+02 1.019439105435811788e-01
5.370000000000000000e+02 1.033428933052225468e-01
5.372000000000000455e+02 1.047263303698865305e-01
5.373999999999999773e+02 1.060993099983504190e-01
5.376000000000000227e+02 1.074720265743844827e-01
5.377999999999999545e+02 1.088495346896258542e-01
5.380000000000000000e+02 1.102413769070824945e-01
5.382000000000000455e+02 1.116555315328288667e-01
5.383999999999999773e+02 1.130893760763502370e-01
5.386000000000000227e+02 1.145526948275545909e-01
5.387999999999999545e+02 1.160521486476813191e-01
5.390000000000000000e+02 1.175843126600974314e-01
5.392000000000000455e+02 1.191491219586393174e-01
5.393999999999999773e+02 1.207402339205672498e-01
5.396000000000000227e+02 1.223492480961779205e-01
5.397999999999999545e+02 1.239744835261959027e-01
5.400000000000000000e+02 1.256147087274065988e-01
5.402000000000000455e+02 1.272751907039981201e-01
5.403999999999999773e+02 1.289684971825202642e-01
5.406000000000000227e+02 1.307026373963756649e-01
5.407999999999999545e+02 1.324624450101323514e-01
5.410000000000000000e+02 1.342237723691008522e-01
5.412000000000000455e+02 1.359769210031600006e-01
5.413999999999999773e+02 1.377146344087268048e-01
5.416000000000000227e+02 1.394380500857076988e-01
5.417999999999999545e+02 1.411524563224654805e-01
5.420000000000000000e+02 1.428438552779913162e-01
5.422000000000000455e+02 1.445080012644193723e-01
5.423999999999999773e+02 1.461469994848808018e-01
5.426000000000000227e+02 1.477564512565135157e-01
5.427999999999999545e+02 1.493388944579785993e-01
5.430000000000000000e+02 1.509121107834562880e-01
5.432000000000000455e+02 1.525017492698230726e-01
5.433999999999999773e+02 1.541111326101178292e-01
5.436000000000000227e+02 1.557458775041651033e-01
5.437999999999999545e+02 1.574172043564371348e-01
5.440000000000000000e+02 1.591381913990722319e-01
5.442000000000000455e+02 1.609288005466390781e-01
5.443999999999999773e+02 1.627954316074812502e-01
5.446000000000000227e+02 1.647290137190827453e-01
5.447999999999999545e+02 1.667322059890578023e-01
5.450000000000000000e+02 1.688039300257464237e-01
5.452000000000000455e+02 1.709458841949254293e-01
5.453999999999999773e+02 1.731678966232520211e-01
5.456000000000000227e+02 1.754419363443212032e-01
5.457999999999999545e+02 1.777451749604563036e-01
5.460000000000000000e+02 1.800583977565245741e-01
5.462000000000000455e+02 1.823019114237411364e-01
5.463999999999999773e+02 1.844847981468268339e-01
5.466000000000000227e+02 1.866544008949005129e-01
5.467999999999999545e+02 1.887926557937145144e-01
5.470000000000000000e+02 1.909008890745158282e-01
5.472000000000000455e+02 1.929872493656236976e-01
5.473999999999999773e+02 1.950464339280225390e-01
5.476000000000000227e+02 1.970630065346401227e-01
5.477999999999999545e+02 1.990302339686579325e-01
5.480000000000000000e+02 2.009543947998558844e-01
5.482000000000000455e+02 2.028374225412990506e-01
5.483999999999999773e+02 2.046866459705131702e-01
5.486000000000000227e+02 2.065088448031835999e-01
5.487999999999999545e+02 2.082930735110744003e-01
5.490000000000000000e+02 2.100454094751095513e-01
5.492000000000000455e+02 2.117868768781806244e-01
5.493999999999999773e+02 2.135389675834478418e-01
5.496000000000000227e+02 2.153013567746979995e-01
5.497999999999999545e+02 2.170655206069199983e-01
5.500000000000000000e+02 2.188280465933157837e-01
5.502000000000000455e+02 2.205917939087161384e-01
5.503999999999999773e+02 2.223592887355583525e-01
5.506000000000000227e+02 2.241314911062301796e-01
5.507999999999999545e+02 2.259142021718499038e-01
5.510000000000000000e+02 2.277120620633210912e-01
5.512000000000000455e+02 2.295276558226032604e-01
5.513999999999999773e+02 2.313653260294723513e-01
5.516000000000000227e+02 2.332482784456850755e-01
5.517999999999999545e+02 2.352033392628387898e-01
5.520000000000000000e+02 2.372399942484028912e-01
5.522000000000000455e+02 2.393657637447650921e-01
5.523999999999999773e+02 2.415755657643953724e-01
5.526000000000000227e+02 2.438462390230583532e-01
5.527999999999999545e+02 2.461623389293895459e-01
5.530000000000000000e+02 2.485148967544201781e-01
5.532000000000000455e+02 2.508945222553936594e-01
5.533999999999999773e+02 2.532761863194126217e-01
5.536000000000000227e+02 2.556420405190474865e-01
5.537999999999999545e+02 2.579850627529630680e-01
5.540000000000000000e+02 2.603010412047492839e-01
5.542000000000000455e+02 2.625724448850020876e-01
5.543999999999999773e+02 2.647810084599622193e-01
5.546000000000000227e+02 2.669251110834169327e-01
5.547999999999999545e+02 2.690077301411666344e-01
5.550000000000000000e+02 2.710289363507519256e-01
5.552000000000000455e+02 2.729868870339765552e-01
5.553999999999999773e+02 2.749021415172774874e-01
5.556000000000000227e+02 2.768017010847256820e-01
5.557999999999999545e+02 2.787136091460015175e-01
5.560000000000000000e+02 2.806736306895887267e-01
5.562000000000000455e+02 2.827002184806318152e-01
5.563999999999999773e+02 2.847987760232411070e-01
5.566000000000000227e+02 2.869825009615907807e-01
5.567999999999999545e+02 2.892627099249965861e-01
5.570000000000000000e+02 2.916382406096147961e-01
5.572000000000000455e+02 2.940883880471795164e-01
5.573999999999999773e+02 2.966004494928078938e-01
5.576000000000000227e+02 2.991689710910430122e-01
5.577999999999999545e+02 3.017892203153909048e-01
5.580000000000000000e+02 3.044412679787833476e-01
5.582000000000000455e+02 3.071150409510214341e-01
5.583999999999999773e+02 3.098156685107594233e-01
5.586000000000000227e+02 3.125437059635747250e-01
5.587999999999999545e+02 3.152794211601093188e-01
5.590000000000000000e+02 3.180011011379417774e-01
5.592000000000000455e+02 3.207225131227549597e-01
5.593999999999999773e+02 3.234598096697219871e-01
5.596000000000000227e+02 3.262298483956829753e-01
5.597999999999999545e+02 3.290519448891321419e-01
5.600000000000000000e+02 3.319242441770484109e-01
5.602000000000000455e+02 3.348451712993060769e-01
5.603999999999999773e+02 3.378261658213576601e-01
5.606000000000000227e+02 3.408730407253324768e-01
5.607999999999999545e+02 3.439740715894833434e-01
5.610000000000000000e+02 3.471071148746573964e-01
5.612000000000000455e+02 3.502715600886072145e-01
5.613999999999999773e+02 3.534703805730061155e-01
5.616000000000000227e+02 3.566975979433354982e-01
5.617999999999999545e+02 3.599295799753495229e-01
5.620000000000000000e+02 3.631671372335480430e-01
5.622000000000000455e+02 3.664254729363198293e-01
5.623999999999999773e+02 3.697134293318756759e-01
5.626000000000000227e+02 3.730168734921121554e-01
5.627999999999999545e+02 3.763260703183766154e-01
5.630000000000000000e+02 3.796499618500667195e-01
5.632000000000000455e+02 3.829930258571477286e-01
5.633999999999999773e+02 3.863404306056540394e-01
5.636000000000000227e+02 3.896677608838337581e-01
5.637999999999999545e+02 3.929797395677848693e-01
5.640000000000000000e+02 3.962747700793449734e-01
5.642000000000000455e+02 3.995508962069517223e-01
5.643999999999999773e+02 4.028284787979803383e-01
5.646000000000000227e+02 4.061114402434222170e-01
5.647999999999999545e+02 4.093979811917886069e-01
5.650000000000000000e+02 4.126965835629636259e-01
5.652000000000000455e+02 4.160129516016341511e-01
5.653999999999999773e+02 4.193374315654436191e-01
5.656000000000000227e+02 4.226448778002313000e-01
5.657999999999999545e+02 4.259254675771283472e-01
5.660000000000000000e+02 4.291768225224820710e-01
5.662000000000000455e+02 4.323964541617135171e-01
5.663999999999999773e+02 4.355741385010039046e-01
5.666000000000000227e+02 4.387149752344651765e-01
5.667999999999999545e+02 4.418359617677863338e-01
5.670000000000000000e+02 4.449496334402160969e-01
5.672000000000000455e+02 4.480472347863079241e-01
5.673999999999999773e+02 4.511181673574600759e-01
5.676000000000000227e+02 4.541672371445394374e-01
5.677999999999999545e+02 4.571870640568967414e-01
5.680000000000000000e+02 4.601795427388020165e-01
5.682000000000000455e+02 4.631621415046316970e-01
5.683999999999999773e+02 4.661327885165209017e-01
5.686000000000000227e+02 4.690972643776949447e-01
5.687999999999999545e+02 4.720760652847527106e-01
5.690000000000000000e+02 4.750913244891105114e-01
5.692000000000000455e+02 4.781477938112851933e-01
5.693999999999999773e+02 4.812420315930061032e-01
5.696000000000000227e+02 4.843820157708879637e-01
5.697999999999999545e+02 4.875742889762588739e-01
5.700000000000000000e+02 4.908115391763709923e-01
5.702000000000000455e+02 4.940677512455954323e-01
5.703999999999999773e+02 4.973329068557724164e-01
5.706000000000000227e+02 5.006063269094279677e-01
5.707999999999999545e+02 5.038850663833308596e-01
5.710000000000000000e+02 5.071438105478731639e-01
5.712000000000000455e+02 5.103694142299038949e-01
5.713999999999999773e+02 5.135639090954133845e-01
5.716000000000000227e+02 5.167214512967189810e-01
5.717999999999999545e+02 5.198483218036206166e-01
5.720000000000000000e+02 5.229491914641646311e-01
5.722000000000000455e+02 5.260037450147307947e-01
5.723999999999999773e+02 5.290111720848643673e-01
5.726000000000000227e+02 5.319839366225581623e-01
5.727999999999999545e+02 5.349337246881727959e-01
5.730000000000000000e+02 5.378581647608813299e-01
5.732000000000000455e+02 5.407663777500888447e-01
5.733999999999999773e+02 5.436887552508388177e-01
5.736000000000000227e+02 5.466538505638676160e-01
5.737999999999999545e+02 5.496662780886079069e-01
5.740000000000000000e+02 5.527156441729041969e-01
5.742000000000000455e+02 5.558132575402999764e-01
5.743999999999999773e+02 5.589751234609677821e-01
5.746000000000000227e+02 5.622049440448717572e-01
5.747999999999999545e+02 5.654800217058807421e-01
5.750000000000000000e+02 5.687938413670919902e-01
5.752000000000000455e+02 5.721389845325465240e-01
5.753999999999999773e+02 5.754921327561460798e-01
5.756000000000000227e+02 5.788464671334471179e-01
5.757999999999999545e+02 5.821902307499191576e-01
5.760000000000000000e+02 5.855035913129094105e-01
5.762000000000000455e+02 5.887955281526711104e-01
5.763999999999999773e+02 5.920847766473695817e-01
5.766000000000000227e+02 5.953858816925335917e-01
5.767999999999999545e+02 5.986963420303030858e-01
5.770000000000000000e+02 6.020224445685937731e-01
5.772000000000000455e+02 6.053861978530145072e-01
5.773999999999999773e+02 6.088217305161209847e-01
5.776000000000000227e+02 6.123271270604146999e-01
5.777999999999999545e+02 6.159056070979189723e-01
5.780000000000000000e+02 6.195941741911740186e-01
5.782000000000000455e+02 6.233856308624061704e-01
5.783999999999999773e+02 6.272816061576904634e-01
5.786000000000000227e+02 6.313043328825330702e-01
5.787999999999999545e+02 6.354154598591040815e-01
5.790000000000000000e+02 6.395913806173595395e-01
5.792000000000000455e+02 6.438223222552483804e-01
5.793999999999999773e+02 6.480453296207461245e-01
5.796000000000000227e+02 6.522426005784242031e-01
5.797999999999999545e+02 6.564216596369971679e-01
5.800000000000000000e+02 6.605549802896777400e-01
5.802000000000000455e+02 6.646468851313256376e-01
5.803999999999999773e+02 6.686963476793479355e-01
5.806000000000000227e+02 6.726603150592980196e-01
5.807999999999999545e+02 6.765280248623608550e-01
5.810000000000000000e+02 6.803095625884055808e-01
5.812000000000000455e+02 6.840168826416578307e-01
5.813999999999999773e+02 6.876351987265335586e-01
5.816000000000000227e+02 6.911673443664526628e-01
5.817999999999999545e+02 6.946323162107533866e-01
5.820000000000000000e+02 6.980123549077507095e-01
5.822000000000000455e+02 7.013188669731205138e-01
5.823999999999999773e+02 7.045777584789022496e-01
5.826000000000000227e+02 7.077774870144332153e-01
5.827999999999999545e+02 7.109359307856246701e-01
5.830000000000000000e+02 7.140725626689690131e-01
5.832000000000000455e+02 7.171729633030562434e-01
5.833999999999999773e+02 7.202585035113907574e-01
5.836000000000000227e+02 7.233434009319720248e-01
5.837999999999999545e+02 7.264092012771402596e-01
5.840000000000000000e+02 7.294603955797466233e-01
5.842000000000000455e+02 7.324873661991757601e-01
5.843999999999999773e+02 7.354630504551424863e-01
5.846000000000000227e+02 7.383916507293858400e-01
5.847999999999999545e+02 7.412849398589702599e-01
5.850000000000000000e+02 7.441502312971497446e-01
5.852000000000000455e+02 7.469842713321527272e-01
5.853999999999999773e+02 7.497984582342017701e-01
5.856000000000000227e+02 7.525904621599973643e-01
5.857999999999999545e+02 7.553114832339727913e-01
5.860000000000000000e+02 7.579562827120468471e-01
5.862000000000000455e+02 7.605296248514417101e-01
5.863999999999999773e+02 7.630181431613958232e-01
5.866000000000000227e+02 7.654363847582272840e-01
5.867999999999999545e+02 7.677913073649184073e-01
5.870000000000000000e+02 7.700730929987879003e-01
5.872000000000000455e+02 7.722945243323130482e-01
5.873999999999999773e+02 7.744522681386230012e-01
5.876000000000000227e+02 7.765288713526832254e-01
5.877999999999999545e+02 7.785276873005181342e-01
5.880000000000000000e+02 7.804565038970768809e-01
5.882000000000000455e+02 7.823168830268664165e-01
5.883999999999999773e+02 7.840985040034756937e-01
5.886000000000000227e+02 7.858164367478670531e-01
5.887999999999999545e+02 7.874931364434977210e-01
5.890000000000000000e+02 7.891399167468995390e-01
5.892000000000000455e+02 7.907748141764519012e-01
5.893999999999999773e+02 7.924053149640186700e-01
5.896000000000000227e+02 7.940283141588090343e-01
5.897999999999999545e+02 7.956739084898685199e-01
5.900000000000000000e+02 7.973606603290230854e-01
5.902000000000000455e+02 7.990896347311615688e-01
5.903999999999999773e+02 8.008742580227856678e-01
5.906000000000000227e+02 8.027116572276247197e-01
5.907999999999999545e+02 8.045886664246713060e-01
5.910000000000000000e+02 8.065009917143014517e-01
5.912000000000000455e+02 8.084273068116198946e-01
5.913999999999999773e+02 8.103460231949062287e-01
5.916000000000000227e+02 8.122546652971031067e-01
5.917999999999999545e+02 8.141497003286056744e-01
5.920000000000000000e+02 8.160202142414934023e-01
5.922000000000000455e+02 8.178507001019122979e-01
5.923999999999999773e+02 8.196450067925787897e-01
5.926000000000000227e+02 8.213986999059463834e-01
5.927999999999999545e+02 8.230997447197309080e-01
5.930000000000000000e+02 8.247659130739113387e-01
5.932000000000000455e+02 8.264118865483908172e-01
5.933999999999999773e+02 8.280521411582550950e-01
5.936000000000000227e+02 8.297209665892505415e-01
5.937999999999999545e+02 8.314284705445360579e-01
5.940000000000000000e+02 8.331788357617919694e-01
5.942000000000000455e+02 8.349964635196643892e-01
5.943999999999999773e+02 8.368862302492283689e-01
5.946000000000000227e+02 8.388514994215466869e-01
5.947999999999999545e+02 8.409053185888195614e-01
5.950000000000000000e+02 8.430398324634510443e-01
5.952000000000000455e+02 8.452420145139072361e-01
5.953999999999999773e+02 8.475025145177343955e-01
5.956000000000000227e+02 8.498150418188641364e-01
5.957999999999999545e+02 8.521677174994294335e-01
5.960000000000000000e+02 8.545545801954578247e-01
5.962000000000000455e+02 8.570020928581865149e-01
5.963999999999999773e+02 8.595194229505190853e-01
5.966000000000000227e+02 8.621104092540110564e-01
5.967999999999999545e+02 8.647977691645405418e-01
5.970000000000000000e+02 8.675706467391771648e-01
5.972000000000000455e+02 8.704187354631925944e-01
5.973999999999999773e+02 8.733559153401536657e-01
5.976000000000000227e+02 8.763534872202872750e-01
5.977999999999999545e+02 8.793884646102960723e-01
5.980000000000000000e+02 8.824604999320526666e-01
5.982000000000000455e+02 8.855440172717210512e-01
5.983999999999999773e+02 8.886231935181135855e-01
5.986000000000000227e+02 8.916983848791000256e-01
5.987999999999999545e+02 8.947671558613323750e-01
5.990000000000000000e+02 8.977982468652252468e-01
5.992000000000000455e+02 9.007556729430041820e-01
5.993999999999999773e+02 9.036396857615245359e-01
5.996000000000000227e+02 9.064377328097958930e-01
5.997999999999999545e+02 9.091462762924200636e-01
6.000000000000000000e+02 9.117904029173332647e-01
6.002000000000000455e+02 9.143600920520894570e-01
6.003999999999999773e+02 9.168491508553884284e-01
6.006000000000000227e+02 9.192738601201736470e-01
6.007999999999999545e+02 9.216320259334587206e-01
6.010000000000000000e+02 9.239446910130395541e-01
6.012000000000000455e+02 9.262509766615205642e-01
6.013999999999999773e+02 9.285478338118972053e-01
6.016000000000000227e+02 9.308349085871459039e-01
6.017999999999999545e+02 9.331095070101916855e-01
6.020000000000000000e+02 9.353393915590377805e-01
6.022000000000000455e+02 9.375063382339537954e-01
6.023999999999999773e+02 9.396042944506211025e-01
6.026000000000000227e+02 9.416268269196066409e-01
6.027999999999999545e+02 9.435511031206776922e-01
6.030000000000000000e+02 9.453595105209169347e-01
6.032000000000000455e+02 9.470495663882745330e-01
6.033999999999999773e+02 9.486021470805756639e-01
6.036000000000000227e+02 9.500094473933059502e-01
6.037999999999999545e+02 9.512789917474241408e-01
6.040000000000000000e+02 9.524042209629020039e-01
6.042000000000000455e+02 9.533910470208862842e-01
6.043999999999999773e+02 9.542576536693595513e-01
6.046000000000000227e+02 9.550199180787987130e-01
6.047999999999999545e+02 9.557117025762570384e-01
6.050000000000000000e+02 9.563719758977727858e-01
6.052000000000000455e+02 9.570242865524508646e-01
6.053999999999999773e+02 9.576819218412327972e-01
6.056000000000000227e+02 9.583421108226564122e-01
6.057999999999999545e+02 9.589846875118861469e-01
6.060000000000000000e+02 9.595982380387139132e-01
6.062000000000000455e+02 9.601747149229500344e-01
6.063999999999999773e+02 9.607026131594110785e-01
6.066000000000000227e+02 9.611578491342098740e-01
6.067999999999999545e+02 9.615184667246455819e-01
6.070000000000000000e+02 9.617673316106094550e-01
6.072000000000000455e+02 9.618873180851293947e-01
6.073999999999999773e+02 9.618680506155531384e-01
6.076000000000000227e+02 9.617057289537571663e-01
6.077999999999999545e+02 9.614005796889021349e-01
6.080000000000000000e+02 9.609515555775177686e-01
6.082000000000000455e+02 9.603649152429206692e-01
6.083999999999999773e+02 9.596597781967795004e-01
6.086000000000000227e+02 9.588477744902860200e-01
6.087999999999999545e+02 9.579437554761489615e-01
6.090000000000000000e+02 9.569706014036015729e-01
6.092000000000000455e+02 9.559484897008379001e-01
6.093999999999999773e+02 9.548981174949469075e-01
6.096000000000000227e+02 9.538382961253731862e-01
6.097999999999999545e+02 9.527765379948781588e-01
6.100000000000000000e+02 9.517155419387063331e-01
6.102000000000000455e+02 9.506584390092288617e-01
6.103999999999999773e+02 9.496127141958136120e-01
6.106000000000000227e+02 9.485736950198039308e-01
6.107999999999999545e+02 9.475332138594773079e-01
6.110000000000000000e+02 9.464897598462571615e-01
6.112000000000000455e+02 9.454391522558837080e-01
6.113999999999999773e+02 9.443920300227566234e-01
6.116000000000000227e+02 9.433788217102576645e-01
6.117999999999999545e+02 9.424153125851437718e-01
6.120000000000000000e+02 9.415184338885227433e-01
6.122000000000000455e+02 9.407100613110779275e-01
6.123999999999999773e+02 9.400062552638303037e-01
6.126000000000000227e+02 9.394301055346814255e-01
6.127999999999999545e+02 9.390086486009986411e-01
6.130000000000000000e+02 9.387603470689689367e-01
6.132000000000000455e+02 9.386943685870630105e-01
6.133999999999999773e+02 9.388112498822621665e-01
6.136000000000000227e+02 9.391032472510715268e-01
6.137999999999999545e+02 9.395562339012853981e-01
6.140000000000000000e+02 9.401471742735771908e-01
6.142000000000000455e+02 9.408469175196523260e-01
6.143999999999999773e+02 9.416453552128303262e-01
6.146000000000000227e+02 9.425275459528262845e-01
6.147999999999999545e+02 9.434680803719379671e-01
6.150000000000000000e+02 9.444531616800870832e-01
6.152000000000000455e+02 9.454722124145207296e-01
6.153999999999999773e+02 9.465173729620551812e-01
6.156000000000000227e+02 9.475874406559717800e-01
6.157999999999999545e+02 9.486707758445370731e-01
6.160000000000000000e+02 9.497558712677999226e-01
6.162000000000000455e+02 9.508473203583318600e-01
6.163999999999999773e+02 9.519421208589671224e-01
6.166000000000000227e+02 9.530376585453818050e-01
6.167999999999999545e+02 9.541395934478353880e-01
6.170000000000000000e+02 9.552516749156392262e-01
6.172000000000000455e+02 9.563743789944323392e-01
6.173999999999999773e+02 9.575105517966894242e-01
6.176000000000000227e+02 9.586850140497523709e-01
6.177999999999999545e+02 9.599137308037429817e-01
6.180000000000000000e+02 9.612037115508776930e-01
6.182000000000000455e+02 9.625772442758784297e-01
6.183999999999999773e+02 9.640411606030711011e-01
6.186000000000000227e+02 9.655907677120455501e-01
6.187999999999999545e+02 9.672242243802920969e-01
6.190000000000000000e+02 9.689237788105072857e-01
6.192000000000000455e+02 9.706745185691999511e-01
6.193999999999999773e+02 9.724790857387979326e-01
6.196000000000000227e+02 9.743197248055210924e-01
6.197999999999999545e+02 9.761825175492985229e-01
6.200000000000000000e+02 9.780646066527628468e-01
6.202000000000000455e+02 9.799342480159370927e-01
6.203999999999999773e+02 9.817651735876095076e-01
6.206000000000000227e+02 9.835459475672253538e-01
6.207999999999999545e+02 9.852650927165921280e-01
6.210000000000000000e+02 9.869017404144218020e-01
6.212000000000000455e+02 9.884362157850196118e-01
6.213999999999999773e+02 9.898688923514710192e-01
6.216000000000000227e+02 9.911865999661552129e-01
6.217999999999999545e+02 9.923776402619296499e-01
6.220000000000000000e+02 9.934511298890741360e-01
6.222000000000000455e+02 9.944099603397585918e-01
6.223999999999999773e+02 9.952589546989485392e-01
6.226000000000000227e+02 9.960108672672567387e-01
6.227999999999999545e+02 9.966768213394515685e-01
6.230000000000000000e+02 9.972741039547255992e-01
6.232000000000000455e+02 9.978211692471015137e-01
6.233999999999999773e+02 9.983125756422479569e-01
6.236000000000000227e+02 9.987463754396923576e-01
6.237999999999999545e+02 9.991255909045285710e-01
6.240000000000000000e+02 9.994450763972441143e-01
6.242000000000000455e+02 9.996948034160827445e-01
6.243999999999999773e+02 9.998675800811196446e-01
6.246000000000000227e+02 9.999669631626029176e-01
6.247999999999999545e+02 1.000000000000000000e+00
6.250000000000000000e+02 9.999726575744856127e-01
6.252000000000000455e+02 9.998867526062829025e-01
6.253999999999999773e+02 9.997390404906126848e-01
6.256000000000000227e+02 9.995198431712278841e-01
6.257999999999999545e+02 9.992131074775459920e-01
6.260000000000000000e+02 9.987991726955495198e-01
6.262000000000000455e+02 9.982510631251921840e-01
6.263999999999999773e+02 9.975430758144298027e-01
6.266000000000000227e+02 9.966705910833461024e-01
6.267999999999999545e+02 9.956249284619593798e-01
6.270000000000000000e+02 9.943984981076592344e-01
6.272000000000000455e+02 9.929977214886912540e-01
6.273999999999999773e+02 9.914212830051014613e-01
6.276000000000000227e+02 9.896718233722742175e-01
6.277999999999999545e+02 9.877665357618445885e-01
6.280000000000000000e+02 9.857191722299780690e-01
6.282000000000000455e+02 9.835426292352275057e-01
6.283999999999999773e+02 9.812530772318276417e-01
6.286000000000000227e+02 9.788741889301887378e-01
6.287999999999999545e+02 9.764002835084421017e-01
6.290000000000000000e+02 9.738107368408911446e-01
6.292000000000000455e+02 9.711361465268222304e-01
6.293999999999999773e+02 9.683984797803802946e-01
6.296000000000000227e+02 9.656135010919508765e-01
6.297999999999999545e+02 9.628137222528037054e-01
6.300000000000000000e+02 9.599972187128010814e-01
6.302000000000000455e+02 9.571525543546191006e-01
6.303999999999999773e+02 9.542842865897592786e-01
6.306000000000000227e+02 9.513653934592708472e-01
6.307999999999999545e+02 9.483837112533359814e-01
6.310000000000000000e+02 9.453659885344861680e-01
6.312000000000000455e+02 9.423337284239559075e-01
6.313999999999999773e+02 9.393047763536520600e-01
6.316000000000000227e+02 9.363035454165782312e-01
6.317999999999999545e+02 9.333810447998900361e-01
6.320000000000000000e+02 9.305673142272499199e-01
6.322000000000000455e+02 9.278738341980991011e-01
6.323999999999999773e+02 9.253179551499857158e-01
6.326000000000000227e+02 9.228896240069963675e-01
6.327999999999999545e+02 9.205775939900853189e-01
6.330000000000000000e+02 9.183986250606684942e-01
6.332000000000000455e+02 9.163397409091249557e-01
6.333999999999999773e+02 9.143885755997208653e-01
6.336000000000000227e+02 9.125512604606530465e-01
6.337999999999999545e+02 9.108065532013154275e-01
6.340000000000000000e+02 9.091356719915365536e-01
6.342000000000000455e+02 9.075291347856627722e-01
6.343999999999999773e+02 9.059605441532972980e-01
6.346000000000000227e+02 9.044290569421299386e-01
6.347999999999999545e+02 9.029550609174855635e-01
6.350000000000000000e+02 9.015442518968250774e-01
6.352000000000000455e+02 9.001877247861344022e-01
6.353999999999999773e+02 8.988733222141320756e-01
6.356000000000000227e+02 8.975976525531692563e-01
6.357999999999999545e+02 8.963492977789859761e-01
6.360000000000000000e+02 8.951310178150407859e-01
6.362000000000000455e+02 8.939729226182282495e-01
6.363999999999999773e+02 8.928875310357987649e-01
6.366000000000000227e+02 8.918782670695566406e-01
6.367999999999999545e+02 8.909432390704246085e-01
6.370000000000000000e+02 8.900667450652539614e-01
6.372000000000000455e+02 8.892418395665423470e-01
6.373999999999999773e+02 8.884701568645824166e-01
6.376000000000000227e+02 8.877440421319839903e-01
6.377999999999999545e+02 8.870598508423632733e-01
6.380000000000000000e+02 8.864191297802078706e-01
6.382000000000000455e+02 8.858270672651368249e-01
6.383999999999999773e+02 8.853020440368792876e-01
6.386000000000000227e+02 8.848631368655939244e-01
6.387999999999999545e+02 8.845186187296680824e-01
6.390000000000000000e+02 8.842756837925375146e-01
6.392000000000000455e+02 8.841341770971271607e-01
6.393999999999999773e+02 8.840848960075046170e-01
6.396000000000000227e+02 8.841221881663863247e-01
6.397999999999999545e+02 8.842461343940273277e-01
6.400000000000000000e+02 8.844603197031142283e-01
6.402000000000000455e+02 8.847642262505225341e-01
6.403999999999999773e+02 8.851485773419308645e-01
6.406000000000000227e+02 8.855964883151565825e-01
6.407999999999999545e+02 8.860870550743388252e-01
6.410000000000000000e+02 8.865980581023378271e-01
6.412000000000000455e+02 8.871128441079004778e-01
6.413999999999999773e+02 8.876251830334295212e-01
6.416000000000000227e+02 8.881233797950773834e-01
6.417999999999999545e+02 8.885950878265684860e-01
6.420000000000000000e+02 8.890333572769438808e-01
6.422000000000000455e+02 8.894427333697545457e-01
6.423999999999999773e+02 8.898376903319261677e-01
6.426000000000000227e+02 8.902350380829415766e-01
6.427999999999999545e+02 8.906344780008116357e-01
6.430000000000000000e+02 8.910277287356078713e-01
6.432000000000000455e+02 8.914054550778136576e-01
6.433999999999999773e+02 8.917641864426830711e-01
6.436000000000000227e+02 8.920996061514715469e-01
6.437999999999999545e+02 8.924101845039089653e-01
6.440000000000000000e+02 8.927010972990947479e-01
6.442000000000000455e+02 8.929668771470048450e-01
6.443999999999999773e+02 8.932002628963845448e-01
6.446000000000000227e+02 8.933991433164617524e-01
6.447999999999999545e+02 8.935584411118752124e-01
6.450000000000000000e+02 8.936726696627379507e-01
6.452000000000000455e+02 8.937356896410988405e-01
6.453999999999999773e+02 8.937347393240391291e-01
6.456000000000000227e+02 8.936543672781611658e-01
6.457999999999999545e+02 8.934803928942104401e-01
6.460000000000000000e+02 8.932053594635026572e-01
6.462000000000000455e+02 8.928265696847621502e-01
6.463999999999999773e+02 8.923405664996696407e-01
6.466000000000000227e+02 8.917383873115878323e-01
6.467999999999999545e+02 8.910237772870547301e-01
6.470000000000000000e+02 8.902076371458605974e-01
6.472000000000000455e+02 8.893032136477534433e-01
6.473999999999999773e+02 8.883364734625206482e-01
6.476000000000000227e+02 8.873274718572281561e-01
6.477999999999999545e+02 8.862803841093588320e-01
6.480000000000000000e+02 8.851880998012916502e-01
6.482000000000000455e+02 8.840212716075441790e-01
6.483999999999999773e+02 8.827407062728608311e-01
6.486000000000000227e+02 8.813357806004511463e-01
6.487999999999999545e+02 8.797990470886346559e-01
6.490000000000000000e+02 8.781268754672197918e-01
6.492000000000000455e+02 8.763283316872232387e-01
6.493999999999999773e+02 8.743985244298303483e-01
6.496000000000000227e+02 8.723200540360394051e-01
6.497999999999999545e+02 8.700717373069870586e-01
6.500000000000000000e+02 8.676513521110432725e-01
6.502000000000000455e+02 8.650506386947244275e-01
6.503999999999999773e+02 8.622492748993294542e-01
6.506000000000000227e+02 8.592621431176514779e-01
6.507999999999999545e+02 8.560922709618075110e-01
6.510000000000000000e+02 8.527358864632840207e-01
6.512000000000000455e+02 8.492486252526335599e-01
6.513999999999999773e+02 8.456579744433281309e-01
6.516000000000000227e+02 8.419714636992680079e-01
6.517999999999999545e+02 8.382277155965913717e-01
6.520000000000000000e+02 8.344307032369198129e-01
6.522000000000000455e+02 8.305827770145639555e-01
6.523999999999999773e+02 8.267237258203452566e-01
6.526000000000000227e+02 8.228476028685851595e-01
6.527999999999999545e+02 8.189475701432039623e-01
6.530000000000000000e+02 8.150439680439915957e-01
6.532000000000000455e+02 8.111303292627911610e-01
6.533999999999999773e+02 8.071904788247148410e-01
6.536000000000000227e+02 8.032209047964611326e-01
6.537999999999999545e+02 7.992657400696538961e-01
6.540000000000000000e+02 7.953461956060626781e-01
6.542000000000000455e+02 7.914643474830174164e-01
6.543999999999999773e+02 7.876480978902109520e-01
6.546000000000000227e+02 7.838758377327740279e-01
6.547999999999999545e+02 7.801158010518837171e-01
6.550000000000000000e+02 7.763859205835121902e-01
6.552000000000000455e+02 7.726737053058595484e-01
6.553999999999999773e+02 7.689743695930972844e-01
6.556000000000000227e+02 7.653175043364225383e-01
6.557999999999999545e+02 7.616933185697011277e-01
6.560000000000000000e+02 7.581056346535428592e-01
6.562000000000000455e+02 7.545850399376763384e-01
6.563999999999999773e+02 7.511271508655152918e-01
6.566000000000000227e+02 7.477535405812157920e-01
6.567999999999999545e+02 7.445047136046413216e-01
6.570000000000000000e+02 7.413768430747044169e-01
6.572000000000000455e+02 7.383555582287300023e-01
6.573999999999999773e+02 7.354394876615459875e-01
6.576000000000000227e+02 7.326573076474660606e-01
6.577999999999999545e+02 7.300145069054003732e-01
6.580000000000000000e+02 7.275191373194449529e-01
6.582000000000000455e+02 7.252030267076020609e-01
6.583999999999999773e+02 7.230599707665931186e-01
6.586000000000000227e+02 7.210795437476648084e-01
6.587999999999999545e+02 7.192613192756368568e-01
6.590000000000000000e+02 7.175791869004904955e-01
6.592000000000000455e+02 7.160137627497573654e-01
6.593999999999999773e+02 7.145530171033559474e-01
6.596000000000000227e+02 7.131622237216413973e-01
6.597999999999999545e+02 7.118239910606543042e-01
6.600000000000000000e+02 7.105426037567394992e-01
6.602000000000000455e+02 7.093344466810383997e-01
6.603999999999999773e+02 7.082216043556287532e-01
6.606000000000000227e+02 7.072234965324700751e-01
6.607999999999999545e+02 7.063483856086474333e-01
6.610000000000000000e+02 7.055909730757968790e-01
6.612000000000000455e+02 7.049463549018701869e-01
6.613999999999999773e+02 7.044169379760092387e-01
6.616000000000000227e+02 7.040008214116785235e-01
6.617999999999999545e+02 7.036940290474804627e-01
6.620000000000000000e+02 7.034888608439961999e-01
6.622000000000000455e+02 7.033660136591090017e-01
6.623999999999999773e+02 7.033065025265914372e-01
6.626000000000000227e+02 7.032932423667607180e-01
6.627999999999999545e+02 7.033081736042681165e-01
6.630000000000000000e+02 7.033395638523207705e-01
6.632000000000000455e+02 7.033782254487180863e-01
6.633999999999999773e+02 7.034119730098825629e-01
6.636000000000000227e+02 7.034292308847992503e-01
6.637999999999999545e+02 7.034198987572438666e-01
6.640000000000000000e+02 7.033787164418863203e-01
6.642000000000000455e+02 7.033190958130408621e-01
6.643999999999999773e+02 7.032675076038461537e-01
6.646000000000000227e+02 7.032549376767966987e-01
6.647999999999999545e+02 7.032989460135262716e-01
6.650000000000000000e+02 7.034076608866250968e-01
6.652000000000000455e+02 7.035808198293345139e-01
6.653999999999999773e+02 7.038085741814975593e-01
6.656000000000000227e+02 7.040757406200600643e-01
6.657999999999999545e+02 7.043633998639758920e-01
6.660000000000000000e+02 7.046490279821597813e-01
6.662000000000000455e+02 7.049035591875801865e-01
6.663999999999999773e+02 7.051111891500697615e-01
6.666000000000000227e+02 7.052832553547666583e-01
6.667999999999999545e+02 7.054329319669240261e-01
6.670000000000000000e+02 7.055644997499784798e-01
6.672000000000000455e+02 7.056698392406814957e-01
6.673999999999999773e+02 7.057335785789471405e-01
6.676000000000000227e+02 7.057418108218624919e-01
6.677999999999999545e+02 7.056827821512409171e-01
6.680000000000000000e+02 7.055413820453121376e-01
6.682000000000000455e+02 7.052990265395998604e-01
6.683999999999999773e+02 7.049372315061867011e-01
6.686000000000000227e+02 7.044441274578145951e-01
6.687999999999999545e+02 7.038227785927245739e-01
6.690000000000000000e+02 7.030832862471949607e-01
6.692000000000000455e+02 7.022350554738182593e-01
6.693999999999999773e+02 7.012913002061841317e-01
6.696000000000000227e+02 7.002568181576380724e-01
6.697999999999999545e+02 6.991218983773292983e-01
6.700000000000000000e+02 6.978715920622584612e-01
6.702000000000000455e+02 6.964815082993041084e-01
6.703999999999999773e+02 6.949314703050524233e-01
6.706000000000000227e+02 6.932447347341844646e-01
6.707999999999999545e+02 6.914363969121827269e-01
6.710000000000000000e+02 6.895131662333853217e-01
6.712000000000000455e+02 6.874943154326874639e-01
6.713999999999999773e+02 6.853796941335154047e-01
6.716000000000000227e+02 6.831551960536820234e-01
6.717999999999999545e+02 6.808094478402714200e-01
6.720000000000000000e+02 6.783670003213123634e-01
6.722000000000000455e+02 6.758344854887456954e-01
6.723999999999999773e+02 6.731728211669151252e-01
6.726000000000000227e+02 6.703631152388783709e-01
6.727999999999999545e+02 6.673892430669868814e-01
6.730000000000000000e+02 6.642406770280511186e-01
6.732000000000000455e+02 6.609491977190251610e-01
6.733999999999999773e+02 6.575227920456110375e-01
6.736000000000000227e+02 6.539569670553776470e-01
6.737999999999999545e+02 6.502906329983797473e-01
6.740000000000000000e+02 6.465331210833026310e-01
6.742000000000000455e+02 6.426916244939953060e-01
6.743999999999999773e+02 6.388132623246961517e-01
6.746000000000000227e+02 6.348984831987602995e-01
6.747999999999999545e+02 6.309421355665260078e-01
6.750000000000000000e+02 6.269666687936958915e-01
6.752000000000000455e+02 6.229759690649830928e-01
6.753999999999999773e+02 6.189599734837172296e-01
6.756000000000000227e+02 6.149090093303436477e-01
6.757999999999999545e+02 6.108451945931669957e-01
6.760000000000000000e+02 6.067585799566295179e-01
6.762000000000000455e+02 6.026139394348037914e-01
6.763999999999999773e+02 5.984102138333354803e-01
6.766000000000000227e+02 5.941191838756035848e-01
6.767999999999999545e+02 5.897158335130051610e-01
6.770000000000000000e+02 5.852322353840591074e-01
6.772000000000000455e+02 5.806662662992824187e-01
6.773999999999999773e+02 5.760225139203504208e-01
6.776000000000000227e+02 5.713429126827832549e-01
6.777999999999999545e+02 5.665948337150651382e-01
6.780000000000000000e+02 5.617645271589314371e-01
6.782000000000000455e+02 5.568999736090722852e-01
6.783999999999999773e+02 5.520366619549169629e-01
6.786000000000000227e+02 5.471931650674907166e-01
6.787999999999999545e+02 5.423852445509554920e-01
6.790000000000000000e+02 5.376564408928399263e-01
6.792000000000000455e+02 5.330109838659549126e-01
6.793999999999999773e+02 5.284415410655705081e-01
6.796000000000000227e+02 5.239919660268804735e-01
6.797999999999999545e+02 5.196627640217468258e-01
6.800000000000000000e+02 5.154477342852575861e-01
6.802000000000000455e+02 5.113753035354215992e-01
6.803999999999999773e+02 5.074248073588519814e-01
6.806000000000000227e+02 5.035812209494370251e-01
6.807999999999999545e+02 4.998581321645391706e-01
6.810000000000000000e+02 4.962155617303889987e-01
6.812000000000000455e+02 4.926393394511773827e-01
6.813999999999999773e+02 4.891492787457487612e-01
6.816000000000000227e+02 4.857217959686528364e-01
6.817999999999999545e+02 4.823531586616116584e-01
6.820000000000000000e+02 4.790559056992972353e-01
6.822000000000000455e+02 4.758190867453884199e-01
6.823999999999999773e+02 4.726176790438519348e-01
6.826000000000000227e+02 4.694330962348020608e-01
6.827999999999999545e+02 4.662683285815440448e-01
6.830000000000000000e+02 4.630982119510577144e-01
6.832000000000000455e+02 4.599126734026309227e-01
6.833999999999999773e+02 4.567422936786157406e-01
6.836000000000000227e+02 4.535969192895085156e-01
6.837999999999999545e+02 4.504932705739295717e-01
6.840000000000000000e+02 4.474549776649507926e-01
6.842000000000000455e+02 4.444654137779496805e-01
6.843999999999999773e+02 4.415397695237678888e-01
6.846000000000000227e+02 4.387169392810667534e-01
6.847999999999999545e+02 4.359986685907857873e-01
6.850000000000000000e+02 4.334030636568901862e-01
6.852000000000000455e+02 4.309526600582666567e-01
6.853999999999999773e+02 4.286495552123757435e-01
6.856000000000000227e+02 4.265260252371618210e-01
6.857999999999999545e+02 4.246163546398982191e-01
6.860000000000000000e+02 4.229278429187207644e-01
6.862000000000000455e+02 4.214478139820236891e-01
6.863999999999999773e+02 4.201579721014959690e-01
6.866000000000000227e+02 4.190380902501232852e-01
6.867999999999999545e+02 4.180544093184092591e-01
6.870000000000000000e+02 4.171755128303182292e-01
6.872000000000000455e+02 4.163688657480124622e-01
6.873999999999999773e+02 4.155805817579659722e-01
6.876000000000000227e+02 4.147612742429073185e-01
6.877999999999999545e+02 4.138717516648123262e-01
6.880000000000000000e+02 4.128851108955612359e-01
6.882000000000000455e+02 4.118060025257607171e-01
6.883999999999999773e+02 4.106486867660283369e-01
6.886000000000000227e+02 4.094174355973658197e-01
6.887999999999999545e+02 4.081285101637450730e-01
6.890000000000000000e+02 4.067979564532601677e-01
6.892000000000000455e+02 4.054292791089618153e-01
6.893999999999999773e+02 4.040020636995907966e-01
6.896000000000000227e+02 4.025057245608656409e-01
6.897999999999999545e+02 4.009480710954207994e-01
6.900000000000000000e+02 3.993420305132382997e-01
6.902000000000000455e+02 3.977187114640233223e-01
6.903999999999999773e+02 3.961195246766076594e-01
6.906000000000000227e+02 3.945785977574549630e-01
6.907999999999999545e+02 3.931383763592177227e-01
6.910000000000000000e+02 3.918291346038429435e-01
6.912000000000000455e+02 3.906468868489098578e-01
6.913999999999999773e+02 3.895842503662376721e-01
6.916000000000000227e+02 3.886228960445712866e-01
6.917999999999999545e+02 3.877333587656695002e-01
6.920000000000000000e+02 3.869114933801499068e-01
6.922000000000000455e+02 3.861536271484144467e-01
6.923999999999999773e+02 3.854484785275207326e-01
6.926000000000000227e+02 3.847893105745897602e-01
6.927999999999999545e+02 3.841585828441113626e-01
6.930000000000000000e+02 3.835331283852250750e-01
6.932000000000000455e+02 3.829027458275478524e-01
6.933999999999999773e+02 3.822664059270237114e-01
6.936000000000000227e+02 3.816143594210384404e-01
6.937999999999999545e+02 3.809114104360182274e-01
6.940000000000000000e+02 3.801350875521201655e-01
6.942000000000000455e+02 3.792727759174415736e-01
6.943999999999999773e+02 3.783173729189979184e-01
6.946000000000000227e+02 3.772742779823018977e-01
6.947999999999999545e+02 3.761453649155026002e-01
6.950000000000000000e+02 3.749345792487748241e-01
6.952000000000000455e+02 3.736927990140354594e-01
6.953999999999999773e+02 3.724701461910485678e-01
6.956000000000000227e+02 3.713003751106528916e-01
6.957999999999999545e+02 3.702021708404638067e-01
6.960000000000000000e+02 3.691745266454696806e-01
6.962000000000000455e+02 3.681992793120646978e-01
6.963999999999999773e+02 3.672487122735059173e-01
6.966000000000000227e+02 3.663192888094046196e-01
6.967999999999999545e+02 3.654086905679465591e-01
6.970000000000000000e+02 3.644958797201892087e-01
6.972000000000000455e+02 3.635710305579170076e-01
6.973999999999999773e+02 3.626264929632309619e-01
6.976000000000000227e+02 3.616477176320291864e-01
6.977999999999999545e+02 3.606136704006231986e-01
6.980000000000000000e+02 3.595017980935155122e-01
6.982000000000000455e+02 3.582929224885550989e-01
6.983999999999999773e+02 3.569798329618639188e-01
6.986000000000000227e+02 3.555606048178960865e-01
6.987999999999999545e+02 3.540338925925259339e-01
6.990000000000000000e+02 3.523984119020914241e-01
6.992000000000000455e+02 3.506490029119499474e-01
6.993999999999999773e+02 3.487782327569707852e-01
6.996000000000000227e+02 3.468007851559271049e-01
6.997999999999999545e+02 3.447339056140099611e-01
7.000000000000000000e+02 3.425819816320778144e-01
7.002000000000000455e+02 3.403261641165100104e-01
7.003999999999999773e+02 3.379433482542016920e-01
7.006000000000000227e+02 3.354196547343661905e-01
7.007999999999999545e+02 3.327601782960694088e-01
7.010000000000000000e+02 3.299726557856370590e-01
7.012000000000000455e+02 3.270602635008858505e-01
7.013999999999999773e+02 3.240330021436319541e-01
7.016000000000000227e+02 3.209085103228193070e-01
7.017999999999999545e+02 3.177110835876441053e-01
7.020000000000000000e+02 3.144642781259500697e-01
7.022000000000000455e+02 3.111932740038131917e-01
7.023999999999999773e+02 3.079246733235804778e-01
7.026000000000000227e+02 3.046779708637203377e-01
7.027999999999999545e+02 3.014600714191975062e-01
7.030000000000000000e+02 2.982697924527395461e-01
7.032000000000000455e+02 2.951309517906977042e-01
7.033999999999999773e+02 2.920583613594266992e-01
7.036000000000000227e+02 2.890475361987107639e-01
7.037999999999999545e+02 2.861047519741253264e-01
7.040000000000000000e+02 2.832390526620200966e-01
7.042000000000000455e+02 2.804559144731584297e-01
7.043999999999999773e+02 2.777493008426958343e-01
7.046000000000000227e+02 2.751076229716998833e-01
7.047999999999999545e+02 2.725172610082948754e-01
7.050000000000000000e+02 2.699664493618035288e-01
7.052000000000000455e+02 2.674435501949214422e-01
7.053999999999999773e+02 2.649373881517496088e-01
7.056000000000000227e+02 2.624413806941047200e-01
7.057999999999999545e+02 2.599525193709588122e-01
7.060000000000000000e+02 2.574729073039460636e-01
7.062000000000000455e+02 2.550160905119196464e-01
7.064000000000000909e+02 2.525940813918918781e-01
7.066000000000000227e+02 2.502103635640161583e-01
7.067999999999999545e+02 2.478535436750981535e-01
7.070000000000000000e+02 2.455114811173522427e-01
7.072000000000000455e+02 2.431785320921978910e-01
7.074000000000000909e+02 2.408612950430151778e-01
7.076000000000000227e+02 2.385490947103865722e-01
7.077999999999999545e+02 2.362134268946944893e-01
7.080000000000000000e+02 2.338373352166585595e-01
7.082000000000000455e+02 2.314083514616030179e-01
7.084000000000000909e+02 2.289197729890766198e-01
7.086000000000000227e+02 2.263820623405879973e-01
7.087999999999999545e+02 2.238104260467743967e-01
7.090000000000000000e+02 2.212206809273474517e-01
7.092000000000000455e+02 2.186291761385098231e-01
7.094000000000000909e+02 2.160601832377132547e-01
7.096000000000000227e+02 2.135421012185855227e-01
7.097999999999999545e+02 2.110915510454973998e-01
7.100000000000000000e+02 2.087201232157369912e-01
7.102000000000000455e+02 2.064393932579454416e-01
7.104000000000000909e+02 2.042678587983121630e-01
7.106000000000000227e+02 2.022181263906357718e-01
7.107999999999999545e+02 2.002952169660049131e-01
7.110000000000000000e+02 1.985005224930083689e-01
7.112000000000000455e+02 1.968287523313097809e-01
7.114000000000000909e+02 1.952728728891462984e-01
7.116000000000000227e+02 1.938366507105559744e-01
7.117999999999999545e+02 1.925153248340847334e-01
7.120000000000000000e+02 1.912950170655182136e-01
7.122000000000000455e+02 1.901613054978337214e-01
7.124000000000000909e+02 1.890951827119943807e-01
7.126000000000000227e+02 1.880746677844894466e-01
7.127999999999999545e+02 1.870798633845643100e-01
7.130000000000000000e+02 1.860891780847405419e-01
7.132000000000000455e+02 1.850802397000872457e-01
7.134000000000000909e+02 1.840343706764473175e-01
7.136000000000000227e+02 1.829481156196497704e-01
7.137999999999999545e+02 1.818298726959908795e-01
7.140000000000000000e+02 1.806895104839999766e-01
7.142000000000000455e+02 1.795316329068868400e-01
7.144000000000000909e+02 1.783566661375839968e-01
7.146000000000000227e+02 1.771651737676400995e-01
7.147999999999999545e+02 1.759616619152714612e-01
7.150000000000000000e+02 1.747511595698152953e-01
7.152000000000000455e+02 1.735330051906115445e-01
7.154000000000000909e+02 1.723157656804087390e-01
7.156000000000000227e+02 1.711149674010645216e-01
7.157999999999999545e+02 1.699451481806380504e-01
7.160000000000000000e+02 1.688195698701641934e-01
7.162000000000000455e+02 1.677486422321483039e-01
7.164000000000000909e+02 1.667380451660157581e-01
7.166000000000000227e+02 1.658009295477961276e-01
7.167999999999999545e+02 1.649526901458817085e-01
7.170000000000000000e+02 1.641993058864042732e-01
7.172000000000000455e+02 1.635307197298399295e-01
7.174000000000000909e+02 1.629232744640817798e-01
7.176000000000000227e+02 1.623444184164682946e-01
7.177999999999999545e+02 1.617722385721019895e-01
7.180000000000000000e+02 1.611938912410798286e-01
7.182000000000000455e+02 1.605997695799301073e-01
7.184000000000000909e+02 1.599777189233695940e-01
7.186000000000000227e+02 1.593165186124185229e-01
7.187999999999999545e+02 1.586117335114944349e-01
7.190000000000000000e+02 1.578637280326471715e-01
7.192000000000000455e+02 1.570749144616413739e-01
7.194000000000000909e+02 1.562459373707617838e-01
7.196000000000000227e+02 1.553656103487921769e-01
7.197999999999999545e+02 1.544275374866685147e-01
7.200000000000000000e+02 1.534523407249031857e-01
7.202000000000000455e+02 1.524812301549664517e-01
7.204000000000000909e+02 1.515550655194852214e-01
7.206000000000000227e+02 1.506928031054619588e-01
7.207999999999999545e+02 1.499004304916084496e-01
7.210000000000000000e+02 1.491860871486662965e-01
7.212000000000000455e+02 1.485724166741613783e-01
7.214000000000000909e+02 1.480725808738778959e-01
7.216000000000000227e+02 1.476897824478329291e-01
7.217999999999999545e+02 1.474180629012811494e-01
7.220000000000000000e+02 1.472388945849603392e-01
7.222000000000000455e+02 1.471234174291189967e-01
7.224000000000000909e+02 1.470348836343944865e-01
7.226000000000000227e+02 1.469397564898881903e-01
7.227999999999999545e+02 1.468091961898977393e-01
7.230000000000000000e+02 1.466206857010275422e-01
7.232000000000000455e+02 1.463637074471941801e-01
7.234000000000000909e+02 1.460344579547742383e-01
7.236000000000000227e+02 1.456291024087035257e-01
7.237999999999999545e+02 1.451272843994405315e-01
7.240000000000000000e+02 1.445023107624141268e-01
7.242000000000000455e+02 1.437328741801213172e-01
7.244000000000000909e+02 1.428178148778976586e-01
7.246000000000000227e+02 1.417693839325138427e-01
7.247999999999999545e+02 1.406071432874030080e-01
7.250000000000000000e+02 1.393498357827306910e-01
7.252000000000000455e+02 1.380113302185944635e-01
7.254000000000000909e+02 1.365998621238156130e-01
7.256000000000000227e+02 1.351323547434826189e-01
7.257999999999999545e+02 1.336277210166354201e-01
7.260000000000000000e+02 1.321000622536057101e-01
7.262000000000000455e+02 1.305525882034303808e-01
7.264000000000000909e+02 1.289856624542287111e-01
7.266000000000000227e+02 1.274021377776801689e-01
7.267999999999999545e+02 1.258050813069397644e-01
7.270000000000000000e+02 1.241913563588522701e-01
7.272000000000000455e+02 1.225476994178551632e-01
7.274000000000000909e+02 1.208561689206494039e-01
7.276000000000000227e+02 1.191004188821901677e-01
7.277999999999999545e+02 1.172705884704218077e-01
7.280000000000000000e+02 1.153688281527606996e-01
7.282000000000000455e+02 1.134182074237780335e-01
7.284000000000000909e+02 1.114596998615924733e-01
7.286000000000000227e+02 1.095004681591635609e-01
7.287999999999999545e+02 1.075439087372406233e-01
7.290000000000000000e+02 1.056076072241652619e-01
7.292000000000000455e+02 1.037167319137678734e-01
7.294000000000000909e+02 1.018992591223757960e-01
7.296000000000000227e+02 1.001851645587600592e-01
7.297999999999999545e+02 9.861191832616909847e-02
7.300000000000000000e+02 9.720798152217327570e-02
7.302000000000000455e+02 9.598355804445256323e-02
7.304000000000000909e+02 9.493222081938126888e-02
7.306000000000000227e+02 9.404010223493178278e-02
7.307999999999999545e+02 9.329046317337874594e-02
7.310000000000000000e+02 9.266614678653189996e-02
7.312000000000000455e+02 9.214659442487856122e-02
7.314000000000000909e+02 9.170668475947289788e-02
7.316000000000000227e+02 9.131899325716032190e-02
7.317999999999999545e+02 9.095031415360900484e-02
7.320000000000000000e+02 9.055853360155856346e-02
7.322000000000000455e+02 9.008851797267043715e-02
7.324000000000000909e+02 8.948780335961832588e-02
7.326000000000000227e+02 8.871773260877323375e-02
7.327999999999999545e+02 8.776892670490951676e-02
7.330000000000000000e+02 8.664840078106646193e-02
7.332000000000000455e+02 8.537530802215201331e-02
7.334000000000000909e+02 8.398301913052776124e-02
7.336000000000000227e+02 8.250221043801536647e-02
7.337999999999999545e+02 8.095183365297575762e-02
7.340000000000000000e+02 7.933108944259460726e-02
7.342000000000000455e+02 7.762707789710676654e-02
7.344000000000000909e+02 7.582367094893495418e-02
7.346000000000000227e+02 7.392219967684449111e-02
7.347999999999999545e+02 7.193027071424493157e-02
7.350000000000000000e+02 6.985837096947769553e-02
7.352000000000000455e+02 6.772277407841999219e-02
7.354000000000000909e+02 6.554652302560670663e-02
7.356000000000000227e+02 6.335437534514237745e-02
7.357999999999999545e+02 6.115658302732019519e-02
7.360000000000000000e+02 5.897129973835568001e-02
7.362000000000000455e+02 5.682956169180686246e-02
7.364000000000000909e+02 5.476710603080950368e-02
7.366000000000000227e+02 5.281698816161241317e-02
7.367999999999999545e+02 5.100236376666721083e-02
7.370000000000000000e+02 4.932355529954904338e-02
7.372000000000000455e+02 4.779235699917908781e-02
7.374000000000000909e+02 4.643182922271932994e-02
7.376000000000000227e+02 4.524858156129143300e-02
7.377999999999999545e+02 4.424529486131976302e-02
7.380000000000000000e+02 4.343127481933738848e-02
7.382000000000000455e+02 4.283824420687754736e-02
7.384000000000000909e+02 4.248082875130556463e-02
7.386000000000000227e+02 4.234440424226799948e-02
7.387999999999999545e+02 4.238134816851805986e-02
7.390000000000000000e+02 4.253799569390750296e-02
7.392000000000000455e+02 4.275938468453209518e-02
7.394000000000000909e+02 4.298346781654747290e-02
7.396000000000000227e+02 4.314480026086448677e-02
7.397999999999999545e+02 4.318048734903794095e-02
7.400000000000000000e+02 4.304239350057928459e-02
7.402000000000000455e+02 4.270543420406380103e-02
7.404000000000000909e+02 4.216772065501923211e-02
7.406000000000000227e+02 4.144871171704544999e-02
7.407999999999999545e+02 4.057713505548504046e-02
7.410000000000000000e+02 3.958364726714499321e-02
7.412000000000000455e+02 3.849135311710761426e-02
7.414000000000000909e+02 3.730720946215843742e-02
7.416000000000000227e+02 3.603718314382049759e-02
7.417999999999999545e+02 3.471808988946913782e-02
7.420000000000000000e+02 3.339871751959284235e-02
7.422000000000000455e+02 3.212129745859262225e-02
7.424000000000000909e+02 3.089627921771723185e-02
7.426000000000000227e+02 2.973376201739115834e-02
7.427999999999999545e+02 2.865428898458206863e-02
7.430000000000000000e+02 2.769525326757498948e-02
7.432000000000000455e+02 2.687961109564626985e-02
7.434000000000000909e+02 2.621246055418894119e-02
7.436000000000000227e+02 2.568339984111420171e-02
7.437999999999999545e+02 2.526996540820107551e-02
7.440000000000000000e+02 2.493755138185213202e-02
7.442000000000000455e+02 2.463822560901068187e-02
7.444000000000000909e+02 2.433474960705814261e-02
7.446000000000000227e+02 2.400301569791424977e-02
7.447999999999999545e+02 2.363094215707831763e-02
7.450000000000000000e+02 2.321726742880226083e-02
7.452000000000000455e+02 2.276386782566235806e-02
7.454000000000000909e+02 2.226690363785935670e-02
7.456000000000000227e+02 2.173359296333786730e-02
7.457999999999999545e+02 2.118925329223100493e-02
7.460000000000000000e+02 2.068424636439207195e-02
7.462000000000000455e+02 2.027402810914186518e-02
7.464000000000000909e+02 2.000764814417651735e-02
7.466000000000000227e+02 1.991484242948250022e-02
7.467999999999999545e+02 1.999732828555057795e-02
7.470000000000000000e+02 2.023968377503520752e-02
7.472000000000000455e+02 2.062362272293696841e-02
7.474000000000000909e+02 2.114407540873474572e-02
7.476000000000000227e+02 2.179565132917712575e-02
7.477999999999999545e+02 2.255263898180785015e-02
7.480000000000000000e+02 2.336454277378976693e-02
7.482000000000000455e+02 2.417742007847910671e-02
7.484000000000000909e+02 2.495786289627737950e-02
7.486000000000000227e+02 2.568533606062334274e-02
7.487999999999999545e+02 2.633935939880175173e-02
7.490000000000000000e+02 2.688934162126514413e-02
7.492000000000000455e+02 2.731694239275068645e-02
7.494000000000000909e+02 2.761815207653057699e-02
7.496000000000000227e+02 2.780497209535790284e-02
7.497999999999999545e+02 2.790781202567243699e-02
7.500000000000000000e+02 2.796265869630542439e-02
7.502000000000000455e+02 2.799875500100326015e-02
7.504000000000000909e+02 2.803684568636546914e-02
7.506000000000000227e+02 2.809432788646162860e-02
7.507999999999999545e+02 2.818866349526829435e-02
7.510000000000000000e+02 2.832941402650142326e-02
7.512000000000000455e+02 2.852290342523599101e-02
7.514000000000000909e+02 2.877487421926738093e-02
7.516000000000000227e+02 2.907712130045956439e-02
7.517999999999999545e+02 2.940814050291100726e-02
7.520000000000000000e+02 2.973608841360513705e-02
7.522000000000000455e+02 3.003911387571877104e-02
7.524000000000000909e+02 3.030218429279266101e-02
7.526000000000000227e+02 3.051294245100389518e-02
7.527999999999999545e+02 3.065761512925335719e-02
7.530000000000000000e+02 3.071632232526586015e-02
7.532000000000000455e+02 3.066106971016990118e-02
7.534000000000000909e+02 3.046953595204165283e-02
7.536000000000000227e+02 3.013601681397862914e-02
7.537999999999999545e+02 2.967769938871202273e-02
7.540000000000000000e+02 2.911796113275948519e-02
7.542000000000000455e+02 2.848231965455132533e-02
7.544000000000000909e+02 2.779731765630869683e-02
7.546000000000000227e+02 2.709202167290387583e-02
7.547999999999999545e+02 2.638688657106650140e-02
7.550000000000000000e+02 2.568653850515273049e-02
7.552000000000000455e+02 2.498742530941152132e-02
7.554000000000000909e+02 2.428483941663743192e-02
7.556000000000000227e+02 2.357548260775587864e-02
7.557999999999999545e+02 2.285043642332001620e-02
7.560000000000000000e+02 2.210267037988866701e-02
7.562000000000000455e+02 2.133107474516687113e-02
7.564000000000000909e+02 2.053450635101687974e-02
7.566000000000000227e+02 1.970628608934666889e-02
7.567999999999999545e+02 1.883219995346672657e-02
7.570000000000000000e+02 1.789817923811989897e-02
7.572000000000000455e+02 1.690946753696470628e-02
7.574000000000000909e+02 1.590317139646672123e-02
7.576000000000000227e+02 1.494896952638196871e-02
7.577999999999999545e+02 1.411506164282112265e-02
7.580000000000000000e+02 1.344454863134863717e-02
7.582000000000000455e+02 1.293055751776249311e-02
7.584000000000000909e+02 1.254924125336616229e-02
7.586000000000000227e+02 1.227787943510930298e-02
7.587999999999999545e+02 1.210329262026408302e-02
7.590000000000000000e+02 1.201722875258163722e-02
7.592000000000000455e+02 1.201177914790961705e-02
7.594000000000000909e+02 1.206937507088455715e-02
7.596000000000000227e+02 1.216837968923388004e-02
7.597999999999999545e+02 1.228797570470969644e-02
7.600000000000000000e+02 1.241700615482724777e-02
7.602000000000000455e+02 1.254330697562834433e-02
7.604000000000000909e+02 1.265075822484589170e-02
7.606000000000000227e+02 1.272706834312287150e-02
7.607999999999999545e+02 1.276419527833680227e-02
7.610000000000000000e+02 1.275614410735480438e-02
7.612000000000000455e+02 1.269031071319705675e-02
7.614000000000000909e+02 1.255368359020285311e-02
7.616000000000000227e+02 1.233739521941324899e-02
7.617999999999999545e+02 1.204325040157412478e-02
7.620000000000000000e+02 1.167398905688592919e-02
7.622000000000000455e+02 1.123191875351316898e-02
7.624000000000000909e+02 1.072733135095140997e-02
7.626000000000000227e+02 1.018070535919744085e-02
7.627999999999999545e+02 9.620593008523088685e-03
7.630000000000000000e+02 9.073331421267710403e-03
7.632000000000000455e+02 8.547055749596858126e-03
7.634000000000000909e+02 8.028630471326859627e-03
7.636000000000000227e+02 7.491724412794816511e-03
7.637999999999999545e+02 6.911325819656193026e-03
7.640000000000000000e+02 6.272094239301658110e-03
7.642000000000000455e+02 5.580995808425038771e-03
7.644000000000000909e+02 4.855831397080480165e-03
7.646000000000000227e+02 4.118229545307743565e-03
7.647999999999999545e+02 3.381915693740942825e-03
7.650000000000000000e+02 2.662576422981050191e-03
7.652000000000000455e+02 1.983748799942316402e-03
7.654000000000000909e+02 1.381739700759961444e-03
7.656000000000000227e+02 8.811241460720440569e-04
7.657999999999999545e+02 4.851774274101548420e-04
7.660000000000000000e+02 1.996605528749738259e-04
7.662000000000000455e+02 3.402317162619782791e-05
7.664000000000000909e+02 0.000000000000000000e+00
7.666000000000000227e+02 1.025923219022898677e-04
7.667999999999999545e+02 3.444412525032659812e-04
7.670000000000000000e+02 7.269668872610804758e-04
7.672000000000000455e+02 1.233947331410973096e-03
7.674000000000000909e+02 1.840025388634655614e-03
7.676000000000000227e+02 2.519844666027205426e-03
7.677999999999999545e+02 3.260727184565176233e-03
7.680000000000000000e+02 4.050548610608979347e-03
7.682000000000000455e+02 4.863105083245344157e-03
7.684000000000000909e+02 5.660829871068766631e-03
7.686000000000000227e+02 6.404480223128052215e-03
7.687999999999999545e+02 7.064553782702192447e-03
7.690000000000000000e+02 7.616019443651035094e-03
7.692000000000000455e+02 8.040192102775328004e-03
7.694000000000000909e+02 8.330245341794398350e-03
7.696000000000000227e+02 8.486680098105582604e-03
7.697999999999999545e+02 8.516691966915262979e-03
7.700000000000000000e+02 8.436163226707959692e-03
7.702000000000000455e+02 8.271292903142620986e-03
7.704000000000000909e+02 8.053469313683420117e-03
7.706000000000000227e+02 7.808248344985480559e-03
7.707999999999999545e+02 7.570538177646099140e-03
7.710000000000000000e+02 7.385482554836391746e-03
7.712000000000000455e+02 7.300363021441946126e-03
7.714000000000000909e+02 7.354833985068430328e-03
7.716000000000000227e+02 7.579363432824830216e-03
7.717999999999999545e+02 7.999174771108241017e-03
7.720000000000000000e+02 8.626724034126682927e-03
7.722000000000000455e+02 9.456947621599350387e-03
7.724000000000000909e+02 1.046138345952911733e-02
7.726000000000000227e+02 1.159196089153355022e-02
7.727999999999999545e+02 1.278984074491514716e-02
7.730000000000000000e+02 1.402347964046674056e-02
7.732000000000000455e+02 1.528704306989759829e-02
7.734000000000000909e+02 1.659411014518618471e-02
7.736000000000000227e+02 1.794179809383261714e-02
7.737999999999999545e+02 1.931422769954943552e-02
7.740000000000000000e+02 2.068643280156065925e-02
7.742000000000000455e+02 2.203524187201694531e-02
7.744000000000000909e+02 2.333826099844608579e-02
7.746000000000000227e+02 2.457165280116578934e-02
7.747999999999999545e+02 2.570449264714474644e-02
7.750000000000000000e+02 2.671276913966372235e-02
7.752000000000000455e+02 2.759388178842171746e-02
7.754000000000000909e+02 2.836521325142414562e-02
7.756000000000000227e+02 2.904820381063276391e-02
7.757999999999999545e+02 2.965359337834376496e-02
7.760000000000000000e+02 3.019666694178265928e-02
7.762000000000000455e+02 3.069968387940963384e-02
7.764000000000000909e+02 3.119236662231050089e-02
7.766000000000000227e+02 3.169717617102095486e-02
7.767999999999999545e+02 3.222642395520390612e-02
7.770000000000000000e+02 3.277990584068625479e-02
7.772000000000000455e+02 3.335323399055096366e-02
7.774000000000000909e+02 3.393900389687578428e-02
7.776000000000000227e+02 3.452614345180295141e-02
7.777999999999999545e+02 3.511139377994754868e-02
7.780000000000000000e+02 3.569473934602474668e-02
7.782000000000000455e+02 3.626504207450591960e-02
7.784000000000000909e+02 3.682028669161602902e-02
7.786000000000000227e+02 3.737707524759714683e-02
7.787999999999999545e+02 3.798244894818726680e-02
7.790000000000000000e+02 3.867236118954779645e-02
7.792000000000000455e+02 3.946087852333216017e-02
7.794000000000000909e+02 4.034512707526945186e-02
7.796000000000000227e+02 4.131853609690162854e-02
7.797999999999999545e+02 4.237513215263797456e-02
7.800000000000000000e+02 4.350924293089102057e-02
7.802000000000000455e+02 4.472312480557887049e-02
7.804000000000000909e+02 4.603018524125618294e-02
7.806000000000000227e+02 4.745236331474686486e-02
7.807999999999999545e+02 4.900827310920346375e-02
7.810000000000000000e+02 5.070522658566031793e-02
7.812000000000000455e+02 5.253081663522075895e-02
7.814000000000000909e+02 5.446737561186743015e-02
7.816000000000000227e+02 5.650174999562200540e-02
7.817999999999999545e+02 5.863246308978914412e-02
7.820000000000000000e+02 6.085372858326577178e-02
7.822000000000000455e+02 6.314165716428393749e-02
7.824000000000000909e+02 6.544896708029171450e-02
7.826000000000000227e+02 6.772136796726936636e-02
7.827999999999999545e+02 6.991048089692145084e-02
7.830000000000000000e+02 7.196767581638280342e-02
7.832000000000000455e+02 7.384680268295430727e-02
7.834000000000000909e+02 7.551001483042683871e-02
7.836000000000000227e+02 7.694191060288296802e-02
7.837999999999999545e+02 7.814934939394942159e-02
7.840000000000000000e+02 7.916379446957207133e-02
7.842000000000000455e+02 8.004270162774163033e-02
7.844000000000000909e+02 8.086114238759879724e-02
7.846000000000000227e+02 8.169927883113607681e-02
7.847999999999999545e+02 8.260346062483900353e-02
7.850000000000000000e+02 8.358511609151136890e-02
7.852000000000000455e+02 8.462728470638873624e-02
7.854000000000000909e+02 8.571685898909282841e-02
7.856000000000000227e+02 8.684839464361310268e-02
7.857999999999999545e+02 8.801775810129001953e-02
7.860000000000000000e+02 8.921487736117594824e-02
7.862000000000000455e+02 9.042506943798948871e-02
7.864000000000000909e+02 9.163653593389946284e-02
7.866000000000000227e+02 9.282966964941245791e-02
7.867999999999999545e+02 9.398088384002289963e-02
7.870000000000000000e+02 9.508606983348760755e-02
7.872000000000000455e+02 9.617129617393156693e-02
7.874000000000000909e+02 9.728543125803702785e-02
7.876000000000000227e+02 9.845539731860498966e-02
7.877999999999999545e+02 9.968470614706026467e-02
7.880000000000000000e+02 1.009538478075421575e-01
7.882000000000000455e+02 1.022277019870012904e-01
7.884000000000000909e+02 1.034747157262098094e-01
7.886000000000000227e+02 1.046781377938390822e-01
7.887999999999999545e+02 1.058426481590280521e-01
7.890000000000000000e+02 1.069728467758769147e-01
7.892000000000000455e+02 1.080610187420293911e-01
7.894000000000000909e+02 1.090946363758654725e-01
7.896000000000000227e+02 1.100690229359126693e-01
7.897999999999999545e+02 1.109948516414167446e-01
7.900000000000000000e+02 1.118799271934290268e-01
7.902000000000000455e+02 1.127173139322600603e-01
7.904000000000000909e+02 1.134739627527884542e-01
7.906000000000000227e+02 1.140936847370509627e-01
7.907999999999999545e+02 1.145333208029584993e-01
7.910000000000000000e+02 1.148019210821771136e-01
7.912000000000000455e+02 1.149421661442562720e-01
7.914000000000000909e+02 1.150007464851227762e-01
7.916000000000000227e+02 1.149975482304763236e-01
7.917999999999999545e+02 1.149590148374937115e-01
7.920000000000000000e+02 1.149175385906269914e-01
7.922000000000000455e+02 1.149025485302369726e-01
7.924000000000000909e+02 1.149320699688369807e-01
7.926000000000000227e+02 1.150210304806072309e-01
7.927999999999999545e+02 1.151981481371373156e-01
7.930000000000000000e+02 1.154904722268364492e-01
7.932000000000000455e+02 1.159174375979965393e-01
7.934000000000000909e+02 1.164849698392901728e-01
7.936000000000000227e+02 1.172042838523895819e-01
7.937999999999999545e+02 1.180872236772536610e-01
7.940000000000000000e+02 1.191210317060068108e-01
7.942000000000000455e+02 1.202796433862738101e-01
7.944000000000000909e+02 1.215297461473363039e-01
7.946000000000000227e+02 1.228391358090739210e-01
7.947999999999999545e+02 1.241835231028338288e-01
7.950000000000000000e+02 1.255511073763859731e-01
7.952000000000000455e+02 1.269495797176108387e-01
7.954000000000000909e+02 1.283756363123194633e-01
7.956000000000000227e+02 1.298041374196833020e-01
7.957999999999999545e+02 1.312008413766915238e-01
7.960000000000000000e+02 1.325222880930866654e-01
7.962000000000000455e+02 1.337160515139024231e-01
7.964000000000000909e+02 1.347297498627005041e-01
7.966000000000000227e+02 1.355366847122659035e-01
7.967999999999999545e+02 1.361533844228581258e-01
7.970000000000000000e+02 1.366321475224739346e-01
7.972000000000000455e+02 1.370474733852680427e-01
7.974000000000000909e+02 1.374849503490502278e-01
7.976000000000000227e+02 1.380050734005396906e-01
7.977999999999999545e+02 1.386406263318770427e-01
7.980000000000000000e+02 1.393948443701055750e-01
7.982000000000000455e+02 1.402610847959429585e-01
7.984000000000000909e+02 1.412216295520953291e-01
7.986000000000000227e+02 1.422426657220650925e-01
7.987999999999999545e+02 1.432855134678631681e-01
7.990000000000000000e+02 1.443129409797362650e-01
7.992000000000000455e+02 1.452932266646682624e-01
7.994000000000000909e+02 1.461748408839113056e-01
7.996000000000000227e+02 1.468841956482350164e-01
7.997999999999999545e+02 1.473286848360246815e-01
8.000000000000000000e+02 1.474592072351192384e-01
