4.700000000000000000e+02 2.995043405972694361e-01
4.701999999999999886e+02 2.990494417397213667e-01
4.703999999999999773e+02 2.986311939307480512e-01
4.706000000000000227e+02 2.982592082487940943e-01
4.708000000000000114e+02 2.979295580064013627e-01
4.710000000000000000e+02 2.976287580584098258e-01
4.711999999999999886e+02 2.973508140022712576e-01
4.713999999999999773e+02 2.971001882452669052e-01
4.716000000000000227e+02 2.968842978803595267e-01
4.718000000000000114e+02 2.966990915243333249e-01
4.720000000000000000e+02 2.965331222079048978e-01
4.721999999999999886e+02 2.963664348885230448e-01
4.723999999999999773e+02 2.961713495936582063e-01
4.726000000000000227e+02 2.959238342176230274e-01
4.728000000000000114e+02 2.956154795307626704e-01
4.730000000000000000e+02 2.952479987682966045e-01
4.731999999999999886e+02 2.948178781421618710e-01
4.733999999999999773e+02 2.943314948598644287e-01
4.736000000000000227e+02 2.938058605584774052e-01
4.738000000000000114e+02 2.932676255791731856e-01
4.740000000000000000e+02 2.927545320909900606e-01
4.741999999999999886e+02 2.923120296086811898e-01
4.743999999999999773e+02 2.919773993818062796e-01
4.746000000000000227e+02 2.917540059675406416e-01
4.748000000000000114e+02 2.916170953580193848e-01
4.750000000000000000e+02 2.915459391404057188e-01
4.751999999999999886e+02 2.915453545078339204e-01
4.753999999999999773e+02 2.916345322017220854e-01
4.756000000000000227e+02 2.918368559470053691e-01
4.758000000000000114e+02 2.921676414321716098e-01
4.760000000000000000e+02 2.926184085828613113e-01
4.761999999999999886e+02 2.931591887681577191e-01
4.763999999999999773e+02 2.937569020985258406e-01
4.766000000000000227e+02 2.943898887296185762e-01
4.768000000000000114e+02 2.950496519850592803e-01
4.770000000000000000e+02 2.957143468131703812e-01
4.771999999999999886e+02 2.963530380048931545e-01
4.773999999999999773e+02 2.969493196341459473e-01
4.776000000000000227e+02 2.975051844598424755e-01
4.778000000000000114e+02 2.980445557850154303e-01
4.780000000000000000e+02 2.986094659653344974e-01
4.781999999999999886e+02 2.992348455387174866e-01
4.783999999999999773e+02 2.999346711688009592e-01
4.786000000000000227e+02 3.007182338115984566e-01
4.788000000000000114e+02 3.016187771952666963e-01
4.790000000000000000e+02 3.026560553293107247e-01
4.791999999999999886e+02 3.038282153744877312e-01
4.793999999999999773e+02 3.051096605870067813e-01
4.796000000000000227e+02 3.064523039625252632e-01
4.798000000000000114e+02 3.078165337559963799e-01
4.800000000000000000e+02 3.091825315974046084e-01
4.801999999999999886e+02 3.105519069276256316e-01
4.803999999999999773e+02 3.119435692420652884e-01
4.806000000000000227e+02 3.133631680901021732e-01
4.808000000000000114e+02 3.147912121133332741e-01
4.810000000000000000e+02 3.162172008857003225e-01
4.811999999999999886e+02 3.176285289012393820e-01
4.813999999999999773e+02 3.190084601562873101e-01
4.816000000000000227e+02 3.203423061920108172e-01
4.818000000000000114e+02 3.216330712766850008e-01
4.820000000000000000e+02 3.228761311410033863e-01
4.821999999999999886e+02 3.240468238000324686e-01
4.823999999999999773e+02 3.251268104374590018e-01
4.826000000000000227e+02 3.261158860805352111e-01
4.828000000000000114e+02 3.270311068973599800e-01
4.830000000000000000e+02 3.278971909700637011e-01
4.831999999999999886e+02 3.287202993868439393e-01
4.833999999999999773e+02 3.295022533012762489e-01
4.836000000000000227e+02 3.302535765720269190e-01
4.838000000000000114e+02 3.309952219389312722e-01
4.840000000000000000e+02 3.317610347857682385e-01
4.841999999999999886e+02 3.325879903514090130e-01
4.843999999999999773e+02 3.335010814059518047e-01
4.846000000000000227e+02 3.345188199536321405e-01
4.848000000000000114e+02 3.356548774789381295e-01
4.850000000000000000e+02 3.369188720016887406e-01
4.851999999999999886e+02 3.383181032252074449e-01
4.853999999999999773e+02 3.398618314117077821e-01
4.856000000000000227e+02 3.415563335401149980e-01
4.858000000000000114e+02 3.433976286743024575e-01
4.860000000000000000e+02 3.453851475700786544e-01
4.861999999999999886e+02 3.475070553205542589e-01
4.863999999999999773e+02 3.497405554944670869e-01
4.866000000000000227e+02 3.520874378817397954e-01
4.868000000000000114e+02 3.545601318379537625e-01
4.870000000000000000e+02 3.571846023270044967e-01
4.871999999999999886e+02 3.600067982924256005e-01
4.873999999999999773e+02 3.630589255896054524e-01
4.876000000000000227e+02 3.663697971162160893e-01
4.878000000000000114e+02 3.699766917279710410e-01
4.880000000000000000e+02 3.739279902723615101e-01
4.881999999999999886e+02 3.782326694886304352e-01
4.883999999999999773e+02 3.828865020689293797e-01
4.886000000000000227e+02 3.879193860343201350e-01
4.888000000000000114e+02 3.933273753531115191e-01
4.890000000000000000e+02 3.991000967764742891e-01
4.891999999999999886e+02 4.052288115433637650e-01
4.893999999999999773e+02 4.116642658771057506e-01
4.896000000000000227e+02 4.183775649648853179e-01
4.898000000000000114e+02 4.253478628846690257e-01
4.900000000000000000e+02 4.325336381907802785e-01
4.901999999999999886e+02 4.399534841611349445e-01
4.903999999999999773e+02 4.476179408125841030e-01
4.906000000000000227e+02 4.555137104753246291e-01
4.908000000000000114e+02 4.636953926114129043e-01
4.910000000000000000e+02 4.721885370549775973e-01
4.911999999999999886e+02 4.809825759605785289e-01
4.913999999999999773e+02 4.900692912069827267e-01
4.916000000000000227e+02 4.994995247421974982e-01
4.918000000000000114e+02 5.093031102849855385e-01
4.920000000000000000e+02 5.194736585383050720e-01
4.921999999999999886e+02 5.300708320308441523e-01
4.923999999999999773e+02 5.411066124546929368e-01
4.926000000000000227e+02 5.525732721795164615e-01
4.928000000000000114e+02 5.644999350909974956e-01
4.930000000000000000e+02 5.768146917615935010e-01
4.931999999999999886e+02 5.894709777523006178e-01
4.933999999999999773e+02 6.024879891510983576e-01
4.936000000000000227e+02 6.158297669972192523e-01
4.938000000000000114e+02 6.294977000423799263e-01
4.940000000000000000e+02 6.434673197781324294e-01
4.941999999999999886e+02 6.576097915100478364e-01
4.943999999999999773e+02 6.719189260412876674e-01
4.946000000000000227e+02 6.864086694959137258e-01
4.948000000000000114e+02 7.010432141238140957e-01
4.950000000000000000e+02 7.157596492915421216e-01
4.951999999999999886e+02 7.305506911578147911e-01
4.953999999999999773e+02 7.453993476898639337e-01
4.956000000000000227e+02 7.602000791847601802e-01
4.958000000000000114e+02 7.749387125877396088e-01
4.960000000000000000e+02 7.895865784777297280e-01
4.961999999999999886e+02 8.040731110207252064e-01
4.963999999999999773e+02 8.183973267032272902e-01
4.966000000000000227e+02 8.324881784693608511e-01
4.968000000000000114e+02 8.462745238388914570e-01
4.970000000000000000e+02 8.597884534914560506e-01
4.971999999999999886e+02 8.729982584175177696e-01
4.973999999999999773e+02 8.858585366876569056e-01
4.976000000000000227e+02 8.983527303184924984e-01
4.978000000000000114e+02 9.104896445068257904e-01
4.980000000000000000e+02 9.221592162263470005e-01
4.981999999999999886e+02 9.332173611915181022e-01
4.983999999999999773e+02 9.436145825251361918e-01
4.986000000000000227e+02 9.532987372791237313e-01
4.988000000000000114e+02 9.622468425067826070e-01
4.990000000000000000e+02 9.704417093681518836e-01
4.991999999999999886e+02 9.777602182591303981e-01
4.993999999999999773e+02 9.841210319773423532e-01
4.996000000000000227e+02 9.894789014806215643e-01
4.998000000000000114e+02 9.937795577063837094e-01
5.000000000000000000e+02 9.969901991054146428e-01
5.001999999999999886e+02 9.990749188406483627e-01
5.003999999999999773e+02 1.000000000000000000e+00
5.006000000000000227e+02 9.997827303298871815e-01
5.008000000000000114e+02 9.984604442729079210e-01
5.010000000000000000e+02 9.960771041354917754e-01
5.011999999999999886e+02 9.926733028964963568e-01
5.013999999999999773e+02 9.882658229277003770e-01
5.016000000000000227e+02 9.829089479926707007e-01
5.018000000000000114e+02 9.767030144830529670e-01
5.020000000000000000e+02 9.697343300115358611e-01
5.021999999999999886e+02 9.620982658033981894e-01
5.023999999999999773e+02 9.538693804544076116e-01
5.026000000000000227e+02 9.450825611469512166e-01
5.028000000000000114e+02 9.358449269142227189e-01
5.030000000000000000e+02 9.262092971615996095e-01
5.031999999999999886e+02 9.161534462320807259e-01
5.033999999999999773e+02 9.056957947967432254e-01
5.036000000000000227e+02 8.948418488766903822e-01
5.038000000000000114e+02 8.836335317293014802e-01
5.040000000000000000e+02 8.721825924747722558e-01
5.041999999999999886e+02 8.604848695576432505e-01
5.043999999999999773e+02 8.485320620587848417e-01
5.046000000000000227e+02 8.363685420206906640e-01
5.048000000000000114e+02 8.240655715707108087e-01
5.050000000000000000e+02 8.116525541504728825e-01
5.051999999999999886e+02 7.991867325392353338e-01
5.053999999999999773e+02 7.868075883950825800e-01
5.056000000000000227e+02 7.745489572972383829e-01
5.058000000000000114e+02 7.624432155732807637e-01
5.060000000000000000e+02 7.505422524455627187e-01
5.061999999999999886e+02 7.388384177792993723e-01
5.063999999999999773e+02 7.273873293471392332e-01
5.066000000000000227e+02 7.162328557290981168e-01
5.068000000000000114e+02 7.053296575324180528e-01
5.070000000000000000e+02 6.946962366174948000e-01
5.071999999999999886e+02 6.843913349091834686e-01
5.073999999999999773e+02 6.744706685009274061e-01
5.076000000000000227e+02 6.649419243139091940e-01
5.078000000000000114e+02 6.558760936289974586e-01
5.080000000000000000e+02 6.473459492632439582e-01
5.081999999999999886e+02 6.393584309083916173e-01
5.083999999999999773e+02 6.319565236686515153e-01
5.086000000000000227e+02 6.251849596288617805e-01
5.088000000000000114e+02 6.190902387305171617e-01
5.090000000000000000e+02 6.137562810206740327e-01
5.091999999999999886e+02 6.091949799707386815e-01
5.093999999999999773e+02 6.053745534524659355e-01
5.096000000000000227e+02 6.022694274514343027e-01
5.098000000000000114e+02 5.998560548321980601e-01
5.100000000000000000e+02 5.981212199260572682e-01
5.101999999999999886e+02 5.970443198299337784e-01
5.103999999999999773e+02 5.965554761001993223e-01
5.106000000000000227e+02 5.965886793782064768e-01
5.108000000000000114e+02 5.970945956471809257e-01
5.110000000000000000e+02 5.980429229967728633e-01
5.111999999999999886e+02 5.994242910360175758e-01
5.113999999999999773e+02 6.012265742533935420e-01
5.116000000000000227e+02 6.034339599864615433e-01
5.118000000000000114e+02 6.060458872314919976e-01
5.120000000000000000e+02 6.090612375378962051e-01
5.122000000000000455e+02 6.124930657660422328e-01
5.123999999999999773e+02 6.163714533622047798e-01
5.126000000000000227e+02 6.206776534259467182e-01
5.127999999999999545e+02 6.253776040998085817e-01
5.130000000000000000e+02 6.304309498509601539e-01
5.132000000000000455e+02 6.357798118690669575e-01
5.133999999999999773e+02 6.414048885066340189e-01
5.136000000000000227e+02 6.472786543043674845e-01
5.137999999999999545e+02 6.533264096845776692e-01
5.140000000000000000e+02 6.594968755642309777e-01
5.142000000000000455e+02 6.657509606825737780e-01
5.143999999999999773e+02 6.720682743960023631e-01
5.146000000000000227e+02 6.784751522431659021e-01
5.147999999999999545e+02 6.850322215274583515e-01
5.150000000000000000e+02 6.917849025790958617e-01
5.152000000000000455e+02 6.987422422270155309e-01
5.153999999999999773e+02 7.059678399405034943e-01
5.156000000000000227e+02 7.134944532155718111e-01
5.157999999999999545e+02 7.213241932708384097e-01
5.160000000000000000e+02 7.294951645905878301e-01
5.162000000000000455e+02 7.379863493902694138e-01
5.163999999999999773e+02 7.467597514719841456e-01
5.166000000000000227e+02 7.558003408365605580e-01
5.167999999999999545e+02 7.650566833210514783e-01
5.170000000000000000e+02 7.744704003245482804e-01
5.172000000000000455e+02 7.839917214708994608e-01
5.173999999999999773e+02 7.935738710764506099e-01
5.176000000000000227e+02 8.031025017889240614e-01
5.177999999999999545e+02 8.124970001203737358e-01
5.180000000000000000e+02 8.217722435650486323e-01
5.182000000000000455e+02 8.308792910553264299e-01
5.183999999999999773e+02 8.397753378298229432e-01
5.186000000000000227e+02 8.484240579849879893e-01
5.187999999999999545e+02 8.567426251144237836e-01
5.190000000000000000e+02 8.646920272405289598e-01
5.192000000000000455e+02 8.722497903128997310e-01
5.193999999999999773e+02 8.793873481054036434e-01
5.196000000000000227e+02 8.861237598680329342e-01
5.197999999999999545e+02 8.924178438955692183e-01
5.200000000000000000e+02 8.981790218344730681e-01
5.202000000000000455e+02 9.033621105017597408e-01
5.203999999999999773e+02 9.079102576586557394e-01
5.206000000000000227e+02 9.117553208411822707e-01
5.207999999999999545e+02 9.148234915192301475e-01
5.210000000000000000e+02 9.170217919930541139e-01
5.212000000000000455e+02 9.182549055304343177e-01
5.213999999999999773e+02 9.184489002236189137e-01
5.216000000000000227e+02 9.175785674524864488e-01
5.217999999999999545e+02 9.156362503635651073e-01
5.220000000000000000e+02 9.126205166100652688e-01
5.222000000000000455e+02 9.085437053213378800e-01
5.223999999999999773e+02 9.034741375940478214e-01
5.226000000000000227e+02 8.974861400222117203e-01
5.227999999999999545e+02 8.906714634776538020e-01
5.230000000000000000e+02 8.831850473909989008e-01
5.232000000000000455e+02 8.751604287331588017e-01
5.233999999999999773e+02 8.666581067969305607e-01
5.236000000000000227e+02 8.576793810234348836e-01
5.237999999999999545e+02 8.483290641228398155e-01
5.240000000000000000e+02 8.386747917563701638e-01
5.242000000000000455e+02 8.287392354306264419e-01
5.243999999999999773e+02 8.185733041687797140e-01
5.246000000000000227e+02 8.081776271173901627e-01
5.247999999999999545e+02 7.975636172579817496e-01
5.250000000000000000e+02 7.867786699249690319e-01
5.252000000000000455e+02 7.757875483346250434e-01
5.253999999999999773e+02 7.645922411516407058e-01
5.256000000000000227e+02 7.532144483413016900e-01
5.257999999999999545e+02 7.416086641502004362e-01
5.260000000000000000e+02 7.298194598819567336e-01
5.262000000000000455e+02 7.178983744881116680e-01
5.263999999999999773e+02 7.058482716392107115e-01
5.266000000000000227e+02 6.937236906637492817e-01
5.267999999999999545e+02 6.815895838865642098e-01
5.270000000000000000e+02 6.694904247783822759e-01
5.272000000000000455e+02 6.574436261888161326e-01
5.273999999999999773e+02 6.455619012361220044e-01
5.276000000000000227e+02 6.339299628576551271e-01
5.277999999999999545e+02 6.225331412041774648e-01
5.280000000000000000e+02 6.113831938986881154e-01
5.282000000000000455e+02 6.004497675993047956e-01
5.283999999999999773e+02 5.896978162697982251e-01
5.286000000000000227e+02 5.791751998975985805e-01
5.287999999999999545e+02 5.688840626318141247e-01
5.290000000000000000e+02 5.588430147279669358e-01
5.292000000000000455e+02 5.491168743490274506e-01
5.293999999999999773e+02 5.397143348779630534e-01
5.296000000000000227e+02 5.306936772552097725e-01
5.297999999999999545e+02 5.221187915593208384e-01
5.300000000000000000e+02 5.139450279915379616e-01
5.302000000000000455e+02 5.061370365747658306e-01
5.303999999999999773e+02 4.986771343474153406e-01
5.306000000000000227e+02 4.915531927170637694e-01
5.307999999999999545e+02 4.847460043900015392e-01
5.310000000000000000e+02 4.782741636667728891e-01
5.312000000000000455e+02 4.721571926578982392e-01
5.313999999999999773e+02 4.663471659955116810e-01
5.316000000000000227e+02 4.608169873921435511e-01
5.317999999999999545e+02 4.555366873675856798e-01
5.320000000000000000e+02 4.504695110419839055e-01
5.322000000000000455e+02 4.456428776303399952e-01
5.323999999999999773e+02 4.410828298339387055e-01
5.326000000000000227e+02 4.368022289279961390e-01
5.327999999999999545e+02 4.328144018285685068e-01
5.330000000000000000e+02 4.291166626849494126e-01
5.332000000000000455e+02 4.257102337575774942e-01
5.333999999999999773e+02 4.226233770958197633e-01
5.336000000000000227e+02 4.199307496906313220e-01
5.337999999999999545e+02 4.176732606645657264e-01
5.340000000000000000e+02 4.158496276538856118e-01
5.342000000000000455e+02 4.144410884665233885e-01
5.343999999999999773e+02 4.134160185402977472e-01
5.346000000000000227e+02 4.127353333173348626e-01
5.347999999999999545e+02 4.123559994824549380e-01
5.350000000000000000e+02 4.122342544751866344e-01
5.352000000000000455e+02 4.123470861502219198e-01
5.353999999999999773e+02 4.126905519547024448e-01
5.356000000000000227e+02 4.132666455813190365e-01
5.357999999999999545e+02 4.140713489067326947e-01
5.360000000000000000e+02 4.151016297590075510e-01
5.362000000000000455e+02 4.163547900655716894e-01
5.363999999999999773e+02 4.178086356783572430e-01
5.366000000000000227e+02 4.194197363126510592e-01
5.367999999999999545e+02 4.211432870525351202e-01
5.370000000000000000e+02 4.229595858832064237e-01
5.372000000000000455e+02 4.248602412765117298e-01
5.373999999999999773e+02 4.268463120701488367e-01
5.376000000000000227e+02 4.289229659653007731e-01
5.377999999999999545e+02 4.310840759190771032e-01
5.380000000000000000e+02 4.333365232611144369e-01
5.382000000000000455e+02 4.356920145701172475e-01
5.383999999999999773e+02 4.381518886474178864e-01
5.386000000000000227e+02 4.407464712976312815e-01
5.387999999999999545e+02 4.434937155455462854e-01
5.390000000000000000e+02 4.463771381113185721e-01
5.392000000000000455e+02 4.493675093615356331e-01
5.393999999999999773e+02 4.524239846804271603e-01
5.396000000000000227e+02 4.555076255254262296e-01
5.397999999999999545e+02 4.585964218592394892e-01
5.400000000000000000e+02 4.616642073568471560e-01
5.402000000000000455e+02 4.646956079613957513e-01
5.403999999999999773e+02 4.676933506734179957e-01
5.406000000000000227e+02 4.706633413675642696e-01
5.407999999999999545e+02 4.735659446748033963e-01
5.410000000000000000e+02 4.763389097646592019e-01
5.412000000000000455e+02 4.789450140476866347e-01
5.413999999999999773e+02 4.813687876460659987e-01
5.416000000000000227e+02 4.836091961700908493e-01
5.417999999999999545e+02 4.856625241731128972e-01
5.420000000000000000e+02 4.874880965121701770e-01
5.422000000000000455e+02 4.890619570608695788e-01
5.423999999999999773e+02 4.903777621292666478e-01
5.426000000000000227e+02 4.914283151207424205e-01
5.427999999999999545e+02 4.922045069883595469e-01
5.430000000000000000e+02 4.927083820974657580e-01
5.432000000000000455e+02 4.929552541571883273e-01
5.433999999999999773e+02 4.929566813882466647e-01
5.436000000000000227e+02 4.927106262829136774e-01
5.437999999999999545e+02 4.922090281315751326e-01
5.440000000000000000e+02 4.914490582121848194e-01
5.442000000000000455e+02 4.904267718375159846e-01
5.443999999999999773e+02 4.891382375759554257e-01
5.446000000000000227e+02 4.875777844801996719e-01
5.447999999999999545e+02 4.857337019967021829e-01
5.450000000000000000e+02 4.836301930099873858e-01
5.452000000000000455e+02 4.813151951035195553e-01
5.453999999999999773e+02 4.788305871288497939e-01
5.456000000000000227e+02 4.762016908208290822e-01
5.457999999999999545e+02 4.734027746558778782e-01
5.460000000000000000e+02 4.703898391697335923e-01
5.462000000000000455e+02 4.672211802006105974e-01
5.463999999999999773e+02 4.638576151710310791e-01
5.466000000000000227e+02 4.602357582010915271e-01
5.467999999999999545e+02 4.564125883681917628e-01
5.470000000000000000e+02 4.524071381771357370e-01
5.472000000000000455e+02 4.482053112574780340e-01
5.473999999999999773e+02 4.437898509704543137e-01
5.476000000000000227e+02 4.391804230866074854e-01
5.477999999999999545e+02 4.343827368226421681e-01
5.480000000000000000e+02 4.293736474874144116e-01
5.482000000000000455e+02 4.241452268587824759e-01
5.483999999999999773e+02 4.186869090347885569e-01
5.486000000000000227e+02 4.129996345111849876e-01
5.487999999999999545e+02 4.071348171005318983e-01
5.490000000000000000e+02 4.011248618932828358e-01
5.492000000000000455e+02 3.949867691590387975e-01
5.493999999999999773e+02 3.887485612435634952e-01
5.496000000000000227e+02 3.824694303601481327e-01
5.497999999999999545e+02 3.761889367659679295e-01
5.500000000000000000e+02 3.698966742707711086e-01
5.502000000000000455e+02 3.636019659746915766e-01
5.503999999999999773e+02 3.573652753945256721e-01
5.506000000000000227e+02 3.512737251754255441e-01
5.507999999999999545e+02 3.453218761818920846e-01
5.510000000000000000e+02 3.394682718349394945e-01
5.512000000000000455e+02 3.336919898590215428e-01
5.513999999999999773e+02 3.280592294332569381e-01
5.516000000000000227e+02 3.226214050996667471e-01
5.517999999999999545e+02 3.174068062442212956e-01
5.520000000000000000e+02 3.124321217725778976e-01
5.522000000000000455e+02 3.076794063288493253e-01
5.523999999999999773e+02 3.031303803985379020e-01
5.526000000000000227e+02 2.987821490984355344e-01
5.527999999999999545e+02 2.945850579742282926e-01
5.530000000000000000e+02 2.904724890296796480e-01
5.532000000000000455e+02 2.863855347077420843e-01
5.533999999999999773e+02 2.822962720131291792e-01
5.536000000000000227e+02 2.781721091335536689e-01
5.537999999999999545e+02 2.739787758100076798e-01
5.540000000000000000e+02 2.697083145175160901e-01
5.542000000000000455e+02 2.653772125668139581e-01
5.543999999999999773e+02 2.609953418512033774e-01
5.546000000000000227e+02 2.565366257175114018e-01
5.547999999999999545e+02 2.519945298836009373e-01
5.550000000000000000e+02 2.474009446797000300e-01
5.552000000000000455e+02 2.428226085489879060e-01
5.553999999999999773e+02 2.382961971322627992e-01
5.556000000000000227e+02 2.338751018558570260e-01
5.557999999999999545e+02 2.296367418400026006e-01
5.560000000000000000e+02 2.256324223566139320e-01
5.562000000000000455e+02 2.219039770057018857e-01
5.563999999999999773e+02 2.184827279827247504e-01
5.566000000000000227e+02 2.153781023769723024e-01
5.567999999999999545e+02 2.125989132951174310e-01
5.570000000000000000e+02 2.101461426679465949e-01
5.572000000000000455e+02 2.079973565185155027e-01
5.573999999999999773e+02 2.060991461779853595e-01
5.576000000000000227e+02 2.043944009140419849e-01
5.577999999999999545e+02 2.028414455888047641e-01
5.580000000000000000e+02 2.014098929683496852e-01
5.582000000000000455e+02 2.000645979411968811e-01
5.583999999999999773e+02 1.987614020030350481e-01
5.586000000000000227e+02 1.974558310231565028e-01
5.587999999999999545e+02 1.961143931431156007e-01
5.590000000000000000e+02 1.947209722679551780e-01
5.592000000000000455e+02 1.932843570458223081e-01
5.593999999999999773e+02 1.918430365404176774e-01
5.596000000000000227e+02 1.904384968957001101e-01
5.597999999999999545e+02 1.890901315511572534e-01
5.600000000000000000e+02 1.878309621995689627e-01
5.602000000000000455e+02 1.866940340649423657e-01
5.603999999999999773e+02 1.856975662135748051e-01
5.606000000000000227e+02 1.848365663785968283e-01
5.607999999999999545e+02 1.841031541946099304e-01
5.610000000000000000e+02 1.834924622264206551e-01
5.612000000000000455e+02 1.829938622652121372e-01
5.613999999999999773e+02 1.825892192183001528e-01
5.616000000000000227e+02 1.822607747970834136e-01
5.617999999999999545e+02 1.820054001443741909e-01
5.620000000000000000e+02 1.818310117696264883e-01
5.622000000000000455e+02 1.817421042666791109e-01
5.623999999999999773e+02 1.817264377990417124e-01
5.626000000000000227e+02 1.817661079745118147e-01
5.627999999999999545e+02 1.818444256389750158e-01
5.630000000000000000e+02 1.819466337096070085e-01
5.632000000000000455e+02 1.820482440831057702e-01
5.633999999999999773e+02 1.821284746798109422e-01
5.636000000000000227e+02 1.821749867253098787e-01
5.637999999999999545e+02 1.821801310689899478e-01
5.640000000000000000e+02 1.821350513427254236e-01
5.642000000000000455e+02 1.820368586210469042e-01
5.643999999999999773e+02 1.819024244640554955e-01
5.646000000000000227e+02 1.817553528163818877e-01
5.647999999999999545e+02 1.816217675717085589e-01
5.650000000000000000e+02 1.815282712129874798e-01
5.652000000000000455e+02 1.814993491886861543e-01
5.653999999999999773e+02 1.815454591297687714e-01
5.656000000000000227e+02 1.816539799507058406e-01
5.657999999999999545e+02 1.817876741720157729e-01
5.660000000000000000e+02 1.819118329658668820e-01
5.662000000000000455e+02 1.820080921449737099e-01
5.663999999999999773e+02 1.820808557143982764e-01
5.666000000000000227e+02 1.821337964401860687e-01
5.667999999999999545e+02 1.821714018943123292e-01
5.670000000000000000e+02 1.822106213913625150e-01
5.672000000000000455e+02 1.822715778994307423e-01
5.673999999999999773e+02 1.823604477740199403e-01
5.676000000000000227e+02 1.824572703379681304e-01
5.677999999999999545e+02 1.825414628153515240e-01
5.680000000000000000e+02 1.826075992811480031e-01
5.682000000000000455e+02 1.826674686404462788e-01
5.683999999999999773e+02 1.827240629533429805e-01
5.686000000000000227e+02 1.827664658005882514e-01
5.687999999999999545e+02 1.827791295816084405e-01
5.690000000000000000e+02 1.827671425911397141e-01
5.692000000000000455e+02 1.827407676215363763e-01
5.693999999999999773e+02 1.827006334986000791e-01
5.696000000000000227e+02 1.826231939415339511e-01
5.697999999999999545e+02 1.824843430061992844e-01
5.700000000000000000e+02 1.822654191135342772e-01
5.702000000000000455e+02 1.819533419599950741e-01
5.703999999999999773e+02 1.815279860939649492e-01
5.706000000000000227e+02 1.809588869842526093e-01
5.707999999999999545e+02 1.802086975319708295e-01
5.710000000000000000e+02 1.792522347711788255e-01
5.712000000000000455e+02 1.780784007231997756e-01
5.713999999999999773e+02 1.766912195377459416e-01
5.716000000000000227e+02 1.751115012298631590e-01
5.717999999999999545e+02 1.733668682722769305e-01
5.720000000000000000e+02 1.714948400553181207e-01
5.722000000000000455e+02 1.695480410385338532e-01
5.723999999999999773e+02 1.675606630716068857e-01
5.726000000000000227e+02 1.655511131412019665e-01
5.727999999999999545e+02 1.635321413715791483e-01
5.730000000000000000e+02 1.615321848979791031e-01
5.732000000000000455e+02 1.595936239866413975e-01
5.733999999999999773e+02 1.577670150937564020e-01
5.736000000000000227e+02 1.560959113666558762e-01
5.737999999999999545e+02 1.545988999664889840e-01
5.740000000000000000e+02 1.532704051120893085e-01
5.742000000000000455e+02 1.520969394768610650e-01
5.743999999999999773e+02 1.510615428640885438e-01
5.746000000000000227e+02 1.501360557826105502e-01
5.747999999999999545e+02 1.492671486271610060e-01
5.750000000000000000e+02 1.483742031506313508e-01
5.752000000000000455e+02 1.473732806896311531e-01
5.753999999999999773e+02 1.461981423709887984e-01
5.756000000000000227e+02 1.447995746466046452e-01
5.757999999999999545e+02 1.431566997366257310e-01
5.760000000000000000e+02 1.412828222247310417e-01
5.762000000000000455e+02 1.392181385569917218e-01
5.763999999999999773e+02 1.370089515425714777e-01
5.766000000000000227e+02 1.347022506434397693e-01
5.767999999999999545e+02 1.323491203150302387e-01
5.770000000000000000e+02 1.300022542813396020e-01
5.772000000000000455e+02 1.277136341235367845e-01
5.773999999999999773e+02 1.255324709777695114e-01
5.776000000000000227e+02 1.235079818087601866e-01
5.777999999999999545e+02 1.216704712777070124e-01
5.780000000000000000e+02 1.200225762509565114e-01
5.782000000000000455e+02 1.185913086640912467e-01
5.783999999999999773e+02 1.173912085144521167e-01
5.786000000000000227e+02 1.164044047044054259e-01
5.787999999999999545e+02 1.155959461626456380e-01
5.790000000000000000e+02 1.148944592540665915e-01
5.792000000000000455e+02 1.142008631846223726e-01
5.793999999999999773e+02 1.134287265712950743e-01
5.796000000000000227e+02 1.125220022736219960e-01
5.797999999999999545e+02 1.114583926593017416e-01
5.800000000000000000e+02 1.102475446366853046e-01
5.802000000000000455e+02 1.088945246902273817e-01
5.803999999999999773e+02 1.074085377576578793e-01
5.806000000000000227e+02 1.058152967729909383e-01
5.807999999999999545e+02 1.041394443770893713e-01
5.810000000000000000e+02 1.024134505040944221e-01
5.812000000000000455e+02 1.006815302230432002e-01
5.813999999999999773e+02 9.898399567060209292e-02
5.816000000000000227e+02 9.732723335401446962e-02
5.817999999999999545e+02 9.568990504611556147e-02
5.820000000000000000e+02 9.407203140093299554e-02
5.822000000000000455e+02 9.247492171517955606e-02
5.823999999999999773e+02 9.091001271899519509e-02
5.826000000000000227e+02 8.942165940992491402e-02
5.827999999999999545e+02 8.803821408311221508e-02
5.830000000000000000e+02 8.677340247006702645e-02
5.832000000000000455e+02 8.563598315177159415e-02
5.833999999999999773e+02 8.462287688128315721e-02
5.836000000000000227e+02 8.373302966418891269e-02
5.837999999999999545e+02 8.297148661309902695e-02
5.840000000000000000e+02 8.232012510932155969e-02
5.842000000000000455e+02 8.176397294038544039e-02
5.843999999999999773e+02 8.129965168131501885e-02
5.846000000000000227e+02 8.092085556692550641e-02
5.847999999999999545e+02 8.062898232656987019e-02
5.850000000000000000e+02 8.044138017419637243e-02
5.852000000000000455e+02 8.039621314591943735e-02
5.853999999999999773e+02 8.048899189596392389e-02
5.856000000000000227e+02 8.066961264093161499e-02
5.857999999999999545e+02 8.085965263852730456e-02
5.860000000000000000e+02 8.101440524706243762e-02
5.862000000000000455e+02 8.110673902517183398e-02
5.863999999999999773e+02 8.111070066030642844e-02
5.866000000000000227e+02 8.101513135983456904e-02
5.867999999999999545e+02 8.082545034176055743e-02
5.870000000000000000e+02 8.055765714527254873e-02
5.872000000000000455e+02 8.021512102261438293e-02
5.873999999999999773e+02 7.979770120777933406e-02
5.876000000000000227e+02 7.930269232024886317e-02
5.877999999999999545e+02 7.871911347892519839e-02
5.880000000000000000e+02 7.803275673537268808e-02
5.882000000000000455e+02 7.723118206937218400e-02
5.883999999999999773e+02 7.630897222737276220e-02
5.886000000000000227e+02 7.526396705745640181e-02
5.887999999999999545e+02 7.412146695386834239e-02
5.890000000000000000e+02 7.294792755184008326e-02
5.892000000000000455e+02 7.178321407624572992e-02
5.893999999999999773e+02 7.065217721567031151e-02
5.896000000000000227e+02 6.957958268584041317e-02
5.897999999999999545e+02 6.860621542537234663e-02
5.900000000000000000e+02 6.777364180639185165e-02
5.902000000000000455e+02 6.711307886003163581e-02
5.903999999999999773e+02 6.663378944676606741e-02
5.906000000000000227e+02 6.633747948215565349e-02
5.907999999999999545e+02 6.620535878493237492e-02
5.910000000000000000e+02 6.617592877978321908e-02
5.912000000000000455e+02 6.621053862166328963e-02
5.913999999999999773e+02 6.630100617981436739e-02
5.916000000000000227e+02 6.646149929970042447e-02
5.917999999999999545e+02 6.668898639471092238e-02
5.920000000000000000e+02 6.697096629575270688e-02
5.922000000000000455e+02 6.729152752144440530e-02
5.923999999999999773e+02 6.762362568093059634e-02
5.926000000000000227e+02 6.792410757792165243e-02
5.927999999999999545e+02 6.813880476937068942e-02
5.930000000000000000e+02 6.822381171926590604e-02
5.932000000000000455e+02 6.814782340145499051e-02
5.933999999999999773e+02 6.789844812677141295e-02
5.936000000000000227e+02 6.749289249378989664e-02
5.937999999999999545e+02 6.696037862903463089e-02
5.940000000000000000e+02 6.632912058542078659e-02
5.942000000000000455e+02 6.561809791742928555e-02
5.943999999999999773e+02 6.485883013622802118e-02
5.946000000000000227e+02 6.407168699676196733e-02
5.947999999999999545e+02 6.325165485062174409e-02
5.950000000000000000e+02 6.240028871554276907e-02
5.952000000000000455e+02 6.151002019984803948e-02
5.953999999999999773e+02 6.055961682891004144e-02
5.956000000000000227e+02 5.953092386307796968e-02
5.957999999999999545e+02 5.843591861367447571e-02
5.960000000000000000e+02 5.731696934417759848e-02
5.962000000000000455e+02 5.623129620833565434e-02
5.963999999999999773e+02 5.525930966875804845e-02
5.966000000000000227e+02 5.448601990487079993e-02
5.967999999999999545e+02 5.397275670165958827e-02
5.970000000000000000e+02 5.375253151175362482e-02
5.972000000000000455e+02 5.382017786602379117e-02
5.973999999999999773e+02 5.412746560314810745e-02
5.976000000000000227e+02 5.461596919460589422e-02
5.977999999999999545e+02 5.523171747068600368e-02
5.980000000000000000e+02 5.592609525240285762e-02
5.982000000000000455e+02 5.663705321272300558e-02
5.983999999999999773e+02 5.730883195868967384e-02
5.986000000000000227e+02 5.789936226845247141e-02
5.987999999999999545e+02 5.837752813037548616e-02
5.990000000000000000e+02 5.868545583728166509e-02
5.992000000000000455e+02 5.874484660653257057e-02
5.993999999999999773e+02 5.848464528845381122e-02
5.996000000000000227e+02 5.788489686648647797e-02
5.997999999999999545e+02 5.695992542892027583e-02
6.000000000000000000e+02 5.573698426073010054e-02
6.002000000000000455e+02 5.425310038444833283e-02
6.003999999999999773e+02 5.254386929368543013e-02
6.006000000000000227e+02 5.065051174052075805e-02
6.007999999999999545e+02 4.867370525362641615e-02
6.010000000000000000e+02 4.672365409540692877e-02
6.012000000000000455e+02 4.489719016294062282e-02
6.013999999999999773e+02 4.327308693387565269e-02
6.016000000000000227e+02 4.189375252566453212e-02
6.017999999999999545e+02 4.077572344588423214e-02
6.020000000000000000e+02 3.993228663104830822e-02
6.022000000000000455e+02 3.935510132229127350e-02
6.023999999999999773e+02 3.901914457895499372e-02
6.026000000000000227e+02 3.888947162668021651e-02
6.027999999999999545e+02 3.891552083547481639e-02
6.030000000000000000e+02 3.904726459170131808e-02
6.032000000000000455e+02 3.924284434093500834e-02
6.033999999999999773e+02 3.944883444061499794e-02
6.036000000000000227e+02 3.960786096244969107e-02
6.037999999999999545e+02 3.966847831575007893e-02
6.040000000000000000e+02 3.960249471124267784e-02
6.042000000000000455e+02 3.940339690116657217e-02
6.043999999999999773e+02 3.909047235109505691e-02
6.046000000000000227e+02 3.872020410052509631e-02
6.047999999999999545e+02 3.838255297340775057e-02
6.050000000000000000e+02 3.816555465560845378e-02
6.052000000000000455e+02 3.810900781189255349e-02
6.053999999999999773e+02 3.818884936900100030e-02
6.056000000000000227e+02 3.835620248239596242e-02
6.057999999999999545e+02 3.857164583378557693e-02
6.060000000000000000e+02 3.882065620028292419e-02
6.062000000000000455e+02 3.909469452854977961e-02
6.063999999999999773e+02 3.937852406098757418e-02
6.066000000000000227e+02 3.964291489679875463e-02
6.067999999999999545e+02 3.986717629115363315e-02
6.070000000000000000e+02 4.004171173104029841e-02
6.072000000000000455e+02 4.015644837717433080e-02
6.073999999999999773e+02 4.019753073262433835e-02
6.076000000000000227e+02 4.014429097229877536e-02
6.077999999999999545e+02 3.996690129960735888e-02
6.080000000000000000e+02 3.964076359742687433e-02
6.082000000000000455e+02 3.915936999870223839e-02
6.083999999999999773e+02 3.854066710874538837e-02
6.086000000000000227e+02 3.779981129516801763e-02
6.087999999999999545e+02 3.696430356602516121e-02
6.090000000000000000e+02 3.608028132284168965e-02
6.092000000000000455e+02 3.519330586730148869e-02
6.093999999999999773e+02 3.433352661028263308e-02
6.096000000000000227e+02 3.351206082087038879e-02
6.097999999999999545e+02 3.272568004091377936e-02
6.100000000000000000e+02 3.197057109923268775e-02
6.102000000000000455e+02 3.123506637368162267e-02
6.103999999999999773e+02 3.048220260949598484e-02
6.106000000000000227e+02 2.965844627256612395e-02
6.107999999999999545e+02 2.872564460487070023e-02
6.110000000000000000e+02 2.769007362228951413e-02
6.112000000000000455e+02 2.657688649373514400e-02
6.113999999999999773e+02 2.543103817504774322e-02
6.116000000000000227e+02 2.431053975877521534e-02
6.117999999999999545e+02 2.324227787014357394e-02
6.120000000000000000e+02 2.224347137454477444e-02
6.122000000000000455e+02 2.133097776297231477e-02
6.123999999999999773e+02 2.051952295005681284e-02
6.126000000000000227e+02 1.984278266183693573e-02
6.127999999999999545e+02 1.934558898919138542e-02
6.130000000000000000e+02 1.905903289399597800e-02
6.132000000000000455e+02 1.899914389930559139e-02
6.133999999999999773e+02 1.917211022209616700e-02
6.136000000000000227e+02 1.957714487023656108e-02
6.137999999999999545e+02 2.018988945998598933e-02
6.140000000000000000e+02 2.096920766782119083e-02
6.142000000000000455e+02 2.187039720817167063e-02
6.143999999999999773e+02 2.287927713400874502e-02
6.146000000000000227e+02 2.396114166805683038e-02
6.147999999999999545e+02 2.504692189878024444e-02
6.150000000000000000e+02 2.607519514009861913e-02
6.152000000000000455e+02 2.701167467491974103e-02
6.153999999999999773e+02 2.785021924433176560e-02
6.156000000000000227e+02 2.860187234852186455e-02
6.157999999999999545e+02 2.926164684443544745e-02
6.160000000000000000e+02 2.981431414476303984e-02
6.162000000000000455e+02 3.025156243650034896e-02
6.163999999999999773e+02 3.057812543119714857e-02
6.166000000000000227e+02 3.080515323040459302e-02
6.167999999999999545e+02 3.094028562355955955e-02
6.170000000000000000e+02 3.096749253274714425e-02
6.172000000000000455e+02 3.087000113796269096e-02
6.173999999999999773e+02 3.065118766360400149e-02
6.176000000000000227e+02 3.035889129406129164e-02
6.177999999999999545e+02 3.005815800962900394e-02
6.180000000000000000e+02 2.981209515595260179e-02
6.182000000000000455e+02 2.966022037643583492e-02
6.183999999999999773e+02 2.961689929180769121e-02
6.186000000000000227e+02 2.966959478612719164e-02
6.187999999999999545e+02 2.977792811673773271e-02
6.190000000000000000e+02 2.990519658546812731e-02
6.192000000000000455e+02 3.002119133759113129e-02
6.193999999999999773e+02 3.010039755708322079e-02
6.196000000000000227e+02 3.012181856088754980e-02
6.197999999999999545e+02 3.006711776937353447e-02
6.200000000000000000e+02 2.991859321947699241e-02
6.202000000000000455e+02 2.965567860673378256e-02
6.203999999999999773e+02 2.926696520094668533e-02
6.206000000000000227e+02 2.875435932996010802e-02
6.207999999999999545e+02 2.813116396806862596e-02
6.210000000000000000e+02 2.741926689707852374e-02
6.212000000000000455e+02 2.663674294745436294e-02
6.213999999999999773e+02 2.577903277037858418e-02
6.216000000000000227e+02 2.483488374320078768e-02
6.217999999999999545e+02 2.380798672357577195e-02
6.220000000000000000e+02 2.273675006074030863e-02
6.222000000000000455e+02 2.168028526777102463e-02
6.223999999999999773e+02 2.068307048186136810e-02
6.226000000000000227e+02 1.976699080379928572e-02
6.227999999999999545e+02 1.900136493294839538e-02
6.230000000000000000e+02 1.845138326732293638e-02
6.232000000000000455e+02 1.814343138866122973e-02
6.233999999999999773e+02 1.804187316421426018e-02
6.236000000000000227e+02 1.811030310747376720e-02
6.237999999999999545e+02 1.832329248369668137e-02
6.240000000000000000e+02 1.865387716589256631e-02
6.242000000000000455e+02 1.907449920098397422e-02
6.243999999999999773e+02 1.956925776000053435e-02
6.246000000000000227e+02 2.014457470564146382e-02
6.247999999999999545e+02 2.079088056102497764e-02
6.250000000000000000e+02 2.149189173089479515e-02
6.252000000000000455e+02 2.223339419591369853e-02
6.253999999999999773e+02 2.299140348728296104e-02
6.256000000000000227e+02 2.373472600763435955e-02
6.257999999999999545e+02 2.442180451814989287e-02
6.260000000000000000e+02 2.498678713161707823e-02
6.262000000000000455e+02 2.538084344807247858e-02
6.263999999999999773e+02 2.558948243914817636e-02
6.266000000000000227e+02 2.563948290329533947e-02
6.267999999999999545e+02 2.557222071249999618e-02
6.270000000000000000e+02 2.543092149792900228e-02
6.272000000000000455e+02 2.525261032178879525e-02
6.273999999999999773e+02 2.507617167246560183e-02
6.276000000000000227e+02 2.492831159661210855e-02
6.277999999999999545e+02 2.481104917970319845e-02
6.280000000000000000e+02 2.471511876732344903e-02
6.282000000000000455e+02 2.463441319802113158e-02
6.283999999999999773e+02 2.456609636348443607e-02
6.286000000000000227e+02 2.448328222795099346e-02
6.287999999999999545e+02 2.434462623358649158e-02
6.290000000000000000e+02 2.411699976159379852e-02
6.292000000000000455e+02 2.381881090288206701e-02
6.293999999999999773e+02 2.347757569528159671e-02
6.296000000000000227e+02 2.310899278430180934e-02
6.297999999999999545e+02 2.270277385880838453e-02
6.300000000000000000e+02 2.224496334995369404e-02
6.302000000000000455e+02 2.171381971267835956e-02
6.303999999999999773e+02 2.107243656631827347e-02
6.306000000000000227e+02 2.027969385934045785e-02
6.307999999999999545e+02 1.932760883453560688e-02
6.310000000000000000e+02 1.826300250851285376e-02
6.312000000000000455e+02 1.716996714801647533e-02
6.313999999999999773e+02 1.614003899014044424e-02
6.316000000000000227e+02 1.526365918749397754e-02
6.317999999999999545e+02 1.463715425118091926e-02
6.320000000000000000e+02 1.433535021555299924e-02
6.322000000000000455e+02 1.438807105663542259e-02
6.323999999999999773e+02 1.475199017640526494e-02
6.326000000000000227e+02 1.535448498538353503e-02
6.327999999999999545e+02 1.611006191186319450e-02
6.330000000000000000e+02 1.693083664486004503e-02
6.332000000000000455e+02 1.774575685397858371e-02
6.333999999999999773e+02 1.850114166426422221e-02
6.336000000000000227e+02 1.916276219350313351e-02
6.337999999999999545e+02 1.972474523778221245e-02
6.340000000000000000e+02 2.018522292560528605e-02
6.342000000000000455e+02 2.053606212824466912e-02
6.343999999999999773e+02 2.076915904014886571e-02
6.346000000000000227e+02 2.090711290087182359e-02
6.347999999999999545e+02 2.100051192006606102e-02
6.350000000000000000e+02 2.110087954177521097e-02
6.352000000000000455e+02 2.122300744983571241e-02
6.353999999999999773e+02 2.135593381447466188e-02
6.356000000000000227e+02 2.148580401837339726e-02
6.357999999999999545e+02 2.160102187522916842e-02
6.360000000000000000e+02 2.171725781074629671e-02
6.362000000000000455e+02 2.189316021320567018e-02
6.363999999999999773e+02 2.219229669628773258e-02
6.366000000000000227e+02 2.263609589541102154e-02
6.367999999999999545e+02 2.318720363365248810e-02
6.370000000000000000e+02 2.377973063018126026e-02
6.372000000000000455e+02 2.433823276789225803e-02
6.373999999999999773e+02 2.479548666621032155e-02
6.376000000000000227e+02 2.512002289844449815e-02
6.377999999999999545e+02 2.531001866953394228e-02
6.380000000000000000e+02 2.538134024998184649e-02
6.382000000000000455e+02 2.535356206379031641e-02
6.383999999999999773e+02 2.524821183303129282e-02
6.386000000000000227e+02 2.509536731039105004e-02
6.387999999999999545e+02 2.493749914887593427e-02
6.390000000000000000e+02 2.481019819738928406e-02
6.392000000000000455e+02 2.472584451942507269e-02
6.393999999999999773e+02 2.466894322906085235e-02
6.396000000000000227e+02 2.461784892833634303e-02
6.397999999999999545e+02 2.456520191716687201e-02
6.400000000000000000e+02 2.452031156147480365e-02
6.402000000000000455e+02 2.449397302733867174e-02
6.403999999999999773e+02 2.447215998944330534e-02
6.406000000000000227e+02 2.441074449978644298e-02
6.407999999999999545e+02 2.424300617294446181e-02
6.410000000000000000e+02 2.394673591712382851e-02
6.412000000000000455e+02 2.354546131385368626e-02
6.413999999999999773e+02 2.309335923264342269e-02
6.416000000000000227e+02 2.262814135657359796e-02
6.417999999999999545e+02 2.215198696901844386e-02
6.420000000000000000e+02 2.163405277726734854e-02
6.422000000000000455e+02 2.106952763935824799e-02
6.423999999999999773e+02 2.047972972310119905e-02
6.426000000000000227e+02 1.989949595751139971e-02
6.427999999999999545e+02 1.934672610789504171e-02
6.430000000000000000e+02 1.884353760970599104e-02
6.432000000000000455e+02 1.840541679756416138e-02
6.433999999999999773e+02 1.800804942382496984e-02
6.436000000000000227e+02 1.759814719587321497e-02
6.437999999999999545e+02 1.712651185934794054e-02
6.440000000000000000e+02 1.658444518335721804e-02
6.442000000000000455e+02 1.599219887048248037e-02
6.443999999999999773e+02 1.538312108426294518e-02
6.446000000000000227e+02 1.479169230736951564e-02
6.447999999999999545e+02 1.424504834068118786e-02
6.450000000000000000e+02 1.377442885191382076e-02
6.452000000000000455e+02 1.342139355287357005e-02
6.453999999999999773e+02 1.323571521176446740e-02
6.456000000000000227e+02 1.323526471011584292e-02
6.457999999999999545e+02 1.340516041319442762e-02
6.460000000000000000e+02 1.372267902147294473e-02
6.462000000000000455e+02 1.416172759596934574e-02
6.463999999999999773e+02 1.469925054719760198e-02
6.466000000000000227e+02 1.532093713547224775e-02
6.467999999999999545e+02 1.600262578445886194e-02
6.470000000000000000e+02 1.671123514167435417e-02
6.472000000000000455e+02 1.740887783312556128e-02
6.473999999999999773e+02 1.806074879988791085e-02
6.476000000000000227e+02 1.864156383351375443e-02
6.477999999999999545e+02 1.913302199798665518e-02
6.480000000000000000e+02 1.950251448386240705e-02
6.482000000000000455e+02 1.972415762221015403e-02
6.483999999999999773e+02 1.978468009329558200e-02
6.486000000000000227e+02 1.967914764248174589e-02
6.487999999999999545e+02 1.942459342626013177e-02
6.490000000000000000e+02 1.905750765434118324e-02
6.492000000000000455e+02 1.862428697752518264e-02
6.493999999999999773e+02 1.816258138498261232e-02
6.496000000000000227e+02 1.770499361035162561e-02
6.497999999999999545e+02 1.728296838824069578e-02
6.500000000000000000e+02 1.691204290554444017e-02
6.502000000000000455e+02 1.658141198008215855e-02
6.503999999999999773e+02 1.625585389675074724e-02
6.506000000000000227e+02 1.591145321379565380e-02
6.507999999999999545e+02 1.551898267504798166e-02
6.510000000000000000e+02 1.504625236067788814e-02
6.512000000000000455e+02 1.448605707780569775e-02
6.513999999999999773e+02 1.384408909890723870e-02
6.516000000000000227e+02 1.313035000129694416e-02
6.517999999999999545e+02 1.235095177612910607e-02
6.520000000000000000e+02 1.150901682332083550e-02
6.522000000000000455e+02 1.061157263964730528e-02
6.523999999999999773e+02 9.672328954488626160e-03
6.526000000000000227e+02 8.678369197514685177e-03
6.527999999999999545e+02 7.625100163705093859e-03
6.530000000000000000e+02 6.542587615030874201e-03
6.532000000000000455e+02 5.482685121678918840e-03
6.533999999999999773e+02 4.505414307524509450e-03
6.536000000000000227e+02 3.672320616234554455e-03
6.537999999999999545e+02 3.040692868846837146e-03
6.540000000000000000e+02 2.625312670491179810e-03
6.542000000000000455e+02 2.402198152838250222e-03
6.543999999999999773e+02 2.336228407136908911e-03
6.546000000000000227e+02 2.369955906399667540e-03
6.547999999999999545e+02 2.438472457956280225e-03
6.550000000000000000e+02 2.492592039186320926e-03
6.552000000000000455e+02 2.508667893292346792e-03
6.553999999999999773e+02 2.465256526730024485e-03
6.556000000000000227e+02 2.329800933436336399e-03
6.557999999999999545e+02 2.092653143708149855e-03
6.560000000000000000e+02 1.772435484889661348e-03
6.562000000000000455e+02 1.411103745456204284e-03
6.563999999999999773e+02 1.049259290937126256e-03
6.566000000000000227e+02 7.245108843068850295e-04
6.567999999999999545e+02 4.626018950720415341e-04
6.570000000000000000e+02 2.589938782702261365e-04
6.572000000000000455e+02 1.047771141412559120e-04
6.573999999999999773e+02 5.482350104932927667e-06
6.576000000000000227e+02 0.000000000000000000e+00
6.577999999999999545e+02 1.503901305014374305e-04
6.580000000000000000e+02 5.228619428244679190e-04
6.582000000000000455e+02 1.171493756020518121e-03
6.583999999999999773e+02 2.134819717467662577e-03
6.586000000000000227e+02 3.407817231900307168e-03
6.587999999999999545e+02 4.932595427039670674e-03
6.590000000000000000e+02 6.635604444091550667e-03
6.592000000000000455e+02 8.433839488639779947e-03
6.593999999999999773e+02 1.024258474525547268e-02
6.596000000000000227e+02 1.199122179019529444e-02
6.597999999999999545e+02 1.361036084395613084e-02
6.600000000000000000e+02 1.504714852715556030e-02
6.602000000000000455e+02 1.629396635858132783e-02
6.603999999999999773e+02 1.735372482978295855e-02
6.606000000000000227e+02 1.822261071514629308e-02
6.607999999999999545e+02 1.888217834739629175e-02
6.610000000000000000e+02 1.932675693369448680e-02
6.612000000000000455e+02 1.955723548316580518e-02
6.613999999999999773e+02 1.957899650288043997e-02
6.616000000000000227e+02 1.941859019186768093e-02
6.617999999999999545e+02 1.911924291609436860e-02
6.620000000000000000e+02 1.873242004959507767e-02
6.622000000000000455e+02 1.830056785130483241e-02
6.623999999999999773e+02 1.786977888269316098e-02
6.626000000000000227e+02 1.748297443160360537e-02
6.627999999999999545e+02 1.716136798879023748e-02
6.630000000000000000e+02 1.692384724958006029e-02
6.632000000000000455e+02 1.679097732646944729e-02
6.633999999999999773e+02 1.678181052567620860e-02
6.636000000000000227e+02 1.689056800476259126e-02
6.637999999999999545e+02 1.708320843903791963e-02
6.640000000000000000e+02 1.730409991764434580e-02
6.642000000000000455e+02 1.751773989357588088e-02
6.643999999999999773e+02 1.771176401376712076e-02
6.646000000000000227e+02 1.788666939375261472e-02
6.647999999999999545e+02 1.802169931609027415e-02
6.650000000000000000e+02 1.808287938869158548e-02
6.652000000000000455e+02 1.802995654390280103e-02
6.653999999999999773e+02 1.782524938085677108e-02
6.656000000000000227e+02 1.744638634995688067e-02
6.657999999999999545e+02 1.688455937970292572e-02
6.660000000000000000e+02 1.613965369432842495e-02
6.662000000000000455e+02 1.522078158774706723e-02
6.663999999999999773e+02 1.416703441732707937e-02
6.666000000000000227e+02 1.306451713598434650e-02
6.667999999999999545e+02 1.202774258217578773e-02
6.670000000000000000e+02 1.115703609849008106e-02
6.672000000000000455e+02 1.051743349110407719e-02
6.673999999999999773e+02 1.014469175024499022e-02
6.676000000000000227e+02 1.002914781530092440e-02
6.677999999999999545e+02 1.012189745387666491e-02
6.680000000000000000e+02 1.036300489069263801e-02
6.682000000000000455e+02 1.068704563653355595e-02
6.683999999999999773e+02 1.103935276625297134e-02
6.686000000000000227e+02 1.140203846659987308e-02
6.687999999999999545e+02 1.180661496820951430e-02
6.690000000000000000e+02 1.231263862538304471e-02
6.692000000000000455e+02 1.297806124336515349e-02
6.693999999999999773e+02 1.380779236948695594e-02
6.696000000000000227e+02 1.478468813166737041e-02
6.697999999999999545e+02 1.588222234911818020e-02
6.700000000000000000e+02 1.702863545394785530e-02
6.702000000000000455e+02 1.814817416942553566e-02
6.703999999999999773e+02 1.918538204339034769e-02
6.706000000000000227e+02 2.012161867724077818e-02
6.707999999999999545e+02 2.094997337563026321e-02
6.710000000000000000e+02 2.165549650899807957e-02
6.712000000000000455e+02 2.219536696247414315e-02
6.713999999999999773e+02 2.252881187926252318e-02
6.716000000000000227e+02 2.262802084376167033e-02
6.717999999999999545e+02 2.248834264463357366e-02
6.720000000000000000e+02 2.214688182793949495e-02
6.722000000000000455e+02 2.162401853165482613e-02
6.723999999999999773e+02 2.088811702086739927e-02
6.726000000000000227e+02 1.989883997139750907e-02
6.727999999999999545e+02 1.865306872268149632e-02
6.730000000000000000e+02 1.720009410198230712e-02
6.732000000000000455e+02 1.562459568072552783e-02
6.733999999999999773e+02 1.399717464700190976e-02
6.736000000000000227e+02 1.238012521126970189e-02
6.737999999999999545e+02 1.086439929293862329e-02
6.740000000000000000e+02 9.535021175073437813e-03
6.742000000000000455e+02 8.471379837677275870e-03
6.743999999999999773e+02 7.748915465239310067e-03
6.746000000000000227e+02 7.385796554363025998e-03
6.747999999999999545e+02 7.350013644725913141e-03
6.750000000000000000e+02 7.578438327122054979e-03
6.752000000000000455e+02 8.033172942849092085e-03
6.753999999999999773e+02 8.691677921118060382e-03
6.756000000000000227e+02 9.532135433883690001e-03
6.757999999999999545e+02 1.050875853901378151e-02
6.760000000000000000e+02 1.156101822494588413e-02
6.762000000000000455e+02 1.261906040144780521e-02
6.763999999999999773e+02 1.361060493827295943e-02
6.766000000000000227e+02 1.450117245186632875e-02
6.767999999999999545e+02 1.528358307417754074e-02
6.770000000000000000e+02 1.595476953726557637e-02
6.772000000000000455e+02 1.653462312940557136e-02
6.773999999999999773e+02 1.704267030886159190e-02
6.776000000000000227e+02 1.746908759408647913e-02
6.777999999999999545e+02 1.775086432513131238e-02
6.780000000000000000e+02 1.783528144151808048e-02
6.782000000000000455e+02 1.772252401258851695e-02
6.783999999999999773e+02 1.747505111725655008e-02
6.786000000000000227e+02 1.713752376651556456e-02
6.787999999999999545e+02 1.672120984077405531e-02
6.790000000000000000e+02 1.624174213523248145e-02
6.792000000000000455e+02 1.572896848139210615e-02
6.793999999999999773e+02 1.521966017106057834e-02
6.796000000000000227e+02 1.474355006164516750e-02
6.797999999999999545e+02 1.433038430953269271e-02
6.800000000000000000e+02 1.401652947012323354e-02
6.802000000000000455e+02 1.384586560185333687e-02
6.803999999999999773e+02 1.383767443144415590e-02
6.806000000000000227e+02 1.398679284946789322e-02
6.807999999999999545e+02 1.427235878817293725e-02
6.810000000000000000e+02 1.469012824616857185e-02
6.812000000000000455e+02 1.525421712873377238e-02
6.813999999999999773e+02 1.599019017113653338e-02
6.816000000000000227e+02 1.691535387447679756e-02
6.817999999999999545e+02 1.803603763260560461e-02
6.820000000000000000e+02 1.934256740190977431e-02
6.822000000000000455e+02 2.079710560853730017e-02
6.823999999999999773e+02 2.230674149733013686e-02
6.826000000000000227e+02 2.374763807118938225e-02
6.827999999999999545e+02 2.500049217730046514e-02
6.830000000000000000e+02 2.597635766777727992e-02
6.832000000000000455e+02 2.662173828341985599e-02
6.833999999999999773e+02 2.693073679616061686e-02
6.836000000000000227e+02 2.697828112484940838e-02
6.837999999999999545e+02 2.681950991378342919e-02
6.840000000000000000e+02 2.644176348979022234e-02
6.842000000000000455e+02 2.577862381765611000e-02
6.843999999999999773e+02 2.481675503341319519e-02
6.846000000000000227e+02 2.360200367468088742e-02
6.847999999999999545e+02 2.218520548322954269e-02
6.850000000000000000e+02 2.063035018664976031e-02
6.852000000000000455e+02 1.902074459004106377e-02
6.853999999999999773e+02 1.746608492477109281e-02
6.856000000000000227e+02 1.610180298089327472e-02
6.857999999999999545e+02 1.505623551336083069e-02
6.860000000000000000e+02 1.442238799726733127e-02
6.862000000000000455e+02 1.425871795228178009e-02
6.863999999999999773e+02 1.458979127458637053e-02
6.866000000000000227e+02 1.540473275579734916e-02
6.867999999999999545e+02 1.665625971855352536e-02
6.870000000000000000e+02 1.825764992924828675e-02
6.872000000000000455e+02 2.009607355158527647e-02
6.873999999999999773e+02 2.206438890835675168e-02
6.876000000000000227e+02 2.403242327780572354e-02
6.877999999999999545e+02 2.587297017009106831e-02
6.880000000000000000e+02 2.751179669034738498e-02
6.882000000000000455e+02 2.892032183100215828e-02
6.883999999999999773e+02 3.010396161674096238e-02
6.886000000000000227e+02 3.108693851933057306e-02
6.887999999999999545e+02 3.186534709511348873e-02
6.890000000000000000e+02 3.240649177961933691e-02
6.892000000000000455e+02 3.263563677765850268e-02
6.893999999999999773e+02 3.238453697198867554e-02
6.896000000000000227e+02 3.153756415067518470e-02
6.897999999999999545e+02 3.009282175921710462e-02
6.900000000000000000e+02 2.816002760419664477e-02
6.902000000000000455e+02 2.589242848325126398e-02
6.903999999999999773e+02 2.345797079445109332e-02
6.906000000000000227e+02 2.102158633743951219e-02
6.907999999999999545e+02 1.874152211559774323e-02
6.910000000000000000e+02 1.673236542016753522e-02
6.912000000000000455e+02 1.503279371814564974e-02
6.913999999999999773e+02 1.368053380603247680e-02
6.916000000000000227e+02 1.269504377360373797e-02
6.917999999999999545e+02 1.206236677552137253e-02
6.920000000000000000e+02 1.175637713588294914e-02
6.922000000000000455e+02 1.174504600028026570e-02
6.923999999999999773e+02 1.199876895778547066e-02
6.926000000000000227e+02 1.250786125102040097e-02
6.927999999999999545e+02 1.325433020968051420e-02
6.930000000000000000e+02 1.420469342632017795e-02
6.932000000000000455e+02 1.530928008118072337e-02
6.933999999999999773e+02 1.647650567968095281e-02
6.936000000000000227e+02 1.757634770570230126e-02
6.937999999999999545e+02 1.845634606231155023e-02
6.940000000000000000e+02 1.900251848719784059e-02
6.942000000000000455e+02 1.914829295291787387e-02
6.943999999999999773e+02 1.887141654496144599e-02
6.946000000000000227e+02 1.816117630233561944e-02
6.947999999999999545e+02 1.704136114515785935e-02
6.950000000000000000e+02 1.561013726827330424e-02
6.952000000000000455e+02 1.411753899748236646e-02
6.953999999999999773e+02 1.280605100935992141e-02
6.956000000000000227e+02 1.183975094622370834e-02
6.957999999999999545e+02 1.126848516770335810e-02
6.960000000000000000e+02 1.108070464618427994e-02
6.962000000000000455e+02 1.121729623058666074e-02
6.963999999999999773e+02 1.157794507455148052e-02
6.966000000000000227e+02 1.209508809986217272e-02
6.967999999999999545e+02 1.275831290669762405e-02
6.970000000000000000e+02 1.361482999949468337e-02
6.972000000000000455e+02 1.467527677424650297e-02
6.973999999999999773e+02 1.591560215413805740e-02
6.976000000000000227e+02 1.728392120306631446e-02
6.977999999999999545e+02 1.871542895299728795e-02
6.980000000000000000e+02 2.014466608778945830e-02
6.982000000000000455e+02 2.151350596565233461e-02
6.983999999999999773e+02 2.277220173747569049e-02
6.986000000000000227e+02 2.387738838040817657e-02
6.987999999999999545e+02 2.478843084563646729e-02
6.990000000000000000e+02 2.545122589348346523e-02
6.992000000000000455e+02 2.583709238469370298e-02
6.993999999999999773e+02 2.597492592339195605e-02
6.996000000000000227e+02 2.596386180200016894e-02
6.997999999999999545e+02 2.591044534822353057e-02
7.000000000000000000e+02 2.588406990167270438e-02
