4.500000000000000000e+02 3.791289434892453625e-01
4.501999999999999886e+02 3.778232326979001354e-01
4.503999999999999773e+02 3.765007095208913745e-01
4.506000000000000227e+02 3.751501946817276667e-01
4.508000000000000114e+02 3.737681421945006632e-01
4.510000000000000000e+02 3.723471140104110400e-01
4.511999999999999886e+02 3.708811507777931005e-01
4.513999999999999773e+02 3.693726614921372664e-01
4.516000000000000227e+02 3.678167739572549833e-01
4.518000000000000114e+02 3.662199304508045317e-01
4.520000000000000000e+02 3.646034396705635228e-01
4.521999999999999886e+02 3.629843363731271033e-01
4.523999999999999773e+02 3.613643084525191562e-01
4.526000000000000227e+02 3.597434659946787683e-01
4.528000000000000114e+02 3.581338057187339885e-01
4.530000000000000000e+02 3.565331538029761771e-01
4.531999999999999886e+02 3.549377156472343087e-01
4.533999999999999773e+02 3.533454596070142451e-01
4.536000000000000227e+02 3.517465728482975229e-01
4.538000000000000114e+02 3.501419585494612297e-01
4.540000000000000000e+02 3.485349286190012608e-01
4.541999999999999886e+02 3.469204678289736776e-01
4.543999999999999773e+02 3.453027644694547926e-01
4.546000000000000227e+02 3.436825740828906572e-01
4.548000000000000114e+02 3.420569484108461622e-01
4.550000000000000000e+02 3.404343723268567490e-01
4.551999999999999886e+02 3.388136866706557004e-01
4.553999999999999773e+02 3.371903173184274682e-01
4.556000000000000227e+02 3.355676460728332366e-01
4.558000000000000114e+02 3.339526939722863297e-01
4.560000000000000000e+02 3.323505868975121791e-01
4.561999999999999886e+02 3.307668557418525501e-01
4.563999999999999773e+02 3.292170140184360605e-01
4.566000000000000227e+02 3.277083881803585785e-01
4.568000000000000114e+02 3.262467538964178848e-01
4.570000000000000000e+02 3.248440067099591655e-01
4.571999999999999886e+02 3.234997250003385783e-01
4.573999999999999773e+02 3.222115788874693743e-01
4.576000000000000227e+02 3.209767365378998205e-01
4.578000000000000114e+02 3.197828368522143139e-01
4.580000000000000000e+02 3.186227353301485099e-01
4.581999999999999886e+02 3.174922832827536401e-01
4.583999999999999773e+02 3.163842552607630809e-01
4.586000000000000227e+02 3.152873006499766761e-01
4.588000000000000114e+02 3.141960993874984287e-01
4.590000000000000000e+02 3.131101337539670126e-01
4.591999999999999886e+02 3.120211518175033394e-01
4.593999999999999773e+02 3.109255711254226839e-01
4.596000000000000227e+02 3.098219399973005661e-01
4.598000000000000114e+02 3.087080403470519596e-01
4.600000000000000000e+02 3.075920774741566222e-01
4.601999999999999886e+02 3.064776475726528893e-01
4.603999999999999773e+02 3.053619147460926442e-01
4.606000000000000227e+02 3.042471186045159204e-01
4.608000000000000114e+02 3.031328653431235587e-01
4.610000000000000000e+02 3.020236236750778458e-01
4.611999999999999886e+02 3.009336283033842152e-01
4.613999999999999773e+02 2.998664078898400365e-01
4.616000000000000227e+02 2.988236399895816686e-01
4.618000000000000114e+02 2.978096556013693497e-01
4.620000000000000000e+02 2.968300564075692649e-01
4.621999999999999886e+02 2.958859700506225598e-01
4.623999999999999773e+02 2.949799049378509230e-01
4.626000000000000227e+02 2.941195972867447495e-01
4.628000000000000114e+02 2.933043467180301844e-01
4.630000000000000000e+02 2.925321699910594098e-01
4.631999999999999886e+02 2.918007516288440573e-01
4.633999999999999773e+02 2.911024969331715284e-01
4.636000000000000227e+02 2.904331086092969971e-01
4.638000000000000114e+02 2.897863829776672340e-01
4.640000000000000000e+02 2.891498158149303221e-01
4.641999999999999886e+02 2.885148654002454571e-01
4.643999999999999773e+02 2.878754448487433892e-01
4.646000000000000227e+02 2.872278356153099010e-01
4.648000000000000114e+02 2.865720949706265230e-01
4.650000000000000000e+02 2.859059499783048186e-01
4.651999999999999886e+02 2.852280924273170593e-01
4.653999999999999773e+02 2.845416017717177226e-01
4.656000000000000227e+02 2.838502779430063794e-01
4.658000000000000114e+02 2.831558935089955042e-01
4.660000000000000000e+02 2.824613585007092476e-01
4.661999999999999886e+02 2.817780799491078625e-01
4.663999999999999773e+02 2.811154026790304572e-01
4.666000000000000227e+02 2.804797546477245662e-01
4.668000000000000114e+02 2.798762541774644785e-01
4.670000000000000000e+02 2.793111049639893650e-01
4.671999999999999886e+02 2.787968513983926644e-01
4.673999999999999773e+02 2.783481459517223588e-01
4.676000000000000227e+02 2.779698320145078116e-01
4.678000000000000114e+02 2.776621381576488967e-01
4.680000000000000000e+02 2.774195900578960705e-01
4.681999999999999886e+02 2.772309090838147028e-01
4.683999999999999773e+02 2.770873446477842283e-01
4.686000000000000227e+02 2.769782531498429234e-01
4.688000000000000114e+02 2.768899939430868873e-01
4.690000000000000000e+02 2.768083313812231827e-01
4.691999999999999886e+02 2.767231662597349207e-01
4.693999999999999773e+02 2.766274753264890696e-01
4.696000000000000227e+02 2.765159006993317403e-01
4.698000000000000114e+02 2.763853227132319068e-01
4.700000000000000000e+02 2.762328940761076268e-01
4.701999999999999886e+02 2.760576236237514691e-01
4.703999999999999773e+02 2.758645426873184703e-01
4.706000000000000227e+02 2.756614495232216355e-01
4.708000000000000114e+02 2.754557021288136509e-01
4.710000000000000000e+02 2.752518653991557485e-01
4.711999999999999886e+02 2.750514980922971198e-01
4.713999999999999773e+02 2.748598085095868004e-01
4.716000000000000227e+02 2.746828528023936844e-01
4.718000000000000114e+02 2.745177748664328621e-01
4.720000000000000000e+02 2.743543256431731359e-01
4.721999999999999886e+02 2.741824400854958044e-01
4.723999999999999773e+02 2.739960840529024333e-01
4.726000000000000227e+02 2.737850274250155369e-01
4.728000000000000114e+02 2.735390352815952331e-01
4.730000000000000000e+02 2.732504766608689351e-01
4.731999999999999886e+02 2.729161713047460469e-01
4.733999999999999773e+02 2.725402076925621531e-01
4.736000000000000227e+02 2.721303446048096153e-01
4.738000000000000114e+02 2.716949441930606168e-01
4.740000000000000000e+02 2.712435899489286095e-01
4.741999999999999886e+02 2.707877020305268778e-01
4.743999999999999773e+02 2.703421822558458865e-01
4.746000000000000227e+02 2.699262910290652351e-01
4.748000000000000114e+02 2.695501797565796887e-01
4.750000000000000000e+02 2.692196265469499195e-01
4.751999999999999886e+02 2.689410077975683544e-01
4.753999999999999773e+02 2.687194090559974491e-01
4.756000000000000227e+02 2.685568696547102063e-01
4.758000000000000114e+02 2.684509229976245748e-01
4.760000000000000000e+02 2.683927981069301749e-01
4.761999999999999886e+02 2.683667850864179805e-01
4.763999999999999773e+02 2.683556908788043982e-01
4.766000000000000227e+02 2.683442589434785752e-01
4.768000000000000114e+02 2.683162617717509413e-01
4.770000000000000000e+02 2.682540936252586494e-01
4.771999999999999886e+02 2.681430719484931280e-01
4.773999999999999773e+02 2.679787634234118698e-01
4.776000000000000227e+02 2.677658359776656782e-01
4.778000000000000114e+02 2.675138723002981056e-01
4.780000000000000000e+02 2.672338525946328369e-01
4.781999999999999886e+02 2.669356688002182398e-01
4.783999999999999773e+02 2.666284995129099000e-01
4.786000000000000227e+02 2.663202686846335987e-01
4.788000000000000114e+02 2.660169025247393626e-01
4.790000000000000000e+02 2.657259208288000329e-01
4.791999999999999886e+02 2.654528190873290394e-01
4.793999999999999773e+02 2.651973418856699571e-01
4.796000000000000227e+02 2.649520111611629591e-01
4.798000000000000114e+02 2.647087787333478603e-01
4.800000000000000000e+02 2.644640635893056313e-01
4.801999999999999886e+02 2.642223902966743809e-01
4.803999999999999773e+02 2.639896965951190055e-01
4.806000000000000227e+02 2.637737908295078593e-01
4.808000000000000114e+02 2.635834738372891950e-01
4.810000000000000000e+02 2.634217881121093674e-01
4.811999999999999886e+02 2.632911296854876793e-01
4.813999999999999773e+02 2.631941343033257219e-01
4.816000000000000227e+02 2.631321581109756225e-01
4.818000000000000114e+02 2.631052857636070885e-01
4.820000000000000000e+02 2.631120480015270435e-01
4.821999999999999886e+02 2.631492637663939149e-01
4.823999999999999773e+02 2.632125191826740762e-01
4.826000000000000227e+02 2.632982279323233810e-01
4.828000000000000114e+02 2.634041145622852409e-01
4.830000000000000000e+02 2.635285221810728662e-01
4.831999999999999886e+02 2.636672498023562849e-01
4.833999999999999773e+02 2.638156101978206824e-01
4.836000000000000227e+02 2.639695366103636531e-01
4.838000000000000114e+02 2.641235057545255338e-01
4.840000000000000000e+02 2.642711594589176038e-01
4.841999999999999886e+02 2.644057053308315197e-01
4.843999999999999773e+02 2.645205577778350081e-01
4.846000000000000227e+02 2.646120655492568696e-01
4.848000000000000114e+02 2.646793592737217149e-01
4.850000000000000000e+02 2.647259176025190675e-01
4.851999999999999886e+02 2.647650135734724852e-01
4.853999999999999773e+02 2.648116022565323302e-01
4.856000000000000227e+02 2.648765038909303149e-01
4.858000000000000114e+02 2.649622037734853386e-01
4.860000000000000000e+02 2.650675445295404553e-01
4.861999999999999886e+02 2.651892308574451129e-01
4.863999999999999773e+02 2.653233697355749099e-01
4.866000000000000227e+02 2.654686968795862967e-01
4.868000000000000114e+02 2.656233923325250212e-01
4.870000000000000000e+02 2.657877930986065063e-01
4.871999999999999886e+02 2.659687668965574070e-01
4.873999999999999773e+02 2.661725120904402386e-01
4.876000000000000227e+02 2.664014000052168374e-01
4.878000000000000114e+02 2.666554594395605937e-01
4.880000000000000000e+02 2.669409236663423113e-01
4.881999999999999886e+02 2.672640540472953075e-01
4.883999999999999773e+02 2.676293748306056153e-01
4.886000000000000227e+02 2.680394647767467275e-01
4.888000000000000114e+02 2.684918047288268328e-01
4.890000000000000000e+02 2.689833917036512090e-01
4.891999999999999886e+02 2.695127670340626835e-01
4.893999999999999773e+02 2.700771387495764508e-01
4.896000000000000227e+02 2.706804953944146885e-01
4.898000000000000114e+02 2.713300641333820096e-01
4.900000000000000000e+02 2.720290453303574885e-01
4.901999999999999886e+02 2.727814976121356594e-01
4.903999999999999773e+02 2.735886146348887049e-01
4.906000000000000227e+02 2.744482023550322558e-01
4.908000000000000114e+02 2.753609911878316385e-01
4.910000000000000000e+02 2.763249272827890124e-01
4.911999999999999886e+02 2.773384303946516694e-01
4.913999999999999773e+02 2.784072038895862300e-01
4.916000000000000227e+02 2.795439526626793403e-01
4.918000000000000114e+02 2.807550060225303401e-01
4.920000000000000000e+02 2.820383361709729031e-01
4.921999999999999886e+02 2.834004936343159087e-01
4.923999999999999773e+02 2.848429677197609200e-01
4.926000000000000227e+02 2.863647051136955501e-01
4.928000000000000114e+02 2.879682247939771567e-01
4.930000000000000000e+02 2.896451585759159397e-01
4.931999999999999886e+02 2.913945986252032827e-01
4.933999999999999773e+02 2.932268432645086520e-01
4.936000000000000227e+02 2.951412152458649518e-01
4.938000000000000114e+02 2.971419887245234093e-01
4.940000000000000000e+02 2.992295153597886448e-01
4.941999999999999886e+02 3.013877781508332299e-01
4.943999999999999773e+02 3.036149519037680822e-01
4.946000000000000227e+02 3.059107896006991179e-01
4.948000000000000114e+02 3.082687176063281242e-01
4.950000000000000000e+02 3.106810505380296905e-01
4.951999999999999886e+02 3.131476798588094246e-01
4.953999999999999773e+02 3.156641419421197248e-01
4.956000000000000227e+02 3.182095300785400260e-01
4.958000000000000114e+02 3.207804808192128432e-01
4.960000000000000000e+02 3.233730083742687444e-01
4.961999999999999886e+02 3.259785066696183620e-01
4.963999999999999773e+02 3.286045234895271783e-01
4.966000000000000227e+02 3.312412444157505909e-01
4.968000000000000114e+02 3.338732873191018746e-01
4.970000000000000000e+02 3.365010058481938127e-01
4.971999999999999886e+02 3.391164757039752398e-01
4.973999999999999773e+02 3.417108424823032120e-01
4.976000000000000227e+02 3.442819347474123659e-01
4.978000000000000114e+02 3.468368895440968047e-01
4.980000000000000000e+02 3.493643860402066426e-01
4.981999999999999886e+02 3.518471716745649736e-01
4.983999999999999773e+02 3.542814936411721183e-01
4.986000000000000227e+02 3.566544706589515057e-01
4.988000000000000114e+02 3.589601842019088385e-01
4.990000000000000000e+02 3.611985685278613634e-01
4.991999999999999886e+02 3.633482934857943381e-01
4.993999999999999773e+02 3.653980196932778424e-01
4.996000000000000227e+02 3.673426474380316886e-01
4.998000000000000114e+02 3.691724873249098704e-01
5.000000000000000000e+02 3.708887598248427064e-01
5.001999999999999886e+02 3.724834707287892899e-01
5.003999999999999773e+02 3.739384895646080675e-01
5.006000000000000227e+02 3.752522570972814941e-01
5.008000000000000114e+02 3.764301719655824829e-01
5.010000000000000000e+02 3.774826854149446187e-01
5.011999999999999886e+02 3.784260633316927080e-01
5.013999999999999773e+02 3.792798938532506159e-01
5.016000000000000227e+02 3.800592642467312543e-01
5.018000000000000114e+02 3.807762482868770060e-01
5.020000000000000000e+02 3.814525038474125274e-01
5.021999999999999886e+02 3.821090371415180598e-01
5.023999999999999773e+02 3.827626747433228727e-01
5.026000000000000227e+02 3.834238991424834819e-01
5.028000000000000114e+02 3.840922462027728801e-01
5.030000000000000000e+02 3.847659443739639418e-01
5.031999999999999886e+02 3.854439560736340198e-01
5.033999999999999773e+02 3.861196310542895360e-01
5.036000000000000227e+02 3.867924812045402394e-01
5.038000000000000114e+02 3.874635459577202012e-01
5.040000000000000000e+02 3.881281235169058985e-01
5.041999999999999886e+02 3.887806724671245551e-01
5.043999999999999773e+02 3.894145100190434250e-01
5.046000000000000227e+02 3.900217137313577442e-01
5.048000000000000114e+02 3.905942249475949923e-01
5.050000000000000000e+02 3.911267436978387302e-01
5.051999999999999886e+02 3.916151273118711473e-01
5.053999999999999773e+02 3.920546864369067186e-01
5.056000000000000227e+02 3.924434388502212601e-01
5.058000000000000114e+02 3.927786946889492703e-01
5.060000000000000000e+02 3.930567235577755447e-01
5.061999999999999886e+02 3.932753364238384952e-01
5.063999999999999773e+02 3.934250847357469993e-01
5.066000000000000227e+02 3.934906894370012731e-01
5.068000000000000114e+02 3.934556055889824600e-01
5.070000000000000000e+02 3.933073329940839913e-01
5.071999999999999886e+02 3.930398103743582006e-01
5.073999999999999773e+02 3.926523086065430990e-01
5.076000000000000227e+02 3.921454461886236809e-01
5.078000000000000114e+02 3.915267592382833395e-01
5.080000000000000000e+02 3.908073960065204244e-01
5.081999999999999886e+02 3.899987996866972062e-01
5.083999999999999773e+02 3.891185900679192122e-01
5.086000000000000227e+02 3.881857565907151364e-01
5.088000000000000114e+02 3.872213788040154703e-01
5.090000000000000000e+02 3.862538126323112331e-01
5.091999999999999886e+02 3.852988546851242035e-01
5.093999999999999773e+02 3.843669568673454551e-01
5.096000000000000227e+02 3.834726553515659386e-01
5.098000000000000114e+02 3.826256355588734670e-01
5.100000000000000000e+02 3.818323385994631392e-01
5.101999999999999886e+02 3.810947908366371095e-01
5.103999999999999773e+02 3.804068392691689615e-01
5.106000000000000227e+02 3.797660995817312424e-01
5.108000000000000114e+02 3.791734960748124883e-01
5.110000000000000000e+02 3.786301287957406503e-01
5.111999999999999886e+02 3.781362046114696285e-01
5.113999999999999773e+02 3.776945637249462528e-01
5.116000000000000227e+02 3.773078052060758747e-01
5.118000000000000114e+02 3.769694150597107662e-01
5.120000000000000000e+02 3.766708985079025851e-01
5.122000000000000455e+02 3.764039967190545011e-01
5.123999999999999773e+02 3.761622053862693771e-01
5.126000000000000227e+02 3.759443981608509566e-01
5.127999999999999545e+02 3.757471389686698471e-01
5.130000000000000000e+02 3.755616884507456676e-01
5.132000000000000455e+02 3.753755816033547132e-01
5.133999999999999773e+02 3.751785414744935876e-01
5.136000000000000227e+02 3.749648213443464995e-01
5.137999999999999545e+02 3.747340828077028729e-01
5.140000000000000000e+02 3.744897078797644885e-01
5.142000000000000455e+02 3.742386190189442297e-01
5.143999999999999773e+02 3.739915397020427967e-01
5.146000000000000227e+02 3.737629365506551227e-01
5.147999999999999545e+02 3.735654139943758167e-01
5.150000000000000000e+02 3.734074404261711333e-01
5.152000000000000455e+02 3.732934634968225751e-01
5.153999999999999773e+02 3.732295266047157001e-01
5.156000000000000227e+02 3.732226829522732325e-01
5.157999999999999545e+02 3.732801989620281868e-01
5.160000000000000000e+02 3.734082321422591555e-01
5.162000000000000455e+02 3.736062323448795519e-01
5.163999999999999773e+02 3.738665970771425373e-01
5.166000000000000227e+02 3.741760389356322825e-01
5.167999999999999545e+02 3.745194233119159000e-01
5.170000000000000000e+02 3.748821943608536822e-01
5.172000000000000455e+02 3.752498163922764474e-01
5.173999999999999773e+02 3.756047688079552360e-01
5.176000000000000227e+02 3.759245006320472982e-01
5.177999999999999545e+02 3.761890012370909253e-01
5.180000000000000000e+02 3.763856734010581628e-01
5.182000000000000455e+02 3.765007021435431422e-01
5.183999999999999773e+02 3.765225470473140823e-01
5.186000000000000227e+02 3.764461655074123336e-01
5.187999999999999545e+02 3.762768624817685037e-01
5.190000000000000000e+02 3.760206397859928162e-01
5.192000000000000455e+02 3.756856148659313832e-01
5.193999999999999773e+02 3.752827332351074130e-01
5.196000000000000227e+02 3.748172003768440175e-01
5.197999999999999545e+02 3.742907810764236065e-01
5.200000000000000000e+02 3.737034666150799711e-01
5.202000000000000455e+02 3.730551782503977454e-01
5.203999999999999773e+02 3.723523170297046714e-01
5.206000000000000227e+02 3.716078379811141308e-01
5.207999999999999545e+02 3.708375094509664960e-01
5.210000000000000000e+02 3.700485520287092878e-01
5.212000000000000455e+02 3.692487635366180077e-01
5.213999999999999773e+02 3.684463296908402352e-01
5.216000000000000227e+02 3.676431921927034718e-01
5.217999999999999545e+02 3.668412829785278051e-01
5.220000000000000000e+02 3.660387907905884863e-01
5.222000000000000455e+02 3.652270996379752832e-01
5.223999999999999773e+02 3.643951794595402527e-01
5.226000000000000227e+02 3.635326598887836380e-01
5.227999999999999545e+02 3.626441038782685089e-01
5.230000000000000000e+02 3.617678326857349802e-01
5.232000000000000455e+02 3.609345673838969537e-01
5.233999999999999773e+02 3.601533868641042524e-01
5.236000000000000227e+02 3.594134281635657513e-01
5.237999999999999545e+02 3.587119420543020687e-01
5.240000000000000000e+02 3.580406822857544746e-01
5.242000000000000455e+02 3.573860197221442880e-01
5.243999999999999773e+02 3.567382657599090234e-01
5.246000000000000227e+02 3.560846819378775119e-01
5.247999999999999545e+02 3.554145069665400336e-01
5.250000000000000000e+02 3.547217779228856172e-01
5.252000000000000455e+02 3.539976730187009424e-01
5.253999999999999773e+02 3.532381987612840391e-01
5.256000000000000227e+02 3.524428794386308406e-01
5.257999999999999545e+02 3.516089532309323862e-01
5.260000000000000000e+02 3.507416328768330205e-01
5.262000000000000455e+02 3.498462690866883107e-01
5.263999999999999773e+02 3.489229151908228022e-01
5.266000000000000227e+02 3.479732887834155464e-01
5.267999999999999545e+02 3.470022073436920262e-01
5.270000000000000000e+02 3.460150264491032579e-01
5.272000000000000455e+02 3.450143812237047580e-01
5.273999999999999773e+02 3.440112934483266494e-01
5.276000000000000227e+02 3.430174604348984468e-01
5.277999999999999545e+02 3.420418577851371822e-01
5.280000000000000000e+02 3.411028504051408783e-01
5.282000000000000455e+02 3.402099353334204768e-01
5.283999999999999773e+02 3.393550705003909873e-01
5.286000000000000227e+02 3.385117789818676837e-01
5.287999999999999545e+02 3.376580679169206567e-01
5.290000000000000000e+02 3.367884467975761908e-01
5.292000000000000455e+02 3.359133005937182670e-01
5.293999999999999773e+02 3.350355221610039069e-01
5.296000000000000227e+02 3.341655116699404071e-01
5.297999999999999545e+02 3.333158203208179127e-01
5.300000000000000000e+02 3.324855918575970737e-01
5.302000000000000455e+02 3.316741893215583992e-01
5.303999999999999773e+02 3.308797153800054902e-01
5.306000000000000227e+02 3.300962014968120695e-01
5.307999999999999545e+02 3.293141841783226997e-01
5.310000000000000000e+02 3.285344126293706091e-01
5.312000000000000455e+02 3.277627842844934580e-01
5.313999999999999773e+02 3.269970482014211144e-01
5.316000000000000227e+02 3.262374648240522479e-01
5.317999999999999545e+02 3.254854471672559701e-01
5.320000000000000000e+02 3.247450061368970520e-01
5.322000000000000455e+02 3.240337468628473605e-01
5.323999999999999773e+02 3.233692877847829106e-01
5.326000000000000227e+02 3.227666012319588829e-01
5.327999999999999545e+02 3.222407897787906705e-01
5.330000000000000000e+02 3.218062460399538360e-01
5.332000000000000455e+02 3.214763524431018538e-01
5.333999999999999773e+02 3.212635448206616617e-01
5.336000000000000227e+02 3.211794541177994122e-01
5.337999999999999545e+02 3.212278272956050063e-01
5.340000000000000000e+02 3.214028955992763170e-01
5.342000000000000455e+02 3.216919739488694474e-01
5.343999999999999773e+02 3.220890947366459311e-01
5.346000000000000227e+02 3.225913732112588583e-01
5.347999999999999545e+02 3.231954927229273022e-01
5.350000000000000000e+02 3.238983111437477302e-01
5.352000000000000455e+02 3.246952488931481029e-01
5.353999999999999773e+02 3.255843786235068649e-01
5.356000000000000227e+02 3.265707400925054182e-01
5.357999999999999545e+02 3.276504770521767584e-01
5.360000000000000000e+02 3.288222312196027453e-01
5.362000000000000455e+02 3.300938772770435903e-01
5.363999999999999773e+02 3.314749999658410662e-01
5.366000000000000227e+02 3.329704694457011338e-01
5.367999999999999545e+02 3.345844467988571824e-01
5.370000000000000000e+02 3.363253114742711380e-01
5.372000000000000455e+02 3.381851409473232151e-01
5.373999999999999773e+02 3.401575933122501505e-01
5.376000000000000227e+02 3.422448144241828638e-01
5.377999999999999545e+02 3.444389022896193198e-01
5.380000000000000000e+02 3.467363092284029835e-01
5.382000000000000455e+02 3.491290539863083353e-01
5.383999999999999773e+02 3.515920301632399214e-01
5.386000000000000227e+02 3.541214058023682831e-01
5.387999999999999545e+02 3.567164399547405051e-01
5.390000000000000000e+02 3.593722580816139933e-01
5.392000000000000455e+02 3.620997791501185392e-01
5.393999999999999773e+02 3.648986932857206655e-01
5.396000000000000227e+02 3.677696633578579899e-01
5.397999999999999545e+02 3.707360641896890741e-01
5.400000000000000000e+02 3.738074226181386517e-01
5.402000000000000455e+02 3.769830323489238855e-01
5.403999999999999773e+02 3.802631413402072225e-01
5.406000000000000227e+02 3.836634816724487362e-01
5.407999999999999545e+02 3.871743458968204266e-01
5.410000000000000000e+02 3.907769633242725305e-01
5.412000000000000455e+02 3.944754685880504930e-01
5.413999999999999773e+02 3.982646183808725149e-01
5.416000000000000227e+02 4.021456910090341896e-01
5.417999999999999545e+02 4.061221073877492871e-01
5.420000000000000000e+02 4.101566757258950924e-01
5.422000000000000455e+02 4.142347984582078757e-01
5.423999999999999773e+02 4.183593589143764224e-01
5.426000000000000227e+02 4.225234501378363761e-01
5.427999999999999545e+02 4.267243515546530475e-01
5.430000000000000000e+02 4.309749372690742653e-01
5.432000000000000455e+02 4.352930441136389494e-01
5.433999999999999773e+02 4.396600648359147434e-01
5.436000000000000227e+02 4.440805162250233695e-01
5.437999999999999545e+02 4.485715694641472795e-01
5.440000000000000000e+02 4.531355850656634821e-01
5.442000000000000455e+02 4.577974406736165514e-01
5.443999999999999773e+02 4.625610143275407093e-01
5.446000000000000227e+02 4.674033805183263057e-01
5.447999999999999545e+02 4.723320148672534580e-01
5.450000000000000000e+02 4.773389785800745133e-01
5.452000000000000455e+02 4.824164252306684664e-01
5.453999999999999773e+02 4.875775129730522961e-01
5.456000000000000227e+02 4.927777938099663357e-01
5.457999999999999545e+02 4.980068875968707842e-01
5.460000000000000000e+02 5.032691241304376728e-01
5.462000000000000455e+02 5.084100901673277439e-01
5.463999999999999773e+02 5.134633819360420182e-01
5.466000000000000227e+02 5.185380099037600887e-01
5.467999999999999545e+02 5.235829080191813922e-01
5.470000000000000000e+02 5.285938153601412726e-01
5.472000000000000455e+02 5.335968818816390069e-01
5.473999999999999773e+02 5.386078714782563948e-01
5.476000000000000227e+02 5.436183718194883552e-01
5.477999999999999545e+02 5.486370199033540063e-01
5.480000000000000000e+02 5.536964219480327021e-01
5.482000000000000455e+02 5.588040802481628599e-01
5.483999999999999773e+02 5.639734701668785988e-01
5.486000000000000227e+02 5.692145306577819364e-01
5.487999999999999545e+02 5.744952437153264535e-01
5.490000000000000000e+02 5.798077459463125694e-01
5.492000000000000455e+02 5.851656173856172316e-01
5.493999999999999773e+02 5.905785524948671261e-01
5.496000000000000227e+02 5.960200132276856078e-01
5.497999999999999545e+02 6.014622329816230462e-01
5.500000000000000000e+02 6.069029642681973424e-01
5.502000000000000455e+02 6.123400456760392796e-01
5.503999999999999773e+02 6.177522015655134702e-01
5.506000000000000227e+02 6.231062406759358963e-01
5.507999999999999545e+02 6.284069017172333460e-01
5.510000000000000000e+02 6.336684072894170905e-01
5.512000000000000455e+02 6.388957530646746097e-01
5.513999999999999773e+02 6.440713512476120561e-01
5.516000000000000227e+02 6.492107700922358227e-01
5.517999999999999545e+02 6.543417570115743764e-01
5.520000000000000000e+02 6.594701337947563857e-01
5.522000000000000455e+02 6.646197499084530724e-01
5.523999999999999773e+02 6.698029296009471167e-01
5.526000000000000227e+02 6.750039379079267876e-01
5.527999999999999545e+02 6.802336317952768496e-01
5.530000000000000000e+02 6.855067357314041931e-01
5.532000000000000455e+02 6.908220740172985597e-01
5.533999999999999773e+02 6.961450960934887355e-01
5.536000000000000227e+02 7.014598573848991325e-01
5.537999999999999545e+02 7.067723646288900374e-01
5.540000000000000000e+02 7.120842701763088201e-01
5.542000000000000455e+02 7.173691678853140186e-01
5.543999999999999773e+02 7.226003286828578398e-01
5.546000000000000227e+02 7.277855499093114355e-01
5.547999999999999545e+02 7.329368382658737469e-01
5.550000000000000000e+02 7.380473872667638879e-01
5.552000000000000455e+02 7.430890836000321187e-01
5.553999999999999773e+02 7.480693670164482167e-01
5.556000000000000227e+02 7.529948906107846174e-01
5.557999999999999545e+02 7.578651310989866774e-01
5.560000000000000000e+02 7.627067101858269194e-01
5.562000000000000455e+02 7.675199726136416878e-01
5.563999999999999773e+02 7.722879724724144301e-01
5.566000000000000227e+02 7.770213558481884331e-01
5.567999999999999545e+02 7.817320482571609164e-01
5.570000000000000000e+02 7.864146795951553193e-01
5.572000000000000455e+02 7.910380599169721805e-01
5.573999999999999773e+02 7.956007022174029775e-01
5.576000000000000227e+02 8.001182002629489975e-01
5.577999999999999545e+02 8.046039548781757089e-01
5.580000000000000000e+02 8.090436537297204245e-01
5.582000000000000455e+02 8.134295545680061412e-01
5.583999999999999773e+02 8.177705936258239383e-01
5.586000000000000227e+02 8.220735238130343348e-01
5.587999999999999545e+02 8.263264611227933987e-01
5.590000000000000000e+02 8.305143144601170313e-01
5.592000000000000455e+02 8.346499093597866681e-01
5.593999999999999773e+02 8.387273430721424727e-01
5.596000000000000227e+02 8.427378834796304119e-01
5.597999999999999545e+02 8.466914999967012356e-01
5.600000000000000000e+02 8.505771756176142562e-01
5.602000000000000455e+02 8.543897112691711815e-01
5.603999999999999773e+02 8.581465648459085660e-01
5.606000000000000227e+02 8.618631748290134231e-01
5.607999999999999545e+02 8.655369653772303495e-01
5.610000000000000000e+02 8.691538208987157343e-01
5.612000000000000455e+02 8.727223200787884716e-01
5.613999999999999773e+02 8.762521004213470466e-01
5.616000000000000227e+02 8.797404551802402439e-01
5.617999999999999545e+02 8.831641004820764973e-01
5.620000000000000000e+02 8.865250234927759543e-01
5.622000000000000455e+02 8.898410976719864918e-01
5.623999999999999773e+02 8.931260329354296923e-01
5.626000000000000227e+02 8.963763448956955093e-01
5.627999999999999545e+02 8.995953960887672629e-01
5.630000000000000000e+02 9.028036867293486312e-01
5.632000000000000455e+02 9.060093375535738236e-01
5.633999999999999773e+02 9.091974153022147620e-01
5.636000000000000227e+02 9.123408585138701454e-01
5.637999999999999545e+02 9.154377024855172573e-01
5.640000000000000000e+02 9.184804607246780384e-01
5.642000000000000455e+02 9.214602370718376623e-01
5.643999999999999773e+02 9.243846331525515936e-01
5.646000000000000227e+02 9.272450874987278047e-01
5.647999999999999545e+02 9.300306334941784714e-01
5.650000000000000000e+02 9.327464747167422132e-01
5.652000000000000455e+02 9.354026490975543284e-01
5.653999999999999773e+02 9.379997180608924401e-01
5.656000000000000227e+02 9.405260193318115691e-01
5.657999999999999545e+02 9.429816959715593416e-01
5.660000000000000000e+02 9.453712801720487446e-01
5.662000000000000455e+02 9.476966311569622325e-01
5.663999999999999773e+02 9.499496150294015617e-01
5.666000000000000227e+02 9.521353339848115382e-01
5.667999999999999545e+02 9.542715829851146081e-01
5.670000000000000000e+02 9.563773965327753146e-01
5.672000000000000455e+02 9.584582010096210913e-01
5.673999999999999773e+02 9.605170628982675485e-01
5.676000000000000227e+02 9.625641361782302230e-01
5.677999999999999545e+02 9.645933045852688181e-01
5.680000000000000000e+02 9.665975605543126736e-01
5.682000000000000455e+02 9.685734008152679930e-01
5.683999999999999773e+02 9.704959800468386799e-01
5.686000000000000227e+02 9.723429284648279491e-01
5.687999999999999545e+02 9.741035837775527950e-01
5.690000000000000000e+02 9.757764452901286356e-01
5.692000000000000455e+02 9.773550416012670716e-01
5.693999999999999773e+02 9.788320141218487258e-01
5.696000000000000227e+02 9.802099905557726256e-01
5.697999999999999545e+02 9.814927826907136055e-01
5.700000000000000000e+02 9.826813561410143727e-01
5.702000000000000455e+02 9.837732334062183615e-01
5.703999999999999773e+02 9.847739494482805611e-01
5.706000000000000227e+02 9.856930951674491848e-01
5.707999999999999545e+02 9.865404887218900409e-01
5.710000000000000000e+02 9.873230619648837303e-01
5.712000000000000455e+02 9.880526148520868412e-01
5.713999999999999773e+02 9.887460075726933750e-01
5.716000000000000227e+02 9.894191066543254198e-01
5.717999999999999545e+02 9.900931867982682988e-01
5.720000000000000000e+02 9.907894870635760576e-01
5.722000000000000455e+02 9.915182866677771933e-01
5.723999999999999773e+02 9.922778285408436760e-01
5.726000000000000227e+02 9.930584642136590645e-01
5.727999999999999545e+02 9.938465477759620414e-01
5.730000000000000000e+02 9.946280321862736029e-01
5.732000000000000455e+02 9.953909236129439009e-01
5.733999999999999773e+02 9.961256707484784645e-01
5.736000000000000227e+02 9.968218950876809314e-01
5.737999999999999545e+02 9.974657803727089433e-01
5.740000000000000000e+02 9.980442777535625254e-01
5.742000000000000455e+02 9.985561076260086599e-01
5.743999999999999773e+02 9.990008278018824850e-01
5.746000000000000227e+02 9.993735263616371212e-01
5.747999999999999545e+02 9.996624103355336022e-01
5.750000000000000000e+02 9.998630396336450898e-01
5.752000000000000455e+02 9.999755451685398144e-01
5.753999999999999773e+02 1.000000000000000000e+00
5.756000000000000227e+02 9.999337034688308146e-01
5.757999999999999545e+02 9.997746470735400237e-01
5.760000000000000000e+02 9.995229858022397496e-01
5.762000000000000455e+02 9.991789541039935996e-01
5.763999999999999773e+02 9.987457169142300861e-01
5.766000000000000227e+02 9.982315805094658101e-01
5.767999999999999545e+02 9.976520849881019837e-01
5.770000000000000000e+02 9.970208967721233551e-01
5.772000000000000455e+02 9.963478699923487003e-01
5.773999999999999773e+02 9.956395138376529230e-01
5.776000000000000227e+02 9.949033261469497624e-01
5.777999999999999545e+02 9.941415808042072255e-01
5.780000000000000000e+02 9.933494106662601464e-01
5.782000000000000455e+02 9.925388359467284261e-01
5.783999999999999773e+02 9.917190990156240504e-01
5.786000000000000227e+02 9.908874953663527885e-01
5.787999999999999545e+02 9.900416822981799037e-01
5.790000000000000000e+02 9.891714947246722511e-01
5.792000000000000455e+02 9.882615852823960489e-01
5.793999999999999773e+02 9.873049917171085044e-01
5.796000000000000227e+02 9.862914548629494460e-01
5.797999999999999545e+02 9.852150229402220072e-01
5.800000000000000000e+02 9.840878918147079046e-01
5.802000000000000455e+02 9.829117516582541736e-01
5.803999999999999773e+02 9.816887457699960962e-01
5.806000000000000227e+02 9.804329744841542293e-01
5.807999999999999545e+02 9.791445690055005091e-01
5.810000000000000000e+02 9.778164695482515212e-01
5.812000000000000455e+02 9.764437527683645923e-01
5.813999999999999773e+02 9.750370601266383774e-01
5.816000000000000227e+02 9.735981719958695102e-01
5.817999999999999545e+02 9.721204380024909275e-01
5.820000000000000000e+02 9.706171794062540270e-01
5.822000000000000455e+02 9.690928755385224136e-01
5.823999999999999773e+02 9.675475007981836351e-01
5.826000000000000227e+02 9.659956401456880615e-01
5.827999999999999545e+02 9.644355799555772712e-01
5.830000000000000000e+02 9.628604114754111265e-01
5.832000000000000455e+02 9.612719810201197923e-01
5.833999999999999773e+02 9.596492405135830239e-01
5.836000000000000227e+02 9.579746415071586085e-01
5.837999999999999545e+02 9.562477662476053242e-01
5.840000000000000000e+02 9.544473740947402307e-01
5.842000000000000455e+02 9.525620857092613747e-01
5.843999999999999773e+02 9.505992215588460192e-01
5.846000000000000227e+02 9.485632408683931649e-01
5.847999999999999545e+02 9.464591763630926247e-01
5.850000000000000000e+02 9.443006098876848275e-01
5.852000000000000455e+02 9.421200869675736556e-01
5.853999999999999773e+02 9.399310302177439347e-01
5.856000000000000227e+02 9.377388659326358900e-01
5.857999999999999545e+02 9.355598116199793646e-01
5.860000000000000000e+02 9.333828030883986049e-01
5.862000000000000455e+02 9.311977233951742594e-01
5.863999999999999773e+02 9.290142985853004909e-01
5.866000000000000227e+02 9.268182351367355576e-01
5.867999999999999545e+02 9.246056519108273308e-01
5.870000000000000000e+02 9.223892600915427620e-01
5.872000000000000455e+02 9.201507147246197338e-01
5.873999999999999773e+02 9.178811060097148422e-01
5.876000000000000227e+02 9.155843247344196412e-01
5.877999999999999545e+02 9.132519890336927570e-01
5.880000000000000000e+02 9.108723891443939458e-01
5.882000000000000455e+02 9.084378019338513743e-01
5.883999999999999773e+02 9.059487037525134623e-01
5.886000000000000227e+02 9.033851131293557657e-01
5.887999999999999545e+02 9.007374601286226579e-01
5.890000000000000000e+02 8.980286426169010738e-01
5.892000000000000455e+02 8.952472014252170762e-01
5.893999999999999773e+02 8.923886149248317912e-01
5.896000000000000227e+02 8.894718271110758634e-01
5.897999999999999545e+02 8.864922326547877152e-01
5.900000000000000000e+02 8.834671634627130343e-01
5.902000000000000455e+02 8.804305115358666001e-01
5.903999999999999773e+02 8.773748171920499050e-01
5.906000000000000227e+02 8.743131369857116697e-01
5.907999999999999545e+02 8.712652251924999369e-01
5.910000000000000000e+02 8.682138680147893917e-01
5.912000000000000455e+02 8.651627403025361485e-01
5.913999999999999773e+02 8.621185859670997820e-01
5.916000000000000227e+02 8.590651889318005052e-01
5.917999999999999545e+02 8.559857764318840045e-01
5.920000000000000000e+02 8.528794131809933621e-01
5.922000000000000455e+02 8.497592681922968572e-01
5.923999999999999773e+02 8.466034143064266049e-01
5.926000000000000227e+02 8.434066585755203294e-01
5.927999999999999545e+02 8.401847392870632758e-01
5.930000000000000000e+02 8.369196167516915752e-01
5.932000000000000455e+02 8.336227158263267434e-01
5.933999999999999773e+02 8.303202584225322092e-01
5.936000000000000227e+02 8.269969595019700526e-01
5.937999999999999545e+02 8.236610295943900262e-01
5.940000000000000000e+02 8.203245070312560339e-01
5.942000000000000455e+02 8.169730716129273151e-01
5.943999999999999773e+02 8.136265610177070284e-01
5.946000000000000227e+02 8.102931807277164999e-01
5.947999999999999545e+02 8.069447416819716112e-01
5.950000000000000000e+02 8.035966124874825978e-01
5.952000000000000455e+02 8.002604866428724151e-01
5.953999999999999773e+02 7.969229025732423866e-01
5.956000000000000227e+02 7.935633846462492036e-01
5.957999999999999545e+02 7.901836304074674189e-01
5.960000000000000000e+02 7.867945963499463069e-01
5.962000000000000455e+02 7.833750764683820034e-01
5.963999999999999773e+02 7.799326685580717511e-01
5.966000000000000227e+02 7.764776480303985373e-01
5.967999999999999545e+02 7.729794177932389765e-01
5.970000000000000000e+02 7.694479877712689930e-01
5.972000000000000455e+02 7.658977487589980759e-01
5.973999999999999773e+02 7.623173248309703665e-01
5.976000000000000227e+02 7.587299922043297951e-01
5.977999999999999545e+02 7.551429708027722620e-01
5.980000000000000000e+02 7.515358069781512551e-01
5.982000000000000455e+02 7.479312801042894421e-01
5.983999999999999773e+02 7.443404788936532901e-01
5.986000000000000227e+02 7.407514950168134771e-01
5.987999999999999545e+02 7.371543430046084699e-01
5.990000000000000000e+02 7.335590999584397087e-01
5.992000000000000455e+02 7.299723863320337625e-01
5.993999999999999773e+02 7.263631318607616238e-01
5.996000000000000227e+02 7.227404164978767920e-01
5.997999999999999545e+02 7.191141616922279711e-01
6.000000000000000000e+02 7.154565791361352511e-01
6.002000000000000455e+02 7.117789646673566839e-01
6.003999999999999773e+02 7.080839938774969866e-01
6.006000000000000227e+02 7.043487381489513810e-01
6.007999999999999545e+02 7.005982792543034021e-01
6.010000000000000000e+02 6.968421584294024473e-01
6.012000000000000455e+02 6.930713751516380805e-01
6.013999999999999773e+02 6.893206085998131449e-01
6.016000000000000227e+02 6.855891311426276502e-01
6.017999999999999545e+02 6.818544612850320208e-01
6.020000000000000000e+02 6.781285011352433667e-01
6.022000000000000455e+02 6.744112396983524826e-01
6.023999999999999773e+02 6.706952665243761658e-01
6.026000000000000227e+02 6.669813283964318718e-01
6.027999999999999545e+02 6.632861898630153519e-01
6.030000000000000000e+02 6.596046017416816731e-01
6.032000000000000455e+02 6.558991013970684181e-01
6.033999999999999773e+02 6.521830451057196720e-01
6.036000000000000227e+02 6.484588371189662359e-01
6.037999999999999545e+02 6.447080142385798185e-01
6.040000000000000000e+02 6.409533164776427538e-01
6.042000000000000455e+02 6.371904333429498912e-01
6.043999999999999773e+02 6.333998370510502962e-01
6.046000000000000227e+02 6.296052486802603543e-01
6.047999999999999545e+02 6.257965890088121874e-01
6.050000000000000000e+02 6.219611295728090239e-01
6.052000000000000455e+02 6.181317410914283217e-01
6.053999999999999773e+02 6.143033506439226077e-01
6.056000000000000227e+02 6.104716097714368850e-01
6.057999999999999545e+02 6.066624182938525900e-01
6.060000000000000000e+02 6.028765453878845992e-01
6.062000000000000455e+02 5.991052275769968016e-01
6.063999999999999773e+02 5.953458992625609847e-01
6.066000000000000227e+02 5.916179753540858899e-01
6.067999999999999545e+02 5.879156255550963550e-01
6.070000000000000000e+02 5.842201720882101990e-01
6.072000000000000455e+02 5.805580524329230219e-01
6.073999999999999773e+02 5.769240425277494255e-01
6.076000000000000227e+02 5.733044113261538399e-01
6.077999999999999545e+02 5.697256403270675174e-01
6.080000000000000000e+02 5.661736883032048029e-01
6.082000000000000455e+02 5.626320530997962477e-01
6.083999999999999773e+02 5.591155327835255484e-01
6.086000000000000227e+02 5.556016474455850451e-01
6.087999999999999545e+02 5.520819634726973346e-01
6.090000000000000000e+02 5.485771443355867971e-01
6.092000000000000455e+02 5.450648549108859653e-01
6.093999999999999773e+02 5.415379824784788410e-01
6.096000000000000227e+02 5.380111776137181945e-01
6.097999999999999545e+02 5.344783208527458251e-01
6.100000000000000000e+02 5.309255925031715062e-01
6.102000000000000455e+02 5.273469623861063438e-01
6.103999999999999773e+02 5.237583193091583933e-01
6.106000000000000227e+02 5.201458095621431799e-01
6.107999999999999545e+02 5.164978283894475775e-01
6.110000000000000000e+02 5.128362869499780707e-01
6.112000000000000455e+02 5.091451521679848380e-01
6.113999999999999773e+02 5.054233942401006319e-01
6.116000000000000227e+02 5.017069656828205826e-01
6.117999999999999545e+02 4.979881179084173493e-01
6.120000000000000000e+02 4.942771574654439837e-01
6.122000000000000455e+02 4.906074456061719213e-01
6.123999999999999773e+02 4.869708424543252590e-01
6.126000000000000227e+02 4.833827659398139409e-01
6.127999999999999545e+02 4.798682831659423220e-01
6.130000000000000000e+02 4.764087590533040983e-01
6.132000000000000455e+02 4.730157911447863683e-01
6.133999999999999773e+02 4.697094289373936471e-01
6.136000000000000227e+02 4.664790340652847367e-01
6.137999999999999545e+02 4.633036679457755991e-01
6.140000000000000000e+02 4.601743982990701975e-01
6.142000000000000455e+02 4.570998014055055458e-01
6.143999999999999773e+02 4.540600341541617957e-01
6.146000000000000227e+02 4.510465816825877661e-01
6.147999999999999545e+02 4.480676501927030597e-01
6.150000000000000000e+02 4.451001691272130079e-01
6.152000000000000455e+02 4.421443511740668075e-01
6.153999999999999773e+02 4.392133731891122439e-01
6.156000000000000227e+02 4.362803470986957310e-01
6.157999999999999545e+02 4.333467476625436632e-01
6.160000000000000000e+02 4.304221249507549918e-01
6.162000000000000455e+02 4.274850245157005291e-01
6.163999999999999773e+02 4.245402953860852868e-01
6.166000000000000227e+02 4.215972553638230869e-01
6.167999999999999545e+02 4.186464961456523581e-01
6.170000000000000000e+02 4.156728210108296406e-01
6.172000000000000455e+02 4.126799247647125468e-01
6.173999999999999773e+02 4.096924019363027969e-01
6.176000000000000227e+02 4.067160215556047120e-01
6.177999999999999545e+02 4.037698332321491557e-01
6.180000000000000000e+02 4.008769546029927744e-01
6.182000000000000455e+02 3.980186028481649263e-01
6.183999999999999773e+02 3.951999750203936124e-01
6.186000000000000227e+02 3.924312515133330237e-01
6.187999999999999545e+02 3.896819422334912852e-01
6.190000000000000000e+02 3.869450965350967331e-01
6.192000000000000455e+02 3.842146425513305319e-01
6.193999999999999773e+02 3.814628322325139265e-01
6.196000000000000227e+02 3.786951890133873344e-01
6.197999999999999545e+02 3.759113271375425502e-01
6.200000000000000000e+02 3.730901567771357508e-01
6.202000000000000455e+02 3.702413748963107598e-01
6.203999999999999773e+02 3.673725032463210360e-01
6.206000000000000227e+02 3.644789146078695752e-01
6.207999999999999545e+02 3.615570279810829124e-01
6.210000000000000000e+02 3.586211603318428809e-01
6.212000000000000455e+02 3.556885715014463378e-01
6.213999999999999773e+02 3.527520728592652421e-01
6.216000000000000227e+02 3.498346542220827637e-01
6.217999999999999545e+02 3.469632897199941834e-01
6.220000000000000000e+02 3.441379149835111506e-01
6.222000000000000455e+02 3.413862388152816285e-01
6.223999999999999773e+02 3.387247920663979950e-01
6.226000000000000227e+02 3.361404874088236849e-01
6.227999999999999545e+02 3.336519084898531551e-01
6.230000000000000000e+02 3.312593688721944818e-01
6.232000000000000455e+02 3.289354282157980203e-01
6.233999999999999773e+02 3.266693127413181075e-01
6.236000000000000227e+02 3.244410623251497983e-01
6.237999999999999545e+02 3.222297125312849064e-01
6.240000000000000000e+02 3.200415722233788673e-01
6.242000000000000455e+02 3.178686114380909200e-01
6.243999999999999773e+02 3.156930234020446369e-01
6.246000000000000227e+02 3.135045978675398137e-01
6.247999999999999545e+02 3.113142528179680402e-01
6.250000000000000000e+02 3.091276913416090566e-01
6.252000000000000455e+02 3.069316773794310005e-01
6.253999999999999773e+02 3.047374788517354660e-01
6.256000000000000227e+02 3.025461200244435878e-01
6.257999999999999545e+02 3.003420778392462132e-01
6.260000000000000000e+02 2.981369383841630527e-01
6.262000000000000455e+02 2.959283201207421055e-01
6.263999999999999773e+02 2.937039561792066933e-01
6.266000000000000227e+02 2.914785979935801130e-01
6.267999999999999545e+02 2.892488235574164346e-01
6.270000000000000000e+02 2.870053818307664595e-01
6.272000000000000455e+02 2.847595644004343729e-01
6.273999999999999773e+02 2.825012289612759409e-01
6.276000000000000227e+02 2.802214284499283115e-01
6.277999999999999545e+02 2.779328201341346727e-01
6.280000000000000000e+02 2.756378712666969766e-01
6.282000000000000455e+02 2.733381068841685968e-01
6.283999999999999773e+02 2.710434238754697023e-01
6.286000000000000227e+02 2.687784990724574885e-01
6.287999999999999545e+02 2.665480617670993313e-01
6.290000000000000000e+02 2.643404816336949459e-01
6.292000000000000455e+02 2.621664018527964379e-01
6.293999999999999773e+02 2.600201620881092968e-01
6.296000000000000227e+02 2.578911343946043710e-01
6.297999999999999545e+02 2.557921399504036741e-01
6.300000000000000000e+02 2.537099693599561556e-01
6.302000000000000455e+02 2.516297902110758988e-01
6.303999999999999773e+02 2.495613446172282868e-01
6.306000000000000227e+02 2.474948118066264968e-01
6.307999999999999545e+02 2.454241241556295861e-01
6.310000000000000000e+02 2.433594370245251437e-01
6.312000000000000455e+02 2.413013694110682228e-01
6.313999999999999773e+02 2.392478035429347893e-01
6.316000000000000227e+02 2.372011879771050991e-01
6.317999999999999545e+02 2.351771740639134189e-01
6.320000000000000000e+02 2.331770879569175503e-01
6.322000000000000455e+02 2.311963858712115794e-01
6.323999999999999773e+02 2.292499310700877035e-01
6.326000000000000227e+02 2.273320450245918389e-01
6.327999999999999545e+02 2.254347893951584303e-01
6.330000000000000000e+02 2.235716466127241620e-01
6.332000000000000455e+02 2.217348107502317978e-01
6.333999999999999773e+02 2.199194832090199392e-01
6.336000000000000227e+02 2.181368769795349605e-01
6.337999999999999545e+02 2.163724355830012325e-01
6.340000000000000000e+02 2.146172882962643913e-01
6.342000000000000455e+02 2.128758132607532216e-01
6.343999999999999773e+02 2.111387043876095937e-01
6.346000000000000227e+02 2.094113972931820333e-01
6.347999999999999545e+02 2.077097657267908126e-01
6.350000000000000000e+02 2.060334677208473797e-01
6.352000000000000455e+02 2.043748732763984999e-01
6.353999999999999773e+02 2.027296769737156612e-01
6.356000000000000227e+02 2.011055158311988722e-01
6.357999999999999545e+02 1.994997705377822561e-01
6.360000000000000000e+02 1.979124354148001641e-01
6.362000000000000455e+02 1.963531854343392447e-01
6.363999999999999773e+02 1.948079424859294473e-01
6.366000000000000227e+02 1.932692286655019187e-01
6.367999999999999545e+02 1.917454158704616218e-01
6.370000000000000000e+02 1.902303356451956473e-01
6.372000000000000455e+02 1.887275512111981357e-01
6.373999999999999773e+02 1.872458457761339568e-01
6.376000000000000227e+02 1.857702997842501924e-01
6.377999999999999545e+02 1.842963977773539319e-01
6.380000000000000000e+02 1.828238018414372057e-01
6.382000000000000455e+02 1.813382857883897581e-01
6.383999999999999773e+02 1.798386110230458523e-01
6.386000000000000227e+02 1.783266854788231603e-01
6.387999999999999545e+02 1.767958195608378413e-01
6.390000000000000000e+02 1.752394555935768705e-01
6.392000000000000455e+02 1.736584928164164321e-01
6.393999999999999773e+02 1.720606919896849052e-01
6.396000000000000227e+02 1.704426894514394497e-01
6.397999999999999545e+02 1.688127483281383623e-01
6.400000000000000000e+02 1.671854855659994366e-01
6.402000000000000455e+02 1.655459289867370065e-01
6.403999999999999773e+02 1.638902129849575395e-01
6.406000000000000227e+02 1.622219302916595995e-01
6.407999999999999545e+02 1.605310897292661076e-01
6.410000000000000000e+02 1.588260721318227875e-01
6.412000000000000455e+02 1.571157418518552840e-01
6.413999999999999773e+02 1.553901233324595788e-01
6.416000000000000227e+02 1.536592399930154229e-01
6.417999999999999545e+02 1.519335772696949194e-01
6.420000000000000000e+02 1.502140369558235822e-01
6.422000000000000455e+02 1.485195852474310851e-01
6.423999999999999773e+02 1.468631538607613751e-01
6.426000000000000227e+02 1.452424661785233773e-01
6.427999999999999545e+02 1.436480533587965458e-01
6.430000000000000000e+02 1.420778603321402045e-01
6.432000000000000455e+02 1.405328312850821493e-01
6.433999999999999773e+02 1.390030052127886051e-01
6.436000000000000227e+02 1.374928808592342788e-01
6.437999999999999545e+02 1.360077798806051397e-01
6.440000000000000000e+02 1.345358987216857538e-01
6.442000000000000455e+02 1.330835344358032579e-01
6.443999999999999773e+02 1.316574697900198820e-01
6.446000000000000227e+02 1.302533009346009962e-01
6.447999999999999545e+02 1.288828091701612888e-01
6.450000000000000000e+02 1.275516892800223068e-01
6.452000000000000455e+02 1.262539515522794475e-01
6.453999999999999773e+02 1.249936795632745068e-01
6.456000000000000227e+02 1.237693380297112955e-01
6.457999999999999545e+02 1.225733130054428022e-01
6.460000000000000000e+02 1.214026562545817561e-01
6.462000000000000455e+02 1.202597033309450864e-01
6.463999999999999773e+02 1.191432490799132632e-01
6.466000000000000227e+02 1.180393801224455669e-01
6.467999999999999545e+02 1.169489058149962707e-01
6.470000000000000000e+02 1.158765309903237034e-01
6.472000000000000455e+02 1.148211730682160842e-01
6.473999999999999773e+02 1.137934382574700004e-01
6.476000000000000227e+02 1.127933225576564918e-01
6.477999999999999545e+02 1.118042921373782056e-01
6.480000000000000000e+02 1.108224661840286202e-01
6.482000000000000455e+02 1.098437492765793611e-01
6.483999999999999773e+02 1.088639107775157683e-01
6.486000000000000227e+02 1.078905677775689742e-01
6.487999999999999545e+02 1.069226034261827191e-01
6.490000000000000000e+02 1.059550969209797217e-01
6.492000000000000455e+02 1.049931734208311290e-01
6.493999999999999773e+02 1.040367968642541968e-01
6.496000000000000227e+02 1.030840016390932729e-01
6.497999999999999545e+02 1.021370235807130405e-01
6.500000000000000000e+02 1.012045768246366412e-01
6.502000000000000455e+02 1.002885165737277956e-01
6.503999999999999773e+02 9.938000502778872314e-02
6.506000000000000227e+02 9.848045169218791473e-02
6.507999999999999545e+02 9.758820588163441556e-02
6.510000000000000000e+02 9.669862148539060120e-02
6.512000000000000455e+02 9.581977872784666617e-02
6.513999999999999773e+02 9.494975188327342552e-02
6.516000000000000227e+02 9.407974566922003290e-02
6.517999999999999545e+02 9.320938747400972502e-02
6.520000000000000000e+02 9.233366821367271216e-02
6.522000000000000455e+02 9.145044135997455748e-02
6.523999999999999773e+02 9.056900802672153417e-02
6.526000000000000227e+02 8.968956901947229554e-02
6.527999999999999545e+02 8.881231460536459510e-02
6.530000000000000000e+02 8.794278067537586452e-02
6.532000000000000455e+02 8.707795474724686069e-02
6.533999999999999773e+02 8.621415784993365083e-02
6.536000000000000227e+02 8.535239508763567406e-02
6.537999999999999545e+02 8.450096022772399240e-02
6.540000000000000000e+02 8.365700520201317658e-02
6.542000000000000455e+02 8.281079673027114119e-02
6.543999999999999773e+02 8.196413375132242940e-02
6.546000000000000227e+02 8.111485507484955670e-02
6.547999999999999545e+02 8.026302607168211978e-02
6.550000000000000000e+02 7.942088854699080880e-02
6.552000000000000455e+02 7.859309423960068874e-02
6.553999999999999773e+02 7.778231016112265028e-02
6.556000000000000227e+02 7.699312418297286909e-02
6.557999999999999545e+02 7.621801184266542573e-02
6.560000000000000000e+02 7.545367329826824232e-02
6.562000000000000455e+02 7.470558562704805727e-02
6.563999999999999773e+02 7.397188616719775622e-02
6.566000000000000227e+02 7.325598805524020929e-02
6.567999999999999545e+02 7.256605381908533270e-02
6.570000000000000000e+02 7.190380089998558988e-02
6.572000000000000455e+02 7.127059389338706585e-02
6.573999999999999773e+02 7.067100388009077416e-02
6.576000000000000227e+02 7.011451227341543302e-02
6.577999999999999545e+02 6.960231850946890786e-02
6.580000000000000000e+02 6.913235784210285118e-02
6.582000000000000455e+02 6.870415505328557326e-02
6.583999999999999773e+02 6.831046640566579287e-02
6.586000000000000227e+02 6.794288126627198721e-02
6.587999999999999545e+02 6.759404107636511616e-02
6.590000000000000000e+02 6.725186349141898390e-02
6.592000000000000455e+02 6.690673277570718946e-02
6.593999999999999773e+02 6.655050035924049701e-02
6.596000000000000227e+02 6.616726233387405787e-02
6.597999999999999545e+02 6.574568651049463031e-02
6.600000000000000000e+02 6.528005640648802677e-02
6.602000000000000455e+02 6.476700562331882960e-02
6.603999999999999773e+02 6.420584962110331695e-02
6.606000000000000227e+02 6.360046118284941319e-02
6.607999999999999545e+02 6.296024241737165072e-02
6.610000000000000000e+02 6.229152417002199738e-02
6.612000000000000455e+02 6.160607743409549780e-02
6.613999999999999773e+02 6.092432309638452087e-02
6.616000000000000227e+02 6.026009955115897709e-02
6.617999999999999545e+02 5.962919492879485694e-02
6.620000000000000000e+02 5.904848720058584327e-02
6.622000000000000455e+02 5.852188446157611385e-02
6.623999999999999773e+02 5.805270799174218344e-02
6.626000000000000227e+02 5.764314614932582875e-02
6.627999999999999545e+02 5.728678878927522672e-02
6.630000000000000000e+02 5.697636406288129202e-02
6.632000000000000455e+02 5.670260844678714357e-02
6.633999999999999773e+02 5.645220385771830551e-02
6.636000000000000227e+02 5.621708748083515533e-02
6.637999999999999545e+02 5.598935201897054653e-02
6.640000000000000000e+02 5.575692293523179521e-02
6.642000000000000455e+02 5.550618347874147762e-02
6.643999999999999773e+02 5.522585553244913764e-02
6.646000000000000227e+02 5.490711297995697765e-02
6.647999999999999545e+02 5.453836563407157140e-02
6.650000000000000000e+02 5.411356608231631532e-02
6.652000000000000455e+02 5.363278799799475749e-02
6.653999999999999773e+02 5.309838325935262865e-02
6.656000000000000227e+02 5.252209806282236854e-02
6.657999999999999545e+02 5.191921318985557449e-02
6.660000000000000000e+02 5.129997345690109900e-02
6.662000000000000455e+02 5.067946992778412513e-02
6.663999999999999773e+02 5.007101344428337153e-02
6.666000000000000227e+02 4.948127728648258478e-02
6.667999999999999545e+02 4.892237601882067077e-02
6.670000000000000000e+02 4.840129630988899284e-02
6.672000000000000455e+02 4.791587856139584850e-02
6.673999999999999773e+02 4.746435160728994934e-02
6.676000000000000227e+02 4.704148521200255534e-02
6.677999999999999545e+02 4.663973130236626075e-02
6.680000000000000000e+02 4.625564580174707646e-02
6.682000000000000455e+02 4.588825395985487304e-02
6.683999999999999773e+02 4.553620378585228334e-02
6.686000000000000227e+02 4.519525535370581132e-02
6.687999999999999545e+02 4.486866731044780038e-02
6.690000000000000000e+02 4.456186174174510406e-02
6.692000000000000455e+02 4.427576302059795660e-02
6.693999999999999773e+02 4.400777037280793891e-02
6.696000000000000227e+02 4.375042963793645406e-02
6.697999999999999545e+02 4.349204906104173207e-02
6.700000000000000000e+02 4.322372282192459697e-02
6.702000000000000455e+02 4.293713077502014919e-02
6.703999999999999773e+02 4.262704164078856550e-02
6.706000000000000227e+02 4.230015561685613462e-02
6.707999999999999545e+02 4.196042973299604628e-02
6.710000000000000000e+02 4.160736756965274091e-02
6.712000000000000455e+02 4.124000311694444448e-02
6.713999999999999773e+02 4.085862075848166464e-02
6.716000000000000227e+02 4.046504236305812491e-02
6.717999999999999545e+02 4.006303229986703240e-02
6.720000000000000000e+02 3.965983965302559422e-02
6.722000000000000455e+02 3.925942859815894498e-02
6.723999999999999773e+02 3.885886591201961893e-02
6.726000000000000227e+02 3.845534601685506038e-02
6.727999999999999545e+02 3.804511357036043789e-02
6.730000000000000000e+02 3.762572916809141937e-02
6.732000000000000455e+02 3.720454536146249047e-02
6.733999999999999773e+02 3.678481331894131040e-02
6.736000000000000227e+02 3.636540355880001074e-02
6.737999999999999545e+02 3.594791038315513221e-02
6.740000000000000000e+02 3.552932086800386635e-02
6.742000000000000455e+02 3.510488082812782823e-02
6.743999999999999773e+02 3.467239933331255769e-02
6.746000000000000227e+02 3.422422553093278086e-02
6.747999999999999545e+02 3.375073019734849133e-02
6.750000000000000000e+02 3.324395824449868225e-02
6.752000000000000455e+02 3.269815531377660150e-02
6.753999999999999773e+02 3.211331326750863080e-02
6.756000000000000227e+02 3.149696814132198902e-02
6.757999999999999545e+02 3.086276943564711037e-02
6.760000000000000000e+02 3.021649153554443329e-02
6.762000000000000455e+02 2.955683926381870441e-02
6.763999999999999773e+02 2.888708883736192459e-02
6.766000000000000227e+02 2.820930108599607744e-02
6.767999999999999545e+02 2.752935372035167708e-02
6.770000000000000000e+02 2.686429435172657532e-02
6.772000000000000455e+02 2.622333734280113404e-02
6.773999999999999773e+02 2.561297060615599225e-02
6.776000000000000227e+02 2.504098317795862630e-02
6.777999999999999545e+02 2.449949594426853797e-02
6.780000000000000000e+02 2.397844776127906405e-02
6.782000000000000455e+02 2.347343664521586021e-02
6.783999999999999773e+02 2.298190864536647782e-02
6.786000000000000227e+02 2.250002354232858923e-02
6.787999999999999545e+02 2.202339402260328205e-02
6.790000000000000000e+02 2.155146690177223504e-02
6.792000000000000455e+02 2.108383515274179013e-02
6.793999999999999773e+02 2.062189273625928895e-02
6.796000000000000227e+02 2.017218178945269155e-02
6.797999999999999545e+02 1.973582308474900598e-02
6.800000000000000000e+02 1.931265516352331790e-02
6.802000000000000455e+02 1.890610255851653265e-02
6.803999999999999773e+02 1.851547161227912186e-02
6.806000000000000227e+02 1.814168509039562269e-02
6.807999999999999545e+02 1.778935376007485802e-02
6.810000000000000000e+02 1.745672418627871800e-02
6.812000000000000455e+02 1.714137173240412246e-02
6.813999999999999773e+02 1.684168751989794169e-02
6.816000000000000227e+02 1.655382328931482433e-02
6.817999999999999545e+02 1.627943866765022354e-02
6.820000000000000000e+02 1.602311985130510513e-02
6.822000000000000455e+02 1.578412478921203260e-02
6.823999999999999773e+02 1.556096594128149671e-02
6.826000000000000227e+02 1.535282838477316017e-02
6.827999999999999545e+02 1.515836603554132460e-02
6.830000000000000000e+02 1.496347129287226366e-02
6.832000000000000455e+02 1.474939640546485929e-02
6.833999999999999773e+02 1.450163793592042227e-02
6.836000000000000227e+02 1.421854446054693008e-02
6.837999999999999545e+02 1.390916812829402077e-02
6.840000000000000000e+02 1.358826883888683904e-02
6.842000000000000455e+02 1.326424887256067581e-02
6.843999999999999773e+02 1.294695430629506407e-02
6.846000000000000227e+02 1.264652877891051658e-02
6.847999999999999545e+02 1.236606079211950010e-02
6.850000000000000000e+02 1.210919539114170378e-02
6.852000000000000455e+02 1.187937832322397656e-02
6.853999999999999773e+02 1.167710429404568949e-02
6.856000000000000227e+02 1.150405193144859312e-02
6.857999999999999545e+02 1.136015606908178342e-02
6.860000000000000000e+02 1.124014909694857900e-02
6.862000000000000455e+02 1.113221269683970990e-02
6.863999999999999773e+02 1.102462852114593529e-02
6.866000000000000227e+02 1.090925624442152381e-02
6.867999999999999545e+02 1.078059048039728407e-02
6.870000000000000000e+02 1.063402090807354962e-02
6.872000000000000455e+02 1.046310160593903228e-02
6.873999999999999773e+02 1.025520641066185110e-02
6.876000000000000227e+02 1.000156391220408114e-02
6.877999999999999545e+02 9.698466516865556636e-03
6.880000000000000000e+02 9.345832805604930085e-03
6.882000000000000455e+02 8.947469190143815185e-03
6.883999999999999773e+02 8.508021412526644081e-03
6.886000000000000227e+02 8.031865250057241418e-03
6.887999999999999545e+02 7.533267957659859140e-03
6.890000000000000000e+02 7.027847504746548637e-03
6.892000000000000455e+02 6.527035851507986125e-03
6.893999999999999773e+02 6.039517673494480127e-03
6.896000000000000227e+02 5.571651392066287803e-03
6.897999999999999545e+02 5.125693469952664200e-03
6.900000000000000000e+02 4.695863109671273572e-03
6.902000000000000455e+02 4.284155906493882122e-03
6.903999999999999773e+02 3.899953900508294075e-03
6.906000000000000227e+02 3.552272279428222296e-03
6.907999999999999545e+02 3.247974955655266987e-03
6.910000000000000000e+02 2.986592576854925525e-03
6.912000000000000455e+02 2.755771893169234495e-03
6.913999999999999773e+02 2.540913226636187360e-03
6.916000000000000227e+02 2.326567210608155353e-03
6.917999999999999545e+02 2.099496742620388535e-03
6.920000000000000000e+02 1.861383814505866274e-03
6.922000000000000455e+02 1.617881525308167891e-03
6.923999999999999773e+02 1.374800935647056818e-03
6.926000000000000227e+02 1.142349109505278728e-03
6.927999999999999545e+02 9.309317933206018867e-04
6.930000000000000000e+02 7.500375253398735469e-04
6.932000000000000455e+02 6.082174156177680467e-04
6.933999999999999773e+02 5.094212690124292221e-04
6.936000000000000227e+02 4.509693595132995133e-04
6.937999999999999545e+02 4.227603898632745281e-04
6.940000000000000000e+02 4.173311065492877909e-04
6.942000000000000455e+02 4.289259411021645991e-04
6.943999999999999773e+02 4.516491072261647811e-04
6.946000000000000227e+02 4.790944187526784246e-04
6.947999999999999545e+02 5.077481963874587358e-04
6.950000000000000000e+02 5.369735147743607759e-04
6.952000000000000455e+02 5.629445999463663589e-04
6.953999999999999773e+02 5.803771557733574055e-04
6.956000000000000227e+02 5.845381244238563156e-04
6.957999999999999545e+02 5.737421657221091278e-04
6.960000000000000000e+02 5.442687081142041959e-04
6.962000000000000455e+02 4.914096252351457181e-04
6.963999999999999773e+02 4.133635594150898056e-04
6.966000000000000227e+02 3.177765478009596787e-04
6.967999999999999545e+02 2.160314916521332228e-04
6.970000000000000000e+02 1.185715340076288473e-04
6.972000000000000455e+02 4.088295490136138527e-05
6.973999999999999773e+02 0.000000000000000000e+00
6.976000000000000227e+02 1.055755895671294013e-05
6.977999999999999545e+02 7.889030317267824481e-05
6.980000000000000000e+02 2.063841364166069548e-04
6.982000000000000455e+02 3.912591881666918929e-04
6.983999999999999773e+02 6.257913393346594376e-04
6.986000000000000227e+02 8.981044723114779520e-04
6.987999999999999545e+02 1.193670227275701271e-03
6.990000000000000000e+02 1.498548355571144297e-03
6.992000000000000455e+02 1.800624618193441984e-03
6.993999999999999773e+02 2.090421225517162529e-03
6.996000000000000227e+02 2.361066240760201912e-03
6.997999999999999545e+02 2.607446148722075262e-03
7.000000000000000000e+02 2.825462974722534829e-03
7.002000000000000455e+02 3.009986627616379092e-03
7.003999999999999773e+02 3.157424583537262602e-03
7.006000000000000227e+02 3.266954938980634431e-03
7.007999999999999545e+02 3.337724295525816738e-03
7.010000000000000000e+02 3.370652263977701266e-03
7.012000000000000455e+02 3.370316646662450955e-03
7.013999999999999773e+02 3.347553704456710921e-03
7.016000000000000227e+02 3.316310235301375003e-03
7.017999999999999545e+02 3.291758224313290696e-03
7.020000000000000000e+02 3.288655916644719467e-03
7.022000000000000455e+02 3.316411160901467942e-03
7.023999999999999773e+02 3.376700283724597476e-03
7.026000000000000227e+02 3.466183454473533310e-03
7.027999999999999545e+02 3.583853467719323033e-03
7.030000000000000000e+02 3.732820794875720341e-03
7.032000000000000455e+02 3.911912933190742590e-03
7.033999999999999773e+02 4.118406050869957355e-03
7.036000000000000227e+02 4.350101870373684031e-03
7.037999999999999545e+02 4.607668615765964787e-03
7.040000000000000000e+02 4.891150245379028219e-03
7.042000000000000455e+02 5.197942428424223715e-03
7.043999999999999773e+02 5.521391554128158782e-03
7.046000000000000227e+02 5.852732349005313611e-03
7.047999999999999545e+02 6.181662929813539625e-03
7.050000000000000000e+02 6.495725105394956587e-03
7.052000000000000455e+02 6.783354159096785345e-03
7.053999999999999773e+02 7.035314515900082180e-03
7.056000000000000227e+02 7.245150402998859658e-03
7.057999999999999545e+02 7.406679052384010538e-03
7.060000000000000000e+02 7.513626659489083814e-03
7.062000000000000455e+02 7.561966929084470643e-03
7.064000000000000909e+02 7.553940320808727980e-03
7.066000000000000227e+02 7.498425799463891324e-03
7.067999999999999545e+02 7.406553641012272524e-03
7.070000000000000000e+02 7.286769724004688031e-03
7.072000000000000455e+02 7.144314258851366256e-03
7.074000000000000909e+02 6.985135977603662907e-03
7.076000000000000227e+02 6.815159644270936401e-03
7.077999999999999545e+02 6.640711552926749188e-03
7.080000000000000000e+02 6.470775709104563921e-03
7.082000000000000455e+02 6.315692663734200768e-03
7.084000000000000909e+02 6.186753487400420935e-03
7.086000000000000227e+02 6.095984184396026698e-03
7.087999999999999545e+02 6.048932215640020517e-03
7.090000000000000000e+02 6.044910847597663624e-03
7.092000000000000455e+02 6.083874666034144035e-03
7.094000000000000909e+02 6.166467404273957321e-03
7.096000000000000227e+02 6.291311002039252399e-03
7.097999999999999545e+02 6.447943646825194351e-03
7.100000000000000000e+02 6.622699050886002130e-03
7.102000000000000455e+02 6.802326118559998656e-03
7.104000000000000909e+02 6.978677658902091713e-03
7.106000000000000227e+02 7.144405546004285561e-03
7.107999999999999545e+02 7.292526953145429466e-03
7.110000000000000000e+02 7.418666508544522441e-03
7.112000000000000455e+02 7.524401570560655152e-03
7.114000000000000909e+02 7.615708096659488252e-03
7.116000000000000227e+02 7.697495653739425819e-03
7.117999999999999545e+02 7.772230694752039516e-03
7.120000000000000000e+02 7.840642451599901669e-03
7.122000000000000455e+02 7.903704922685309345e-03
7.124000000000000909e+02 7.961749458261613288e-03
7.126000000000000227e+02 8.014771729970079570e-03
7.127999999999999545e+02 8.063594810577159530e-03
7.130000000000000000e+02 8.110646673674511142e-03
7.132000000000000455e+02 8.159482774347526224e-03
7.134000000000000909e+02 8.213744522530742886e-03
7.136000000000000227e+02 8.279051749036852453e-03
7.137999999999999545e+02 8.360600744832771131e-03
7.140000000000000000e+02 8.457701060830215625e-03
7.142000000000000455e+02 8.565896689715366344e-03
7.144000000000000909e+02 8.679041141997582282e-03
7.146000000000000227e+02 8.792086349732539108e-03
7.147999999999999545e+02 8.902273070117592765e-03
7.150000000000000000e+02 9.009649142520864684e-03
7.152000000000000455e+02 9.118170868554428127e-03
7.154000000000000909e+02 9.237423356848746547e-03
7.156000000000000227e+02 9.379833970965858678e-03
7.157999999999999545e+02 9.555644513549468866e-03
7.160000000000000000e+02 9.770821884734279608e-03
7.162000000000000455e+02 1.002779216585109046e-02
7.164000000000000909e+02 1.032683295403768499e-02
7.166000000000000227e+02 1.066858197492524113e-02
7.167999999999999545e+02 1.105324569852109487e-02
7.170000000000000000e+02 1.147819854336172042e-02
7.172000000000000455e+02 1.193353460265108267e-02
7.174000000000000909e+02 1.240387653514073672e-02
7.176000000000000227e+02 1.287180571139035813e-02
7.177999999999999545e+02 1.332420729096184947e-02
7.180000000000000000e+02 1.375299227457878713e-02
7.182000000000000455e+02 1.415483025183696467e-02
7.184000000000000909e+02 1.452465878601059100e-02
7.186000000000000227e+02 1.485688551022265949e-02
7.187999999999999545e+02 1.514800502608997824e-02
7.190000000000000000e+02 1.539350037594594198e-02
7.192000000000000455e+02 1.558771564124859614e-02
7.194000000000000909e+02 1.572453357328623333e-02
7.196000000000000227e+02 1.580106428181229927e-02
7.197999999999999545e+02 1.581987564716037450e-02
7.200000000000000000e+02 1.579167784441846273e-02
7.202000000000000455e+02 1.573260879005167201e-02
7.204000000000000909e+02 1.565766621847387505e-02
7.206000000000000227e+02 1.557455405249339765e-02
7.207999999999999545e+02 1.549211783181125152e-02
7.210000000000000000e+02 1.542018081534773065e-02
7.212000000000000455e+02 1.536740228725891680e-02
7.214000000000000909e+02 1.533468023728864343e-02
7.216000000000000227e+02 1.532100241652846993e-02
7.217999999999999545e+02 1.532957213367122651e-02
7.220000000000000000e+02 1.536363536227336284e-02
7.222000000000000455e+02 1.542478923391618802e-02
7.224000000000000909e+02 1.551185110072124916e-02
7.226000000000000227e+02 1.562280538468687613e-02
7.227999999999999545e+02 1.575405832667218370e-02
7.230000000000000000e+02 1.589945873145969316e-02
7.232000000000000455e+02 1.605186280505523089e-02
7.234000000000000909e+02 1.620710826509823288e-02
7.236000000000000227e+02 1.636708618690914732e-02
7.237999999999999545e+02 1.653412902672184506e-02
7.240000000000000000e+02 1.670866531042911399e-02
7.242000000000000455e+02 1.688837856054985209e-02
7.244000000000000909e+02 1.707383097840798822e-02
7.246000000000000227e+02 1.726820835639842830e-02
7.247999999999999545e+02 1.747684321300919594e-02
7.250000000000000000e+02 1.770627779732232912e-02
7.252000000000000455e+02 1.796169633690386860e-02
7.254000000000000909e+02 1.824440884189789877e-02
7.256000000000000227e+02 1.854929754421660859e-02
7.257999999999999545e+02 1.887007332704304652e-02
7.260000000000000000e+02 1.920344375245502250e-02
7.262000000000000455e+02 1.955063677944087266e-02
7.264000000000000909e+02 1.991497605586554226e-02
7.266000000000000227e+02 2.029973979948598850e-02
7.267999999999999545e+02 2.070476138890290849e-02
7.270000000000000000e+02 2.112551421155222167e-02
7.272000000000000455e+02 2.155233761161335151e-02
7.274000000000000909e+02 2.197123258988449915e-02
7.276000000000000227e+02 2.236537841352055980e-02
7.277999999999999545e+02 2.271732020433362906e-02
7.280000000000000000e+02 2.301731783993548122e-02
7.282000000000000455e+02 2.326338905665150530e-02
7.284000000000000909e+02 2.346112552615538249e-02
7.286000000000000227e+02 2.362061928144922746e-02
7.287999999999999545e+02 2.375309242917800212e-02
7.290000000000000000e+02 2.387010492191578639e-02
7.292000000000000455e+02 2.398773365001230506e-02
7.294000000000000909e+02 2.412390387264389674e-02
7.296000000000000227e+02 2.429528592659735073e-02
7.297999999999999545e+02 2.450977720313218117e-02
7.300000000000000000e+02 2.476924671274519790e-02
7.302000000000000455e+02 2.507060794769321033e-02
7.304000000000000909e+02 2.540511942791931141e-02
7.306000000000000227e+02 2.576205599573005989e-02
7.307999999999999545e+02 2.613166155659259887e-02
7.310000000000000000e+02 2.651040281032944479e-02
7.312000000000000455e+02 2.689619626420444373e-02
7.314000000000000909e+02 2.728701833970903490e-02
7.316000000000000227e+02 2.768483939020581833e-02
7.317999999999999545e+02 2.809175673849456309e-02
7.320000000000000000e+02 2.850513716585455909e-02
7.322000000000000455e+02 2.890613337769367200e-02
7.324000000000000909e+02 2.927789773137844109e-02
7.326000000000000227e+02 2.961313318433836383e-02
7.327999999999999545e+02 2.991126756935576225e-02
7.330000000000000000e+02 3.017449155376835876e-02
7.332000000000000455e+02 3.040757194593951204e-02
7.334000000000000909e+02 3.062225041438804141e-02
7.336000000000000227e+02 3.083126732601764591e-02
7.337999999999999545e+02 3.104364096071477938e-02
7.340000000000000000e+02 3.125653183256709572e-02
7.342000000000000455e+02 3.145999932280972577e-02
7.344000000000000909e+02 3.164229198478975269e-02
7.346000000000000227e+02 3.180182926562223622e-02
7.347999999999999545e+02 3.194393272073960816e-02
7.350000000000000000e+02 3.207690220769448403e-02
7.352000000000000455e+02 3.220334321181142490e-02
7.354000000000000909e+02 3.232259719884325588e-02
7.356000000000000227e+02 3.243328227267292668e-02
7.357999999999999545e+02 3.253829761467567222e-02
7.360000000000000000e+02 3.264280128981728035e-02
7.362000000000000455e+02 3.275414608778685899e-02
7.364000000000000909e+02 3.288332322961943360e-02
7.366000000000000227e+02 3.303197957243995952e-02
7.367999999999999545e+02 3.318981613889217253e-02
7.370000000000000000e+02 3.333953516724589422e-02
7.372000000000000455e+02 3.347155394939928946e-02
7.374000000000000909e+02 3.358603711126543351e-02
7.376000000000000227e+02 3.368740835030699377e-02
7.377999999999999545e+02 3.378844715762315681e-02
7.380000000000000000e+02 3.391001330304330152e-02
7.382000000000000455e+02 3.407684210600948199e-02
7.384000000000000909e+02 3.430325834627374199e-02
7.386000000000000227e+02 3.459074069908672777e-02
7.387999999999999545e+02 3.493081629015117734e-02
7.390000000000000000e+02 3.531104648668301899e-02
7.392000000000000455e+02 3.571652443489643780e-02
7.394000000000000909e+02 3.612972516999514438e-02
7.396000000000000227e+02 3.653461491365608133e-02
7.397999999999999545e+02 3.692101426865566915e-02
7.400000000000000000e+02 3.729257345865685802e-02
7.402000000000000455e+02 3.766207877646886304e-02
7.404000000000000909e+02 3.804380903676848891e-02
7.406000000000000227e+02 3.844035157789930240e-02
7.407999999999999545e+02 3.885343263891040400e-02
7.410000000000000000e+02 3.928687493752088672e-02
7.412000000000000455e+02 3.974701972117060389e-02
7.414000000000000909e+02 4.023630033386110111e-02
7.416000000000000227e+02 4.075379044485396424e-02
7.417999999999999545e+02 4.129869397490953248e-02
7.420000000000000000e+02 4.187123472062027202e-02
7.422000000000000455e+02 4.246916645335526569e-02
7.424000000000000909e+02 4.308159075302897545e-02
7.426000000000000227e+02 4.370263617729346767e-02
7.427999999999999545e+02 4.433657264125475533e-02
7.430000000000000000e+02 4.500178099974678353e-02
7.432000000000000455e+02 4.571074458320582845e-02
7.434000000000000909e+02 4.646489675753080750e-02
7.436000000000000227e+02 4.725152076474910257e-02
7.437999999999999545e+02 4.805065846925005851e-02
7.440000000000000000e+02 4.883867024207790702e-02
7.442000000000000455e+02 4.959156820986351105e-02
7.444000000000000909e+02 5.028937543752275141e-02
7.446000000000000227e+02 5.091864208764041583e-02
7.447999999999999545e+02 5.147570835333031142e-02
7.450000000000000000e+02 5.196085288852827361e-02
7.452000000000000455e+02 5.237870708971537059e-02
7.454000000000000909e+02 5.274087814743901037e-02
7.456000000000000227e+02 5.306304567359452357e-02
7.457999999999999545e+02 5.336119708385243798e-02
7.460000000000000000e+02 5.364710042186270067e-02
7.462000000000000455e+02 5.392781168920873086e-02
7.464000000000000909e+02 5.420945800773117884e-02
7.466000000000000227e+02 5.450134757225855164e-02
7.467999999999999545e+02 5.480788007541418511e-02
7.470000000000000000e+02 5.512667723921370333e-02
7.472000000000000455e+02 5.544805799388204809e-02
7.474000000000000909e+02 5.576779895179499041e-02
7.476000000000000227e+02 5.608943629291485850e-02
7.477999999999999545e+02 5.642431315936184688e-02
7.480000000000000000e+02 5.677646566884033547e-02
7.482000000000000455e+02 5.714395532879856798e-02
7.484000000000000909e+02 5.752330525077451601e-02
7.486000000000000227e+02 5.792061490973635790e-02
7.487999999999999545e+02 5.834475329494946683e-02
7.490000000000000000e+02 5.879872827491645221e-02
7.492000000000000455e+02 5.928140164064197443e-02
7.494000000000000909e+02 5.978767959328226689e-02
7.496000000000000227e+02 6.030798679557610592e-02
7.497999999999999545e+02 6.082992075606974414e-02
7.500000000000000000e+02 6.134243375674025556e-02
7.502000000000000455e+02 6.183987311628650480e-02
7.504000000000000909e+02 6.232121160499392437e-02
7.506000000000000227e+02 6.278828936806321592e-02
7.507999999999999545e+02 6.324546260136353071e-02
7.510000000000000000e+02 6.370495826665928396e-02
7.512000000000000455e+02 6.418057194384357844e-02
7.514000000000000909e+02 6.468044373986946149e-02
7.516000000000000227e+02 6.519890187266891290e-02
7.517999999999999545e+02 6.572441196982922729e-02
7.520000000000000000e+02 6.624712513936362179e-02
7.522000000000000455e+02 6.676384759357134602e-02
7.524000000000000909e+02 6.727199314984913525e-02
7.526000000000000227e+02 6.776427814238317193e-02
7.527999999999999545e+02 6.822911239791058791e-02
7.530000000000000000e+02 6.865644346299133727e-02
7.532000000000000455e+02 6.904166505366139683e-02
7.534000000000000909e+02 6.938019426896302466e-02
7.536000000000000227e+02 6.966693532725004578e-02
7.537999999999999545e+02 6.989723895353636141e-02
7.540000000000000000e+02 7.007283826805439653e-02
7.542000000000000455e+02 7.020596247623543673e-02
7.544000000000000909e+02 7.032104149667385562e-02
7.546000000000000227e+02 7.044269943900377529e-02
7.547999999999999545e+02 7.058631242523857874e-02
7.550000000000000000e+02 7.075312106770019482e-02
7.552000000000000455e+02 7.094015069992169742e-02
7.554000000000000909e+02 7.114976264897431013e-02
7.556000000000000227e+02 7.139425039740698864e-02
7.557999999999999545e+02 7.168758969509494983e-02
7.560000000000000000e+02 7.204048454102239540e-02
7.562000000000000455e+02 7.245729945310333542e-02
7.564000000000000909e+02 7.293536490469708367e-02
7.566000000000000227e+02 7.346481135340957036e-02
7.567999999999999545e+02 7.402843171478086515e-02
7.570000000000000000e+02 7.460488088698438713e-02
7.572000000000000455e+02 7.517255026918150118e-02
7.574000000000000909e+02 7.571557027997956324e-02
7.576000000000000227e+02 7.624198004793383832e-02
7.577999999999999545e+02 7.676367761108209009e-02
7.580000000000000000e+02 7.728360773459655442e-02
7.582000000000000455e+02 7.778744477601197416e-02
7.584000000000000909e+02 7.825793739305005048e-02
7.586000000000000227e+02 7.868286848449582149e-02
7.587999999999999545e+02 7.905805447781664996e-02
7.590000000000000000e+02 7.938359087675682380e-02
7.592000000000000455e+02 7.966218895035577507e-02
7.594000000000000909e+02 7.989892034819948141e-02
7.596000000000000227e+02 8.010001966528892958e-02
7.597999999999999545e+02 8.027380549788110109e-02
7.600000000000000000e+02 8.043611268145377247e-02
7.602000000000000455e+02 8.060405322907655823e-02
7.604000000000000909e+02 8.079243039170261320e-02
7.606000000000000227e+02 8.101090893776104196e-02
7.607999999999999545e+02 8.127071141830022327e-02
7.610000000000000000e+02 8.158564994255822211e-02
7.612000000000000455e+02 8.196504326179981925e-02
7.614000000000000909e+02 8.241475028385836232e-02
7.616000000000000227e+02 8.293904694654434528e-02
7.617999999999999545e+02 8.354621911397143441e-02
7.620000000000000000e+02 8.425961038762250221e-02
7.622000000000000455e+02 8.511264770585705297e-02
7.624000000000000909e+02 8.611677085808186471e-02
7.626000000000000227e+02 8.725846680434341807e-02
7.627999999999999545e+02 8.850252440511986729e-02
7.630000000000000000e+02 8.980600180503266194e-02
7.632000000000000455e+02 9.112746065661905814e-02
7.634000000000000909e+02 9.242479244657525461e-02
7.636000000000000227e+02 9.364057816408161150e-02
7.637999999999999545e+02 9.473749001923387203e-02
7.640000000000000000e+02 9.570138523723582813e-02
7.642000000000000455e+02 9.651473606670027405e-02
7.644000000000000909e+02 9.716511710303854521e-02
7.646000000000000227e+02 9.764811625262045935e-02
7.647999999999999545e+02 9.796461948885937243e-02
7.650000000000000000e+02 9.812606852254426859e-02
7.652000000000000455e+02 9.815713139394306730e-02
7.654000000000000909e+02 9.809360965321052561e-02
7.656000000000000227e+02 9.797328943257964384e-02
7.657999999999999545e+02 9.783144864774709348e-02
7.660000000000000000e+02 9.770071331433077821e-02
7.662000000000000455e+02 9.761055300593980688e-02
7.664000000000000909e+02 9.758542915033487086e-02
7.666000000000000227e+02 9.763829037543955702e-02
7.667999999999999545e+02 9.777574529187398056e-02
7.670000000000000000e+02 9.800186968734665716e-02
7.672000000000000455e+02 9.832189272733811436e-02
7.674000000000000909e+02 9.873912911354779109e-02
7.676000000000000227e+02 9.925096164014438060e-02
7.677999999999999545e+02 9.984490592131430031e-02
7.680000000000000000e+02 1.004952451643957578e-01
7.682000000000000455e+02 1.011601351141162147e-01
7.684000000000000909e+02 1.018108693174737261e-01
7.686000000000000227e+02 1.024402816840561115e-01
7.687999999999999545e+02 1.030709374777729614e-01
7.690000000000000000e+02 1.037309018215881451e-01
7.692000000000000455e+02 1.044423884182366508e-01
7.694000000000000909e+02 1.052092720814629401e-01
7.696000000000000227e+02 1.060230038055049590e-01
7.697999999999999545e+02 1.068702430894212796e-01
7.700000000000000000e+02 1.077440709393189811e-01
7.702000000000000455e+02 1.086407365840130756e-01
7.704000000000000909e+02 1.095571230918453987e-01
7.706000000000000227e+02 1.104869525738183811e-01
7.707999999999999545e+02 1.114238305679189356e-01
7.710000000000000000e+02 1.123630604975281722e-01
7.712000000000000455e+02 1.133043956971307303e-01
7.714000000000000909e+02 1.142471000367663719e-01
7.716000000000000227e+02 1.151877603298643027e-01
7.717999999999999545e+02 1.161179656926009385e-01
7.720000000000000000e+02 1.170241723600294326e-01
7.722000000000000455e+02 1.178890860262631485e-01
7.724000000000000909e+02 1.186979324689666077e-01
7.726000000000000227e+02 1.194429444723165840e-01
7.727999999999999545e+02 1.201247187843591524e-01
7.730000000000000000e+02 1.207480858654756684e-01
7.732000000000000455e+02 1.213244922574012313e-01
7.734000000000000909e+02 1.218733622600978866e-01
7.736000000000000227e+02 1.224182790596580334e-01
7.737999999999999545e+02 1.229841021543021523e-01
7.740000000000000000e+02 1.235954625759907166e-01
7.742000000000000455e+02 1.242762748421767649e-01
7.744000000000000909e+02 1.250423569732086737e-01
7.746000000000000227e+02 1.258936641115440680e-01
7.747999999999999545e+02 1.268085895184684897e-01
7.750000000000000000e+02 1.277554465611287771e-01
7.752000000000000455e+02 1.287034078351196320e-01
7.754000000000000909e+02 1.296378409663920261e-01
7.756000000000000227e+02 1.305519514732806918e-01
7.757999999999999545e+02 1.314375202275374077e-01
7.760000000000000000e+02 1.322877256741514240e-01
7.762000000000000455e+02 1.330962048795529817e-01
7.764000000000000909e+02 1.338565528807572624e-01
7.766000000000000227e+02 1.345746075338620507e-01
7.767999999999999545e+02 1.352653278926649605e-01
7.770000000000000000e+02 1.359459688387985588e-01
7.772000000000000455e+02 1.366251049813069218e-01
7.774000000000000909e+02 1.373024326246230498e-01
7.776000000000000227e+02 1.379710735191708448e-01
7.777999999999999545e+02 1.386275670521473491e-01
7.780000000000000000e+02 1.392731234073815716e-01
7.782000000000000455e+02 1.399124765612577426e-01
7.784000000000000909e+02 1.405561904606428547e-01
7.786000000000000227e+02 1.412206679382588537e-01
7.787999999999999545e+02 1.419267856453408361e-01
7.790000000000000000e+02 1.426908486932786102e-01
7.792000000000000455e+02 1.435236575783011836e-01
7.794000000000000909e+02 1.444358179663557951e-01
7.796000000000000227e+02 1.454331306344675279e-01
7.797999999999999545e+02 1.465119595296468513e-01
7.800000000000000000e+02 1.476490175902387680e-01
7.802000000000000455e+02 1.488157469355695928e-01
7.804000000000000909e+02 1.499862508159454377e-01
7.806000000000000227e+02 1.511460320590759243e-01
7.807999999999999545e+02 1.522870949289921449e-01
7.810000000000000000e+02 1.534052531116701368e-01
7.812000000000000455e+02 1.544971282131172852e-01
7.814000000000000909e+02 1.555608129110383486e-01
7.816000000000000227e+02 1.565972618018426354e-01
7.817999999999999545e+02 1.576140240259224223e-01
7.820000000000000000e+02 1.586213727901105153e-01
7.822000000000000455e+02 1.596286283670327599e-01
7.824000000000000909e+02 1.606371780667116556e-01
7.826000000000000227e+02 1.616433265607366276e-01
7.827999999999999545e+02 1.626412695764170580e-01
7.830000000000000000e+02 1.636291751882897882e-01
7.832000000000000455e+02 1.646064271014336944e-01
7.834000000000000909e+02 1.655701666713220999e-01
7.836000000000000227e+02 1.665156263245213819e-01
7.837999999999999545e+02 1.674426099590414496e-01
7.840000000000000000e+02 1.683643049080184861e-01
7.842000000000000455e+02 1.693015240334702354e-01
7.844000000000000909e+02 1.702746722134891033e-01
7.846000000000000227e+02 1.712923419685177806e-01
7.847999999999999545e+02 1.723477394036590227e-01
7.850000000000000000e+02 1.734254555076972792e-01
7.852000000000000455e+02 1.745132968962500031e-01
7.854000000000000909e+02 1.755978086209231404e-01
7.856000000000000227e+02 1.766634431010283002e-01
7.857999999999999545e+02 1.776931583121797997e-01
7.860000000000000000e+02 1.786771942289865911e-01
7.862000000000000455e+02 1.796115670497482053e-01
7.864000000000000909e+02 1.804886924775878088e-01
7.866000000000000227e+02 1.813004753348895215e-01
7.867999999999999545e+02 1.820424259297248604e-01
7.870000000000000000e+02 1.827237353467319469e-01
7.872000000000000455e+02 1.833615299125047060e-01
7.874000000000000909e+02 1.839770137658993665e-01
7.876000000000000227e+02 1.845879403311483369e-01
7.877999999999999545e+02 1.852053194564926286e-01
7.880000000000000000e+02 1.858319541751332071e-01
7.882000000000000455e+02 1.864636191348614525e-01
7.884000000000000909e+02 1.870999722856547809e-01
7.886000000000000227e+02 1.877490286516002860e-01
7.887999999999999545e+02 1.884198203458913590e-01
7.890000000000000000e+02 1.891174229245116967e-01
7.892000000000000455e+02 1.898404206593299337e-01
7.894000000000000909e+02 1.905851184364166784e-01
7.896000000000000227e+02 1.913496039063624921e-01
7.897999999999999545e+02 1.921352299055779089e-01
7.900000000000000000e+02 1.929361653658297204e-01
7.902000000000000455e+02 1.937374877545795793e-01
7.904000000000000909e+02 1.945143939316200665e-01
7.906000000000000227e+02 1.952456108221914122e-01
7.907999999999999545e+02 1.959194956576220947e-01
7.910000000000000000e+02 1.965393496286440833e-01
7.912000000000000455e+02 1.971093220244365951e-01
7.914000000000000909e+02 1.976294243641100734e-01
7.916000000000000227e+02 1.980918590048652561e-01
7.917999999999999545e+02 1.984929964365619859e-01
7.920000000000000000e+02 1.988360438160192978e-01
7.922000000000000455e+02 1.991336327805480200e-01
7.924000000000000909e+02 1.994072859275926590e-01
7.926000000000000227e+02 1.996840258740641694e-01
7.927999999999999545e+02 1.999907566911454382e-01
7.930000000000000000e+02 2.003453112958179794e-01
7.932000000000000455e+02 2.007578358494584159e-01
7.934000000000000909e+02 2.012373637900106149e-01
7.936000000000000227e+02 2.017987616147100260e-01
7.937999999999999545e+02 2.024568060107082845e-01
7.940000000000000000e+02 2.032056406106632906e-01
7.942000000000000455e+02 2.040255962970742021e-01
7.944000000000000909e+02 2.048889223684906558e-01
7.946000000000000227e+02 2.057711065274832052e-01
7.947999999999999545e+02 2.066470931071901496e-01
7.950000000000000000e+02 2.074920104635984142e-01
7.952000000000000455e+02 2.082897341238654221e-01
7.954000000000000909e+02 2.090329551582793266e-01
7.956000000000000227e+02 2.097209699472182554e-01
7.957999999999999545e+02 2.103481150685413970e-01
7.960000000000000000e+02 2.109074441743875594e-01
7.962000000000000455e+02 2.113949907379579218e-01
7.964000000000000909e+02 2.118206767840430660e-01
7.966000000000000227e+02 2.122054978528904734e-01
7.967999999999999545e+02 2.125797658543459867e-01
7.970000000000000000e+02 2.129768893857863776e-01
7.972000000000000455e+02 2.134259711715356389e-01
7.974000000000000909e+02 2.139482549857751326e-01
7.976000000000000227e+02 2.145721578759165471e-01
7.977999999999999545e+02 2.153277728229888999e-01
7.980000000000000000e+02 2.162377746597373140e-01
7.982000000000000455e+02 2.172928798132998662e-01
7.984000000000000909e+02 2.184613730813451116e-01
7.986000000000000227e+02 2.196994236657281163e-01
7.987999999999999545e+02 2.209666616064384637e-01
7.990000000000000000e+02 2.222311931669433138e-01
7.992000000000000455e+02 2.234742770957303115e-01
7.994000000000000909e+02 2.246808164063965052e-01
7.996000000000000227e+02 2.258293304852313499e-01
7.997999999999999545e+02 2.268806578963138976e-01
8.000000000000000000e+02 2.278194136385446600e-01
