4.500000000000000000e+02 2.344335919209742103e-01
4.501999999999999886e+02 2.335487020763739874e-01
4.503999999999999773e+02 2.326782462107253591e-01
4.506000000000000227e+02 2.318214472739450471e-01
4.508000000000000114e+02 2.309780214284052335e-01
4.510000000000000000e+02 2.301424413461419238e-01
4.511999999999999886e+02 2.293071580805372545e-01
4.513999999999999773e+02 2.284673208122715016e-01
4.516000000000000227e+02 2.276172666936472078e-01
4.518000000000000114e+02 2.267633804056095326e-01
4.520000000000000000e+02 2.259236403103571933e-01
4.521999999999999886e+02 2.251083565290497579e-01
4.523999999999999773e+02 2.243156136071643436e-01
4.526000000000000227e+02 2.235406017000601819e-01
4.528000000000000114e+02 2.227843666447871518e-01
4.530000000000000000e+02 2.220394244248820315e-01
4.531999999999999886e+02 2.212974384046738074e-01
4.533999999999999773e+02 2.205522295169457525e-01
4.536000000000000227e+02 2.197963061960235553e-01
4.538000000000000114e+02 2.190299973575918491e-01
4.540000000000000000e+02 2.182564522016373076e-01
4.541999999999999886e+02 2.174745484268990336e-01
4.543999999999999773e+02 2.166834460507415794e-01
4.546000000000000227e+02 2.158812845936744218e-01
4.548000000000000114e+02 2.150697547257154618e-01
4.550000000000000000e+02 2.142651732394992292e-01
4.551999999999999886e+02 2.134742890941887516e-01
4.553999999999999773e+02 2.126954364485502957e-01
4.556000000000000227e+02 2.119270134590371391e-01
4.558000000000000114e+02 2.111733694116194604e-01
4.560000000000000000e+02 2.104385425555816702e-01
4.561999999999999886e+02 2.097245078649958572e-01
4.563999999999999773e+02 2.090346466809152870e-01
4.566000000000000227e+02 2.083698275632883679e-01
4.568000000000000114e+02 2.077311035138174333e-01
4.570000000000000000e+02 2.071212097858635692e-01
4.571999999999999886e+02 2.065334008482588857e-01
4.573999999999999773e+02 2.059592394397072590e-01
4.576000000000000227e+02 2.053916208250929909e-01
4.578000000000000114e+02 2.048221955612896106e-01
4.580000000000000000e+02 2.042453184144595590e-01
4.581999999999999886e+02 2.036585468301145840e-01
4.583999999999999773e+02 2.030621149746396625e-01
4.586000000000000227e+02 2.024578657511467705e-01
4.588000000000000114e+02 2.018494724918228067e-01
4.590000000000000000e+02 2.012401632897872772e-01
4.591999999999999886e+02 2.006280605645507642e-01
4.593999999999999773e+02 2.000148223913819912e-01
4.596000000000000227e+02 1.994034432026311476e-01
4.598000000000000114e+02 1.987952981873051250e-01
4.600000000000000000e+02 1.981955032128213112e-01
4.601999999999999886e+02 1.976036980419738909e-01
4.603999999999999773e+02 1.970124962644873023e-01
4.606000000000000227e+02 1.964141228953783791e-01
4.608000000000000114e+02 1.958026343150978954e-01
4.610000000000000000e+02 1.951770063538948441e-01
4.611999999999999886e+02 1.945405019216947251e-01
4.613999999999999773e+02 1.938854551545053928e-01
4.616000000000000227e+02 1.932080516392902236e-01
4.618000000000000114e+02 1.925153933128919137e-01
4.620000000000000000e+02 1.918235187759861626e-01
4.621999999999999886e+02 1.911418472510818811e-01
4.623999999999999773e+02 1.904785491817811705e-01
4.626000000000000227e+02 1.898471571504715127e-01
4.628000000000000114e+02 1.892582665313335410e-01
4.630000000000000000e+02 1.887192849574955145e-01
4.631999999999999886e+02 1.882340413585680272e-01
4.633999999999999773e+02 1.878021246087274720e-01
4.636000000000000227e+02 1.874257821706173666e-01
4.638000000000000114e+02 1.871045237994133081e-01
4.640000000000000000e+02 1.868300479771430600e-01
4.641999999999999886e+02 1.865930921744121396e-01
4.643999999999999773e+02 1.863869490591763267e-01
4.646000000000000227e+02 1.862062221701367704e-01
4.648000000000000114e+02 1.860417861029908249e-01
4.650000000000000000e+02 1.858815861822641913e-01
4.651999999999999886e+02 1.857142024891003107e-01
4.653999999999999773e+02 1.855315881121247790e-01
4.656000000000000227e+02 1.853275446549042249e-01
4.658000000000000114e+02 1.850992075667264869e-01
4.660000000000000000e+02 1.848483297092318456e-01
4.661999999999999886e+02 1.845817600543738501e-01
4.663999999999999773e+02 1.843044637642962391e-01
4.666000000000000227e+02 1.840215117944536682e-01
4.668000000000000114e+02 1.837413586358468132e-01
4.670000000000000000e+02 1.834764871397747965e-01
4.671999999999999886e+02 1.832402548243868279e-01
4.673999999999999773e+02 1.830417457050721730e-01
4.676000000000000227e+02 1.828797083275877922e-01
4.678000000000000114e+02 1.827559128346306627e-01
4.680000000000000000e+02 1.826742061072363366e-01
4.681999999999999886e+02 1.826365949461270510e-01
4.683999999999999773e+02 1.826402231519273500e-01
4.686000000000000227e+02 1.826818742303111531e-01
4.688000000000000114e+02 1.827595309208131791e-01
4.690000000000000000e+02 1.828715253110725081e-01
4.691999999999999886e+02 1.830150319040304285e-01
4.693999999999999773e+02 1.831872992960719149e-01
4.696000000000000227e+02 1.833858778719927307e-01
4.698000000000000114e+02 1.836043061307662538e-01
4.700000000000000000e+02 1.838340852422338523e-01
4.701999999999999886e+02 1.840690563020726256e-01
4.703999999999999773e+02 1.843117564538864772e-01
4.706000000000000227e+02 1.845714091101322563e-01
4.708000000000000114e+02 1.848555296849637986e-01
4.710000000000000000e+02 1.851645279694837110e-01
4.711999999999999886e+02 1.854976704060534720e-01
4.713999999999999773e+02 1.858566833022756160e-01
4.716000000000000227e+02 1.862456124941465341e-01
4.718000000000000114e+02 1.866684704051908006e-01
4.720000000000000000e+02 1.871293047841067758e-01
4.721999999999999886e+02 1.876271402692883949e-01
4.723999999999999773e+02 1.881531325223999018e-01
4.726000000000000227e+02 1.886967604348580574e-01
4.728000000000000114e+02 1.892455790856744369e-01
4.730000000000000000e+02 1.897892499921221832e-01
4.731999999999999886e+02 1.903266275542774277e-01
4.733999999999999773e+02 1.908588984024772450e-01
4.736000000000000227e+02 1.913909716420151286e-01
4.738000000000000114e+02 1.919321025328046271e-01
4.740000000000000000e+02 1.924900283637523135e-01
4.741999999999999886e+02 1.930777541373322470e-01
4.743999999999999773e+02 1.937109038416026108e-01
4.746000000000000227e+02 1.943988720864998632e-01
4.748000000000000114e+02 1.951495542965949459e-01
4.750000000000000000e+02 1.959696328561702505e-01
4.751999999999999886e+02 1.968648071266093924e-01
4.753999999999999773e+02 1.978427014953664520e-01
4.756000000000000227e+02 1.989142695583691611e-01
4.758000000000000114e+02 2.000854438108245481e-01
4.760000000000000000e+02 2.013438663695097941e-01
4.761999999999999886e+02 2.026759786940133257e-01
4.763999999999999773e+02 2.040681436137053717e-01
4.766000000000000227e+02 2.055081196063543170e-01
4.768000000000000114e+02 2.069946048757505264e-01
4.770000000000000000e+02 2.085148004143012046e-01
4.771999999999999886e+02 2.100500587929842733e-01
4.773999999999999773e+02 2.115973812787159680e-01
4.776000000000000227e+02 2.131551973790081767e-01
4.778000000000000114e+02 2.147240629593943906e-01
4.780000000000000000e+02 2.163104861243429489e-01
4.781999999999999886e+02 2.179304375652237336e-01
4.783999999999999773e+02 2.195908866801439541e-01
4.786000000000000227e+02 2.212955718917150039e-01
4.788000000000000114e+02 2.230618019999175417e-01
4.790000000000000000e+02 2.248949830129772509e-01
4.791999999999999886e+02 2.267953043333539309e-01
4.793999999999999773e+02 2.287591398489867145e-01
4.796000000000000227e+02 2.307581727644503755e-01
4.798000000000000114e+02 2.327751218125711508e-01
4.800000000000000000e+02 2.348058218062061830e-01
4.801999999999999886e+02 2.368447808894672268e-01
4.803999999999999773e+02 2.389002028394023314e-01
4.806000000000000227e+02 2.409755197172957497e-01
4.808000000000000114e+02 2.430619907781901012e-01
4.810000000000000000e+02 2.451650313436586348e-01
4.811999999999999886e+02 2.472902807564049676e-01
4.813999999999999773e+02 2.494388609221857844e-01
4.816000000000000227e+02 2.516098359011779695e-01
4.818000000000000114e+02 2.538123004442148223e-01
4.820000000000000000e+02 2.560479815820616567e-01
4.821999999999999886e+02 2.583062615279638763e-01
4.823999999999999773e+02 2.605930584387799454e-01
4.826000000000000227e+02 2.629122759628553796e-01
4.828000000000000114e+02 2.652678681980256692e-01
4.830000000000000000e+02 2.676726881608969544e-01
4.831999999999999886e+02 2.701168447842145492e-01
4.833999999999999773e+02 2.725922375581262269e-01
4.836000000000000227e+02 2.751046452752069493e-01
4.838000000000000114e+02 2.776476273720935306e-01
4.840000000000000000e+02 2.802207752194810775e-01
4.841999999999999886e+02 2.828210075892229614e-01
4.843999999999999773e+02 2.854254903618974049e-01
4.846000000000000227e+02 2.880311178948451456e-01
4.848000000000000114e+02 2.906426108685775112e-01
4.850000000000000000e+02 2.932637886798108995e-01
4.851999999999999886e+02 2.959077566267372950e-01
4.853999999999999773e+02 2.985971257337426410e-01
4.856000000000000227e+02 3.013486005721942584e-01
4.858000000000000114e+02 3.041565809147370181e-01
4.860000000000000000e+02 3.070355503132314867e-01
4.861999999999999886e+02 3.099998410628486689e-01
4.863999999999999773e+02 3.130556352716312718e-01
4.866000000000000227e+02 3.162282563382837752e-01
4.868000000000000114e+02 3.195239040475720271e-01
4.870000000000000000e+02 3.229422635032686562e-01
4.871999999999999886e+02 3.265067134774732316e-01
4.873999999999999773e+02 3.302285866732249664e-01
4.876000000000000227e+02 3.341084214568413313e-01
4.878000000000000114e+02 3.381461865614808215e-01
4.880000000000000000e+02 3.423571298977635124e-01
4.881999999999999886e+02 3.467267016197436713e-01
4.883999999999999773e+02 3.512297047641748660e-01
4.886000000000000227e+02 3.558688225002582528e-01
4.888000000000000114e+02 3.606256372917053254e-01
4.890000000000000000e+02 3.654895644171764491e-01
4.891999999999999886e+02 3.704627012329362312e-01
4.893999999999999773e+02 3.755095957039139010e-01
4.896000000000000227e+02 3.806208369356373633e-01
4.898000000000000114e+02 3.858037194379109747e-01
4.900000000000000000e+02 3.910510047742360440e-01
4.901999999999999886e+02 3.963878295455486866e-01
4.903999999999999773e+02 4.018237782606130515e-01
4.906000000000000227e+02 4.073431525623063543e-01
4.908000000000000114e+02 4.129731722911128000e-01
4.910000000000000000e+02 4.187341833451123096e-01
4.911999999999999886e+02 4.246337951628328944e-01
4.913999999999999773e+02 4.306822715267183410e-01
4.916000000000000227e+02 4.369088328344750694e-01
4.918000000000000114e+02 4.433143773240160734e-01
4.920000000000000000e+02 4.498708244985759608e-01
4.921999999999999886e+02 4.566020967116535823e-01
4.923999999999999773e+02 4.635125773251366765e-01
4.926000000000000227e+02 4.706021737463065291e-01
4.928000000000000114e+02 4.778998757997979241e-01
4.930000000000000000e+02 4.853802925209682595e-01
4.931999999999999886e+02 4.930356219866439127e-01
4.933999999999999773e+02 5.008968486941801634e-01
4.936000000000000227e+02 5.089597248094673843e-01
4.938000000000000114e+02 5.172522805561909909e-01
4.940000000000000000e+02 5.257961766716900964e-01
4.941999999999999886e+02 5.345521198769066507e-01
4.943999999999999773e+02 5.435413127123346344e-01
4.946000000000000227e+02 5.527862671253315208e-01
4.948000000000000114e+02 5.622767474485240724e-01
4.950000000000000000e+02 5.719986118320683488e-01
4.951999999999999886e+02 5.819789382543647527e-01
4.953999999999999773e+02 5.922325075693570806e-01
4.956000000000000227e+02 6.027019829102642223e-01
4.958000000000000114e+02 6.133887232776523701e-01
4.960000000000000000e+02 6.242768057870983212e-01
4.961999999999999886e+02 6.353154790228057180e-01
4.963999999999999773e+02 6.465034181337288022e-01
4.966000000000000227e+02 6.577631285623110058e-01
4.968000000000000114e+02 6.689986321031690109e-01
4.970000000000000000e+02 6.801871927991525180e-01
4.971999999999999886e+02 6.912620800639663887e-01
4.973999999999999773e+02 7.021351742866950296e-01
4.976000000000000227e+02 7.127287518201965710e-01
4.978000000000000114e+02 7.229973771289531781e-01
4.980000000000000000e+02 7.328311260298957519e-01
4.981999999999999886e+02 7.421151233701117622e-01
4.983999999999999773e+02 7.508122079894083978e-01
4.986000000000000227e+02 7.588568606054596488e-01
4.988000000000000114e+02 7.662073036180677699e-01
4.990000000000000000e+02 7.728505869097070935e-01
4.991999999999999886e+02 7.787310021791922221e-01
4.993999999999999773e+02 7.838432352474947740e-01
4.996000000000000227e+02 7.882154531613942972e-01
4.998000000000000114e+02 7.918687576223779612e-01
5.000000000000000000e+02 7.948517464927674636e-01
5.001999999999999886e+02 7.972134612629657724e-01
5.003999999999999773e+02 7.990020823582463239e-01
5.006000000000000227e+02 8.003008442428294344e-01
5.008000000000000114e+02 8.011971976609625345e-01
5.010000000000000000e+02 8.017735656474401784e-01
5.011999999999999886e+02 8.021057694661017923e-01
5.013999999999999773e+02 8.022630476885075357e-01
5.016000000000000227e+02 8.023127417527181615e-01
5.018000000000000114e+02 8.023226745970223339e-01
5.020000000000000000e+02 8.023599962969851784e-01
5.021999999999999886e+02 8.024794045222666261e-01
5.023999999999999773e+02 8.027174313027662933e-01
5.026000000000000227e+02 8.030897435001950191e-01
5.028000000000000114e+02 8.035984109329578073e-01
5.030000000000000000e+02 8.042406002203577042e-01
5.031999999999999886e+02 8.050090805755251155e-01
5.033999999999999773e+02 8.058848173889314737e-01
5.036000000000000227e+02 8.068466126616901102e-01
5.038000000000000114e+02 8.078668750782511676e-01
5.040000000000000000e+02 8.089070672926281791e-01
5.041999999999999886e+02 8.099330288214712237e-01
5.043999999999999773e+02 8.109178906089107297e-01
5.046000000000000227e+02 8.118411139093031359e-01
5.048000000000000114e+02 8.126842074110169900e-01
5.050000000000000000e+02 8.134249244578451998e-01
5.051999999999999886e+02 8.140374579830379487e-01
5.053999999999999773e+02 8.144964881512316568e-01
5.056000000000000227e+02 8.147894026525719369e-01
5.058000000000000114e+02 8.149110893548994206e-01
5.060000000000000000e+02 8.148592107732341994e-01
5.061999999999999886e+02 8.146299684535583951e-01
5.063999999999999773e+02 8.142141142378266361e-01
5.066000000000000227e+02 8.135992942272016748e-01
5.068000000000000114e+02 8.127762197977272951e-01
5.070000000000000000e+02 8.117522648101170857e-01
5.071999999999999886e+02 8.105487475728418989e-01
5.073999999999999773e+02 8.091916917277367505e-01
5.076000000000000227e+02 8.076967608654445074e-01
5.078000000000000114e+02 8.060873654835819524e-01
5.080000000000000000e+02 8.043915311080949149e-01
5.081999999999999886e+02 8.026371224119575043e-01
5.083999999999999773e+02 8.008636653829752650e-01
5.086000000000000227e+02 7.991069351860312642e-01
5.088000000000000114e+02 7.973998764260245009e-01
5.090000000000000000e+02 7.957892117636108376e-01
5.091999999999999886e+02 7.943085493972630307e-01
5.093999999999999773e+02 7.929840251901186798e-01
5.096000000000000227e+02 7.918432075696082428e-01
5.098000000000000114e+02 7.909038215344681433e-01
5.100000000000000000e+02 7.901782292198177293e-01
5.101999999999999886e+02 7.896735860189721956e-01
5.103999999999999773e+02 7.893880882711475921e-01
5.106000000000000227e+02 7.893244152889307141e-01
5.108000000000000114e+02 7.894883671092249866e-01
5.110000000000000000e+02 7.898856221190646565e-01
5.111999999999999886e+02 7.905249714087783097e-01
5.113999999999999773e+02 7.914083966280066607e-01
5.116000000000000227e+02 7.925299283522890814e-01
5.118000000000000114e+02 7.938830881973176767e-01
5.120000000000000000e+02 7.954617804149874960e-01
5.122000000000000455e+02 7.972712763279012904e-01
5.123999999999999773e+02 7.993304580045310637e-01
5.126000000000000227e+02 8.016345218471165879e-01
5.127999999999999545e+02 8.041764010351974967e-01
5.130000000000000000e+02 8.069499403059555709e-01
5.132000000000000455e+02 8.099376275043715934e-01
5.133999999999999773e+02 8.131446506684543163e-01
5.136000000000000227e+02 8.165735677645491464e-01
5.137999999999999545e+02 8.202046134496828733e-01
5.140000000000000000e+02 8.240421387009840837e-01
5.142000000000000455e+02 8.280958173353322183e-01
5.143999999999999773e+02 8.323729939264433719e-01
5.146000000000000227e+02 8.368836617822825730e-01
5.147999999999999545e+02 8.416456785266215324e-01
5.150000000000000000e+02 8.466544331434715520e-01
5.152000000000000455e+02 8.518724136712918504e-01
5.153999999999999773e+02 8.573084968447672871e-01
5.156000000000000227e+02 8.629638828915986437e-01
5.157999999999999545e+02 8.688291688689641079e-01
5.160000000000000000e+02 8.749210321126476009e-01
5.162000000000000455e+02 8.812118887443982640e-01
5.163999999999999773e+02 8.876724348245301766e-01
5.166000000000000227e+02 8.943071123525347943e-01
5.167999999999999545e+02 9.010913004673800630e-01
5.170000000000000000e+02 9.079862745916078559e-01
5.172000000000000455e+02 9.149577664918296938e-01
5.173999999999999773e+02 9.219873916443439565e-01
5.176000000000000227e+02 9.290003783984767116e-01
5.177999999999999545e+02 9.359252216900758592e-01
5.180000000000000000e+02 9.427372728199179264e-01
5.182000000000000455e+02 9.493746991414734326e-01
5.183999999999999773e+02 9.557865087488812694e-01
5.186000000000000227e+02 9.619280660167621733e-01
5.187999999999999545e+02 9.677190253015087729e-01
5.190000000000000000e+02 9.731183629233988164e-01
5.192000000000000455e+02 9.780942171733861823e-01
5.193999999999999773e+02 9.825985334933025062e-01
5.196000000000000227e+02 9.866140662166447139e-01
5.197999999999999545e+02 9.901090809497996581e-01
5.200000000000000000e+02 9.930482866203910186e-01
5.202000000000000455e+02 9.954440510169650924e-01
5.203999999999999773e+02 9.973137059398996529e-01
5.206000000000000227e+02 9.986782850846029902e-01
5.207999999999999545e+02 9.995656481587087416e-01
5.210000000000000000e+02 9.999992327645492729e-01
5.212000000000000455e+02 1.000000000000000000e+00
5.213999999999999773e+02 9.995901390306880518e-01
5.216000000000000227e+02 9.987976398669679012e-01
5.217999999999999545e+02 9.976545755962142881e-01
5.220000000000000000e+02 9.961880881946458821e-01
5.222000000000000455e+02 9.944181274244969782e-01
5.223999999999999773e+02 9.923761156468728917e-01
5.226000000000000227e+02 9.900955723548149345e-01
5.227999999999999545e+02 9.876157672192417136e-01
5.230000000000000000e+02 9.849923218582740114e-01
5.232000000000000455e+02 9.822706707951461835e-01
5.233999999999999773e+02 9.794760527472492484e-01
5.236000000000000227e+02 9.766212601064223620e-01
5.237999999999999545e+02 9.737514263979569762e-01
5.240000000000000000e+02 9.708978875251804697e-01
5.242000000000000455e+02 9.680718738682403401e-01
5.243999999999999773e+02 9.652827969518851248e-01
5.246000000000000227e+02 9.625239849207871679e-01
5.247999999999999545e+02 9.597982683427166428e-01
5.250000000000000000e+02 9.571269853797074179e-01
5.252000000000000455e+02 9.545023416314289966e-01
5.253999999999999773e+02 9.519170542820459824e-01
5.256000000000000227e+02 9.493613944379406533e-01
5.257999999999999545e+02 9.468031405822486812e-01
5.260000000000000000e+02 9.442283310637274996e-01
5.262000000000000455e+02 9.416265936216718924e-01
5.263999999999999773e+02 9.389789384514495296e-01
5.266000000000000227e+02 9.362733355780031852e-01
5.267999999999999545e+02 9.335031753804630128e-01
5.270000000000000000e+02 9.306572492547118269e-01
5.272000000000000455e+02 9.277090562433143450e-01
5.273999999999999773e+02 9.246505966059526127e-01
5.276000000000000227e+02 9.214747327373989938e-01
5.277999999999999545e+02 9.181672689683132438e-01
5.280000000000000000e+02 9.147383511148815538e-01
5.282000000000000455e+02 9.111862349547263928e-01
5.283999999999999773e+02 9.075075791891371590e-01
5.286000000000000227e+02 9.037297399651122998e-01
5.287999999999999545e+02 8.998652572042818987e-01
5.290000000000000000e+02 8.959300075979781397e-01
5.292000000000000455e+02 8.919508682719227144e-01
5.293999999999999773e+02 8.879304117297591725e-01
5.296000000000000227e+02 8.838982980494407560e-01
5.297999999999999545e+02 8.798973397089455695e-01
5.300000000000000000e+02 8.759373179685994160e-01
5.302000000000000455e+02 8.720282808470194436e-01
5.303999999999999773e+02 8.681745686423484321e-01
5.306000000000000227e+02 8.643661300713143536e-01
5.307999999999999545e+02 8.605804559875930293e-01
5.310000000000000000e+02 8.568257009358275500e-01
5.312000000000000455e+02 8.531218875616820574e-01
5.313999999999999773e+02 8.494563683506402008e-01
5.316000000000000227e+02 8.458297811347547102e-01
5.317999999999999545e+02 8.422396771533291471e-01
5.320000000000000000e+02 8.386771130735939384e-01
5.322000000000000455e+02 8.351677329852259524e-01
5.323999999999999773e+02 8.317250990773454866e-01
5.326000000000000227e+02 8.283532265291518870e-01
5.327999999999999545e+02 8.250723703604935233e-01
5.330000000000000000e+02 8.219053551186857876e-01
5.332000000000000455e+02 8.188722081091756033e-01
5.333999999999999773e+02 8.159949646258647382e-01
5.336000000000000227e+02 8.133169780618988431e-01
5.337999999999999545e+02 8.108520734176025702e-01
5.340000000000000000e+02 8.085873728338347499e-01
5.342000000000000455e+02 8.065103475014984147e-01
5.343999999999999773e+02 8.046049456563211244e-01
5.346000000000000227e+02 8.028617047009241059e-01
5.347999999999999545e+02 8.012785328190162870e-01
5.350000000000000000e+02 7.998413662174317373e-01
5.352000000000000455e+02 7.985477469551615082e-01
5.353999999999999773e+02 7.974024667847813275e-01
5.356000000000000227e+02 7.964034830422044298e-01
5.357999999999999545e+02 7.955621649824038411e-01
5.360000000000000000e+02 7.948958647834624136e-01
5.362000000000000455e+02 7.944205143600603369e-01
5.363999999999999773e+02 7.941478383243759653e-01
5.366000000000000227e+02 7.940752755480621206e-01
5.367999999999999545e+02 7.941928529722103169e-01
5.370000000000000000e+02 7.944955630106101951e-01
5.372000000000000455e+02 7.949742628434600666e-01
5.373999999999999773e+02 7.956204777995112831e-01
5.376000000000000227e+02 7.964306296487828618e-01
5.377999999999999545e+02 7.974063118701056885e-01
5.380000000000000000e+02 7.985469828194108333e-01
5.382000000000000455e+02 7.998435544460661406e-01
5.383999999999999773e+02 8.012758291712757108e-01
5.386000000000000227e+02 8.028349864292743110e-01
5.387999999999999545e+02 8.045026011458092929e-01
5.390000000000000000e+02 8.062437259123633737e-01
5.392000000000000455e+02 8.080308889953672358e-01
5.393999999999999773e+02 8.098362177597293599e-01
5.396000000000000227e+02 8.116360738507700789e-01
5.397999999999999545e+02 8.134177890639038289e-01
5.400000000000000000e+02 8.151593922835792538e-01
5.402000000000000455e+02 8.168409884876891569e-01
5.403999999999999773e+02 8.184536848948780197e-01
5.406000000000000227e+02 8.199982116082775718e-01
5.407999999999999545e+02 8.214575164130173413e-01
5.410000000000000000e+02 8.228058373265957348e-01
5.412000000000000455e+02 8.240294705980287793e-01
5.413999999999999773e+02 8.251179118540257207e-01
5.416000000000000227e+02 8.260619440606308261e-01
5.417999999999999545e+02 8.268509236147916219e-01
5.420000000000000000e+02 8.274675833659571600e-01
5.422000000000000455e+02 8.279078890953638359e-01
5.423999999999999773e+02 8.281773408205516107e-01
5.426000000000000227e+02 8.282809049596431272e-01
5.427999999999999545e+02 8.282317674914051464e-01
5.430000000000000000e+02 8.280433367100752395e-01
5.432000000000000455e+02 8.277223268499604991e-01
5.433999999999999773e+02 8.272647543682596361e-01
5.436000000000000227e+02 8.266614293609757524e-01
5.437999999999999545e+02 8.259037098148734879e-01
5.440000000000000000e+02 8.249869990680477327e-01
5.442000000000000455e+02 8.239008245109707973e-01
5.443999999999999773e+02 8.226417847775325809e-01
5.446000000000000227e+02 8.212138197623791713e-01
5.447999999999999545e+02 8.196082878763303325e-01
5.450000000000000000e+02 8.178275726667031398e-01
5.452000000000000455e+02 8.158848976444081913e-01
5.453999999999999773e+02 8.137973495051622486e-01
5.456000000000000227e+02 8.115898340803040512e-01
5.457999999999999545e+02 8.092533259077843155e-01
5.460000000000000000e+02 8.067612878394403442e-01
5.462000000000000455e+02 8.041628157076062822e-01
5.463999999999999773e+02 8.014203585802351926e-01
5.466000000000000227e+02 7.984705991166327621e-01
5.467999999999999545e+02 7.953447928207557638e-01
5.470000000000000000e+02 7.920549982951983203e-01
5.472000000000000455e+02 7.885998332737372829e-01
5.473999999999999773e+02 7.849877269172178540e-01
5.476000000000000227e+02 7.812601202448158366e-01
5.477999999999999545e+02 7.774495497795295140e-01
5.480000000000000000e+02 7.735663506144739854e-01
5.482000000000000455e+02 7.696290475770488637e-01
5.483999999999999773e+02 7.656375795199686918e-01
5.486000000000000227e+02 7.615827148617142495e-01
5.487999999999999545e+02 7.574824189310633837e-01
5.490000000000000000e+02 7.533440279856403743e-01
5.492000000000000455e+02 7.491637704714662060e-01
5.493999999999999773e+02 7.449386572705296583e-01
5.496000000000000227e+02 7.406833749675475476e-01
5.497999999999999545e+02 7.364088442508617272e-01
5.500000000000000000e+02 7.321073283915112695e-01
5.502000000000000455e+02 7.277749937441609918e-01
5.503999999999999773e+02 7.234222649391710558e-01
5.506000000000000227e+02 7.190656557443985131e-01
5.507999999999999545e+02 7.146888654140634012e-01
5.510000000000000000e+02 7.102697695844845116e-01
5.512000000000000455e+02 7.058051794379107680e-01
5.513999999999999773e+02 7.013380605584916827e-01
5.516000000000000227e+02 6.968965045190275154e-01
5.517999999999999545e+02 6.925003999922514364e-01
5.520000000000000000e+02 6.881806201221262187e-01
5.522000000000000455e+02 6.839461519961315128e-01
5.523999999999999773e+02 6.798100055767124505e-01
5.526000000000000227e+02 6.758027073191638090e-01
5.527999999999999545e+02 6.719232622464800242e-01
5.530000000000000000e+02 6.681611326416883045e-01
5.532000000000000455e+02 6.645116726830585518e-01
5.533999999999999773e+02 6.609835800413395024e-01
5.536000000000000227e+02 6.575660668199407866e-01
5.537999999999999545e+02 6.542320386724201908e-01
5.540000000000000000e+02 6.509643805037872433e-01
5.542000000000000455e+02 6.477667848024064590e-01
5.543999999999999773e+02 6.446436000126164467e-01
5.546000000000000227e+02 6.415754376243693047e-01
5.547999999999999545e+02 6.385362012258641862e-01
5.550000000000000000e+02 6.355149860544169194e-01
5.552000000000000455e+02 6.325238551091073580e-01
5.553999999999999773e+02 6.295626324745845492e-01
5.556000000000000227e+02 6.266347721796184933e-01
5.557999999999999545e+02 6.237507124271380876e-01
5.560000000000000000e+02 6.209134825421885884e-01
5.562000000000000455e+02 6.181480621051365087e-01
5.563999999999999773e+02 6.154891022182643612e-01
5.566000000000000227e+02 6.129423061487598856e-01
5.567999999999999545e+02 6.104974928572522996e-01
5.570000000000000000e+02 6.081432558561657986e-01
5.572000000000000455e+02 6.058774139270682868e-01
5.573999999999999773e+02 6.036854995339057117e-01
5.576000000000000227e+02 6.015525063254099081e-01
5.577999999999999545e+02 5.994746596418992768e-01
5.580000000000000000e+02 5.974644654430875113e-01
5.582000000000000455e+02 5.955297376407873156e-01
5.583999999999999773e+02 5.936665373685777736e-01
5.586000000000000227e+02 5.918669224115088445e-01
5.587999999999999545e+02 5.901275772101245432e-01
5.590000000000000000e+02 5.884476108600414923e-01
5.592000000000000455e+02 5.868215222773017770e-01
5.593999999999999773e+02 5.852500200749437553e-01
5.596000000000000227e+02 5.837306946950219233e-01
5.597999999999999545e+02 5.822494576436807456e-01
5.600000000000000000e+02 5.808096653651855235e-01
5.602000000000000455e+02 5.794212214788528881e-01
5.603999999999999773e+02 5.780910620171694214e-01
5.606000000000000227e+02 5.768245271282521625e-01
5.607999999999999545e+02 5.756279892365407935e-01
5.610000000000000000e+02 5.745066273624332975e-01
5.612000000000000455e+02 5.734554138671849044e-01
5.613999999999999773e+02 5.724631029250234482e-01
5.616000000000000227e+02 5.715145302159861940e-01
5.617999999999999545e+02 5.705924490806594251e-01
5.620000000000000000e+02 5.696799299874443223e-01
5.622000000000000455e+02 5.687625681270490619e-01
5.623999999999999773e+02 5.678323323978082815e-01
5.626000000000000227e+02 5.668977573221258837e-01
5.627999999999999545e+02 5.659733811487037691e-01
5.630000000000000000e+02 5.650707319127656891e-01
5.632000000000000455e+02 5.641927508450720330e-01
5.633999999999999773e+02 5.633432498919190845e-01
5.636000000000000227e+02 5.625290282116243157e-01
5.637999999999999545e+02 5.617549947259724563e-01
5.640000000000000000e+02 5.610304741915035365e-01
5.642000000000000455e+02 5.603663866608219468e-01
5.643999999999999773e+02 5.597681669773431068e-01
5.646000000000000227e+02 5.592405320164421934e-01
5.647999999999999545e+02 5.587856573674973015e-01
5.650000000000000000e+02 5.584008326144087597e-01
5.652000000000000455e+02 5.580826074374426460e-01
5.653999999999999773e+02 5.578244938439600453e-01
5.656000000000000227e+02 5.576131753721783602e-01
5.657999999999999545e+02 5.574217940738478427e-01
5.660000000000000000e+02 5.572182968137857628e-01
5.662000000000000455e+02 5.569726284139895345e-01
5.663999999999999773e+02 5.566661555564056396e-01
5.666000000000000227e+02 5.562860503823019442e-01
5.667999999999999545e+02 5.558212879215870261e-01
5.670000000000000000e+02 5.552600519293708903e-01
5.672000000000000455e+02 5.545995580671518876e-01
5.673999999999999773e+02 5.538430977211640238e-01
5.676000000000000227e+02 5.529961332811014207e-01
5.677999999999999545e+02 5.520678802058079926e-01
5.680000000000000000e+02 5.510698398120461583e-01
5.682000000000000455e+02 5.500154868393746233e-01
5.683999999999999773e+02 5.489218813022835874e-01
5.686000000000000227e+02 5.477955985493695445e-01
5.687999999999999545e+02 5.466319591013969470e-01
5.690000000000000000e+02 5.454273915506887560e-01
5.692000000000000455e+02 5.441885167543120128e-01
5.693999999999999773e+02 5.429244071709082853e-01
5.696000000000000227e+02 5.416318128442662028e-01
5.697999999999999545e+02 5.403001531352772391e-01
5.700000000000000000e+02 5.389226418762358417e-01
5.702000000000000455e+02 5.375036354127387117e-01
5.703999999999999773e+02 5.360425004313599251e-01
5.706000000000000227e+02 5.345346513338823380e-01
5.707999999999999545e+02 5.329761216565723769e-01
5.710000000000000000e+02 5.313743684603969841e-01
5.712000000000000455e+02 5.297340386188068573e-01
5.713999999999999773e+02 5.280586685148459525e-01
5.716000000000000227e+02 5.263669893062645766e-01
5.717999999999999545e+02 5.246767563148915237e-01
5.720000000000000000e+02 5.230063362504604463e-01
5.722000000000000455e+02 5.213805612323738625e-01
5.723999999999999773e+02 5.198073194187869950e-01
5.726000000000000227e+02 5.182832298268355009e-01
5.727999999999999545e+02 5.168030413301474280e-01
5.730000000000000000e+02 5.153677063482189347e-01
5.732000000000000455e+02 5.139708518808984161e-01
5.733999999999999773e+02 5.125946210441489903e-01
5.736000000000000227e+02 5.112254810855694220e-01
5.737999999999999545e+02 5.098559730955010139e-01
5.740000000000000000e+02 5.084801580992024395e-01
5.742000000000000455e+02 5.070831636307823187e-01
5.743999999999999773e+02 5.056508614563205439e-01
5.746000000000000227e+02 5.041772272238297381e-01
5.747999999999999545e+02 5.026695705628868582e-01
5.750000000000000000e+02 5.011268433033831959e-01
5.752000000000000455e+02 4.995458645522735663e-01
5.753999999999999773e+02 4.979280409058084444e-01
5.756000000000000227e+02 4.962707775852634451e-01
5.757999999999999545e+02 4.945786504600597766e-01
5.760000000000000000e+02 4.928645202061184838e-01
5.762000000000000455e+02 4.911292827868057320e-01
5.763999999999999773e+02 4.893686206669153882e-01
5.766000000000000227e+02 4.875807060704077656e-01
5.767999999999999545e+02 4.857762124474424570e-01
5.770000000000000000e+02 4.839631516570535585e-01
5.772000000000000455e+02 4.821424711617690040e-01
5.773999999999999773e+02 4.803092858602355242e-01
5.776000000000000227e+02 4.784760403536146844e-01
5.777999999999999545e+02 4.766509923717960340e-01
5.780000000000000000e+02 4.748236847953112294e-01
5.782000000000000455e+02 4.730072261406881307e-01
5.783999999999999773e+02 4.712100235626145994e-01
5.786000000000000227e+02 4.694256358228678372e-01
5.787999999999999545e+02 4.676625574291440879e-01
5.790000000000000000e+02 4.659152879457107987e-01
5.792000000000000455e+02 4.641659161612199380e-01
5.793999999999999773e+02 4.624131979550594185e-01
5.796000000000000227e+02 4.606426397180617971e-01
5.797999999999999545e+02 4.588404412198907045e-01
5.800000000000000000e+02 4.570229295014487381e-01
5.802000000000000455e+02 4.551958409113670001e-01
5.803999999999999773e+02 4.533666189911204625e-01
5.806000000000000227e+02 4.515579794004523362e-01
5.807999999999999545e+02 4.497730688198401938e-01
5.810000000000000000e+02 4.480056891884487413e-01
5.812000000000000455e+02 4.462510531445280093e-01
5.813999999999999773e+02 4.445139776665768538e-01
5.816000000000000227e+02 4.427848222354430763e-01
5.817999999999999545e+02 4.410442064351702829e-01
5.820000000000000000e+02 4.393021360604371650e-01
5.822000000000000455e+02 4.375633146378206662e-01
5.823999999999999773e+02 4.358287938810773143e-01
5.826000000000000227e+02 4.341128743094029852e-01
5.827999999999999545e+02 4.324058914575835688e-01
5.830000000000000000e+02 4.306915780315080378e-01
5.832000000000000455e+02 4.289693958970562382e-01
5.833999999999999773e+02 4.272231834128168981e-01
5.836000000000000227e+02 4.254454964586620314e-01
5.837999999999999545e+02 4.236489444381452141e-01
5.840000000000000000e+02 4.218228904636987520e-01
5.842000000000000455e+02 4.199649415624591708e-01
5.843999999999999773e+02 4.180905159095302803e-01
5.846000000000000227e+02 4.162117108695524426e-01
5.847999999999999545e+02 4.143383535050121358e-01
5.850000000000000000e+02 4.124852111364589180e-01
5.852000000000000455e+02 4.106824583567618703e-01
5.853999999999999773e+02 4.089413731722711942e-01
5.856000000000000227e+02 4.072622608487954099e-01
5.857999999999999545e+02 4.056500590238356629e-01
5.860000000000000000e+02 4.040929953176402578e-01
5.862000000000000455e+02 4.025818750145605529e-01
5.863999999999999773e+02 4.011220964754734220e-01
5.866000000000000227e+02 3.997010914782365698e-01
5.867999999999999545e+02 3.983103590192342836e-01
5.870000000000000000e+02 3.969494506491212382e-01
5.872000000000000455e+02 3.955954157442647112e-01
5.873999999999999773e+02 3.942332693269632315e-01
5.876000000000000227e+02 3.928591191771910185e-01
5.877999999999999545e+02 3.914628743485892293e-01
5.880000000000000000e+02 3.900339596618275229e-01
5.882000000000000455e+02 3.885688235150899783e-01
5.883999999999999773e+02 3.870784474578599643e-01
5.886000000000000227e+02 3.855714092672872240e-01
5.887999999999999545e+02 3.840652756301319304e-01
5.890000000000000000e+02 3.825922788761496607e-01
5.892000000000000455e+02 3.811530692195215231e-01
5.893999999999999773e+02 3.797438883778546659e-01
5.896000000000000227e+02 3.783711050090199368e-01
5.897999999999999545e+02 3.770349162754098593e-01
5.900000000000000000e+02 3.757437030313191539e-01
5.902000000000000455e+02 3.745090050751240240e-01
5.903999999999999773e+02 3.733196010996939762e-01
5.906000000000000227e+02 3.721760375780054364e-01
5.907999999999999545e+02 3.710839056880212983e-01
5.910000000000000000e+02 3.700302426573768289e-01
5.912000000000000455e+02 3.690060055412219819e-01
5.913999999999999773e+02 3.680034346814075596e-01
5.916000000000000227e+02 3.670089634482652241e-01
5.917999999999999545e+02 3.660028975502764848e-01
5.920000000000000000e+02 3.649678456480895949e-01
5.922000000000000455e+02 3.638924678462123197e-01
5.923999999999999773e+02 3.627629209714373637e-01
5.926000000000000227e+02 3.615778832897221240e-01
5.927999999999999545e+02 3.603489990508532692e-01
5.930000000000000000e+02 3.590828782039454103e-01
5.932000000000000455e+02 3.577988517668309609e-01
5.933999999999999773e+02 3.565191317554862738e-01
5.936000000000000227e+02 3.552429268688098163e-01
5.937999999999999545e+02 3.539736865173042646e-01
5.940000000000000000e+02 3.527152801674455773e-01
5.942000000000000455e+02 3.514643641072599523e-01
5.943999999999999773e+02 3.502345170728085044e-01
5.946000000000000227e+02 3.490327217933072990e-01
5.947999999999999545e+02 3.478459783267375816e-01
5.950000000000000000e+02 3.466762841775437032e-01
5.952000000000000455e+02 3.455253197003307353e-01
5.953999999999999773e+02 3.443863658950288564e-01
5.956000000000000227e+02 3.432480446769514137e-01
5.957999999999999545e+02 3.421078431248162355e-01
5.960000000000000000e+02 3.409699628295991825e-01
5.962000000000000455e+02 3.398329699157030537e-01
5.963999999999999773e+02 3.387033294273917861e-01
5.966000000000000227e+02 3.375861126275270796e-01
5.967999999999999545e+02 3.364714831432963349e-01
5.970000000000000000e+02 3.353614557213612790e-01
5.972000000000000455e+02 3.342578150406891879e-01
5.973999999999999773e+02 3.331525799845571068e-01
5.976000000000000227e+02 3.320512390286151638e-01
5.977999999999999545e+02 3.309546690253239998e-01
5.980000000000000000e+02 3.298526967899808038e-01
5.982000000000000455e+02 3.287417392440290520e-01
5.983999999999999773e+02 3.276139246877813327e-01
5.986000000000000227e+02 3.264567195275207556e-01
5.987999999999999545e+02 3.252626945524765834e-01
5.990000000000000000e+02 3.240347079953493914e-01
5.992000000000000455e+02 3.227771977873937215e-01
5.993999999999999773e+02 3.214842092542642971e-01
5.996000000000000227e+02 3.201670914724711325e-01
5.997999999999999545e+02 3.188385036099306569e-01
6.000000000000000000e+02 3.174957788910812151e-01
6.002000000000000455e+02 3.161424441752925252e-01
6.003999999999999773e+02 3.147771813078058534e-01
6.006000000000000227e+02 3.133928320803466838e-01
6.007999999999999545e+02 3.120062237757120216e-01
6.010000000000000000e+02 3.106278088510759927e-01
6.012000000000000455e+02 3.092577864989686232e-01
6.013999999999999773e+02 3.079092635343964046e-01
6.016000000000000227e+02 3.065788498694695385e-01
6.017999999999999545e+02 3.052511809601639037e-01
6.020000000000000000e+02 3.039194898328226868e-01
6.022000000000000455e+02 3.025780732580355403e-01
6.023999999999999773e+02 3.012228038885977899e-01
6.026000000000000227e+02 2.998542459777410740e-01
6.027999999999999545e+02 2.984817856928531632e-01
6.030000000000000000e+02 2.971077950290205161e-01
6.032000000000000455e+02 2.957215908812497740e-01
6.033999999999999773e+02 2.943261023254583053e-01
6.036000000000000227e+02 2.929212634250190073e-01
6.037999999999999545e+02 2.915039636710236026e-01
6.040000000000000000e+02 2.900926297344768590e-01
6.042000000000000455e+02 2.886983944424688087e-01
6.043999999999999773e+02 2.873255330950516551e-01
6.046000000000000227e+02 2.859877395710213599e-01
6.047999999999999545e+02 2.846835330245179874e-01
6.050000000000000000e+02 2.834075731603379888e-01
6.052000000000000455e+02 2.821672422424517657e-01
6.053999999999999773e+02 2.809545612012057103e-01
6.056000000000000227e+02 2.797599658786648624e-01
6.057999999999999545e+02 2.785833643757917866e-01
6.060000000000000000e+02 2.774188041387077308e-01
6.062000000000000455e+02 2.762606372378764719e-01
6.063999999999999773e+02 2.751086361786188039e-01
6.066000000000000227e+02 2.739712657085883740e-01
6.067999999999999545e+02 2.728507107846359081e-01
6.070000000000000000e+02 2.717449599087118361e-01
6.072000000000000455e+02 2.706623329146479184e-01
6.073999999999999773e+02 2.696021796756718492e-01
6.076000000000000227e+02 2.685605424568883737e-01
6.077999999999999545e+02 2.675414046710251070e-01
6.080000000000000000e+02 2.665313771454709824e-01
6.082000000000000455e+02 2.655144968703383457e-01
6.083999999999999773e+02 2.644850059198580738e-01
6.086000000000000227e+02 2.634246052563204987e-01
6.087999999999999545e+02 2.623212911538386205e-01
6.090000000000000000e+02 2.611769814805419698e-01
6.092000000000000455e+02 2.599886780664446562e-01
6.093999999999999773e+02 2.587578770997895350e-01
6.096000000000000227e+02 2.574887210673011406e-01
6.097999999999999545e+02 2.561737150289252196e-01
6.100000000000000000e+02 2.548022461616293310e-01
6.102000000000000455e+02 2.533701679386949346e-01
6.103999999999999773e+02 2.518896042828179804e-01
6.106000000000000227e+02 2.503645623390479691e-01
6.107999999999999545e+02 2.488045353854144159e-01
6.110000000000000000e+02 2.472379324476025875e-01
6.112000000000000455e+02 2.456767048826724587e-01
6.113999999999999773e+02 2.441355736571609314e-01
6.116000000000000227e+02 2.426403607701236587e-01
6.117999999999999545e+02 2.411976986972885206e-01
6.120000000000000000e+02 2.398160907017538312e-01
6.122000000000000455e+02 2.385072389732892650e-01
6.123999999999999773e+02 2.372633978897630280e-01
6.126000000000000227e+02 2.360870105615102965e-01
6.127999999999999545e+02 2.349876719723484053e-01
6.130000000000000000e+02 2.339623615250403799e-01
6.132000000000000455e+02 2.330101008508956018e-01
6.133999999999999773e+02 2.321280865380237479e-01
6.136000000000000227e+02 2.313044367246824551e-01
6.137999999999999545e+02 2.305246876184169902e-01
6.140000000000000000e+02 2.297773393043456847e-01
6.142000000000000455e+02 2.290566128635903587e-01
6.143999999999999773e+02 2.283577911005832684e-01
6.146000000000000227e+02 2.276780270524511041e-01
6.147999999999999545e+02 2.270142256134998482e-01
6.150000000000000000e+02 2.263553037969500414e-01
6.152000000000000455e+02 2.257006992767696674e-01
6.153999999999999773e+02 2.250566273786571425e-01
6.156000000000000227e+02 2.244173694632001781e-01
6.157999999999999545e+02 2.237813133588442138e-01
6.160000000000000000e+02 2.231460332243447031e-01
6.162000000000000455e+02 2.224986966535496269e-01
6.163999999999999773e+02 2.218302603941444684e-01
6.166000000000000227e+02 2.211317027575931127e-01
6.167999999999999545e+02 2.203895319307588030e-01
6.170000000000000000e+02 2.195888419070078923e-01
6.172000000000000455e+02 2.187243211308642632e-01
6.173999999999999773e+02 2.178028899755606873e-01
6.176000000000000227e+02 2.168312520147989420e-01
6.177999999999999545e+02 2.158271956867200414e-01
6.180000000000000000e+02 2.148161318570167844e-01
6.182000000000000455e+02 2.138135308318194205e-01
6.183999999999999773e+02 2.128353701869562520e-01
6.186000000000000227e+02 2.118896576142753896e-01
6.187999999999999545e+02 2.109631360205485584e-01
6.190000000000000000e+02 2.100578845594615884e-01
6.192000000000000455e+02 2.091815791304791339e-01
6.193999999999999773e+02 2.083344323065456916e-01
6.196000000000000227e+02 2.075192753789541211e-01
6.197999999999999545e+02 2.067304522925845767e-01
6.200000000000000000e+02 2.059508134349053721e-01
6.202000000000000455e+02 2.051710675235109138e-01
6.203999999999999773e+02 2.043861067101493401e-01
6.206000000000000227e+02 2.035913079660740810e-01
6.207999999999999545e+02 2.027782773498728874e-01
6.210000000000000000e+02 2.019384906105197997e-01
6.212000000000000455e+02 2.010624632559716296e-01
6.213999999999999773e+02 2.001382109567105827e-01
6.216000000000000227e+02 1.991676081881131322e-01
6.217999999999999545e+02 1.981610831605483403e-01
6.220000000000000000e+02 1.971308665400668125e-01
6.222000000000000455e+02 1.961011260268310796e-01
6.223999999999999773e+02 1.950908959354855643e-01
6.226000000000000227e+02 1.941079476115692148e-01
6.227999999999999545e+02 1.931786218447975045e-01
6.230000000000000000e+02 1.923201912397424496e-01
6.232000000000000455e+02 1.915330233315729602e-01
6.233999999999999773e+02 1.908176301169064448e-01
6.236000000000000227e+02 1.901723314143161647e-01
6.237999999999999545e+02 1.895929816724852279e-01
6.240000000000000000e+02 1.890733676096025551e-01
6.242000000000000455e+02 1.885973741928090863e-01
6.243999999999999773e+02 1.881474446475311091e-01
6.246000000000000227e+02 1.877161799296023781e-01
6.247999999999999545e+02 1.873011368440800350e-01
6.250000000000000000e+02 1.868971160835065370e-01
6.252000000000000455e+02 1.864930551066502351e-01
6.253999999999999773e+02 1.860845980359907559e-01
6.256000000000000227e+02 1.856656485434088344e-01
6.257999999999999545e+02 1.852244453543062663e-01
6.260000000000000000e+02 1.847468282441970810e-01
6.262000000000000455e+02 1.842138936523095294e-01
6.263999999999999773e+02 1.836101896041808512e-01
6.266000000000000227e+02 1.829422229447123516e-01
6.267999999999999545e+02 1.822182471303743223e-01
6.270000000000000000e+02 1.814484572786518868e-01
6.272000000000000455e+02 1.806504832096168245e-01
6.273999999999999773e+02 1.798359381468360996e-01
6.276000000000000227e+02 1.790121694165780208e-01
6.277999999999999545e+02 1.781847286214305048e-01
6.280000000000000000e+02 1.773543619362592250e-01
6.282000000000000455e+02 1.765236250333906687e-01
6.283999999999999773e+02 1.756995495615980840e-01
6.286000000000000227e+02 1.748882085565099387e-01
6.287999999999999545e+02 1.740880213550347888e-01
6.290000000000000000e+02 1.732952632954008476e-01
6.292000000000000455e+02 1.725217459513163354e-01
6.293999999999999773e+02 1.717677964628910869e-01
6.296000000000000227e+02 1.710256356675716738e-01
6.297999999999999545e+02 1.702941792964579315e-01
6.300000000000000000e+02 1.695690969368034706e-01
6.302000000000000455e+02 1.688441824077395736e-01
6.303999999999999773e+02 1.681128715168580812e-01
6.306000000000000227e+02 1.673595808160634468e-01
6.307999999999999545e+02 1.665763222328536797e-01
6.310000000000000000e+02 1.657710669104951184e-01
6.312000000000000455e+02 1.649529896110087379e-01
6.313999999999999773e+02 1.641327654905338218e-01
6.316000000000000227e+02 1.633256403678166879e-01
6.317999999999999545e+02 1.625571829127527845e-01
6.320000000000000000e+02 1.618451930854176712e-01
6.322000000000000455e+02 1.611972223048679653e-01
6.323999999999999773e+02 1.606140920286897311e-01
6.326000000000000227e+02 1.600847166547529621e-01
6.327999999999999545e+02 1.595936174581324141e-01
6.330000000000000000e+02 1.591287592571982157e-01
6.332000000000000455e+02 1.586711302854193761e-01
6.333999999999999773e+02 1.582065223845466884e-01
6.336000000000000227e+02 1.577315809130449276e-01
6.337999999999999545e+02 1.572355363606024181e-01
6.340000000000000000e+02 1.567083164884706392e-01
6.342000000000000455e+02 1.561443100838546538e-01
6.343999999999999773e+02 1.555401623250964316e-01
6.346000000000000227e+02 1.549021974139261348e-01
6.347999999999999545e+02 1.542420267513842647e-01
6.350000000000000000e+02 1.535635381290399726e-01
6.352000000000000455e+02 1.528694375971344221e-01
6.353999999999999773e+02 1.521655086563843684e-01
6.356000000000000227e+02 1.514630315548657347e-01
6.357999999999999545e+02 1.507672599836850924e-01
6.360000000000000000e+02 1.500880900778407134e-01
6.362000000000000455e+02 1.494462632993172613e-01
6.363999999999999773e+02 1.488500924027941208e-01
6.366000000000000227e+02 1.483024705244860575e-01
6.367999999999999545e+02 1.478045246740268270e-01
6.370000000000000000e+02 1.473522625872225322e-01
6.372000000000000455e+02 1.469461052345270857e-01
6.373999999999999773e+02 1.465884975515682476e-01
6.376000000000000227e+02 1.462710052369751434e-01
6.377999999999999545e+02 1.459808871035641886e-01
6.380000000000000000e+02 1.457013825823009479e-01
6.382000000000000455e+02 1.454108514896139126e-01
6.383999999999999773e+02 1.450955559049245114e-01
6.386000000000000227e+02 1.447496917592777654e-01
6.387999999999999545e+02 1.443727138595886916e-01
6.390000000000000000e+02 1.439614381742527205e-01
6.392000000000000455e+02 1.435097940004371742e-01
6.393999999999999773e+02 1.430110013707693029e-01
6.396000000000000227e+02 1.424652974338807276e-01
6.397999999999999545e+02 1.418824703412319699e-01
6.400000000000000000e+02 1.412748214739378005e-01
6.402000000000000455e+02 1.406380561186402200e-01
6.403999999999999773e+02 1.399745139506537173e-01
6.406000000000000227e+02 1.392906981812997158e-01
6.407999999999999545e+02 1.385843167291060107e-01
6.410000000000000000e+02 1.378597317784751863e-01
6.412000000000000455e+02 1.371242664454867533e-01
6.413999999999999773e+02 1.363833691898990730e-01
6.416000000000000227e+02 1.356526253562545525e-01
6.417999999999999545e+02 1.349447028037759344e-01
6.420000000000000000e+02 1.342628437387139995e-01
6.422000000000000455e+02 1.336163557559166826e-01
6.423999999999999773e+02 1.330159461052547176e-01
6.426000000000000227e+02 1.324691336785998319e-01
6.427999999999999545e+02 1.319743981016392453e-01
6.430000000000000000e+02 1.315221236210278311e-01
6.432000000000000455e+02 1.310953605852275272e-01
6.433999999999999773e+02 1.306712998632328371e-01
6.436000000000000227e+02 1.302329768532913545e-01
6.437999999999999545e+02 1.297674656918620939e-01
6.440000000000000000e+02 1.292632185009985890e-01
6.442000000000000455e+02 1.287242752440710958e-01
6.443999999999999773e+02 1.281596694852437657e-01
6.446000000000000227e+02 1.275755644616094475e-01
6.447999999999999545e+02 1.269826654920136744e-01
6.450000000000000000e+02 1.263913655301879824e-01
6.452000000000000455e+02 1.258092540539222648e-01
6.453999999999999773e+02 1.252418491157774039e-01
6.456000000000000227e+02 1.246897680940992764e-01
6.457999999999999545e+02 1.241522954455853422e-01
6.460000000000000000e+02 1.236362240875250873e-01
6.462000000000000455e+02 1.231459878302935129e-01
6.463999999999999773e+02 1.226810723947116405e-01
6.466000000000000227e+02 1.222369525173277460e-01
6.467999999999999545e+02 1.218190032591496552e-01
6.470000000000000000e+02 1.214351803640352639e-01
6.472000000000000455e+02 1.210887392137634383e-01
6.473999999999999773e+02 1.207829743086924895e-01
6.476000000000000227e+02 1.205167563338000042e-01
6.477999999999999545e+02 1.202839089615805601e-01
6.480000000000000000e+02 1.200813273030087586e-01
6.482000000000000455e+02 1.198983208144508150e-01
6.483999999999999773e+02 1.197161081265672999e-01
6.486000000000000227e+02 1.195168496508745570e-01
6.487999999999999545e+02 1.192892675173573419e-01
6.490000000000000000e+02 1.190293691465909298e-01
6.492000000000000455e+02 1.187396970399810098e-01
6.493999999999999773e+02 1.184243422746805441e-01
6.496000000000000227e+02 1.180894720980915497e-01
6.497999999999999545e+02 1.177431841589968303e-01
6.500000000000000000e+02 1.173851833139844952e-01
6.502000000000000455e+02 1.170048257966129907e-01
6.503999999999999773e+02 1.165854092213838844e-01
6.506000000000000227e+02 1.161256325840040182e-01
6.507999999999999545e+02 1.156333820558031467e-01
6.510000000000000000e+02 1.151241207873601319e-01
6.512000000000000455e+02 1.146237308759411183e-01
6.513999999999999773e+02 1.141448905308154876e-01
6.516000000000000227e+02 1.136871017541720014e-01
6.517999999999999545e+02 1.132476638850972300e-01
6.520000000000000000e+02 1.128247426138289378e-01
6.522000000000000455e+02 1.124206262873525403e-01
6.523999999999999773e+02 1.120424302074984058e-01
6.526000000000000227e+02 1.116838179422261074e-01
6.527999999999999545e+02 1.113339871207780774e-01
6.530000000000000000e+02 1.109849681414048217e-01
6.532000000000000455e+02 1.106289768767219628e-01
6.533999999999999773e+02 1.102573074666206021e-01
6.536000000000000227e+02 1.098617978226990588e-01
6.537999999999999545e+02 1.094401398331705938e-01
6.540000000000000000e+02 1.089863193302849365e-01
6.542000000000000455e+02 1.084929005558284559e-01
6.543999999999999773e+02 1.079605935149295509e-01
6.546000000000000227e+02 1.073855232582554137e-01
6.547999999999999545e+02 1.067656177565821513e-01
6.550000000000000000e+02 1.061106980087638124e-01
6.552000000000000455e+02 1.054282098592996403e-01
6.553999999999999773e+02 1.047256514526234833e-01
6.556000000000000227e+02 1.040133644481300995e-01
6.557999999999999545e+02 1.033000955599028686e-01
6.560000000000000000e+02 1.026024164992784676e-01
6.562000000000000455e+02 1.019444407308636447e-01
6.563999999999999773e+02 1.013383836723083520e-01
6.566000000000000227e+02 1.007905181946006090e-01
6.567999999999999545e+02 1.003002454995065712e-01
6.570000000000000000e+02 9.985376225551353957e-02
6.572000000000000455e+02 9.944269502069094657e-02
6.573999999999999773e+02 9.906780008719094643e-02
6.576000000000000227e+02 9.873771200567094120e-02
6.577999999999999545e+02 9.845952640831512337e-02
6.580000000000000000e+02 9.823946980554282282e-02
6.582000000000000455e+02 9.808369825727460134e-02
6.583999999999999773e+02 9.799183806008227027e-02
6.586000000000000227e+02 9.795804266215046852e-02
6.587999999999999545e+02 9.797222172529880535e-02
6.590000000000000000e+02 9.802191193768025612e-02
6.592000000000000455e+02 9.809227970841989663e-02
6.593999999999999773e+02 9.816464607354247196e-02
6.596000000000000227e+02 9.821379793928092239e-02
6.597999999999999545e+02 9.822120214704144203e-02
6.600000000000000000e+02 9.817755863027355367e-02
6.602000000000000455e+02 9.808112301893946727e-02
6.603999999999999773e+02 9.792949765301954546e-02
6.606000000000000227e+02 9.771873867712596584e-02
6.607999999999999545e+02 9.744423187523514052e-02
6.610000000000000000e+02 9.710344675028814709e-02
6.612000000000000455e+02 9.669976341551851651e-02
6.613999999999999773e+02 9.624304284069673532e-02
6.616000000000000227e+02 9.574051697573435216e-02
6.617999999999999545e+02 9.520415879150968819e-02
6.620000000000000000e+02 9.464964157335974126e-02
6.622000000000000455e+02 9.408382765209069576e-02
6.623999999999999773e+02 9.351948831825664110e-02
6.626000000000000227e+02 9.297435462518811866e-02
6.627999999999999545e+02 9.246179727835898698e-02
6.630000000000000000e+02 9.199614582952113373e-02
6.632000000000000455e+02 9.158904985333003734e-02
6.633999999999999773e+02 9.124464242675456305e-02
6.636000000000000227e+02 9.096709623375270892e-02
6.637999999999999545e+02 9.075591199149772581e-02
6.640000000000000000e+02 9.060327666202878938e-02
6.642000000000000455e+02 9.050370894653281262e-02
6.643999999999999773e+02 9.045066041638046006e-02
6.646000000000000227e+02 9.043233643555165235e-02
6.647999999999999545e+02 9.042556981241192671e-02
6.650000000000000000e+02 9.040378884778202395e-02
6.652000000000000455e+02 9.034166051513355111e-02
6.653999999999999773e+02 9.021946161164187683e-02
6.656000000000000227e+02 9.002410042587057071e-02
6.657999999999999545e+02 8.974759856910551059e-02
6.660000000000000000e+02 8.938541667095697973e-02
6.662000000000000455e+02 8.893797717541089554e-02
6.663999999999999773e+02 8.841116272330742931e-02
6.666000000000000227e+02 8.781852939680598324e-02
6.667999999999999545e+02 8.718893612515901670e-02
6.670000000000000000e+02 8.655078353284850756e-02
6.672000000000000455e+02 8.592510132834872694e-02
6.673999999999999773e+02 8.533325617138269592e-02
6.676000000000000227e+02 8.478935772468740306e-02
6.677999999999999545e+02 8.429955515876684513e-02
6.680000000000000000e+02 8.386704610066608723e-02
6.682000000000000455e+02 8.349183580529004334e-02
6.683999999999999773e+02 8.317283170153609573e-02
6.686000000000000227e+02 8.291157687412652189e-02
6.687999999999999545e+02 8.271549291652097180e-02
6.690000000000000000e+02 8.258703606575917844e-02
6.692000000000000455e+02 8.251331022986524433e-02
6.693999999999999773e+02 8.247376117687293950e-02
6.696000000000000227e+02 8.244487809939071710e-02
6.697999999999999545e+02 8.240234179777182477e-02
6.700000000000000000e+02 8.232099687165597701e-02
6.702000000000000455e+02 8.218262198527520601e-02
6.703999999999999773e+02 8.198134909061649545e-02
6.706000000000000227e+02 8.172878121715572430e-02
6.707999999999999545e+02 8.143675841172104413e-02
6.710000000000000000e+02 8.111371715213602784e-02
6.712000000000000455e+02 8.076605141815075550e-02
6.713999999999999773e+02 8.039537341869418263e-02
6.716000000000000227e+02 8.000110494923320936e-02
6.717999999999999545e+02 7.958535716927070403e-02
6.720000000000000000e+02 7.916335459320712753e-02
6.722000000000000455e+02 7.874975194770762743e-02
6.723999999999999773e+02 7.834825540539894217e-02
6.726000000000000227e+02 7.795364697212237015e-02
6.727999999999999545e+02 7.755775244313806160e-02
6.730000000000000000e+02 7.715499643004475328e-02
6.732000000000000455e+02 7.675067587338098296e-02
6.733999999999999773e+02 7.634800714791412091e-02
6.736000000000000227e+02 7.595010295070202255e-02
6.737999999999999545e+02 7.557040112120518016e-02
6.740000000000000000e+02 7.521560419884408544e-02
6.742000000000000455e+02 7.488512138638662996e-02
6.743999999999999773e+02 7.457431835145614252e-02
6.746000000000000227e+02 7.427570766096099064e-02
6.747999999999999545e+02 7.398570993318606681e-02
6.750000000000000000e+02 7.370958909027038042e-02
6.752000000000000455e+02 7.345773254701956634e-02
6.753999999999999773e+02 7.324050910831107764e-02
6.756000000000000227e+02 7.306657879935569977e-02
6.757999999999999545e+02 7.294481131302765764e-02
6.760000000000000000e+02 7.287230408116290858e-02
6.762000000000000455e+02 7.283254662215243869e-02
6.763999999999999773e+02 7.280134150908296187e-02
6.766000000000000227e+02 7.276451755458855641e-02
6.767999999999999545e+02 7.271673816652872435e-02
6.770000000000000000e+02 7.265448717941801193e-02
6.772000000000000455e+02 7.257305529231615482e-02
6.773999999999999773e+02 7.246760730451017041e-02
6.776000000000000227e+02 7.233232718011239903e-02
6.777999999999999545e+02 7.214860773869141708e-02
6.780000000000000000e+02 7.189754714121156243e-02
6.782000000000000455e+02 7.157065736148018886e-02
6.783999999999999773e+02 7.117911217565327242e-02
6.786000000000000227e+02 7.073709169715231004e-02
6.787999999999999545e+02 7.025582950089215295e-02
6.790000000000000000e+02 6.974489069986195000e-02
6.792000000000000455e+02 6.921292593849304176e-02
6.793999999999999773e+02 6.867018743929009794e-02
6.796000000000000227e+02 6.813149928607720174e-02
6.797999999999999545e+02 6.760721333939849476e-02
6.800000000000000000e+02 6.710614109327334154e-02
6.802000000000000455e+02 6.663940357211849130e-02
6.803999999999999773e+02 6.621605463216928555e-02
6.806000000000000227e+02 6.584802083113501514e-02
6.807999999999999545e+02 6.555021837311514332e-02
6.810000000000000000e+02 6.532548833152616863e-02
6.812000000000000455e+02 6.517422252434466878e-02
6.813999999999999773e+02 6.509546282419609309e-02
6.816000000000000227e+02 6.507784031205127162e-02
6.817999999999999545e+02 6.511067645971452267e-02
6.820000000000000000e+02 6.518626198266773419e-02
6.822000000000000455e+02 6.529730445459500099e-02
6.823999999999999773e+02 6.542789065719226138e-02
6.826000000000000227e+02 6.555770959070413018e-02
6.827999999999999545e+02 6.566822168632170664e-02
6.830000000000000000e+02 6.573954160711965866e-02
6.832000000000000455e+02 6.575308106215656256e-02
6.833999999999999773e+02 6.569729701952937984e-02
6.836000000000000227e+02 6.558241198557120122e-02
6.837999999999999545e+02 6.542363795944031168e-02
6.840000000000000000e+02 6.522884989173378945e-02
6.842000000000000455e+02 6.498811467642863493e-02
6.843999999999999773e+02 6.470021201046559367e-02
6.846000000000000227e+02 6.437681514840641606e-02
6.847999999999999545e+02 6.403306455258683805e-02
6.850000000000000000e+02 6.367882071161155844e-02
6.852000000000000455e+02 6.331852606587309862e-02
6.853999999999999773e+02 6.295617781811430058e-02
6.856000000000000227e+02 6.261920345205776450e-02
6.857999999999999545e+02 6.234709404553943207e-02
6.860000000000000000e+02 6.217456243039836544e-02
6.862000000000000455e+02 6.210565930639652676e-02
6.863999999999999773e+02 6.212548093348910921e-02
6.866000000000000227e+02 6.221017647045499338e-02
6.867999999999999545e+02 6.233767819799865967e-02
6.870000000000000000e+02 6.248442237184233944e-02
6.872000000000000455e+02 6.262602967382120689e-02
6.873999999999999773e+02 6.274226247613762242e-02
6.876000000000000227e+02 6.281675934673415507e-02
6.877999999999999545e+02 6.283661891110402242e-02
6.880000000000000000e+02 6.279247846103647168e-02
6.882000000000000455e+02 6.268058238648491209e-02
6.883999999999999773e+02 6.250341400133792302e-02
6.886000000000000227e+02 6.227042146629660491e-02
6.887999999999999545e+02 6.199732469539470658e-02
6.890000000000000000e+02 6.170006621304864602e-02
6.892000000000000455e+02 6.139086355759645897e-02
6.893999999999999773e+02 6.107727477616875511e-02
6.896000000000000227e+02 6.076648828485640974e-02
6.897999999999999545e+02 6.046478746045327174e-02
6.900000000000000000e+02 6.017233045160759464e-02
6.902000000000000455e+02 5.989549619816858517e-02
6.903999999999999773e+02 5.965017681390379772e-02
6.906000000000000227e+02 5.946097763533601116e-02
6.907999999999999545e+02 5.934849350751955632e-02
6.910000000000000000e+02 5.932211048732369957e-02
6.912000000000000455e+02 5.937353978306539326e-02
6.913999999999999773e+02 5.947634019030843128e-02
6.916000000000000227e+02 5.959098371986108755e-02
6.917999999999999545e+02 5.967326770143593917e-02
6.920000000000000000e+02 5.969889249040433166e-02
6.922000000000000455e+02 5.965960603579267829e-02
6.923999999999999773e+02 5.955783607802776769e-02
6.926000000000000227e+02 5.939772803251009564e-02
6.927999999999999545e+02 5.918227949817753131e-02
6.930000000000000000e+02 5.891218360776105667e-02
6.932000000000000455e+02 5.858492670668977165e-02
6.933999999999999773e+02 5.819631890280296815e-02
6.936000000000000227e+02 5.774071855222877997e-02
6.937999999999999545e+02 5.721305994588669203e-02
6.940000000000000000e+02 5.662481354670285960e-02
6.942000000000000455e+02 5.599151481637285738e-02
6.943999999999999773e+02 5.532393416107247996e-02
6.946000000000000227e+02 5.464041842847525837e-02
6.947999999999999545e+02 5.395639425646313325e-02
6.950000000000000000e+02 5.328204282306914924e-02
6.952000000000000455e+02 5.263426614251229263e-02
6.953999999999999773e+02 5.203024734351744535e-02
6.956000000000000227e+02 5.148869392472615186e-02
6.957999999999999545e+02 5.103590186459606298e-02
6.960000000000000000e+02 5.068161749609376154e-02
6.962000000000000455e+02 5.041650770979722029e-02
6.963999999999999773e+02 5.021752064085924228e-02
6.966000000000000227e+02 5.007232341859278041e-02
6.967999999999999545e+02 4.997688097723419071e-02
6.970000000000000000e+02 4.992951820835794113e-02
6.972000000000000455e+02 4.992423865515580733e-02
6.973999999999999773e+02 4.995174607443605280e-02
6.976000000000000227e+02 5.000012555601306835e-02
6.977999999999999545e+02 5.005374352230477358e-02
6.980000000000000000e+02 5.010042593433537000e-02
6.982000000000000455e+02 5.013645317845137617e-02
6.983999999999999773e+02 5.016163519058113029e-02
6.986000000000000227e+02 5.017314936833917188e-02
6.987999999999999545e+02 5.016283045469972085e-02
6.990000000000000000e+02 5.012632188881211565e-02
6.992000000000000455e+02 5.006544276905441210e-02
6.993999999999999773e+02 4.998950617750382019e-02
6.996000000000000227e+02 4.991331294121763990e-02
6.997999999999999545e+02 4.984709398776510786e-02
7.000000000000000000e+02 4.978981271231609079e-02
7.002000000000000455e+02 4.972931405608083805e-02
7.003999999999999773e+02 4.965266504209436826e-02
7.006000000000000227e+02 4.955262288683977973e-02
7.007999999999999545e+02 4.942943839792121596e-02
7.010000000000000000e+02 4.928950461626154661e-02
7.012000000000000455e+02 4.914295536440598661e-02
7.013999999999999773e+02 4.899347397951655386e-02
7.016000000000000227e+02 4.884190896354769634e-02
7.017999999999999545e+02 4.868975554109960385e-02
7.020000000000000000e+02 4.854513457754551509e-02
7.022000000000000455e+02 4.841721597534701799e-02
7.023999999999999773e+02 4.831232454561136536e-02
7.026000000000000227e+02 4.823028130962029453e-02
7.027999999999999545e+02 4.816723925385693605e-02
7.030000000000000000e+02 4.811822551990036639e-02
7.032000000000000455e+02 4.808264543721658957e-02
7.033999999999999773e+02 4.806499422474344585e-02
7.036000000000000227e+02 4.807423041304139527e-02
7.037999999999999545e+02 4.811912278382533131e-02
7.040000000000000000e+02 4.819931282349727841e-02
7.042000000000000455e+02 4.830273696981282616e-02
7.043999999999999773e+02 4.841285908354268919e-02
7.046000000000000227e+02 4.851658018589838361e-02
7.047999999999999545e+02 4.860514746011262294e-02
7.050000000000000000e+02 4.866480160322347176e-02
7.052000000000000455e+02 4.867469479814676148e-02
7.053999999999999773e+02 4.860819389869623641e-02
7.056000000000000227e+02 4.844133487771105917e-02
7.057999999999999545e+02 4.816213757446639182e-02
7.060000000000000000e+02 4.777334068885685792e-02
7.062000000000000455e+02 4.728842842353995352e-02
7.064000000000000909e+02 4.672675056975696822e-02
7.066000000000000227e+02 4.611077865888582594e-02
7.067999999999999545e+02 4.546189294021014266e-02
7.070000000000000000e+02 4.479395728064600180e-02
7.072000000000000455e+02 4.411538932897679510e-02
7.074000000000000909e+02 4.344323765313572172e-02
7.076000000000000227e+02 4.279231263051763712e-02
7.077999999999999545e+02 4.217186611830780335e-02
7.080000000000000000e+02 4.158748131862535780e-02
7.082000000000000455e+02 4.104305032668070785e-02
7.084000000000000909e+02 4.054265067205457818e-02
7.086000000000000227e+02 4.009411171385916101e-02
7.087999999999999545e+02 3.970332935777420857e-02
7.090000000000000000e+02 3.937457273448857764e-02
7.092000000000000455e+02 3.911652256326052235e-02
7.094000000000000909e+02 3.894301412436863147e-02
7.096000000000000227e+02 3.886732978894163332e-02
7.097999999999999545e+02 3.888646813180058476e-02
7.100000000000000000e+02 3.898899096164566702e-02
7.102000000000000455e+02 3.916077353422550700e-02
7.104000000000000909e+02 3.939297032136828552e-02
7.106000000000000227e+02 3.967102793946369194e-02
7.107999999999999545e+02 3.997533876695843341e-02
7.110000000000000000e+02 4.029062779654372928e-02
7.112000000000000455e+02 4.061204751974478028e-02
7.114000000000000909e+02 4.094177022423330786e-02
7.116000000000000227e+02 4.127803746309120780e-02
7.117999999999999545e+02 4.161858324065758480e-02
7.120000000000000000e+02 4.196071243926340760e-02
7.122000000000000455e+02 4.229896761035901315e-02
7.124000000000000909e+02 4.262092232164461925e-02
7.126000000000000227e+02 4.290946959029284108e-02
7.127999999999999545e+02 4.314929022279540699e-02
7.130000000000000000e+02 4.332709834802554033e-02
7.132000000000000455e+02 4.343199097502671580e-02
7.134000000000000909e+02 4.345739065869708151e-02
7.136000000000000227e+02 4.341382541645186915e-02
7.137999999999999545e+02 4.332394507504436221e-02
7.140000000000000000e+02 4.320817989278308985e-02
7.142000000000000455e+02 4.307469831770441987e-02
7.144000000000000909e+02 4.292246905784413008e-02
7.146000000000000227e+02 4.274964928546733794e-02
7.147999999999999545e+02 4.255550605328534131e-02
7.150000000000000000e+02 4.233767049810337191e-02
7.152000000000000455e+02 4.208774400666490112e-02
7.154000000000000909e+02 4.180891139008038881e-02
7.156000000000000227e+02 4.151720306872228039e-02
7.157999999999999545e+02 4.123873258301584410e-02
7.160000000000000000e+02 4.100053632854437635e-02
7.162000000000000455e+02 4.082573683735401388e-02
7.164000000000000909e+02 4.072799200373159595e-02
7.166000000000000227e+02 4.071208759471784538e-02
7.167999999999999545e+02 4.077472091213437538e-02
7.170000000000000000e+02 4.090451802309080787e-02
7.172000000000000455e+02 4.108677061793451074e-02
7.174000000000000909e+02 4.130532886868669429e-02
7.176000000000000227e+02 4.154404346378134244e-02
7.177999999999999545e+02 4.178857845852706338e-02
7.180000000000000000e+02 4.202587853758717878e-02
7.182000000000000455e+02 4.224307994610045774e-02
7.184000000000000909e+02 4.242608073845892391e-02
7.186000000000000227e+02 4.256277048380176925e-02
7.187999999999999545e+02 4.264728945536896271e-02
7.190000000000000000e+02 4.267331162391166388e-02
7.192000000000000455e+02 4.263191629760042234e-02
7.194000000000000909e+02 4.250943777026877646e-02
7.196000000000000227e+02 4.228412718890990629e-02
7.197999999999999545e+02 4.193653677093580473e-02
7.200000000000000000e+02 4.146458670161137783e-02
7.202000000000000455e+02 4.089562558300455924e-02
7.204000000000000909e+02 4.026906264463844809e-02
7.206000000000000227e+02 3.961803813059612545e-02
7.207999999999999545e+02 3.897946456259730741e-02
7.210000000000000000e+02 3.839739741503531839e-02
7.212000000000000455e+02 3.792147387363756922e-02
7.214000000000000909e+02 3.756795871034037532e-02
7.216000000000000227e+02 3.733348483183359517e-02
7.217999999999999545e+02 3.721113344069860301e-02
7.220000000000000000e+02 3.718776126997833803e-02
7.222000000000000455e+02 3.724293300314755750e-02
7.224000000000000909e+02 3.734991797485313209e-02
7.226000000000000227e+02 3.749710173158623400e-02
7.227999999999999545e+02 3.767826453493392652e-02
7.230000000000000000e+02 3.788162994745888218e-02
7.232000000000000455e+02 3.808946635087950838e-02
7.234000000000000909e+02 3.828701806274561331e-02
7.236000000000000227e+02 3.846869679042980855e-02
7.237999999999999545e+02 3.862170891127809924e-02
7.240000000000000000e+02 3.872914742975393926e-02
7.242000000000000455e+02 3.877568391509152862e-02
7.244000000000000909e+02 3.876049520583418201e-02
7.246000000000000227e+02 3.869366756393365081e-02
7.247999999999999545e+02 3.859323273976068142e-02
7.250000000000000000e+02 3.848204371015523373e-02
7.252000000000000455e+02 3.837823384547465327e-02
7.254000000000000909e+02 3.828798984267020589e-02
7.256000000000000227e+02 3.820875656136255710e-02
7.257999999999999545e+02 3.813732743705434969e-02
7.260000000000000000e+02 3.807384615042635340e-02
7.262000000000000455e+02 3.801237426621584953e-02
7.264000000000000909e+02 3.794572362426956030e-02
7.266000000000000227e+02 3.786815405041291799e-02
7.267999999999999545e+02 3.776852292636453251e-02
7.270000000000000000e+02 3.762759583269543323e-02
7.272000000000000455e+02 3.741887794272015511e-02
7.274000000000000909e+02 3.712584315492231668e-02
7.276000000000000227e+02 3.673785314818055897e-02
7.277999999999999545e+02 3.624915497672201448e-02
7.280000000000000000e+02 3.566935038561049737e-02
7.282000000000000455e+02 3.502668490121309264e-02
7.284000000000000909e+02 3.436484152467665643e-02
7.286000000000000227e+02 3.370969563129946889e-02
7.287999999999999545e+02 3.307940937243804280e-02
7.290000000000000000e+02 3.249131223781452638e-02
7.292000000000000455e+02 3.196303685299111547e-02
7.294000000000000909e+02 3.151038874056866917e-02
7.296000000000000227e+02 3.114660581306822468e-02
7.297999999999999545e+02 3.088512946023449710e-02
7.300000000000000000e+02 3.073262506243149700e-02
7.302000000000000455e+02 3.068441320088717908e-02
7.304000000000000909e+02 3.072353036973453355e-02
7.306000000000000227e+02 3.083153848783682163e-02
7.307999999999999545e+02 3.099387777660246590e-02
7.310000000000000000e+02 3.119996074622667301e-02
7.312000000000000455e+02 3.144124210083808213e-02
7.314000000000000909e+02 3.171166576041693080e-02
7.316000000000000227e+02 3.201258923713420218e-02
7.317999999999999545e+02 3.234407503395331229e-02
7.320000000000000000e+02 3.269905185239373874e-02
7.322000000000000455e+02 3.305721426360049009e-02
7.324000000000000909e+02 3.340255153678321764e-02
7.326000000000000227e+02 3.372928195567612142e-02
7.327999999999999545e+02 3.403420673601401103e-02
7.330000000000000000e+02 3.431360979919889642e-02
7.332000000000000455e+02 3.456499188259552768e-02
7.334000000000000909e+02 3.479697600970784593e-02
7.336000000000000227e+02 3.501436757217494394e-02
7.337999999999999545e+02 3.520940547016335881e-02
7.340000000000000000e+02 3.535297520512446778e-02
7.342000000000000455e+02 3.540794496641787997e-02
7.344000000000000909e+02 3.533810503770890010e-02
7.346000000000000227e+02 3.512205010441617897e-02
7.347999999999999545e+02 3.475664353199346690e-02
7.350000000000000000e+02 3.425724425392016881e-02
7.352000000000000455e+02 3.365379967490964713e-02
7.354000000000000909e+02 3.297889426660723794e-02
7.356000000000000227e+02 3.226184445920014104e-02
7.357999999999999545e+02 3.152319164674043106e-02
7.360000000000000000e+02 3.078980346563536807e-02
7.362000000000000455e+02 3.009871736908047851e-02
7.364000000000000909e+02 2.949253544023384965e-02
7.366000000000000227e+02 2.899663151861199203e-02
7.367999999999999545e+02 2.861408980695259036e-02
7.370000000000000000e+02 2.833246517551739341e-02
7.372000000000000455e+02 2.814605850142529522e-02
7.374000000000000909e+02 2.805538677719899426e-02
7.376000000000000227e+02 2.804882826111341348e-02
7.377999999999999545e+02 2.811554902881572074e-02
7.380000000000000000e+02 2.825100178429654912e-02
7.382000000000000455e+02 2.846033159917058658e-02
7.384000000000000909e+02 2.873613777698271962e-02
7.386000000000000227e+02 2.905573622785681195e-02
7.387999999999999545e+02 2.938908943207113947e-02
7.390000000000000000e+02 2.970985345764718191e-02
7.392000000000000455e+02 2.999458476505157539e-02
7.394000000000000909e+02 3.021485173071929500e-02
7.396000000000000227e+02 3.034692991603985673e-02
7.397999999999999545e+02 3.037581997643299878e-02
7.400000000000000000e+02 3.029941518463557734e-02
7.402000000000000455e+02 3.012538387286430031e-02
7.404000000000000909e+02 2.987070585799297961e-02
7.406000000000000227e+02 2.956278372996649917e-02
7.407999999999999545e+02 2.922747754195431300e-02
7.410000000000000000e+02 2.888483192106082106e-02
7.412000000000000455e+02 2.854506997286138451e-02
7.414000000000000909e+02 2.820498410073593587e-02
7.416000000000000227e+02 2.785637575398049876e-02
7.417999999999999545e+02 2.750292660790552846e-02
7.420000000000000000e+02 2.715386470632820404e-02
7.422000000000000455e+02 2.681491268865391839e-02
7.424000000000000909e+02 2.647588284318337301e-02
7.426000000000000227e+02 2.614055152402951568e-02
7.427999999999999545e+02 2.583132181378441222e-02
7.430000000000000000e+02 2.558745782288236043e-02
7.432000000000000455e+02 2.544317572603925146e-02
7.434000000000000909e+02 2.541963565400656710e-02
7.436000000000000227e+02 2.551633060182358428e-02
7.437999999999999545e+02 2.570727537935712723e-02
7.440000000000000000e+02 2.595270613022375439e-02
7.442000000000000455e+02 2.621741496647309738e-02
7.444000000000000909e+02 2.647568213052802974e-02
7.446000000000000227e+02 2.670834311863537827e-02
7.447999999999999545e+02 2.689796505000412521e-02
7.450000000000000000e+02 2.702832614363480032e-02
7.452000000000000455e+02 2.708648995856262343e-02
7.454000000000000909e+02 2.706649140300456183e-02
7.456000000000000227e+02 2.696918460058955400e-02
7.457999999999999545e+02 2.680389728340496283e-02
7.460000000000000000e+02 2.659183576461137885e-02
7.462000000000000455e+02 2.636150662321041366e-02
7.464000000000000909e+02 2.614300127830407675e-02
7.466000000000000227e+02 2.596121917171581236e-02
7.467999999999999545e+02 2.583123669979640880e-02
7.470000000000000000e+02 2.575917187588495569e-02
7.472000000000000455e+02 2.574485648250809250e-02
7.474000000000000909e+02 2.580236946436742854e-02
7.476000000000000227e+02 2.595740677308522662e-02
7.477999999999999545e+02 2.623936895541431266e-02
7.480000000000000000e+02 2.665567858220301012e-02
7.482000000000000455e+02 2.719561708299465808e-02
7.484000000000000909e+02 2.783624223382553942e-02
7.486000000000000227e+02 2.854409674164240865e-02
7.487999999999999545e+02 2.927502509909091569e-02
7.490000000000000000e+02 2.997401945356471462e-02
7.492000000000000455e+02 3.059276743419033634e-02
7.494000000000000909e+02 3.109431187034615574e-02
7.496000000000000227e+02 3.145863001569036005e-02
7.497999999999999545e+02 3.169294933500682587e-02
7.500000000000000000e+02 3.180961215254701074e-02
7.502000000000000455e+02 3.180572020953015971e-02
7.504000000000000909e+02 3.167834993432785268e-02
7.506000000000000227e+02 3.143625915742889049e-02
7.507999999999999545e+02 3.111021756187748802e-02
7.510000000000000000e+02 3.074745425072211366e-02
7.512000000000000455e+02 3.040034080318994997e-02
7.514000000000000909e+02 3.011559180591378768e-02
7.516000000000000227e+02 2.992042915573836503e-02
7.517999999999999545e+02 2.982931728736452903e-02
7.520000000000000000e+02 2.984952717153179988e-02
7.522000000000000455e+02 2.998303954836514795e-02
7.524000000000000909e+02 3.022726336435441197e-02
7.526000000000000227e+02 3.057383941248404888e-02
7.527999999999999545e+02 3.100254773143334280e-02
7.530000000000000000e+02 3.148279737857426902e-02
7.532000000000000455e+02 3.197467499694878895e-02
7.534000000000000909e+02 3.243402822780167699e-02
7.536000000000000227e+02 3.281749318970268725e-02
7.537999999999999545e+02 3.308646729401615305e-02
7.540000000000000000e+02 3.321040255897143856e-02
7.542000000000000455e+02 3.317639606204051544e-02
7.544000000000000909e+02 3.299596981754330388e-02
7.546000000000000227e+02 3.269378259047898971e-02
7.547999999999999545e+02 3.229026571616235020e-02
7.550000000000000000e+02 3.179149098803812912e-02
7.552000000000000455e+02 3.119656340885669857e-02
7.554000000000000909e+02 3.051248407467804097e-02
7.556000000000000227e+02 2.976291780991146413e-02
7.557999999999999545e+02 2.898165397616971062e-02
7.560000000000000000e+02 2.820518448320601113e-02
7.562000000000000455e+02 2.746744028999621376e-02
7.564000000000000909e+02 2.679289046001829058e-02
7.566000000000000227e+02 2.619739350587353341e-02
7.567999999999999545e+02 2.568805721919941235e-02
7.570000000000000000e+02 2.526272409088112236e-02
7.572000000000000455e+02 2.491645950441986890e-02
7.574000000000000909e+02 2.464769900166462191e-02
7.576000000000000227e+02 2.447072720328977158e-02
7.577999999999999545e+02 2.440192806599137190e-02
7.580000000000000000e+02 2.444748969414993478e-02
7.582000000000000455e+02 2.458233979420412774e-02
7.584000000000000909e+02 2.476917674770583860e-02
7.586000000000000227e+02 2.496900572007171651e-02
7.587999999999999545e+02 2.514622221080261774e-02
7.590000000000000000e+02 2.526957400628499634e-02
7.592000000000000455e+02 2.531422284178198173e-02
7.594000000000000909e+02 2.526787767931109457e-02
7.596000000000000227e+02 2.512690038330315026e-02
7.597999999999999545e+02 2.489424314956842008e-02
7.600000000000000000e+02 2.457683941927993332e-02
7.602000000000000455e+02 2.417982754334633416e-02
7.604000000000000909e+02 2.370764950087196621e-02
7.606000000000000227e+02 2.317847210042326550e-02
7.607999999999999545e+02 2.263155106477475823e-02
7.610000000000000000e+02 2.212337224015810400e-02
7.612000000000000455e+02 2.169920718413565278e-02
7.614000000000000909e+02 2.138148077450314002e-02
7.616000000000000227e+02 2.117509675270041331e-02
7.617999999999999545e+02 2.110463439384122411e-02
7.620000000000000000e+02 2.122969007586168050e-02
7.622000000000000455e+02 2.163077439321470230e-02
7.624000000000000909e+02 2.234111564064469868e-02
7.626000000000000227e+02 2.333822136020667626e-02
7.627999999999999545e+02 2.455258293912120082e-02
7.630000000000000000e+02 2.590529478519108114e-02
7.632000000000000455e+02 2.731280765744001013e-02
7.634000000000000909e+02 2.868553362561920839e-02
7.636000000000000227e+02 2.992213651165003332e-02
7.637999999999999545e+02 3.094811530578110703e-02
7.640000000000000000e+02 3.171931907188394600e-02
7.642000000000000455e+02 3.219428102489618054e-02
7.644000000000000909e+02 3.234243316193340795e-02
7.646000000000000227e+02 3.214832209276845959e-02
7.647999999999999545e+02 3.161349143015289298e-02
7.650000000000000000e+02 3.076248026586491172e-02
7.652000000000000455e+02 2.964421175708673722e-02
7.654000000000000909e+02 2.831917619187368507e-02
7.656000000000000227e+02 2.685050566158038790e-02
7.657999999999999545e+02 2.530332682098630076e-02
7.660000000000000000e+02 2.376141492530811986e-02
7.662000000000000455e+02 2.231127455198192444e-02
7.664000000000000909e+02 2.102849354523317685e-02
7.666000000000000227e+02 1.995838920476454906e-02
7.667999999999999545e+02 1.912249298711151194e-02
7.670000000000000000e+02 1.852169937028299088e-02
7.672000000000000455e+02 1.814324577047922091e-02
7.674000000000000909e+02 1.797527813181134734e-02
7.676000000000000227e+02 1.801639744171230906e-02
7.677999999999999545e+02 1.824972063407962614e-02
7.680000000000000000e+02 1.862480420898430383e-02
7.682000000000000455e+02 1.904133064795616656e-02
7.684000000000000909e+02 1.941684407324281020e-02
7.686000000000000227e+02 1.970607241626378195e-02
7.687999999999999545e+02 1.991762673009381951e-02
7.690000000000000000e+02 2.006667454404953768e-02
7.692000000000000455e+02 2.016721941314293665e-02
7.694000000000000909e+02 2.023175654112464514e-02
7.696000000000000227e+02 2.026565888812251887e-02
7.697999999999999545e+02 2.026767029669812245e-02
7.700000000000000000e+02 2.023239793735471040e-02
7.702000000000000455e+02 2.016294684037776841e-02
7.704000000000000909e+02 2.007269844475298090e-02
7.706000000000000227e+02 1.998429342342835854e-02
7.707999999999999545e+02 1.992298189651314777e-02
7.710000000000000000e+02 1.991436049667046418e-02
7.712000000000000455e+02 1.998260798135323077e-02
7.714000000000000909e+02 2.014545647735356895e-02
7.716000000000000227e+02 2.040943335477504381e-02
7.717999999999999545e+02 2.075902025032219309e-02
7.720000000000000000e+02 2.116198315395394214e-02
7.722000000000000455e+02 2.157571023141059696e-02
7.724000000000000909e+02 2.196605215304513539e-02
7.726000000000000227e+02 2.230539429049930439e-02
7.727999999999999545e+02 2.257336241360551748e-02
7.730000000000000000e+02 2.276376998122364367e-02
7.732000000000000455e+02 2.289141270843512641e-02
7.734000000000000909e+02 2.299195992707649128e-02
7.736000000000000227e+02 2.309255126793991961e-02
7.737999999999999545e+02 2.320625893354178598e-02
7.740000000000000000e+02 2.332954732388353020e-02
7.742000000000000455e+02 2.345116800386413264e-02
7.744000000000000909e+02 2.355692293543943522e-02
7.746000000000000227e+02 2.363087254438144685e-02
7.747999999999999545e+02 2.364664120208554571e-02
7.750000000000000000e+02 2.357698614933766493e-02
7.752000000000000455e+02 2.340435005774166993e-02
7.754000000000000909e+02 2.313012639916705096e-02
7.756000000000000227e+02 2.276645359823042600e-02
7.757999999999999545e+02 2.232777550069048322e-02
7.760000000000000000e+02 2.182625703100514458e-02
7.762000000000000455e+02 2.127523907392580085e-02
7.764000000000000909e+02 2.069373905605297048e-02
7.766000000000000227e+02 2.009502919256833664e-02
7.767999999999999545e+02 1.949021266311382061e-02
7.770000000000000000e+02 1.889580203386598614e-02
7.772000000000000455e+02 1.832810156131991011e-02
7.774000000000000909e+02 1.779505997875687612e-02
7.776000000000000227e+02 1.728308364271191611e-02
7.777999999999999545e+02 1.678450183929397488e-02
7.780000000000000000e+02 1.629923175278361058e-02
7.782000000000000455e+02 1.582648725353695551e-02
7.784000000000000909e+02 1.537161464884155906e-02
7.786000000000000227e+02 1.495012293465689326e-02
7.787999999999999545e+02 1.459361316744410900e-02
7.790000000000000000e+02 1.432124076239874207e-02
7.792000000000000455e+02 1.413546392011819780e-02
7.794000000000000909e+02 1.403549090277709729e-02
7.796000000000000227e+02 1.401927322811888886e-02
7.797999999999999545e+02 1.408300703422497337e-02
7.800000000000000000e+02 1.421794588647366971e-02
7.802000000000000455e+02 1.442449390459317818e-02
7.804000000000000909e+02 1.471598832767822586e-02
7.806000000000000227e+02 1.510597438458488075e-02
7.807999999999999545e+02 1.559960634486959145e-02
7.810000000000000000e+02 1.619019264902551644e-02
7.812000000000000455e+02 1.686618560428241459e-02
7.814000000000000909e+02 1.761558842585158463e-02
7.816000000000000227e+02 1.842940819441741401e-02
7.817999999999999545e+02 1.930823549958533836e-02
7.820000000000000000e+02 2.025142158287526750e-02
7.822000000000000455e+02 2.124608856282168140e-02
7.824000000000000909e+02 2.225132426061816882e-02
7.826000000000000227e+02 2.322315538547326669e-02
7.827999999999999545e+02 2.413518113231067838e-02
7.830000000000000000e+02 2.495911134984065555e-02
7.832000000000000455e+02 2.565577580830709012e-02
7.834000000000000909e+02 2.617083152516212416e-02
7.836000000000000227e+02 2.648165420200790723e-02
7.837999999999999545e+02 2.659909611461823767e-02
7.840000000000000000e+02 2.656584315644746827e-02
7.842000000000000455e+02 2.642558189449831577e-02
7.844000000000000909e+02 2.621212419894423246e-02
7.846000000000000227e+02 2.593885352016228260e-02
7.847999999999999545e+02 2.560822360537348338e-02
7.850000000000000000e+02 2.521915028419441721e-02
7.852000000000000455e+02 2.477597206256836396e-02
7.854000000000000909e+02 2.427727153996307036e-02
7.856000000000000227e+02 2.371566789767184588e-02
7.857999999999999545e+02 2.308272793103198148e-02
7.860000000000000000e+02 2.238269899806845376e-02
7.862000000000000455e+02 2.163321208077803245e-02
7.864000000000000909e+02 2.085881878934325515e-02
7.866000000000000227e+02 2.008052594475370420e-02
7.867999999999999545e+02 1.931685243226787321e-02
7.870000000000000000e+02 1.859722225267058590e-02
7.872000000000000455e+02 1.796554735682674708e-02
7.874000000000000909e+02 1.747432294120132568e-02
7.876000000000000227e+02 1.715602413774659427e-02
7.877999999999999545e+02 1.701283425961190240e-02
7.880000000000000000e+02 1.701530242970123591e-02
7.882000000000000455e+02 1.712231737678053187e-02
7.884000000000000909e+02 1.730815006262632211e-02
7.886000000000000227e+02 1.757179737426911928e-02
7.887999999999999545e+02 1.790976979651592166e-02
7.890000000000000000e+02 1.830625548767752034e-02
7.892000000000000455e+02 1.873158831576020658e-02
7.894000000000000909e+02 1.917097423501932033e-02
7.896000000000000227e+02 1.961778604316419608e-02
7.897999999999999545e+02 2.006427802248234721e-02
7.900000000000000000e+02 2.047589741874188476e-02
7.902000000000000455e+02 2.080907104542401714e-02
7.904000000000000909e+02 2.102889691402137079e-02
7.906000000000000227e+02 2.111873616619468902e-02
7.907999999999999545e+02 2.107455381349434761e-02
7.910000000000000000e+02 2.090030546181332466e-02
7.912000000000000455e+02 2.060790323478240912e-02
7.914000000000000909e+02 2.021385552992688295e-02
7.916000000000000227e+02 1.973678136722768761e-02
7.917999999999999545e+02 1.920617149631229439e-02
7.920000000000000000e+02 1.864414382096116554e-02
7.922000000000000455e+02 1.803251141204417415e-02
7.924000000000000909e+02 1.730574680041845753e-02
7.926000000000000227e+02 1.638871312533142152e-02
7.927999999999999545e+02 1.526697196518582607e-02
7.930000000000000000e+02 1.397260097385985209e-02
7.932000000000000455e+02 1.255936030864574990e-02
7.934000000000000909e+02 1.105946542056580710e-02
7.936000000000000227e+02 9.510607126400373590e-03
7.937999999999999545e+02 7.961141390910650775e-03
7.940000000000000000e+02 6.465597169201739436e-03
7.942000000000000455e+02 5.077107858260739362e-03
7.944000000000000909e+02 3.837941416005636285e-03
7.946000000000000227e+02 2.756172085014467997e-03
7.947999999999999545e+02 1.828061543461576271e-03
7.950000000000000000e+02 1.054513712215413143e-03
7.952000000000000455e+02 4.728974619507650304e-04
7.954000000000000909e+02 1.172286006293328737e-04
7.956000000000000227e+02 0.000000000000000000e+00
7.957999999999999545e+02 1.104212049827762689e-04
7.960000000000000000e+02 4.277761005271783160e-04
7.962000000000000455e+02 9.260673660232530838e-04
7.964000000000000909e+02 1.568317347271652902e-03
7.966000000000000227e+02 2.319777588771759508e-03
7.967999999999999545e+02 3.156805790116705077e-03
7.970000000000000000e+02 4.067877312061459263e-03
7.972000000000000455e+02 5.031315204892789980e-03
7.974000000000000909e+02 6.000748676583714594e-03
7.976000000000000227e+02 6.930074345585237987e-03
7.977999999999999545e+02 7.782582391537412429e-03
7.980000000000000000e+02 8.538074926569013887e-03
7.982000000000000455e+02 9.189075953131857835e-03
7.984000000000000909e+02 9.750399145505425288e-03
7.986000000000000227e+02 1.026847778737578418e-02
7.987999999999999545e+02 1.076439813404857226e-02
7.990000000000000000e+02 1.123413574184470992e-02
7.992000000000000455e+02 1.165605106703960191e-02
7.994000000000000909e+02 1.201659191347073143e-02
7.996000000000000227e+02 1.229691772563774356e-02
7.997999999999999545e+02 1.244769384146647215e-02
8.000000000000000000e+02 1.243157539459463501e-02
