5.500000000000000000e+02 3.051240786060778476e-02
5.502000000000000455e+02 2.908532246668288357e-02
5.503999999999999773e+02 2.766636423237217590e-02
5.506000000000000227e+02 2.626133246179259903e-02
5.507999999999999545e+02 2.486746465094725675e-02
5.510000000000000000e+02 2.348154989304293908e-02
5.512000000000000455e+02 2.210583983313156239e-02
5.513999999999999773e+02 2.075330419116829667e-02
5.516000000000000227e+02 1.943169694263943009e-02
5.517999999999999545e+02 1.814699488781566089e-02
5.520000000000000000e+02 1.691031821446083508e-02
5.522000000000000455e+02 1.572774876239502184e-02
5.523999999999999773e+02 1.460720514791835796e-02
5.526000000000000227e+02 1.356160265453487321e-02
5.527999999999999545e+02 1.259287363732159923e-02
5.530000000000000000e+02 1.169837211946246278e-02
5.532000000000000455e+02 1.087567018901189168e-02
5.533999999999999773e+02 1.012565901988578786e-02
5.536000000000000227e+02 9.444446873713496088e-03
5.537999999999999545e+02 8.823966080700813147e-03
5.540000000000000000e+02 8.257996729034811773e-03
5.542000000000000455e+02 7.743317023631237153e-03
5.543999999999999773e+02 7.276156352586465002e-03
5.546000000000000227e+02 6.848218287217784812e-03
5.547999999999999545e+02 6.450835803840017368e-03
5.550000000000000000e+02 6.078238731739701514e-03
5.552000000000000455e+02 5.728705766665621348e-03
5.553999999999999773e+02 5.399760168338177575e-03
5.556000000000000227e+02 5.089489726929297998e-03
5.557999999999999545e+02 4.797198343240389150e-03
5.560000000000000000e+02 4.523102706910360309e-03
5.562000000000000455e+02 4.271100876578869283e-03
5.563999999999999773e+02 4.046507229605633520e-03
5.566000000000000227e+02 3.850385307448401812e-03
5.567999999999999545e+02 3.680979222352757322e-03
5.570000000000000000e+02 3.534997122577907252e-03
5.572000000000000455e+02 3.408488275650991065e-03
5.573999999999999773e+02 3.296206851360596480e-03
5.576000000000000227e+02 3.193816794674740438e-03
5.577999999999999545e+02 3.099381450696258970e-03
5.580000000000000000e+02 3.012362507543026469e-03
5.582000000000000455e+02 2.931845852618737529e-03
5.583999999999999773e+02 2.856123473474358587e-03
5.586000000000000227e+02 2.783675341392956651e-03
5.587999999999999545e+02 2.713382569844548578e-03
5.590000000000000000e+02 2.644656396413517466e-03
5.592000000000000455e+02 2.577642778273814099e-03
5.593999999999999773e+02 2.513431104001230369e-03
5.596000000000000227e+02 2.453107818933575410e-03
5.597999999999999545e+02 2.396967831743396660e-03
5.600000000000000000e+02 2.346534466421051901e-03
5.602000000000000455e+02 2.303666189508689777e-03
5.603999999999999773e+02 2.269548973652314294e-03
5.606000000000000227e+02 2.243750910451714538e-03
5.607999999999999545e+02 2.224324337954678744e-03
5.610000000000000000e+02 2.208328689105934928e-03
5.612000000000000455e+02 2.193114199191743743e-03
5.613999999999999773e+02 2.175852265431655642e-03
5.616000000000000227e+02 2.153458424083209543e-03
5.617999999999999545e+02 2.122859247330554852e-03
5.620000000000000000e+02 2.082465017223283487e-03
5.622000000000000455e+02 2.031754302733320382e-03
5.623999999999999773e+02 1.970918850619336575e-03
5.626000000000000227e+02 1.902576826484055897e-03
5.627999999999999545e+02 1.830950259001563277e-03
5.630000000000000000e+02 1.760669029088738659e-03
5.632000000000000455e+02 1.694393964035084167e-03
5.633999999999999773e+02 1.633666655876986600e-03
5.636000000000000227e+02 1.579271588579481090e-03
5.637999999999999545e+02 1.531185475738840694e-03
5.640000000000000000e+02 1.489855386042206013e-03
5.642000000000000455e+02 1.456076934089451129e-03
5.643999999999999773e+02 1.430205604453835657e-03
5.646000000000000227e+02 1.411883406451003775e-03
5.647999999999999545e+02 1.400508346966811797e-03
5.650000000000000000e+02 1.395760046138402356e-03
5.652000000000000455e+02 1.397630652009794212e-03
5.653999999999999773e+02 1.405674002795105062e-03
5.656000000000000227e+02 1.418225174744172428e-03
5.657999999999999545e+02 1.431422519555322929e-03
5.660000000000000000e+02 1.440858511992154775e-03
5.662000000000000455e+02 1.443200197123119212e-03
5.663999999999999773e+02 1.438518153388070866e-03
5.666000000000000227e+02 1.428057841054164185e-03
5.667999999999999545e+02 1.412913161452603690e-03
5.670000000000000000e+02 1.393134346782265746e-03
5.672000000000000455e+02 1.370083453340657353e-03
5.673999999999999773e+02 1.345458565297348759e-03
5.676000000000000227e+02 1.319881078697032794e-03
5.677999999999999545e+02 1.292667539491344124e-03
5.680000000000000000e+02 1.263726476187760836e-03
5.682000000000000455e+02 1.234328565125832229e-03
5.683999999999999773e+02 1.205340665458036172e-03
5.686000000000000227e+02 1.176358751244151483e-03
5.687999999999999545e+02 1.146345506129297764e-03
5.690000000000000000e+02 1.115865713878681819e-03
5.692000000000000455e+02 1.086035034430041886e-03
5.693999999999999773e+02 1.057644613151373153e-03
5.696000000000000227e+02 1.030244764865375284e-03
5.697999999999999545e+02 1.002350902070122535e-03
5.700000000000000000e+02 9.722903937695240436e-04
5.702000000000000455e+02 9.389985172516532091e-04
5.703999999999999773e+02 9.021648719246639844e-04
5.706000000000000227e+02 8.617209165125866996e-04
5.707999999999999545e+02 8.176660495191810608e-04
5.710000000000000000e+02 7.705024711811651059e-04
5.712000000000000455e+02 7.205455829231605406e-04
5.713999999999999773e+02 6.682667126629843321e-04
5.716000000000000227e+02 6.157669724098695447e-04
5.717999999999999545e+02 5.666503858811919401e-04
5.720000000000000000e+02 5.245787250530252596e-04
5.722000000000000455e+02 4.910746433730204218e-04
5.723999999999999773e+02 4.649787782421172400e-04
5.726000000000000227e+02 4.445420983046726436e-04
5.727999999999999545e+02 4.291730013677120203e-04
5.730000000000000000e+02 4.182874567514643298e-04
5.732000000000000455e+02 4.110481102038955549e-04
5.733999999999999773e+02 4.067249847078902242e-04
5.736000000000000227e+02 4.062360561832437989e-04
5.737999999999999545e+02 4.107514745958665107e-04
5.740000000000000000e+02 4.210704680753409707e-04
5.742000000000000455e+02 4.373674938389736496e-04
5.743999999999999773e+02 4.586037770095671750e-04
5.746000000000000227e+02 4.826047436625673743e-04
5.747999999999999545e+02 5.064281561298452283e-04
5.750000000000000000e+02 5.276443208593378700e-04
5.752000000000000455e+02 5.445145564237293149e-04
5.753999999999999773e+02 5.561311809301752122e-04
5.756000000000000227e+02 5.629204876396002059e-04
5.757999999999999545e+02 5.657144619248679696e-04
5.760000000000000000e+02 5.653904422767866249e-04
5.762000000000000455e+02 5.634223617350341256e-04
5.763999999999999773e+02 5.613697736986204010e-04
5.766000000000000227e+02 5.604419770354132505e-04
5.767999999999999545e+02 5.609781256503747161e-04
5.770000000000000000e+02 5.631145324182775186e-04
5.772000000000000455e+02 5.671522750677304410e-04
5.773999999999999773e+02 5.736618414166310808e-04
5.776000000000000227e+02 5.819397519034569905e-04
5.777999999999999545e+02 5.908004281965702643e-04
5.780000000000000000e+02 5.996513587352972005e-04
5.782000000000000455e+02 6.094963603897578111e-04
5.783999999999999773e+02 6.209008140578381419e-04
5.786000000000000227e+02 6.328117898779431596e-04
5.787999999999999545e+02 6.428188083070589514e-04
5.790000000000000000e+02 6.491206634706927657e-04
5.792000000000000455e+02 6.507664512796883108e-04
5.793999999999999773e+02 6.465030344485366747e-04
5.796000000000000227e+02 6.345357968488496902e-04
5.797999999999999545e+02 6.137275930912472303e-04
5.800000000000000000e+02 5.855613356601019944e-04
5.802000000000000455e+02 5.535610964554648662e-04
5.803999999999999773e+02 5.219475235063164575e-04
5.806000000000000227e+02 4.943105936985115519e-04
5.807999999999999545e+02 4.726743540604908542e-04
5.810000000000000000e+02 4.580046607204194854e-04
5.812000000000000455e+02 4.504507638374768562e-04
5.813999999999999773e+02 4.490060854838059099e-04
5.816000000000000227e+02 4.514817600178450412e-04
5.817999999999999545e+02 4.548994572951554471e-04
5.820000000000000000e+02 4.566667715569545515e-04
5.822000000000000455e+02 4.556130353219740815e-04
5.823999999999999773e+02 4.517305090738269434e-04
5.826000000000000227e+02 4.451933910667188075e-04
5.827999999999999545e+02 4.350458467815065196e-04
5.830000000000000000e+02 4.197998508008928963e-04
5.832000000000000455e+02 3.984929345223654903e-04
5.833999999999999773e+02 3.716783529918113059e-04
5.836000000000000227e+02 3.405340235307468253e-04
5.837999999999999545e+02 3.060190769519825315e-04
5.840000000000000000e+02 2.682586994438736477e-04
5.842000000000000455e+02 2.287146718507333375e-04
5.843999999999999773e+02 1.906741562585226660e-04
5.846000000000000227e+02 1.574562340444940901e-04
5.847999999999999545e+02 1.317740144298550184e-04
5.850000000000000000e+02 1.162083000261007341e-04
5.852000000000000455e+02 1.142402208514028841e-04
5.853999999999999773e+02 1.274512396058592658e-04
5.856000000000000227e+02 1.544194667060360814e-04
5.857999999999999545e+02 1.903386738495525658e-04
5.860000000000000000e+02 2.313371065316435304e-04
5.862000000000000455e+02 2.739874692169954489e-04
5.863999999999999773e+02 3.147013791671985825e-04
5.866000000000000227e+02 3.511138711049261048e-04
5.867999999999999545e+02 3.821492453903891371e-04
5.870000000000000000e+02 4.074776827681733269e-04
5.872000000000000455e+02 4.256873867447641489e-04
5.873999999999999773e+02 4.359997715730548618e-04
5.876000000000000227e+02 4.389541446765542372e-04
5.877999999999999545e+02 4.363198623835050013e-04
5.880000000000000000e+02 4.279146652396378404e-04
5.882000000000000455e+02 4.123017090040862983e-04
5.883999999999999773e+02 3.890564737661826806e-04
5.886000000000000227e+02 3.609372175786056624e-04
5.887999999999999545e+02 3.323181634376774123e-04
5.890000000000000000e+02 3.069221249242901507e-04
5.892000000000000455e+02 2.843890691600931974e-04
5.893999999999999773e+02 2.633238903200996943e-04
5.896000000000000227e+02 2.435125459316035625e-04
5.897999999999999545e+02 2.267199049077629617e-04
5.900000000000000000e+02 2.146118029692759997e-04
5.902000000000000455e+02 2.082918022943309750e-04
5.903999999999999773e+02 2.092030483522517908e-04
5.906000000000000227e+02 2.190628282067276565e-04
5.907999999999999545e+02 2.387573775367750676e-04
5.910000000000000000e+02 2.666819565094064059e-04
5.912000000000000455e+02 3.004980799705177924e-04
5.913999999999999773e+02 3.379596723408603213e-04
5.916000000000000227e+02 3.773626129159425645e-04
5.917999999999999545e+02 4.169775859225440060e-04
5.920000000000000000e+02 4.549695653438455231e-04
5.922000000000000455e+02 4.893579573908693253e-04
5.923999999999999773e+02 5.178969950836530669e-04
5.926000000000000227e+02 5.377184896719281858e-04
5.927999999999999545e+02 5.459267722320017236e-04
5.930000000000000000e+02 5.417525696173547487e-04
5.932000000000000455e+02 5.259319739666753124e-04
5.933999999999999773e+02 4.998763458338403073e-04
5.936000000000000227e+02 4.646214843486602686e-04
5.937999999999999545e+02 4.216136281477343381e-04
5.940000000000000000e+02 3.726965951695178879e-04
5.942000000000000455e+02 3.200335349763007843e-04
5.943999999999999773e+02 2.667212030740783151e-04
5.946000000000000227e+02 2.147753103322285590e-04
5.947999999999999545e+02 1.642296499592374481e-04
5.950000000000000000e+02 1.167655653753727369e-04
5.952000000000000455e+02 7.502486207545663920e-05
5.953999999999999773e+02 4.159257288331496888e-05
5.956000000000000227e+02 1.733074515760923284e-05
5.957999999999999545e+02 2.979453464065201824e-06
5.960000000000000000e+02 0.000000000000000000e+00
5.962000000000000455e+02 1.114985758945337943e-05
5.963999999999999773e+02 3.943049271219972816e-05
5.966000000000000227e+02 8.706712779347491079e-05
5.967999999999999545e+02 1.543524295293107081e-04
5.970000000000000000e+02 2.395610907014447059e-04
5.972000000000000455e+02 3.404472335907945089e-04
5.973999999999999773e+02 4.547863647125965957e-04
5.976000000000000227e+02 5.766715668563342874e-04
5.977999999999999545e+02 6.996418992170278569e-04
5.980000000000000000e+02 8.181386995167189017e-04
5.982000000000000455e+02 9.259421595849718842e-04
5.983999999999999773e+02 1.018208849062805354e-03
5.986000000000000227e+02 1.092352841315086601e-03
5.987999999999999545e+02 1.148219897791570923e-03
5.990000000000000000e+02 1.185771378593099973e-03
5.992000000000000455e+02 1.204682445031063972e-03
5.993999999999999773e+02 1.204820781470169284e-03
5.996000000000000227e+02 1.188294140847355159e-03
5.997999999999999545e+02 1.158729244353340999e-03
6.000000000000000000e+02 1.120093999554757714e-03
6.002000000000000455e+02 1.075225703325810751e-03
6.003999999999999773e+02 1.026851652459530697e-03
6.006000000000000227e+02 9.784124795706519717e-04
6.007999999999999545e+02 9.342909422321387216e-04
6.010000000000000000e+02 8.975378218414729230e-04
6.012000000000000455e+02 8.695233884525013692e-04
6.013999999999999773e+02 8.514124619155472203e-04
6.016000000000000227e+02 8.429378959689586221e-04
6.017999999999999545e+02 8.424598002991879686e-04
6.020000000000000000e+02 8.477199360272654957e-04
6.022000000000000455e+02 8.573376466701966743e-04
6.023999999999999773e+02 8.706155107818393897e-04
6.026000000000000227e+02 8.870144201056605338e-04
6.027999999999999545e+02 9.056825467090225557e-04
6.030000000000000000e+02 9.256179724877269550e-04
6.032000000000000455e+02 9.458407898876583031e-04
6.033999999999999773e+02 9.655467068265426774e-04
6.036000000000000227e+02 9.855355944923282520e-04
6.037999999999999545e+02 1.008483972891375874e-03
6.040000000000000000e+02 1.037720092844989731e-03
6.042000000000000455e+02 1.077011045971514470e-03
6.043999999999999773e+02 1.129827050760351132e-03
6.046000000000000227e+02 1.198018064157618584e-03
6.047999999999999545e+02 1.282619102967179521e-03
6.050000000000000000e+02 1.382704173508744272e-03
6.052000000000000455e+02 1.493994432407875789e-03
6.053999999999999773e+02 1.612424127486892025e-03
6.056000000000000227e+02 1.734144889626428477e-03
6.057999999999999545e+02 1.855331157214998826e-03
6.060000000000000000e+02 1.973117257237319046e-03
6.062000000000000455e+02 2.084671210647882130e-03
6.063999999999999773e+02 2.186802380418170766e-03
6.066000000000000227e+02 2.276521433911593388e-03
6.067999999999999545e+02 2.353467566788878564e-03
6.070000000000000000e+02 2.419709937815019574e-03
6.072000000000000455e+02 2.477641724285031301e-03
6.073999999999999773e+02 2.530613107002619138e-03
6.076000000000000227e+02 2.581822724177225675e-03
6.077999999999999545e+02 2.632631673309238519e-03
6.080000000000000000e+02 2.683909301936323547e-03
6.082000000000000455e+02 2.736579168992123948e-03
6.083999999999999773e+02 2.791887877468414610e-03
6.086000000000000227e+02 2.851209264170049065e-03
6.087999999999999545e+02 2.915694685742903792e-03
6.090000000000000000e+02 2.986687310595271747e-03
6.092000000000000455e+02 3.067790792258259791e-03
6.093999999999999773e+02 3.159762324774364074e-03
6.096000000000000227e+02 3.259317028512071033e-03
6.097999999999999545e+02 3.361213339332239005e-03
6.100000000000000000e+02 3.459955019428598288e-03
6.102000000000000455e+02 3.549540527769723657e-03
6.103999999999999773e+02 3.622762719843532295e-03
6.106000000000000227e+02 3.675053143409566080e-03
6.107999999999999545e+02 3.705394183666702815e-03
6.110000000000000000e+02 3.716608994972844717e-03
6.112000000000000455e+02 3.713395119877769147e-03
6.113999999999999773e+02 3.701064950446435967e-03
6.116000000000000227e+02 3.685062712455203140e-03
6.117999999999999545e+02 3.671567724446133871e-03
6.120000000000000000e+02 3.666986835621367791e-03
6.122000000000000455e+02 3.677600654577155119e-03
6.123999999999999773e+02 3.709148092483994207e-03
6.126000000000000227e+02 3.765797368226402909e-03
6.127999999999999545e+02 3.850559078147638026e-03
6.130000000000000000e+02 3.966331300085215381e-03
6.132000000000000455e+02 4.114201656312587232e-03
6.133999999999999773e+02 4.293365914730622353e-03
6.136000000000000227e+02 4.501238932633364054e-03
6.137999999999999545e+02 4.733368908102580062e-03
6.140000000000000000e+02 4.983868332238550712e-03
6.142000000000000455e+02 5.246620095252858135e-03
6.143999999999999773e+02 5.519635055905492207e-03
6.146000000000000227e+02 5.799006613362367620e-03
6.147999999999999545e+02 6.078178611868393678e-03
6.150000000000000000e+02 6.355413849175761687e-03
6.152000000000000455e+02 6.629600954571844562e-03
6.153999999999999773e+02 6.900360524027162289e-03
6.156000000000000227e+02 7.170838596582361328e-03
6.157999999999999545e+02 7.441824397743022207e-03
6.160000000000000000e+02 7.713261109616583074e-03
6.162000000000000455e+02 7.987324662138499051e-03
6.163999999999999773e+02 8.263966642203121604e-03
6.166000000000000227e+02 8.542481180483665545e-03
6.167999999999999545e+02 8.822771164545465880e-03
6.170000000000000000e+02 9.102380862806500050e-03
6.172000000000000455e+02 9.378055774251244439e-03
6.173999999999999773e+02 9.648338732416963243e-03
6.176000000000000227e+02 9.918823361147780307e-03
6.177999999999999545e+02 1.019297074846437293e-02
6.180000000000000000e+02 1.047125336345641235e-02
6.182000000000000455e+02 1.075668843767975391e-02
6.183999999999999773e+02 1.104980450589957038e-02
6.186000000000000227e+02 1.134928672073414087e-02
6.187999999999999545e+02 1.165435260374196764e-02
6.190000000000000000e+02 1.196162355723028557e-02
6.192000000000000455e+02 1.226919705294006457e-02
6.193999999999999773e+02 1.257976655723645580e-02
6.196000000000000227e+02 1.289236523703095848e-02
6.197999999999999545e+02 1.320610151964253347e-02
6.200000000000000000e+02 1.352170251073646010e-02
6.202000000000000455e+02 1.383646902337454763e-02
6.203999999999999773e+02 1.414914517402973693e-02
6.206000000000000227e+02 1.446050760271326910e-02
6.207999999999999545e+02 1.476937186900456438e-02
6.210000000000000000e+02 1.507185838517559676e-02
6.212000000000000455e+02 1.536462594076102445e-02
6.213999999999999773e+02 1.564993287515456868e-02
6.216000000000000227e+02 1.592782422434822071e-02
6.217999999999999545e+02 1.619944882513583984e-02
6.220000000000000000e+02 1.647115683183560803e-02
6.222000000000000455e+02 1.674644163098000862e-02
6.223999999999999773e+02 1.702890855532477113e-02
6.226000000000000227e+02 1.732450701710329041e-02
6.227999999999999545e+02 1.763908027189544855e-02
6.230000000000000000e+02 1.797987209710835005e-02
6.232000000000000455e+02 1.835328924020023650e-02
6.233999999999999773e+02 1.875660862727769260e-02
6.236000000000000227e+02 1.919045876258627936e-02
6.237999999999999545e+02 1.965793721932468721e-02
6.240000000000000000e+02 2.015617736412378749e-02
6.242000000000000455e+02 2.068270459501130379e-02
6.243999999999999773e+02 2.123715081409489891e-02
6.246000000000000227e+02 2.182086114870073965e-02
6.247999999999999545e+02 2.242948570227123670e-02
6.250000000000000000e+02 2.305913765846675373e-02
6.252000000000000455e+02 2.370985369421029290e-02
6.253999999999999773e+02 2.437463037662671375e-02
6.256000000000000227e+02 2.504914010242240141e-02
6.257999999999999545e+02 2.573299821189250006e-02
6.260000000000000000e+02 2.641626408066133011e-02
6.262000000000000455e+02 2.709385391005124030e-02
6.263999999999999773e+02 2.776569546294279864e-02
6.266000000000000227e+02 2.842711664415240036e-02
6.267999999999999545e+02 2.908059774818364668e-02
6.270000000000000000e+02 2.973003892496471276e-02
6.272000000000000455e+02 3.037092074845396464e-02
6.273999999999999773e+02 3.100579658999801438e-02
6.276000000000000227e+02 3.163740157905298861e-02
6.277999999999999545e+02 3.226252005403632689e-02
6.280000000000000000e+02 3.288390532682836098e-02
6.282000000000000455e+02 3.350823200210902020e-02
6.283999999999999773e+02 3.414213104595797271e-02
6.286000000000000227e+02 3.478418690884634706e-02
6.287999999999999545e+02 3.543474925379977436e-02
6.290000000000000000e+02 3.609661938660548713e-02
6.292000000000000455e+02 3.676801531197836787e-02
6.293999999999999773e+02 3.745427157222125381e-02
6.296000000000000227e+02 3.816313414941487070e-02
6.297999999999999545e+02 3.889413429383870718e-02
6.300000000000000000e+02 3.965231562520846881e-02
6.302000000000000455e+02 4.043984374356664885e-02
6.303999999999999773e+02 4.124797566577006330e-02
6.306000000000000227e+02 4.207667052884881548e-02
6.307999999999999545e+02 4.292554582332044205e-02
6.310000000000000000e+02 4.378949089041352799e-02
6.312000000000000455e+02 4.467090718892725160e-02
6.313999999999999773e+02 4.557561956914753937e-02
6.316000000000000227e+02 4.650854485247744863e-02
6.317999999999999545e+02 4.746806932524876704e-02
6.320000000000000000e+02 4.845897267417126342e-02
6.322000000000000455e+02 4.948667617195546403e-02
6.323999999999999773e+02 5.054242094257387768e-02
6.326000000000000227e+02 5.162720524693625856e-02
6.327999999999999545e+02 5.274225501181063064e-02
6.330000000000000000e+02 5.387606909457349352e-02
6.332000000000000455e+02 5.502808459406360181e-02
6.333999999999999773e+02 5.619714677893922206e-02
6.336000000000000227e+02 5.737534298680526529e-02
6.337999999999999545e+02 5.856888393271651033e-02
6.340000000000000000e+02 5.977759439621396081e-02
6.342000000000000455e+02 6.099251671772910888e-02
6.343999999999999773e+02 6.222068015773448563e-02
6.346000000000000227e+02 6.346473299623300868e-02
6.347999999999999545e+02 6.472252811160485175e-02
6.350000000000000000e+02 6.599924345939152392e-02
6.352000000000000455e+02 6.729992610790370977e-02
6.353999999999999773e+02 6.862404066496881339e-02
6.356000000000000227e+02 6.996287281477063524e-02
6.357999999999999545e+02 7.132145825114283300e-02
6.360000000000000000e+02 7.270472334190611341e-02
6.362000000000000455e+02 7.410816651134298494e-02
6.363999999999999773e+02 7.554293782096914434e-02
6.366000000000000227e+02 7.701265537769769187e-02
6.367999999999999545e+02 7.850839643487818320e-02
6.370000000000000000e+02 8.003888504299462581e-02
6.372000000000000455e+02 8.160251579900165697e-02
6.373999999999999773e+02 8.318945328388405169e-02
6.376000000000000227e+02 8.480805791875331567e-02
6.377999999999999545e+02 8.645349906442738319e-02
6.380000000000000000e+02 8.811691037958369055e-02
6.382000000000000455e+02 8.980630336596180652e-02
6.383999999999999773e+02 9.151533673435592597e-02
6.386000000000000227e+02 9.323731133244367308e-02
6.387999999999999545e+02 9.498079274007219241e-02
6.390000000000000000e+02 9.675526601071912647e-02
6.392000000000000455e+02 9.855871104850574826e-02
6.393999999999999773e+02 1.003788779673763093e-01
6.396000000000000227e+02 1.022250523313707887e-01
6.397999999999999545e+02 1.040976969395586704e-01
6.400000000000000000e+02 1.059880540269306642e-01
6.402000000000000455e+02 1.079082256990819000e-01
6.403999999999999773e+02 1.098547077580476622e-01
6.406000000000000227e+02 1.118182227368869491e-01
6.407999999999999545e+02 1.138122806526959269e-01
6.410000000000000000e+02 1.158311893931416869e-01
6.412000000000000455e+02 1.178685907912323111e-01
6.413999999999999773e+02 1.199388392604890941e-01
6.416000000000000227e+02 1.220343982742133071e-01
6.417999999999999545e+02 1.241529952158426653e-01
6.420000000000000000e+02 1.263106970770218052e-01
6.422000000000000455e+02 1.285020104318286005e-01
6.423999999999999773e+02 1.307251970619616455e-01
6.426000000000000227e+02 1.329905392703074618e-01
6.427999999999999545e+02 1.353068229570427716e-01
6.430000000000000000e+02 1.376664677506480305e-01
6.432000000000000455e+02 1.400581760894060168e-01
6.433999999999999773e+02 1.424946536269236508e-01
6.436000000000000227e+02 1.449664459015897744e-01
6.437999999999999545e+02 1.474632145310934561e-01
6.440000000000000000e+02 1.500033850187994233e-01
6.442000000000000455e+02 1.525787445253533048e-01
6.443999999999999773e+02 1.551848137920078252e-01
6.446000000000000227e+02 1.578397933366918193e-01
6.447999999999999545e+02 1.605329839234198863e-01
6.450000000000000000e+02 1.632650467093921531e-01
6.452000000000000455e+02 1.660545691553523273e-01
6.453999999999999773e+02 1.688873164742238919e-01
6.456000000000000227e+02 1.717558878272801015e-01
6.457999999999999545e+02 1.746680823176708364e-01
6.460000000000000000e+02 1.776337686324231113e-01
6.462000000000000455e+02 1.806428194589336234e-01
6.463999999999999773e+02 1.836856603462578008e-01
6.466000000000000227e+02 1.867811848773946182e-01
6.467999999999999545e+02 1.899181028749544753e-01
6.470000000000000000e+02 1.930895021773367248e-01
6.472000000000000455e+02 1.963190875237053323e-01
6.473999999999999773e+02 1.995936886627912021e-01
6.476000000000000227e+02 2.029103447363075907e-01
6.477999999999999545e+02 2.062888277525568026e-01
6.480000000000000000e+02 2.097069124459018663e-01
6.482000000000000455e+02 2.131619956549944683e-01
6.483999999999999773e+02 2.166683184700534393e-01
6.486000000000000227e+02 2.201968360593652141e-01
6.487999999999999545e+02 2.237482144963635622e-01
6.490000000000000000e+02 2.273365407614842126e-01
6.492000000000000455e+02 2.309415493327966196e-01
6.493999999999999773e+02 2.345606442374449097e-01
6.496000000000000227e+02 2.382038954854980572e-01
6.497999999999999545e+02 2.418773551712988801e-01
6.500000000000000000e+02 2.455611598480675339e-01
6.502000000000000455e+02 2.492499901646559601e-01
6.503999999999999773e+02 2.529638133492034813e-01
6.506000000000000227e+02 2.566786203155047574e-01
6.507999999999999545e+02 2.603938629573462338e-01
6.510000000000000000e+02 2.641359732817472050e-01
6.512000000000000455e+02 2.678893883122513420e-01
6.513999999999999773e+02 2.716638596180794840e-01
6.516000000000000227e+02 2.754786985373926522e-01
6.517999999999999545e+02 2.793090370160705160e-01
6.520000000000000000e+02 2.831687727713489977e-01
6.522000000000000455e+02 2.870765497707934433e-01
6.523999999999999773e+02 2.910115824758864878e-01
6.526000000000000227e+02 2.949931715683338784e-01
6.527999999999999545e+02 2.990346190445560270e-01
6.530000000000000000e+02 3.031150254047266790e-01
6.532000000000000455e+02 3.072376370130991408e-01
6.533999999999999773e+02 3.114138104119666406e-01
6.536000000000000227e+02 3.156460070401677087e-01
6.537999999999999545e+02 3.199079675361534147e-01
6.540000000000000000e+02 3.242032505631817219e-01
6.542000000000000455e+02 3.285489786738702844e-01
6.543999999999999773e+02 3.329142188410047498e-01
6.546000000000000227e+02 3.373062277669166553e-01
6.547999999999999545e+02 3.417371649785103660e-01
6.550000000000000000e+02 3.461708814869258743e-01
6.552000000000000455e+02 3.506210247296422944e-01
6.553999999999999773e+02 3.550976185364427828e-01
6.556000000000000227e+02 3.595697840580228677e-01
6.557999999999999545e+02 3.640577213176452998e-01
6.560000000000000000e+02 3.685654887590381068e-01
6.562000000000000455e+02 3.730665754716722127e-01
6.563999999999999773e+02 3.775893469329593133e-01
6.566000000000000227e+02 3.821376893431390198e-01
6.567999999999999545e+02 3.866893815501180054e-01
6.570000000000000000e+02 3.912555608786004169e-01
6.572000000000000455e+02 3.958554529530355914e-01
6.573999999999999773e+02 4.004938468994124201e-01
6.576000000000000227e+02 4.051450085599468953e-01
6.577999999999999545e+02 4.098264361359930108e-01
6.580000000000000000e+02 4.145518341244957550e-01
6.582000000000000455e+02 4.192927331391286816e-01
6.583999999999999773e+02 4.240725853599605077e-01
6.586000000000000227e+02 4.288960238659849100e-01
6.587999999999999545e+02 4.337267175797696606e-01
6.590000000000000000e+02 4.385874576630333088e-01
6.592000000000000455e+02 4.434754019650176127e-01
6.593999999999999773e+02 4.483601037209531959e-01
6.596000000000000227e+02 4.532632997752170656e-01
6.597999999999999545e+02 4.581742842979877883e-01
6.600000000000000000e+02 4.630648640865880905e-01
6.602000000000000455e+02 4.679470044290264807e-01
6.603999999999999773e+02 4.728392165333914487e-01
6.606000000000000227e+02 4.777408640537973428e-01
6.607999999999999545e+02 4.826222313322769408e-01
6.610000000000000000e+02 4.875021093181020060e-01
6.612000000000000455e+02 4.923869668079005613e-01
6.613999999999999773e+02 4.972462464943132043e-01
6.616000000000000227e+02 5.021104757556985598e-01
6.617999999999999545e+02 5.069878372940412881e-01
6.620000000000000000e+02 5.118554650970104092e-01
6.622000000000000455e+02 5.167441830953291015e-01
6.623999999999999773e+02 5.216463474340844453e-01
6.626000000000000227e+02 5.265350889873784412e-01
6.627999999999999545e+02 5.314419250638141579e-01
6.630000000000000000e+02 5.363551002665224443e-01
6.632000000000000455e+02 5.412583543596118929e-01
6.633999999999999773e+02 5.461871018961093061e-01
6.636000000000000227e+02 5.511283823331405429e-01
6.637999999999999545e+02 5.560624286262909610e-01
6.640000000000000000e+02 5.609995215909449051e-01
6.642000000000000455e+02 5.659559543933115888e-01
6.643999999999999773e+02 5.709230450093721876e-01
6.646000000000000227e+02 5.758744494902455768e-01
6.647999999999999545e+02 5.808337120016981991e-01
6.650000000000000000e+02 5.857915611348268881e-01
6.652000000000000455e+02 5.907186105474049320e-01
6.653999999999999773e+02 5.956427418306653454e-01
6.656000000000000227e+02 6.005473823995355342e-01
6.657999999999999545e+02 6.054069341620720301e-01
6.660000000000000000e+02 6.102520783532320303e-01
6.662000000000000455e+02 6.150652143463193333e-01
6.663999999999999773e+02 6.198360315969135836e-01
6.666000000000000227e+02 6.246041067798721036e-01
6.667999999999999545e+02 6.293550374340788345e-01
6.670000000000000000e+02 6.340868336541711781e-01
6.672000000000000455e+02 6.388289127146583590e-01
6.673999999999999773e+02 6.435585277729636289e-01
6.676000000000000227e+02 6.482637033425419082e-01
6.677999999999999545e+02 6.529577322956298113e-01
6.680000000000000000e+02 6.576535560336027597e-01
6.682000000000000455e+02 6.623351844064533367e-01
6.683999999999999773e+02 6.669870903184438315e-01
6.686000000000000227e+02 6.716393535791294056e-01
6.687999999999999545e+02 6.762732453578134129e-01
6.690000000000000000e+02 6.808693849495789374e-01
6.692000000000000455e+02 6.854545257874937736e-01
6.693999999999999773e+02 6.900056639720645313e-01
6.696000000000000227e+02 6.945129750965792770e-01
6.697999999999999545e+02 6.990032152985968805e-01
6.700000000000000000e+02 7.034477399821709165e-01
6.702000000000000455e+02 7.078448791451953381e-01
6.703999999999999773e+02 7.122245520529887353e-01
6.706000000000000227e+02 7.165682509540600709e-01
6.707999999999999545e+02 7.208880722667591057e-01
6.710000000000000000e+02 7.252099552937312232e-01
6.712000000000000455e+02 7.295132183225048195e-01
6.713999999999999773e+02 7.337978457242209096e-01
6.716000000000000227e+02 7.380799451371470310e-01
6.717999999999999545e+02 7.423700300354669768e-01
6.720000000000000000e+02 7.466481463962975074e-01
6.722000000000000455e+02 7.509072413007895630e-01
6.723999999999999773e+02 7.551692706699948410e-01
6.726000000000000227e+02 7.594074532994219418e-01
6.727999999999999545e+02 7.636167448715539541e-01
6.730000000000000000e+02 7.678206667418681075e-01
6.732000000000000455e+02 7.719885592468933577e-01
6.733999999999999773e+02 7.761163479697803513e-01
6.736000000000000227e+02 7.802155754235498009e-01
6.737999999999999545e+02 7.842493976786749643e-01
6.740000000000000000e+02 7.882198979085927038e-01
6.742000000000000455e+02 7.921392243101221808e-01
6.743999999999999773e+02 7.959821013671292134e-01
6.746000000000000227e+02 7.997678719286038795e-01
6.747999999999999545e+02 8.035145946292130414e-01
6.750000000000000000e+02 8.072056065895807375e-01
6.752000000000000455e+02 8.108535028250452026e-01
6.753999999999999773e+02 8.144807806726637178e-01
6.756000000000000227e+02 8.180999208020989233e-01
6.757999999999999545e+02 8.216914841684795912e-01
6.760000000000000000e+02 8.252554042264600431e-01
6.762000000000000455e+02 8.288030449296989177e-01
6.763999999999999773e+02 8.323057569191346650e-01
6.766000000000000227e+02 8.357707059741916744e-01
6.767999999999999545e+02 8.392170572924567695e-01
6.770000000000000000e+02 8.426262370153962955e-01
6.772000000000000455e+02 8.460159809919290952e-01
6.773999999999999773e+02 8.494012487974961223e-01
6.776000000000000227e+02 8.527595414149825581e-01
6.777999999999999545e+02 8.560974208825082865e-01
6.780000000000000000e+02 8.594116275733123533e-01
6.782000000000000455e+02 8.626754309953462707e-01
6.783999999999999773e+02 8.658892954345701609e-01
6.786000000000000227e+02 8.690610529530472528e-01
6.787999999999999545e+02 8.721904426701956314e-01
6.790000000000000000e+02 8.752552178592984955e-01
6.792000000000000455e+02 8.782594901892540884e-01
6.793999999999999773e+02 8.812180770781301575e-01
6.796000000000000227e+02 8.841175327925770988e-01
6.797999999999999545e+02 8.869729599927751451e-01
6.800000000000000000e+02 8.897992486395529532e-01
6.802000000000000455e+02 8.925807435596564421e-01
6.803999999999999773e+02 8.953335302495194492e-01
6.806000000000000227e+02 8.980684594220172956e-01
6.807999999999999545e+02 9.007737131076178905e-01
6.810000000000000000e+02 9.034651600728265119e-01
6.812000000000000455e+02 9.061434352771668976e-01
6.813999999999999773e+02 9.087915904755765606e-01
6.816000000000000227e+02 9.114228269441970731e-01
6.817999999999999545e+02 9.140366016624057455e-01
6.820000000000000000e+02 9.166220547131748164e-01
6.822000000000000455e+02 9.191857055334189397e-01
6.823999999999999773e+02 9.217296621312028870e-01
6.826000000000000227e+02 9.242445847757323474e-01
6.827999999999999545e+02 9.267103405276434502e-01
6.830000000000000000e+02 9.291291581441998293e-01
6.832000000000000455e+02 9.314975148599162758e-01
6.833999999999999773e+02 9.337926867920112173e-01
6.836000000000000227e+02 9.360252113201381619e-01
6.837999999999999545e+02 9.381969081638668051e-01
6.840000000000000000e+02 9.402929844299948714e-01
6.842000000000000455e+02 9.423271066406964103e-01
6.843999999999999773e+02 9.443036661175998603e-01
6.846000000000000227e+02 9.462209289407259583e-01
6.847999999999999545e+02 9.481003155443139541e-01
6.850000000000000000e+02 9.499436492711340607e-01
6.852000000000000455e+02 9.517470647859093136e-01
6.853999999999999773e+02 9.535270886472201335e-01
6.856000000000000227e+02 9.552856237366028624e-01
6.857999999999999545e+02 9.570203005150130782e-01
6.860000000000000000e+02 9.587351333753616478e-01
6.862000000000000455e+02 9.604285225666374659e-01
6.863999999999999773e+02 9.620886049105839000e-01
6.866000000000000227e+02 9.636980697210210112e-01
6.867999999999999545e+02 9.652584658363205783e-01
6.870000000000000000e+02 9.667681137970822736e-01
6.872000000000000455e+02 9.682234188784383244e-01
6.873999999999999773e+02 9.696392224753466182e-01
6.876000000000000227e+02 9.710148477407135603e-01
6.877999999999999545e+02 9.723448906406594316e-01
6.880000000000000000e+02 9.736440940158324064e-01
6.882000000000000455e+02 9.749147022138492380e-01
6.883999999999999773e+02 9.761577835640899981e-01
6.886000000000000227e+02 9.773854765379774712e-01
6.887999999999999545e+02 9.785987448186364013e-01
6.890000000000000000e+02 9.797999934668900623e-01
6.892000000000000455e+02 9.810021320623455443e-01
6.893999999999999773e+02 9.822264657659607323e-01
6.896000000000000227e+02 9.834838403364272175e-01
6.897999999999999545e+02 9.847704054901469384e-01
6.900000000000000000e+02 9.860758264428673980e-01
6.902000000000000455e+02 9.873739900060921615e-01
6.903999999999999773e+02 9.886351212786440579e-01
6.906000000000000227e+02 9.898481837169239572e-01
6.907999999999999545e+02 9.909943885734442404e-01
6.910000000000000000e+02 9.920555492510370055e-01
6.912000000000000455e+02 9.930255285325501058e-01
6.913999999999999773e+02 9.938893517268715394e-01
6.916000000000000227e+02 9.946369341203687986e-01
6.917999999999999545e+02 9.952721901524672621e-01
6.920000000000000000e+02 9.958014975546953806e-01
6.922000000000000455e+02 9.962381429373304842e-01
6.923999999999999773e+02 9.966015772864993405e-01
6.926000000000000227e+02 9.969076789122675031e-01
6.927999999999999545e+02 9.971691439447984973e-01
6.930000000000000000e+02 9.973972964455111168e-01
6.932000000000000455e+02 9.976047974985409184e-01
6.933999999999999773e+02 9.978037705984303951e-01
6.936000000000000227e+02 9.980040253322223220e-01
6.937999999999999545e+02 9.982112102000852971e-01
6.940000000000000000e+02 9.984274779250602583e-01
6.942000000000000455e+02 9.986530464144036667e-01
6.943999999999999773e+02 9.988869945883077639e-01
6.946000000000000227e+02 9.991261165665947797e-01
6.947999999999999545e+02 9.993637418192883315e-01
6.950000000000000000e+02 9.995874028443386683e-01
6.952000000000000455e+02 9.997740751499463174e-01
6.953999999999999773e+02 9.999070346278821075e-01
6.956000000000000227e+02 9.999808656682418473e-01
6.957999999999999545e+02 1.000000000000000000e+00
6.960000000000000000e+02 9.999723335593018181e-01
6.962000000000000455e+02 9.999070384640680320e-01
6.963999999999999773e+02 9.998141518202030564e-01
6.966000000000000227e+02 9.997083631461344266e-01
6.967999999999999545e+02 9.996032562181743630e-01
6.970000000000000000e+02 9.995065219759986519e-01
6.972000000000000455e+02 9.994254441076051432e-01
6.973999999999999773e+02 9.993665204291100057e-01
6.976000000000000227e+02 9.993336585446342957e-01
6.977999999999999545e+02 9.993224249385310731e-01
6.980000000000000000e+02 9.993237234489202869e-01
6.982000000000000455e+02 9.993269899974345227e-01
6.983999999999999773e+02 9.993241230111444828e-01
6.986000000000000227e+02 9.993092952639328619e-01
6.987999999999999545e+02 9.992782840928203791e-01
6.990000000000000000e+02 9.992253868690921248e-01
6.992000000000000455e+02 9.991454630254678060e-01
6.993999999999999773e+02 9.990358948706850040e-01
6.996000000000000227e+02 9.988984705938145359e-01
6.997999999999999545e+02 9.987393908573082291e-01
7.000000000000000000e+02 9.985690098393720238e-01
7.002000000000000455e+02 9.983984111822734597e-01
7.003999999999999773e+02 9.982337975463104751e-01
7.006000000000000227e+02 9.980745996175728330e-01
7.007999999999999545e+02 9.979224372289886569e-01
7.010000000000000000e+02 9.977812477938603486e-01
7.012000000000000455e+02 9.976561347074360819e-01
7.013999999999999773e+02 9.975484963277720940e-01
7.016000000000000227e+02 9.974586180866573670e-01
7.017999999999999545e+02 9.973876556901535295e-01
7.020000000000000000e+02 9.973396751178543740e-01
7.022000000000000455e+02 9.973187911144745232e-01
7.023999999999999773e+02 9.973267780998428256e-01
7.026000000000000227e+02 9.973595263851552373e-01
7.027999999999999545e+02 9.974122972050039060e-01
7.030000000000000000e+02 9.974817199246528432e-01
7.032000000000000455e+02 9.975627265979126745e-01
7.033999999999999773e+02 9.976489273777530142e-01
7.036000000000000227e+02 9.977338536330914165e-01
7.037999999999999545e+02 9.978151190177991792e-01
7.040000000000000000e+02 9.978908110965757361e-01
7.042000000000000455e+02 9.979571309804503576e-01
7.043999999999999773e+02 9.980059669463586802e-01
7.046000000000000227e+02 9.980306183462139824e-01
7.047999999999999545e+02 9.980278835478452182e-01
7.050000000000000000e+02 9.979961505940952993e-01
7.052000000000000455e+02 9.979330193185098619e-01
7.053999999999999773e+02 9.978355093402397902e-01
7.056000000000000227e+02 9.977041527632127815e-01
7.057999999999999545e+02 9.975378358403533818e-01
7.060000000000000000e+02 9.973322970247178176e-01
7.062000000000000455e+02 9.970826905373257887e-01
7.063999999999999773e+02 9.967904479278265617e-01
7.066000000000000227e+02 9.964637414428644258e-01
7.067999999999999545e+02 9.961098613148554604e-01
7.070000000000000000e+02 9.957318658924002586e-01
7.072000000000000455e+02 9.953292479452673369e-01
7.073999999999999773e+02 9.949036187152587862e-01
7.076000000000000227e+02 9.944538590043969783e-01
7.077999999999999545e+02 9.939757089222222008e-01
7.080000000000000000e+02 9.934659311606565124e-01
7.082000000000000455e+02 9.929230400933196643e-01
7.083999999999999773e+02 9.923477022311120166e-01
7.086000000000000227e+02 9.917432190165124117e-01
7.087999999999999545e+02 9.911107193463241094e-01
7.090000000000000000e+02 9.904493563618096408e-01
7.092000000000000455e+02 9.897610467337265572e-01
7.093999999999999773e+02 9.890497831750680868e-01
7.096000000000000227e+02 9.883203862160543363e-01
7.097999999999999545e+02 9.875761282583701561e-01
7.100000000000000000e+02 9.868242479495267228e-01
7.102000000000000455e+02 9.860765608277682892e-01
7.103999999999999773e+02 9.853465697839873805e-01
7.106000000000000227e+02 9.846387257256978831e-01
7.107999999999999545e+02 9.839490901431802161e-01
7.110000000000000000e+02 9.832735373010770275e-01
7.112000000000000455e+02 9.826060207735090035e-01
7.113999999999999773e+02 9.819389614160602964e-01
7.116000000000000227e+02 9.812652565391368764e-01
7.117999999999999545e+02 9.805772415438214207e-01
7.120000000000000000e+02 9.798673278421247135e-01
7.122000000000000455e+02 9.791297865853584304e-01
7.123999999999999773e+02 9.783563489791928802e-01
7.126000000000000227e+02 9.775364897662590646e-01
7.127999999999999545e+02 9.766603053437790116e-01
7.130000000000000000e+02 9.757220798890429148e-01
7.132000000000000455e+02 9.747203270932136565e-01
7.133999999999999773e+02 9.736566578946536099e-01
7.136000000000000227e+02 9.725337894344124878e-01
7.137999999999999545e+02 9.713546156974784962e-01
7.140000000000000000e+02 9.701212888625868613e-01
7.142000000000000455e+02 9.688353405665310891e-01
7.143999999999999773e+02 9.674995942943005467e-01
7.146000000000000227e+02 9.661218706706762305e-01
7.147999999999999545e+02 9.647147455966113005e-01
7.150000000000000000e+02 9.632905354893801508e-01
7.152000000000000455e+02 9.618538998288603814e-01
7.153999999999999773e+02 9.604201980528304095e-01
7.156000000000000227e+02 9.590097402849888653e-01
7.157999999999999545e+02 9.576326623442559249e-01
7.160000000000000000e+02 9.562908423655327450e-01
7.162000000000000455e+02 9.549800894867730428e-01
7.163999999999999773e+02 9.536930483801848712e-01
7.166000000000000227e+02 9.524320030055772879e-01
7.167999999999999545e+02 9.512037817200982293e-01
7.170000000000000000e+02 9.500091154553219619e-01
7.172000000000000455e+02 9.488419732690293040e-01
7.173999999999999773e+02 9.476919150680424009e-01
7.176000000000000227e+02 9.465471536490982496e-01
7.177999999999999545e+02 9.453975803183163329e-01
7.180000000000000000e+02 9.442333344622285685e-01
7.182000000000000455e+02 9.430422036170506006e-01
7.183999999999999773e+02 9.418102591953154690e-01
7.186000000000000227e+02 9.405272307384305863e-01
7.187999999999999545e+02 9.391929468967890049e-01
7.190000000000000000e+02 9.378058273730685013e-01
7.192000000000000455e+02 9.363629471766737877e-01
7.193999999999999773e+02 9.348621050809808875e-01
7.196000000000000227e+02 9.333005260256826974e-01
7.197999999999999545e+02 9.316806970389001075e-01
7.200000000000000000e+02 9.300168192617010998e-01
7.202000000000000455e+02 9.283189325824038329e-01
7.203999999999999773e+02 9.265942738055135131e-01
7.206000000000000227e+02 9.248505087888506671e-01
7.207999999999999545e+02 9.230915140461241064e-01
7.210000000000000000e+02 9.213231731003412861e-01
7.212000000000000455e+02 9.195590117040209899e-01
7.213999999999999773e+02 9.178070376124052299e-01
7.216000000000000227e+02 9.160701210693871221e-01
7.217999999999999545e+02 9.143484727004455026e-01
7.220000000000000000e+02 9.126479564219168727e-01
7.222000000000000455e+02 9.109754047532068189e-01
7.223999999999999773e+02 9.093329181472425971e-01
7.226000000000000227e+02 9.077167832018701032e-01
7.227999999999999545e+02 9.061209660215288064e-01
7.230000000000000000e+02 9.045404868219454331e-01
7.232000000000000455e+02 9.029737094529252106e-01
7.233999999999999773e+02 9.014195701823961571e-01
7.236000000000000227e+02 8.998753167342620207e-01
7.237999999999999545e+02 8.983392253105801917e-01
7.240000000000000000e+02 8.968055855636029028e-01
7.242000000000000455e+02 8.952623280086091651e-01
7.243999999999999773e+02 8.937088235356647203e-01
7.246000000000000227e+02 8.921465629116446250e-01
7.247999999999999545e+02 8.905716240183245702e-01
7.250000000000000000e+02 8.889826761465700056e-01
7.252000000000000455e+02 8.873808190502519011e-01
7.253999999999999773e+02 8.857687703610195307e-01
7.256000000000000227e+02 8.841486544415479987e-01
7.257999999999999545e+02 8.825211380795693339e-01
7.260000000000000000e+02 8.808849515635509553e-01
7.262000000000000455e+02 8.792379850208253966e-01
7.263999999999999773e+02 8.775792923987104643e-01
7.266000000000000227e+02 8.759100619715517455e-01
7.267999999999999545e+02 8.742306759522538995e-01
7.270000000000000000e+02 8.725370270164279907e-01
7.272000000000000455e+02 8.708194912366507001e-01
7.273999999999999773e+02 8.690727431677082171e-01
7.276000000000000227e+02 8.672962597094528991e-01
7.277999999999999545e+02 8.654924244295570945e-01
7.280000000000000000e+02 8.636553393640279408e-01
7.282000000000000455e+02 8.617876279963067043e-01
7.283999999999999773e+02 8.599062973359588025e-01
7.286000000000000227e+02 8.580130664963782072e-01
7.287999999999999545e+02 8.561087861670104715e-01
7.290000000000000000e+02 8.542010967709006142e-01
7.292000000000000455e+02 8.522950993052537116e-01
7.293999999999999773e+02 8.503932829385368874e-01
7.296000000000000227e+02 8.484976886501418569e-01
7.297999999999999545e+02 8.466191955754176490e-01
7.300000000000000000e+02 8.447708001073951367e-01
7.302000000000000455e+02 8.429626901607911726e-01
7.303999999999999773e+02 8.411968929511014492e-01
7.306000000000000227e+02 8.394721103922266892e-01
7.307999999999999545e+02 8.377862351263790641e-01
7.310000000000000000e+02 8.361369673649423628e-01
7.312000000000000455e+02 8.345205434581641768e-01
7.313999999999999773e+02 8.329314285009487007e-01
7.316000000000000227e+02 8.313639396775232004e-01
7.317999999999999545e+02 8.298085180661157745e-01
7.320000000000000000e+02 8.282524040919153618e-01
7.322000000000000455e+02 8.266899535552250100e-01
7.323999999999999773e+02 8.251107472798832054e-01
7.326000000000000227e+02 8.234994928330634512e-01
7.327999999999999545e+02 8.218568108620305512e-01
7.330000000000000000e+02 8.201896974149542885e-01
7.332000000000000455e+02 8.185069319850510894e-01
7.333999999999999773e+02 8.168172790101274616e-01
7.336000000000000227e+02 8.151260126059638456e-01
7.337999999999999545e+02 8.134334333873988188e-01
7.340000000000000000e+02 8.117346492490347121e-01
7.342000000000000455e+02 8.100200791254817956e-01
7.343999999999999773e+02 8.082775285983228031e-01
7.346000000000000227e+02 8.064990073497607659e-01
7.347999999999999545e+02 8.046798730816554501e-01
7.350000000000000000e+02 8.028191643235522701e-01
7.352000000000000455e+02 8.009218901709567184e-01
7.353999999999999773e+02 7.989973045517215766e-01
7.356000000000000227e+02 7.970550329059346018e-01
7.357999999999999545e+02 7.950949976922812024e-01
7.360000000000000000e+02 7.931166369723094967e-01
7.362000000000000455e+02 7.911216354759713631e-01
7.363999999999999773e+02 7.891130603178384550e-01
7.366000000000000227e+02 7.871041080976151072e-01
7.367999999999999545e+02 7.851120113576479653e-01
7.370000000000000000e+02 7.831335629913442897e-01
7.372000000000000455e+02 7.811681773269041340e-01
7.373999999999999773e+02 7.792231088823602381e-01
7.376000000000000227e+02 7.773086894236562738e-01
7.377999999999999545e+02 7.754402050225952525e-01
7.380000000000000000e+02 7.736372511215335868e-01
7.382000000000000455e+02 7.719201198196093960e-01
7.383999999999999773e+02 7.702980066722519004e-01
7.386000000000000227e+02 7.687672207225407783e-01
7.387999999999999545e+02 7.673140801898994390e-01
7.390000000000000000e+02 7.659224409975151637e-01
7.392000000000000455e+02 7.645733972665238465e-01
7.393999999999999773e+02 7.632400401191059558e-01
7.396000000000000227e+02 7.618955653625582025e-01
7.397999999999999545e+02 7.605170558500431444e-01
7.400000000000000000e+02 7.590894367063110160e-01
7.402000000000000455e+02 7.576007193147330510e-01
7.403999999999999773e+02 7.560455651635724639e-01
7.406000000000000227e+02 7.544351013534219552e-01
7.407999999999999545e+02 7.527747751914646290e-01
7.410000000000000000e+02 7.510639729339239068e-01
7.412000000000000455e+02 7.493049619488583168e-01
7.413999999999999773e+02 7.474983947520578154e-01
7.416000000000000227e+02 7.456476777722277349e-01
7.417999999999999545e+02 7.437691439852430753e-01
7.420000000000000000e+02 7.418799685394238397e-01
7.422000000000000455e+02 7.399927042304800251e-01
7.423999999999999773e+02 7.381101904266043068e-01
7.426000000000000227e+02 7.362361185845057721e-01
7.427999999999999545e+02 7.343786367688505123e-01
7.430000000000000000e+02 7.325526905464163629e-01
7.432000000000000455e+02 7.307700545251187840e-01
7.433999999999999773e+02 7.290356400552596705e-01
7.436000000000000227e+02 7.273436635680690099e-01
7.437999999999999545e+02 7.256794413401921329e-01
7.440000000000000000e+02 7.240221549592417150e-01
7.442000000000000455e+02 7.223489243577735364e-01
7.443999999999999773e+02 7.206485488669979178e-01
7.446000000000000227e+02 7.189161149354820202e-01
7.447999999999999545e+02 7.171427713717627439e-01
7.450000000000000000e+02 7.153279185438826682e-01
7.452000000000000455e+02 7.134739634592031088e-01
7.453999999999999773e+02 7.115771340366331410e-01
7.456000000000000227e+02 7.096415911044757774e-01
7.457999999999999545e+02 7.076784548058109303e-01
7.460000000000000000e+02 7.057021199874491391e-01
7.462000000000000455e+02 7.037288902533952450e-01
7.463999999999999773e+02 7.017739386492282128e-01
7.466000000000000227e+02 6.998474349842802589e-01
7.467999999999999545e+02 6.979553235835429525e-01
7.470000000000000000e+02 6.961010771862395918e-01
7.472000000000000455e+02 6.942874703944598158e-01
7.473999999999999773e+02 6.925179956847382634e-01
7.476000000000000227e+02 6.907952140842008593e-01
7.477999999999999545e+02 6.891180321503153072e-01
7.480000000000000000e+02 6.874791233903986276e-01
7.482000000000000455e+02 6.858681532537301839e-01
7.483999999999999773e+02 6.842751233159711788e-01
7.486000000000000227e+02 6.826877588128531515e-01
7.487999999999999545e+02 6.810965041970136191e-01
7.490000000000000000e+02 6.794987365283393643e-01
7.492000000000000455e+02 6.778809114216886034e-01
7.493999999999999773e+02 6.762274711299930408e-01
7.496000000000000227e+02 6.745314584888488785e-01
7.497999999999999545e+02 6.727882206827126010e-01
7.500000000000000000e+02 6.709960437103665853e-01
7.502000000000000455e+02 6.691578985800794577e-01
7.503999999999999773e+02 6.672799738992349905e-01
7.506000000000000227e+02 6.653708395600111958e-01
7.507999999999999545e+02 6.634415238420510175e-01
7.510000000000000000e+02 6.615076966871947795e-01
7.512000000000000455e+02 6.595865474979564214e-01
7.513999999999999773e+02 6.576931124604022960e-01
7.516000000000000227e+02 6.558343756759373866e-01
7.517999999999999545e+02 6.540091360186335301e-01
7.520000000000000000e+02 6.522084315897321849e-01
7.522000000000000455e+02 6.504234207461334627e-01
7.523999999999999773e+02 6.486462820827937348e-01
7.526000000000000227e+02 6.468704284709225760e-01
7.527999999999999545e+02 6.450908210342221061e-01
7.530000000000000000e+02 6.432988493876240499e-01
7.532000000000000455e+02 6.414803567178004595e-01
7.533999999999999773e+02 6.396315372084123707e-01
7.536000000000000227e+02 6.377486313800336815e-01
7.537999999999999545e+02 6.358215702347757015e-01
7.540000000000000000e+02 6.338489597572671830e-01
7.542000000000000455e+02 6.318363588638865602e-01
7.543999999999999773e+02 6.297939038156210589e-01
7.546000000000000227e+02 6.277305904771284251e-01
7.547999999999999545e+02 6.256494101140985808e-01
7.550000000000000000e+02 6.235449989492520828e-01
7.552000000000000455e+02 6.214106476165137671e-01
7.553999999999999773e+02 6.192436134095286038e-01
7.556000000000000227e+02 6.170484808861105286e-01
7.557999999999999545e+02 6.148366020213695826e-01
7.560000000000000000e+02 6.126185124833003481e-01
7.562000000000000455e+02 6.103989954402104789e-01
7.563999999999999773e+02 6.081759738646705937e-01
7.566000000000000227e+02 6.059451112684188789e-01
7.567999999999999545e+02 6.037004807940983264e-01
7.570000000000000000e+02 6.014259277804799853e-01
7.572000000000000455e+02 5.991167054464051622e-01
7.573999999999999773e+02 5.967873915030607046e-01
7.576000000000000227e+02 5.944456408023857108e-01
7.577999999999999545e+02 5.921027947342327735e-01
7.580000000000000000e+02 5.897774540410801736e-01
7.582000000000000455e+02 5.874805871727843964e-01
7.583999999999999773e+02 5.852183324668317477e-01
7.586000000000000227e+02 5.829935922020103023e-01
7.587999999999999545e+02 5.808060851965486382e-01
7.590000000000000000e+02 5.786536917707478800e-01
7.592000000000000455e+02 5.765332784250636333e-01
7.593999999999999773e+02 5.744418512043167890e-01
7.596000000000000227e+02 5.723724404966085144e-01
7.597999999999999545e+02 5.703139164629970059e-01
7.600000000000000000e+02 5.682587837519291751e-01
7.602000000000000455e+02 5.661998123592515419e-01
7.603999999999999773e+02 5.641288826804667922e-01
7.606000000000000227e+02 5.620392480107879729e-01
7.607999999999999545e+02 5.599328034285817601e-01
7.610000000000000000e+02 5.578209004911924840e-01
7.612000000000000455e+02 5.557145148806641455e-01
7.613999999999999773e+02 5.536141280965013456e-01
7.616000000000000227e+02 5.515136375488561837e-01
7.617999999999999545e+02 5.494289453165628334e-01
7.620000000000000000e+02 5.473795487023502826e-01
7.622000000000000455e+02 5.453812949616206884e-01
7.623999999999999773e+02 5.434468154769842574e-01
7.626000000000000227e+02 5.415771910936794109e-01
7.627999999999999545e+02 5.397622638943040396e-01
7.630000000000000000e+02 5.379917633000351751e-01
7.632000000000000455e+02 5.362476537708749103e-01
7.633999999999999773e+02 5.345096952571918303e-01
7.636000000000000227e+02 5.327804046392304871e-01
7.637999999999999545e+02 5.310428616182952810e-01
7.640000000000000000e+02 5.292591339639529657e-01
7.642000000000000455e+02 5.274096311902535250e-01
7.643999999999999773e+02 5.254802783771920227e-01
7.646000000000000227e+02 5.234595215365055454e-01
7.647999999999999545e+02 5.213461230865024110e-01
7.650000000000000000e+02 5.191455536900652090e-01
7.652000000000000455e+02 5.168688137961912066e-01
7.653999999999999773e+02 5.145326166928585465e-01
7.656000000000000227e+02 5.121524470641144466e-01
7.657999999999999545e+02 5.097400780741786486e-01
7.660000000000000000e+02 5.073101209071280149e-01
7.662000000000000455e+02 5.048809562173298682e-01
7.663999999999999773e+02 5.024741918518039752e-01
7.666000000000000227e+02 5.001066644014334761e-01
7.667999999999999545e+02 4.977908693226436587e-01
7.670000000000000000e+02 4.955355991857073872e-01
7.672000000000000455e+02 4.933494275089718717e-01
7.673999999999999773e+02 4.912402399368852035e-01
7.676000000000000227e+02 4.892137129664995143e-01
7.677999999999999545e+02 4.872683270015200629e-01
7.680000000000000000e+02 4.853924060902051196e-01
7.682000000000000455e+02 4.835609476247333949e-01
7.683999999999999773e+02 4.817505758683447992e-01
7.686000000000000227e+02 4.799465989956024914e-01
7.687999999999999545e+02 4.781500877745865075e-01
7.690000000000000000e+02 4.763629228352748157e-01
7.692000000000000455e+02 4.745832703087052296e-01
7.693999999999999773e+02 4.728019432127696930e-01
7.696000000000000227e+02 4.710076360352953850e-01
7.697999999999999545e+02 4.691903647195965199e-01
7.700000000000000000e+02 4.673464404506275094e-01
7.702000000000000455e+02 4.654791527967262477e-01
7.703999999999999773e+02 4.635952902810726028e-01
7.706000000000000227e+02 4.616975371035723086e-01
7.707999999999999545e+02 4.597878162828957782e-01
7.710000000000000000e+02 4.578702363678650578e-01
7.712000000000000455e+02 4.559567132604153694e-01
7.713999999999999773e+02 4.540609190558269059e-01
7.716000000000000227e+02 4.521963718950999800e-01
7.717999999999999545e+02 4.503761203969096627e-01
7.720000000000000000e+02 4.486086657406951339e-01
7.722000000000000455e+02 4.468958826964317677e-01
7.723999999999999773e+02 4.452314218382445454e-01
7.726000000000000227e+02 4.436075428191330050e-01
7.727999999999999545e+02 4.420182544167862715e-01
7.730000000000000000e+02 4.404604580337339037e-01
7.732000000000000455e+02 4.389329852839043977e-01
7.733999999999999773e+02 4.374361127253992843e-01
7.736000000000000227e+02 4.359706979906816104e-01
7.737999999999999545e+02 4.345343958619115043e-01
7.740000000000000000e+02 4.331193002958846905e-01
7.742000000000000455e+02 4.317144917462040210e-01
7.743999999999999773e+02 4.303080745961244680e-01
7.746000000000000227e+02 4.288874808514101522e-01
7.747999999999999545e+02 4.274333658050831763e-01
7.750000000000000000e+02 4.259268836265346914e-01
7.752000000000000455e+02 4.243566376360216053e-01
7.753999999999999773e+02 4.227157350164710836e-01
7.756000000000000227e+02 4.210052276367324819e-01
7.757999999999999545e+02 4.192376334457605935e-01
7.760000000000000000e+02 4.174148943493355413e-01
7.762000000000000455e+02 4.155348912706507414e-01
7.763999999999999773e+02 4.136027961284029497e-01
7.766000000000000227e+02 4.116284714353051211e-01
7.767999999999999545e+02 4.096257605925649470e-01
7.770000000000000000e+02 4.076122415598894544e-01
7.772000000000000455e+02 4.055999081816900054e-01
7.773999999999999773e+02 4.035939499365122640e-01
7.776000000000000227e+02 4.015929475249638281e-01
7.777999999999999545e+02 3.995978151563399083e-01
7.780000000000000000e+02 3.976128995472980598e-01
7.782000000000000455e+02 3.956448590147881861e-01
7.783999999999999773e+02 3.937066337942005667e-01
7.786000000000000227e+02 3.918150410314867882e-01
7.787999999999999545e+02 3.899817211654585947e-01
7.790000000000000000e+02 3.882099832201834078e-01
7.792000000000000455e+02 3.864971006416839661e-01
7.793999999999999773e+02 3.848442086327867329e-01
7.796000000000000227e+02 3.832490875216217341e-01
7.797999999999999545e+02 3.817037414060568401e-01
7.800000000000000000e+02 3.801960022889031565e-01
7.802000000000000455e+02 3.787172575073539105e-01
7.803999999999999773e+02 3.772649799268126269e-01
7.806000000000000227e+02 3.758385824286142318e-01
7.807999999999999545e+02 3.744367375222232286e-01
7.810000000000000000e+02 3.730557701711172958e-01
7.812000000000000455e+02 3.716881558867565216e-01
7.813999999999999773e+02 3.703256830639656272e-01
7.816000000000000227e+02 3.689624467771686622e-01
7.817999999999999545e+02 3.676011279185352199e-01
7.820000000000000000e+02 3.662465843274132493e-01
7.822000000000000455e+02 3.649005998898533498e-01
7.823999999999999773e+02 3.635587414101341674e-01
7.826000000000000227e+02 3.622168339167730622e-01
7.827999999999999545e+02 3.608754781665154954e-01
7.830000000000000000e+02 3.595275741438350159e-01
7.832000000000000455e+02 3.581606103406006492e-01
7.833999999999999773e+02 3.567608838590050069e-01
7.836000000000000227e+02 3.553252736706240533e-01
7.837999999999999545e+02 3.538597407225191338e-01
7.840000000000000000e+02 3.523767642804458977e-01
7.842000000000000455e+02 3.508897199834066782e-01
7.843999999999999773e+02 3.494104351081027127e-01
7.846000000000000227e+02 3.479467604192184593e-01
7.847999999999999545e+02 3.465063960213480287e-01
7.850000000000000000e+02 3.450951869280453610e-01
7.852000000000000455e+02 3.437120765863757588e-01
7.853999999999999773e+02 3.423480270233293932e-01
7.856000000000000227e+02 3.409907753809762743e-01
7.857999999999999545e+02 3.396354122943218146e-01
7.860000000000000000e+02 3.382820633894512152e-01
7.862000000000000455e+02 3.369321944825618420e-01
7.863999999999999773e+02 3.355805420220881463e-01
7.866000000000000227e+02 3.342166343924047323e-01
7.867999999999999545e+02 3.328280137488423551e-01
7.870000000000000000e+02 3.314092248300535837e-01
7.872000000000000455e+02 3.299661977981152572e-01
7.873999999999999773e+02 3.285150320663727253e-01
7.876000000000000227e+02 3.270704404273048760e-01
7.877999999999999545e+02 3.256383994403669324e-01
7.880000000000000000e+02 3.242147313035982914e-01
7.882000000000000455e+02 3.227940823214187627e-01
7.883999999999999773e+02 3.213757328307696448e-01
7.886000000000000227e+02 3.199648101707656678e-01
7.887999999999999545e+02 3.185625509931124255e-01
7.890000000000000000e+02 3.171681491586855195e-01
7.892000000000000455e+02 3.157808881606107843e-01
7.893999999999999773e+02 3.144049466227939460e-01
7.896000000000000227e+02 3.130453332109111586e-01
7.897999999999999545e+02 3.117041791851299370e-01
7.900000000000000000e+02 3.103771659604202537e-01
7.902000000000000455e+02 3.090560205392376414e-01
7.903999999999999773e+02 3.077301215856111938e-01
7.906000000000000227e+02 3.063851192688291647e-01
7.907999999999999545e+02 3.050068970028690374e-01
7.910000000000000000e+02 3.035865577999196652e-01
7.912000000000000455e+02 3.021250277298346276e-01
7.913999999999999773e+02 3.006282863416034901e-01
7.916000000000000227e+02 2.991016154748400435e-01
7.917999999999999545e+02 2.975507831069683085e-01
7.920000000000000000e+02 2.959796534249272137e-01
7.922000000000000455e+02 2.943854802941479609e-01
7.923999999999999773e+02 2.927560516471385266e-01
7.926000000000000227e+02 2.910786947634044775e-01
7.927999999999999545e+02 2.893578736013613928e-01
7.930000000000000000e+02 2.876117076220866542e-01
7.932000000000000455e+02 2.858647636537577919e-01
7.933999999999999773e+02 2.841351065916454810e-01
7.936000000000000227e+02 2.824406769471142775e-01
7.937999999999999545e+02 2.807982470128842500e-01
7.940000000000000000e+02 2.792159119315159033e-01
7.942000000000000455e+02 2.776959235026723594e-01
7.943999999999999773e+02 2.762357401039877147e-01
7.946000000000000227e+02 2.748285184274079085e-01
7.947999999999999545e+02 2.734654852461446128e-01
7.950000000000000000e+02 2.721386084437590891e-01
7.952000000000000455e+02 2.708476719998417215e-01
7.953999999999999773e+02 2.695928820811682725e-01
7.956000000000000227e+02 2.683713432044263492e-01
7.957999999999999545e+02 2.671759284186162042e-01
7.960000000000000000e+02 2.659999783194894052e-01
7.962000000000000455e+02 2.648390372627882905e-01
7.963999999999999773e+02 2.636871756989155324e-01
7.966000000000000227e+02 2.625398760616688421e-01
7.967999999999999545e+02 2.613966347135862067e-01
7.970000000000000000e+02 2.602636316661075533e-01
7.972000000000000455e+02 2.591462761818441596e-01
7.973999999999999773e+02 2.580442935817940930e-01
7.976000000000000227e+02 2.569577828112776241e-01
7.977999999999999545e+02 2.558860022632721831e-01
7.980000000000000000e+02 2.548256606610360686e-01
7.982000000000000455e+02 2.537717608781877021e-01
7.983999999999999773e+02 2.527238550921004356e-01
7.986000000000000227e+02 2.516920614556045210e-01
7.987999999999999545e+02 2.506827923064171015e-01
7.990000000000000000e+02 2.496971604300216585e-01
7.992000000000000455e+02 2.487300313422470821e-01
7.993999999999999773e+02 2.477666486969982707e-01
7.996000000000000227e+02 2.467848375253617887e-01
7.997999999999999545e+02 2.457584534338249915e-01
8.000000000000000000e+02 2.446676753377250435e-01
8.002000000000000455e+02 2.435035451427058906e-01
8.003999999999999773e+02 2.422744270793104893e-01
8.006000000000000227e+02 2.409961884016658673e-01
8.007999999999999545e+02 2.396886324276383540e-01
8.010000000000000000e+02 2.383726365689599613e-01
8.012000000000000455e+02 2.370631256561052391e-01
8.013999999999999773e+02 2.357698405328741142e-01
8.016000000000000227e+02 2.345035201456704410e-01
8.017999999999999545e+02 2.332791103765048668e-01
8.020000000000000000e+02 2.321141585147876440e-01
8.022000000000000455e+02 2.310209807993532649e-01
8.023999999999999773e+02 2.300068155090140287e-01
8.026000000000000227e+02 2.290727818218088740e-01
8.027999999999999545e+02 2.282098780019282958e-01
8.030000000000000000e+02 2.273996697269544953e-01
8.032000000000000455e+02 2.266175225926800874e-01
8.033999999999999773e+02 2.258475005814810643e-01
8.036000000000000227e+02 2.250787764138861835e-01
8.037999999999999545e+02 2.243029813839450270e-01
8.040000000000000000e+02 2.235097277963927764e-01
8.042000000000000455e+02 2.226906966318904779e-01
8.043999999999999773e+02 2.218429686964999981e-01
8.046000000000000227e+02 2.209713493104667470e-01
8.047999999999999545e+02 2.200838661019227649e-01
8.050000000000000000e+02 2.191871887629464055e-01
8.052000000000000455e+02 2.182752264135474629e-01
8.053999999999999773e+02 2.173345421878982719e-01
8.056000000000000227e+02 2.163506675252311051e-01
8.057999999999999545e+02 2.153234802815844617e-01
8.060000000000000000e+02 2.142615893128525795e-01
8.062000000000000455e+02 2.131755213219174439e-01
8.064000000000000909e+02 2.120700524241055651e-01
8.066000000000000227e+02 2.109465778277750114e-01
8.067999999999999545e+02 2.098067011267704951e-01
8.070000000000000000e+02 2.086524230086535536e-01
8.072000000000000455e+02 2.074867681080089787e-01
8.074000000000000909e+02 2.063149970544503331e-01
8.076000000000000227e+02 2.051453496177473856e-01
8.077999999999999545e+02 2.039856072742081139e-01
8.080000000000000000e+02 2.028365745905913731e-01
8.082000000000000455e+02 2.016941550699344887e-01
8.084000000000000909e+02 2.005528785637271938e-01
8.086000000000000227e+02 1.994122434149600831e-01
8.087999999999999545e+02 1.982737242338206973e-01
8.090000000000000000e+02 1.971372319490151404e-01
8.092000000000000455e+02 1.959940181909784473e-01
8.094000000000000909e+02 1.948360443148573762e-01
8.096000000000000227e+02 1.936593774143910707e-01
8.097999999999999545e+02 1.924661424301818968e-01
8.100000000000000000e+02 1.912589316406880513e-01
8.102000000000000455e+02 1.900403837585509237e-01
8.104000000000000909e+02 1.888186614321950563e-01
8.106000000000000227e+02 1.876022685412481183e-01
8.107999999999999545e+02 1.863970106165882545e-01
8.110000000000000000e+02 1.852026578613775731e-01
8.112000000000000455e+02 1.840204233484478979e-01
8.114000000000000909e+02 1.828590633747110006e-01
8.116000000000000227e+02 1.817451753036880280e-01
8.117999999999999545e+02 1.806997872320544041e-01
8.120000000000000000e+02 1.797266741735982498e-01
8.122000000000000455e+02 1.788327335657731165e-01
8.124000000000000909e+02 1.780202179216976988e-01
8.126000000000000227e+02 1.772802357341917712e-01
8.127999999999999545e+02 1.766092329993335097e-01
8.130000000000000000e+02 1.760047971694406188e-01
8.132000000000000455e+02 1.754589891292194226e-01
8.134000000000000909e+02 1.749585256613277462e-01
8.136000000000000227e+02 1.744844132622164756e-01
8.137999999999999545e+02 1.740107685025175654e-01
8.140000000000000000e+02 1.735181005957899814e-01
8.142000000000000455e+02 1.729899904324436188e-01
8.144000000000000909e+02 1.723994608206522450e-01
8.146000000000000227e+02 1.716942581123836464e-01
8.147999999999999545e+02 1.708105689087891788e-01
8.150000000000000000e+02 1.697269249716050199e-01
8.152000000000000455e+02 1.684599821419727750e-01
8.154000000000000909e+02 1.670563973165078708e-01
8.156000000000000227e+02 1.655609893866171189e-01
8.157999999999999545e+02 1.640099211797654277e-01
8.160000000000000000e+02 1.624300242039943554e-01
8.162000000000000455e+02 1.608541736079581452e-01
8.164000000000000909e+02 1.593140151348597378e-01
8.166000000000000227e+02 1.578357129649913815e-01
8.167999999999999545e+02 1.564529410771345330e-01
8.170000000000000000e+02 1.551986447709502448e-01
8.172000000000000455e+02 1.540959950787347543e-01
8.174000000000000909e+02 1.531640192639479314e-01
8.176000000000000227e+02 1.524125478777842435e-01
8.177999999999999545e+02 1.518325120007166240e-01
8.180000000000000000e+02 1.514046527566861866e-01
8.182000000000000455e+02 1.511020450571780582e-01
8.184000000000000909e+02 1.508907750048115726e-01
8.186000000000000227e+02 1.507397307339666537e-01
8.187999999999999545e+02 1.506198612033058104e-01
8.190000000000000000e+02 1.504964997336759036e-01
8.192000000000000455e+02 1.503351654865834885e-01
8.194000000000000909e+02 1.501066414369786051e-01
8.196000000000000227e+02 1.497990682610337576e-01
8.197999999999999545e+02 1.494076092624160301e-01
8.200000000000000000e+02 1.489291228708000681e-01
8.202000000000000455e+02 1.483562461734311555e-01
8.204000000000000909e+02 1.476856602065156898e-01
8.206000000000000227e+02 1.469280795177168031e-01
8.207999999999999545e+02 1.461347991933139578e-01
8.210000000000000000e+02 1.453617974370203514e-01
8.212000000000000455e+02 1.446374441134593292e-01
8.214000000000000909e+02 1.439593331631202622e-01
8.216000000000000227e+02 1.433153886370557295e-01
8.217999999999999545e+02 1.427056742773161468e-01
8.220000000000000000e+02 1.421270867221004208e-01
8.222000000000000455e+02 1.415764090238034179e-01
8.224000000000000909e+02 1.410587897670909086e-01
8.226000000000000227e+02 1.405759235893153103e-01
8.227999999999999545e+02 1.401236419964544122e-01
8.230000000000000000e+02 1.396910066233023051e-01
8.232000000000000455e+02 1.392618456061609500e-01
8.234000000000000909e+02 1.388158701588484145e-01
8.236000000000000227e+02 1.383310111040998158e-01
8.237999999999999545e+02 1.377909169205674411e-01
8.240000000000000000e+02 1.371888179046883705e-01
8.242000000000000455e+02 1.365306681447747139e-01
8.244000000000000909e+02 1.358249986922317187e-01
8.246000000000000227e+02 1.350777109524432251e-01
8.247999999999999545e+02 1.342913399144928521e-01
8.250000000000000000e+02 1.334748871936025372e-01
8.252000000000000455e+02 1.326496009990207059e-01
8.254000000000000909e+02 1.318282331918578520e-01
8.256000000000000227e+02 1.310158678202447136e-01
8.257999999999999545e+02 1.302116171653464605e-01
8.260000000000000000e+02 1.294117965527068204e-01
8.262000000000000455e+02 1.286155343838210896e-01
8.264000000000000909e+02 1.278324048239459776e-01
8.266000000000000227e+02 1.270732992736902656e-01
8.267999999999999545e+02 1.263477206322787261e-01
8.270000000000000000e+02 1.256612750327656403e-01
8.272000000000000455e+02 1.250128856043186132e-01
8.274000000000000909e+02 1.243981209506858643e-01
8.276000000000000227e+02 1.238199039963249898e-01
8.277999999999999545e+02 1.232777881618539323e-01
8.280000000000000000e+02 1.227651925780883641e-01
8.282000000000000455e+02 1.222731114880180742e-01
8.284000000000000909e+02 1.217899101726530042e-01
8.286000000000000227e+02 1.213008959408218568e-01
8.287999999999999545e+02 1.207884950126194012e-01
8.290000000000000000e+02 1.202406025684421009e-01
8.292000000000000455e+02 1.196556578101204693e-01
8.294000000000000909e+02 1.190347301571104688e-01
8.296000000000000227e+02 1.183850469424941182e-01
8.297999999999999545e+02 1.177230844408748006e-01
8.300000000000000000e+02 1.170560877974040626e-01
8.302000000000000455e+02 1.163846019064338627e-01
8.304000000000000909e+02 1.157078399427504539e-01
8.306000000000000227e+02 1.150352272051852198e-01
8.307999999999999545e+02 1.143812162952257128e-01
8.310000000000000000e+02 1.137538125377834247e-01
8.312000000000000455e+02 1.131541216847543191e-01
8.314000000000000909e+02 1.125788357536868095e-01
8.316000000000000227e+02 1.120256470254076125e-01
8.317999999999999545e+02 1.114911318466899059e-01
8.320000000000000000e+02 1.109692042933442119e-01
8.322000000000000455e+02 1.104481490088326801e-01
8.324000000000000909e+02 1.099185342606473631e-01
8.326000000000000227e+02 1.093753591848289908e-01
8.327999999999999545e+02 1.088128611218204117e-01
8.330000000000000000e+02 1.082299998315508077e-01
8.332000000000000455e+02 1.076328853411915309e-01
8.334000000000000909e+02 1.070259379183940013e-01
8.336000000000000227e+02 1.064105630505807892e-01
8.337999999999999545e+02 1.057854668662129016e-01
8.340000000000000000e+02 1.051571115397415546e-01
8.342000000000000455e+02 1.045332247703552458e-01
8.344000000000000909e+02 1.039156148470750524e-01
8.346000000000000227e+02 1.033087742849409379e-01
8.347999999999999545e+02 1.027216600233574889e-01
8.350000000000000000e+02 1.021690282027358787e-01
8.352000000000000455e+02 1.016633079110739746e-01
8.354000000000000909e+02 1.012097288033211306e-01
8.356000000000000227e+02 1.007981911725986390e-01
8.357999999999999545e+02 1.004145236790599111e-01
8.360000000000000000e+02 1.000458643504331530e-01
8.362000000000000455e+02 9.968817050930646462e-02
8.364000000000000909e+02 9.933468200569926798e-02
8.366000000000000227e+02 9.897202436145215165e-02
8.367999999999999545e+02 9.858147997811012031e-02
8.370000000000000000e+02 9.815202875751555256e-02
8.372000000000000455e+02 9.768555504574229220e-02
8.374000000000000909e+02 9.718754561925718738e-02
8.376000000000000227e+02 9.666309615830183388e-02
8.377999999999999545e+02 9.611549972151837984e-02
8.380000000000000000e+02 9.555234207828199045e-02
8.382000000000000455e+02 9.497794008698712265e-02
8.384000000000000909e+02 9.438697897515081758e-02
8.386000000000000227e+02 9.378347707041333192e-02
8.387999999999999545e+02 9.318086096961783471e-02
8.390000000000000000e+02 9.260045026515831279e-02
8.392000000000000455e+02 9.206358968618040539e-02
8.394000000000000909e+02 9.158874694301163966e-02
8.396000000000000227e+02 9.118796127410112862e-02
8.397999999999999545e+02 9.086753265295914594e-02
8.400000000000000000e+02 9.062519973391047756e-02
8.402000000000000455e+02 9.044140209549569875e-02
8.404000000000000909e+02 9.029254996620017515e-02
8.406000000000000227e+02 9.015641951152875144e-02
8.407999999999999545e+02 9.001713033638598926e-02
8.410000000000000000e+02 8.985615676074976133e-02
8.412000000000000455e+02 8.964962376003479672e-02
8.414000000000000909e+02 8.937458550232979526e-02
8.416000000000000227e+02 8.901708901725055578e-02
8.417999999999999545e+02 8.857639847006212874e-02
8.420000000000000000e+02 8.805493096758261473e-02
8.422000000000000455e+02 8.744860964979560281e-02
8.424000000000000909e+02 8.674245351045017927e-02
8.426000000000000227e+02 8.594370923815594643e-02
8.427999999999999545e+02 8.507361925410748815e-02
8.430000000000000000e+02 8.415583431126914815e-02
8.432000000000000455e+02 8.320697663655260423e-02
8.434000000000000909e+02 8.224241945962093570e-02
8.436000000000000227e+02 8.128622345831469642e-02
8.437999999999999545e+02 8.034972981448572360e-02
8.440000000000000000e+02 7.943659410259754083e-02
8.442000000000000455e+02 7.856252927251416995e-02
8.444000000000000909e+02 7.775486835559855536e-02
8.446000000000000227e+02 7.704802861169471329e-02
8.447999999999999545e+02 7.646963690778160738e-02
8.450000000000000000e+02 7.602627933888739253e-02
8.452000000000000455e+02 7.570097912160372866e-02
8.454000000000000909e+02 7.546763934974036470e-02
8.456000000000000227e+02 7.529941620266007718e-02
8.457999999999999545e+02 7.517426173041398541e-02
8.460000000000000000e+02 7.508486004996187124e-02
8.462000000000000455e+02 7.503481795093021323e-02
8.464000000000000909e+02 7.503510696384661782e-02
8.466000000000000227e+02 7.508747822888815759e-02
8.467999999999999545e+02 7.518498230715850439e-02
8.470000000000000000e+02 7.531318983537295397e-02
8.472000000000000455e+02 7.546089551924861638e-02
8.474000000000000909e+02 7.562368554897405670e-02
8.476000000000000227e+02 7.580705172683206705e-02
8.477999999999999545e+02 7.600649262761939584e-02
8.480000000000000000e+02 7.620687467132822301e-02
8.482000000000000455e+02 7.638675173273383467e-02
8.484000000000000909e+02 7.653873726864726668e-02
8.486000000000000227e+02 7.666879389070417605e-02
8.487999999999999545e+02 7.678249800546581294e-02
8.490000000000000000e+02 7.688061835070962580e-02
8.492000000000000455e+02 7.695631873683482505e-02
8.494000000000000909e+02 7.698960569549798127e-02
8.496000000000000227e+02 7.695816856698907416e-02
8.497999999999999545e+02 7.684529322976718646e-02
8.500000000000000000e+02 7.665572655051916540e-02
8.502000000000000455e+02 7.640219150145735605e-02
8.504000000000000909e+02 7.609652813968205420e-02
8.506000000000000227e+02 7.574236771624799636e-02
8.507999999999999545e+02 7.534275007186956585e-02
8.510000000000000000e+02 7.490725114853057087e-02
8.512000000000000455e+02 7.445252524719103704e-02
8.514000000000000909e+02 7.399849119144372156e-02
8.516000000000000227e+02 7.356397897686117737e-02
8.517999999999999545e+02 7.316182151091803199e-02
8.520000000000000000e+02 7.279560123887397760e-02
8.522000000000000455e+02 7.245127773197783394e-02
8.524000000000000909e+02 7.207299286445478792e-02
8.526000000000000227e+02 7.158208706308789859e-02
8.527999999999999545e+02 7.093201978665475416e-02
8.530000000000000000e+02 7.012082262092209084e-02
8.532000000000000455e+02 6.918061779195119887e-02
8.534000000000000909e+02 6.813349005127400382e-02
8.536000000000000227e+02 6.699689176060448503e-02
8.537999999999999545e+02 6.578711760462878366e-02
8.540000000000000000e+02 6.452418722207875490e-02
8.542000000000000455e+02 6.324309018053472786e-02
8.544000000000000909e+02 6.199652925223470001e-02
8.546000000000000227e+02 6.082575983085439925e-02
8.547999999999999545e+02 5.976074477537526158e-02
8.550000000000000000e+02 5.881984277528902461e-02
8.552000000000000455e+02 5.801047393530922580e-02
8.554000000000000909e+02 5.733797851730559891e-02
8.556000000000000227e+02 5.681384754235706963e-02
8.557999999999999545e+02 5.644991420846720565e-02
8.560000000000000000e+02 5.625651311354961520e-02
8.562000000000000455e+02 5.623983561835758233e-02
8.564000000000000909e+02 5.639132906183103727e-02
8.566000000000000227e+02 5.668522023365183543e-02
8.567999999999999545e+02 5.707454735630136666e-02
8.570000000000000000e+02 5.750798349718998920e-02
8.572000000000000455e+02 5.793555614765719813e-02
8.574000000000000909e+02 5.831336699887317704e-02
8.576000000000000227e+02 5.860068489869248859e-02
8.577999999999999545e+02 5.876046304832550915e-02
8.580000000000000000e+02 5.876508699758733328e-02
8.582000000000000455e+02 5.860020600426817799e-02
8.584000000000000909e+02 5.827180053745081162e-02
8.586000000000000227e+02 5.782678603618166685e-02
8.587999999999999545e+02 5.732136730806754871e-02
8.590000000000000000e+02 5.679810988170663766e-02
8.592000000000000455e+02 5.626574789013944616e-02
8.594000000000000909e+02 5.571789711855795052e-02
8.596000000000000227e+02 5.514892776678255448e-02
8.597999999999999545e+02 5.455585512499357831e-02
8.600000000000000000e+02 5.393767326641529108e-02
8.602000000000000455e+02 5.329426269290381268e-02
8.604000000000000909e+02 5.262112111994915464e-02
8.606000000000000227e+02 5.191061187727455395e-02
8.607999999999999545e+02 5.115592662603892643e-02
8.610000000000000000e+02 5.036416635598613134e-02
8.612000000000000455e+02 4.955168198239429111e-02
8.614000000000000909e+02 4.872698416470559041e-02
8.616000000000000227e+02 4.790091194947945774e-02
8.617999999999999545e+02 4.708643943893271039e-02
8.620000000000000000e+02 4.628683269021846569e-02
8.622000000000000455e+02 4.549329895748837477e-02
8.624000000000000909e+02 4.468915696980423069e-02
8.626000000000000227e+02 4.387657803772072873e-02
8.627999999999999545e+02 4.307048765541743318e-02
8.630000000000000000e+02 4.229475366712234091e-02
8.632000000000000455e+02 4.157476278364183320e-02
8.634000000000000909e+02 4.093224330291557467e-02
8.636000000000000227e+02 4.038126115811843664e-02
8.637999999999999545e+02 3.993108995906916731e-02
8.640000000000000000e+02 3.958435049431329594e-02
8.642000000000000455e+02 3.933427375359153932e-02
8.644000000000000909e+02 3.917865388715056213e-02
8.646000000000000227e+02 3.911935232668595219e-02
8.647999999999999545e+02 3.915870012642354986e-02
8.650000000000000000e+02 3.929235777830086124e-02
8.652000000000000455e+02 3.950748929530494002e-02
8.654000000000000909e+02 3.978048015577547586e-02
8.656000000000000227e+02 4.008686618117942441e-02
8.657999999999999545e+02 4.040354661057461716e-02
8.660000000000000000e+02 4.070800403711233306e-02
8.662000000000000455e+02 4.097991130977126500e-02
8.664000000000000909e+02 4.120223405717828719e-02
8.666000000000000227e+02 4.136290335213273217e-02
8.667999999999999545e+02 4.144864448149779973e-02
8.670000000000000000e+02 4.144260383212979709e-02
8.672000000000000455e+02 4.132877314757318205e-02
8.674000000000000909e+02 4.110027720688297359e-02
8.676000000000000227e+02 4.076565319040242885e-02
8.677999999999999545e+02 4.034268179410947092e-02
8.680000000000000000e+02 3.985322515383704634e-02
8.682000000000000455e+02 3.931979883865969333e-02
8.684000000000000909e+02 3.876551579622107557e-02
8.686000000000000227e+02 3.820777081972307615e-02
8.687999999999999545e+02 3.764915743267338577e-02
8.690000000000000000e+02 3.709097896725008225e-02
8.692000000000000455e+02 3.653564412935245143e-02
8.694000000000000909e+02 3.598671914053848397e-02
8.696000000000000227e+02 3.544566485066944633e-02
8.697999999999999545e+02 3.491536219604829405e-02
8.700000000000000000e+02 3.441145945489861024e-02
8.702000000000000455e+02 3.395090239245328323e-02
8.704000000000000909e+02 3.354714313828496136e-02
8.706000000000000227e+02 3.320563123701600339e-02
8.707999999999999545e+02 3.292631598845469770e-02
8.710000000000000000e+02 3.270592792242704716e-02
8.712000000000000455e+02 3.254567783213350302e-02
8.714000000000000909e+02 3.244801245359984349e-02
8.716000000000000227e+02 3.241399504985269242e-02
8.717999999999999545e+02 3.243980694009451771e-02
8.720000000000000000e+02 3.251319230681464639e-02
8.722000000000000455e+02 3.260941956089589283e-02
8.724000000000000909e+02 3.269503103111350006e-02
8.726000000000000227e+02 3.273699290822568858e-02
8.727999999999999545e+02 3.271342736089372094e-02
8.730000000000000000e+02 3.261739134272886864e-02
8.732000000000000455e+02 3.245154842470576728e-02
8.734000000000000909e+02 3.222057930001221565e-02
8.736000000000000227e+02 3.192806948211622531e-02
8.737999999999999545e+02 3.157825004859962648e-02
8.740000000000000000e+02 3.118157692243974169e-02
8.742000000000000455e+02 3.075282774478916084e-02
8.744000000000000909e+02 3.031013241735516436e-02
8.746000000000000227e+02 2.987373213722616799e-02
8.747999999999999545e+02 2.946541338281713843e-02
8.750000000000000000e+02 2.910670207909119012e-02
8.752000000000000455e+02 2.881155822027764782e-02
8.754000000000000909e+02 2.858878897954991380e-02
8.756000000000000227e+02 2.844206057786257541e-02
8.757999999999999545e+02 2.836564187519742888e-02
8.760000000000000000e+02 2.834849096354445999e-02
8.762000000000000455e+02 2.837682710278351811e-02
8.764000000000000909e+02 2.843671133680916729e-02
8.766000000000000227e+02 2.851117311625275819e-02
8.767999999999999545e+02 2.857703569649341566e-02
8.770000000000000000e+02 2.861281092705997980e-02
8.772000000000000455e+02 2.860072215668085435e-02
8.774000000000000909e+02 2.852824038078134727e-02
8.776000000000000227e+02 2.837872577772551988e-02
8.777999999999999545e+02 2.813123801021998743e-02
8.780000000000000000e+02 2.776378029806402317e-02
8.782000000000000455e+02 2.727485220297661342e-02
8.784000000000000909e+02 2.668646116825236850e-02
8.786000000000000227e+02 2.604011442322291814e-02
8.787999999999999545e+02 2.537571371405568377e-02
8.790000000000000000e+02 2.472421457817818025e-02
8.792000000000000455e+02 2.410540238387201550e-02
8.794000000000000909e+02 2.354031827739807431e-02
8.796000000000000227e+02 2.305476513194920293e-02
8.797999999999999545e+02 2.266798480636714186e-02
8.800000000000000000e+02 2.238690554982923284e-02
8.802000000000000455e+02 2.220160543022932018e-02
8.804000000000000909e+02 2.208924046460705032e-02
8.806000000000000227e+02 2.202623868947848479e-02
8.807999999999999545e+02 2.199856559135107692e-02
8.810000000000000000e+02 2.200118307902172027e-02
8.812000000000000455e+02 2.203151143073398335e-02
8.814000000000000909e+02 2.208210516977940005e-02
8.816000000000000227e+02 2.214228074599419380e-02
8.817999999999999545e+02 2.220176044423870579e-02
8.820000000000000000e+02 2.225620266402632969e-02
8.822000000000000455e+02 2.230035405279923513e-02
8.824000000000000909e+02 2.232759893074943297e-02
8.826000000000000227e+02 2.233247833591850071e-02
8.827999999999999545e+02 2.231521668059737590e-02
8.830000000000000000e+02 2.228019183095226660e-02
8.832000000000000455e+02 2.222646231274310463e-02
8.834000000000000909e+02 2.214845414747383320e-02
8.836000000000000227e+02 2.203672363533214565e-02
8.837999999999999545e+02 2.188093316093074961e-02
8.840000000000000000e+02 2.166404309281044424e-02
8.842000000000000455e+02 2.136116416592245826e-02
8.844000000000000909e+02 2.095741973528864044e-02
8.846000000000000227e+02 2.045039624171609074e-02
8.847999999999999545e+02 1.985165033836603157e-02
8.850000000000000000e+02 1.917411458171155297e-02
8.852000000000000455e+02 1.842846698092593175e-02
8.854000000000000909e+02 1.762085346949916406e-02
8.856000000000000227e+02 1.675989510138952560e-02
8.857999999999999545e+02 1.585588854416496857e-02
8.860000000000000000e+02 1.491938882137206802e-02
8.862000000000000455e+02 1.397383974715571235e-02
8.864000000000000909e+02 1.305449295111180824e-02
8.866000000000000227e+02 1.220289191054430185e-02
8.867999999999999545e+02 1.145718665740457290e-02
8.870000000000000000e+02 1.084752577013140852e-02
8.872000000000000455e+02 1.038877265900286020e-02
8.874000000000000909e+02 1.008774329828286166e-02
8.876000000000000227e+02 9.946147543287989917e-03
8.877999999999999545e+02 9.963356464577764748e-03
8.880000000000000000e+02 1.013217026452938561e-02
8.882000000000000455e+02 1.043596349461775250e-02
8.884000000000000909e+02 1.084834669975601705e-02
8.886000000000000227e+02 1.133695900204584849e-02
8.887999999999999545e+02 1.186486295033049865e-02
8.890000000000000000e+02 1.238985856543132341e-02
8.892000000000000455e+02 1.287335948698752411e-02
8.894000000000000909e+02 1.328846375866537741e-02
8.896000000000000227e+02 1.360925642317255789e-02
8.897999999999999545e+02 1.381270482172687088e-02
8.900000000000000000e+02 1.388589286099772314e-02
8.902000000000000455e+02 1.385197542778917983e-02
8.904000000000000909e+02 1.375791344403288693e-02
8.906000000000000227e+02 1.364763932094012477e-02
8.907999999999999545e+02 1.354188555749478128e-02
8.910000000000000000e+02 1.344329121376363484e-02
8.912000000000000455e+02 1.335815585165176476e-02
8.914000000000000909e+02 1.329612465970347879e-02
8.916000000000000227e+02 1.326956761795073346e-02
8.917999999999999545e+02 1.329207825008138152e-02
8.920000000000000000e+02 1.336892803346593182e-02
8.922000000000000455e+02 1.349402074966842870e-02
8.924000000000000909e+02 1.365708401021518796e-02
8.926000000000000227e+02 1.384899301640774190e-02
8.927999999999999545e+02 1.406316775413220081e-02
8.930000000000000000e+02 1.428610784020125334e-02
8.932000000000000455e+02 1.450357711794731004e-02
8.934000000000000909e+02 1.470608095880828435e-02
8.936000000000000227e+02 1.488792938724424648e-02
8.937999999999999545e+02 1.504494891709136709e-02
8.940000000000000000e+02 1.517258971683364301e-02
8.942000000000000455e+02 1.526810603539447211e-02
8.944000000000000909e+02 1.533054935304664808e-02
8.946000000000000227e+02 1.536035919823399050e-02
8.947999999999999545e+02 1.535432874479429437e-02
8.950000000000000000e+02 1.530568194430990091e-02
8.952000000000000455e+02 1.520604594243892341e-02
8.954000000000000909e+02 1.505066846236436350e-02
8.956000000000000227e+02 1.484000624790150942e-02
8.957999999999999545e+02 1.458113903510724167e-02
8.960000000000000000e+02 1.429088266140676224e-02
8.962000000000000455e+02 1.399465780596916703e-02
8.964000000000000909e+02 1.371497697536203791e-02
8.966000000000000227e+02 1.346877405645597811e-02
8.967999999999999545e+02 1.326646687412595151e-02
8.970000000000000000e+02 1.311588276876226450e-02
8.972000000000000455e+02 1.302441702986852773e-02
8.974000000000000909e+02 1.299888398371999015e-02
8.976000000000000227e+02 1.303574115093065165e-02
8.977999999999999545e+02 1.312104409476757064e-02
8.980000000000000000e+02 1.323101617793769058e-02
8.982000000000000455e+02 1.335104083997872351e-02
8.984000000000000909e+02 1.347350775678701762e-02
8.986000000000000227e+02 1.359271052152827980e-02
8.987999999999999545e+02 1.369976163610532420e-02
8.990000000000000000e+02 1.378477175731846610e-02
8.992000000000000455e+02 1.384256769343808827e-02
8.994000000000000909e+02 1.387094098410911885e-02
8.996000000000000227e+02 1.387060888658659188e-02
8.997999999999999545e+02 1.384675349373012433e-02
9.000000000000000000e+02 1.380806647051166514e-02
