5.500000000000000000e+02 5.099082607880858070e-02
5.502000000000000455e+02 4.876649941288401652e-02
5.503999999999999773e+02 4.654571498245097666e-02
5.506000000000000227e+02 4.434206725169367869e-02
5.507999999999999545e+02 4.215326123130842123e-02
5.510000000000000000e+02 3.997701964437697097e-02
5.512000000000000455e+02 3.782117357287673176e-02
5.513999999999999773e+02 3.571133003570013675e-02
5.516000000000000227e+02 3.366382169994244777e-02
5.517999999999999545e+02 3.169044015817804039e-02
5.520000000000000000e+02 2.980911423057027235e-02
5.522000000000000455e+02 2.802992636758154174e-02
5.523999999999999773e+02 2.636612862207653868e-02
5.526000000000000227e+02 2.483859988655299708e-02
5.527999999999999545e+02 2.344854210356365348e-02
5.530000000000000000e+02 2.218741326307399273e-02
5.532000000000000455e+02 2.104441834773641481e-02
5.533999999999999773e+02 2.001149294773853921e-02
5.536000000000000227e+02 1.907324858656575875e-02
5.537999999999999545e+02 1.820916873244715628e-02
5.540000000000000000e+02 1.740408569596918129e-02
5.542000000000000455e+02 1.665094360537817952e-02
5.543999999999999773e+02 1.594453327376872329e-02
5.546000000000000227e+02 1.527415814378124855e-02
5.547999999999999545e+02 1.462849767172668715e-02
5.550000000000000000e+02 1.400111318304769585e-02
5.552000000000000455e+02 1.339278119704387718e-02
5.553999999999999773e+02 1.280415752540946771e-02
5.556000000000000227e+02 1.223746920351022859e-02
5.557999999999999545e+02 1.169634240594672608e-02
5.560000000000000000e+02 1.118249274678558350e-02
5.562000000000000455e+02 1.070412559882072227e-02
5.563999999999999773e+02 1.027267367387643161e-02
5.566000000000000227e+02 9.891993115378487980e-03
5.567999999999999545e+02 9.559316885662947488e-03
5.570000000000000000e+02 9.269296212337388777e-03
5.572000000000000455e+02 9.017562203922623379e-03
5.573999999999999773e+02 8.796659803436124997e-03
5.576000000000000227e+02 8.599137413690538176e-03
5.577999999999999545e+02 8.420108080490439767e-03
5.580000000000000000e+02 8.256933514917772637e-03
5.582000000000000455e+02 8.105814136822273377e-03
5.583999999999999773e+02 7.961427262316482859e-03
5.586000000000000227e+02 7.820250056060313454e-03
5.587999999999999545e+02 7.680439944724975175e-03
5.590000000000000000e+02 7.541458657992958746e-03
5.592000000000000455e+02 7.403785181308740991e-03
5.593999999999999773e+02 7.270490528263924036e-03
5.596000000000000227e+02 7.145900562756393737e-03
5.597999999999999545e+02 7.034065390687803225e-03
5.600000000000000000e+02 6.939936883345345503e-03
5.602000000000000455e+02 6.866854869939005741e-03
5.603999999999999773e+02 6.814840569600442294e-03
5.606000000000000227e+02 6.781630714431669503e-03
5.607999999999999545e+02 6.763389169959166392e-03
5.610000000000000000e+02 6.755471990676416641e-03
5.612000000000000455e+02 6.753879859694626210e-03
5.613999999999999773e+02 6.755155153000873790e-03
5.616000000000000227e+02 6.755374635071200243e-03
5.617999999999999545e+02 6.748517580572288045e-03
5.620000000000000000e+02 6.727424039490659952e-03
5.622000000000000455e+02 6.686177830598517662e-03
5.623999999999999773e+02 6.622887985894916965e-03
5.626000000000000227e+02 6.541439432032355658e-03
5.627999999999999545e+02 6.447849466211298154e-03
5.630000000000000000e+02 6.347456591168789720e-03
5.632000000000000455e+02 6.243560444397592071e-03
5.633999999999999773e+02 6.139746078889983701e-03
5.636000000000000227e+02 6.040340040860849372e-03
5.637999999999999545e+02 5.949007216358390485e-03
5.640000000000000000e+02 5.869871168314123519e-03
5.642000000000000455e+02 5.807130813123128482e-03
5.643999999999999773e+02 5.763797273349180288e-03
5.646000000000000227e+02 5.740969740218638401e-03
5.647999999999999545e+02 5.738744772813684190e-03
5.650000000000000000e+02 5.757136014544333991e-03
5.652000000000000455e+02 5.795583911925882015e-03
5.653999999999999773e+02 5.851284050877348340e-03
5.656000000000000227e+02 5.917945873473705667e-03
5.657999999999999545e+02 5.985700326371468961e-03
5.660000000000000000e+02 6.044570698099314444e-03
5.662000000000000455e+02 6.087290956092134692e-03
5.663999999999999773e+02 6.112846663203176309e-03
5.666000000000000227e+02 6.122458264099074968e-03
5.667999999999999545e+02 6.117184204416106774e-03
5.670000000000000000e+02 6.096137796455217486e-03
5.672000000000000455e+02 6.059346868640901572e-03
5.673999999999999773e+02 6.008223815225117483e-03
5.676000000000000227e+02 5.945944858043746180e-03
5.677999999999999545e+02 5.879139822367419194e-03
5.680000000000000000e+02 5.816051284000763044e-03
5.682000000000000455e+02 5.764354031522240726e-03
5.683999999999999773e+02 5.727277282977329305e-03
5.686000000000000227e+02 5.704555674297272574e-03
5.687999999999999545e+02 5.694551494197902172e-03
5.690000000000000000e+02 5.698202628163640329e-03
5.692000000000000455e+02 5.716651605628206984e-03
5.693999999999999773e+02 5.749985374902455426e-03
5.696000000000000227e+02 5.796384173152874762e-03
5.697999999999999545e+02 5.853722347372795030e-03
5.700000000000000000e+02 5.919180132048347531e-03
5.702000000000000455e+02 5.988694751248704873e-03
5.703999999999999773e+02 6.057845890492516601e-03
5.706000000000000227e+02 6.122165365674899808e-03
5.707999999999999545e+02 6.177209899363452980e-03
5.710000000000000000e+02 6.218385683867847652e-03
5.712000000000000455e+02 6.241028766401439734e-03
5.713999999999999773e+02 6.241375722637021797e-03
5.716000000000000227e+02 6.218880171291271512e-03
5.717999999999999545e+02 6.176485745969349447e-03
5.720000000000000000e+02 6.118987230342425900e-03
5.722000000000000455e+02 6.050439407021065627e-03
5.723999999999999773e+02 5.972556639062487349e-03
5.726000000000000227e+02 5.886658675175798425e-03
5.727999999999999545e+02 5.795714619306768615e-03
5.730000000000000000e+02 5.704511681626421755e-03
5.732000000000000455e+02 5.617415566315321629e-03
5.733999999999999773e+02 5.537570220704676228e-03
5.736000000000000227e+02 5.468690920954547008e-03
5.737999999999999545e+02 5.414336770808573715e-03
5.740000000000000000e+02 5.377629998753513142e-03
5.742000000000000455e+02 5.361144417711572775e-03
5.743999999999999773e+02 5.364934670757487770e-03
5.746000000000000227e+02 5.386334839656079475e-03
5.747999999999999545e+02 5.420472638448968136e-03
5.750000000000000000e+02 5.463294506694477658e-03
5.752000000000000455e+02 5.510897133165121135e-03
5.753999999999999773e+02 5.558553750633356619e-03
5.756000000000000227e+02 5.600931856530911267e-03
5.757999999999999545e+02 5.633561044477469922e-03
5.760000000000000000e+02 5.654168167616854639e-03
5.762000000000000455e+02 5.664245523481289610e-03
5.763999999999999773e+02 5.666257148465249707e-03
5.766000000000000227e+02 5.662429798001739414e-03
5.767999999999999545e+02 5.654267924222951790e-03
5.770000000000000000e+02 5.642605625784843405e-03
5.772000000000000455e+02 5.628278572414348140e-03
5.773999999999999773e+02 5.612800647300260522e-03
5.776000000000000227e+02 5.596547997467532509e-03
5.777999999999999545e+02 5.578728643396306530e-03
5.780000000000000000e+02 5.558450883612466552e-03
5.782000000000000455e+02 5.539624361603464990e-03
5.783999999999999773e+02 5.527432554241800550e-03
5.786000000000000227e+02 5.525316412185610898e-03
5.787999999999999545e+02 5.532197508247985347e-03
5.790000000000000000e+02 5.544664455570067277e-03
5.792000000000000455e+02 5.558010806584127994e-03
5.793999999999999773e+02 5.566787796006359042e-03
5.796000000000000227e+02 5.567059642447316770e-03
5.797999999999999545e+02 5.557573153907476721e-03
5.800000000000000000e+02 5.540860050020905703e-03
5.802000000000000455e+02 5.522031191317514076e-03
5.803999999999999773e+02 5.506735692623883176e-03
5.806000000000000227e+02 5.499237413950328578e-03
5.807999999999999545e+02 5.501551189278541983e-03
5.810000000000000000e+02 5.513987373169854100e-03
5.812000000000000455e+02 5.535152692713375157e-03
5.813999999999999773e+02 5.560771667491130020e-03
5.816000000000000227e+02 5.584864198939337374e-03
5.817999999999999545e+02 5.600982609127461154e-03
5.820000000000000000e+02 5.604346252783355513e-03
5.822000000000000455e+02 5.593598400179988946e-03
5.823999999999999773e+02 5.570424102801530344e-03
5.826000000000000227e+02 5.537991113845943010e-03
5.827999999999999545e+02 5.497778514374510907e-03
5.830000000000000000e+02 5.449701389745738658e-03
5.832000000000000455e+02 5.393134484569599672e-03
5.833999999999999773e+02 5.329313024686860648e-03
5.836000000000000227e+02 5.261167980300677192e-03
5.837999999999999545e+02 5.192317297894343854e-03
5.840000000000000000e+02 5.123633856752853391e-03
5.842000000000000455e+02 5.056595776122715241e-03
5.843999999999999773e+02 4.994538150361872014e-03
5.846000000000000227e+02 4.941266972810521955e-03
5.847999999999999545e+02 4.900780827102422556e-03
5.850000000000000000e+02 4.877832759477586204e-03
5.852000000000000455e+02 4.878754788033115228e-03
5.853999999999999773e+02 4.906117731337911007e-03
5.856000000000000227e+02 4.957074001463742004e-03
5.857999999999999545e+02 5.023180678724838838e-03
5.860000000000000000e+02 5.098231582656649434e-03
5.862000000000000455e+02 5.176402241262739908e-03
5.863999999999999773e+02 5.250325554338985436e-03
5.866000000000000227e+02 5.313694497832151253e-03
5.867999999999999545e+02 5.363212857727335352e-03
5.870000000000000000e+02 5.398609845541334391e-03
5.872000000000000455e+02 5.419222336231607241e-03
5.873999999999999773e+02 5.424078326419292349e-03
5.876000000000000227e+02 5.413440476928176905e-03
5.877999999999999545e+02 5.392047565139900661e-03
5.880000000000000000e+02 5.368043628850238669e-03
5.882000000000000455e+02 5.349660098290740136e-03
5.883999999999999773e+02 5.341288303686254554e-03
5.886000000000000227e+02 5.348008875150394442e-03
5.887999999999999545e+02 5.377086256330311682e-03
5.890000000000000000e+02 5.437155663463226138e-03
5.892000000000000455e+02 5.528740777785025491e-03
5.893999999999999773e+02 5.645825439968069938e-03
5.896000000000000227e+02 5.778859894215719606e-03
5.897999999999999545e+02 5.921479458713296840e-03
5.900000000000000000e+02 6.065687578806356305e-03
5.902000000000000455e+02 6.201942776107131905e-03
5.903999999999999773e+02 6.324601021323829862e-03
5.906000000000000227e+02 6.431428373379907172e-03
5.907999999999999545e+02 6.521112201604079700e-03
5.910000000000000000e+02 6.590065659830710021e-03
5.912000000000000455e+02 6.637442470229383551e-03
5.913999999999999773e+02 6.670410390002604745e-03
5.916000000000000227e+02 6.706702511104405476e-03
5.917999999999999545e+02 6.757533344504094118e-03
5.920000000000000000e+02 6.825912899808109918e-03
5.922000000000000455e+02 6.908406605161495316e-03
5.923999999999999773e+02 7.003756106858857571e-03
5.926000000000000227e+02 7.109102807209148438e-03
5.927999999999999545e+02 7.219519198037390069e-03
5.930000000000000000e+02 7.332209873510285060e-03
5.932000000000000455e+02 7.444122347199025672e-03
5.933999999999999773e+02 7.551153869315925353e-03
5.936000000000000227e+02 7.647453065975208172e-03
5.937999999999999545e+02 7.719863406300792041e-03
5.940000000000000000e+02 7.754093594824777204e-03
5.942000000000000455e+02 7.743337769276012125e-03
5.943999999999999773e+02 7.688095678814367388e-03
5.946000000000000227e+02 7.588455641297067560e-03
5.947999999999999545e+02 7.440498291605214184e-03
5.950000000000000000e+02 7.247013455848407698e-03
5.952000000000000455e+02 7.015814825211469895e-03
5.953999999999999773e+02 6.757246939740278388e-03
5.956000000000000227e+02 6.480304130800172008e-03
5.957999999999999545e+02 6.198895551519732067e-03
5.960000000000000000e+02 5.931959171698522257e-03
5.962000000000000455e+02 5.699181962259010532e-03
5.963999999999999773e+02 5.518310724648740548e-03
5.966000000000000227e+02 5.403335851231483300e-03
5.967999999999999545e+02 5.362433362242083335e-03
5.970000000000000000e+02 5.397925713967062153e-03
5.972000000000000455e+02 5.502150656579276981e-03
5.973999999999999773e+02 5.655252581796880139e-03
5.976000000000000227e+02 5.836782889828763185e-03
5.977999999999999545e+02 6.032255337930200571e-03
5.980000000000000000e+02 6.233296699518036527e-03
5.982000000000000455e+02 6.426954608694828396e-03
5.983999999999999773e+02 6.600394578062458023e-03
5.986000000000000227e+02 6.743491359250303879e-03
5.987999999999999545e+02 6.850432384238475288e-03
5.990000000000000000e+02 6.918910718931824133e-03
5.992000000000000455e+02 6.948842087258902574e-03
5.993999999999999773e+02 6.941147612658570519e-03
5.996000000000000227e+02 6.899960480998318553e-03
5.997999999999999545e+02 6.831506423738654618e-03
6.000000000000000000e+02 6.742429757872132542e-03
6.002000000000000455e+02 6.637648767445745307e-03
6.003999999999999773e+02 6.522213728980826887e-03
6.006000000000000227e+02 6.402888310284585160e-03
6.007999999999999545e+02 6.288970159367904787e-03
6.010000000000000000e+02 6.187863376548178966e-03
6.012000000000000455e+02 6.104380165303187333e-03
6.013999999999999773e+02 6.043487207234374790e-03
6.016000000000000227e+02 6.006440404232024632e-03
6.017999999999999545e+02 5.990182381938449763e-03
6.020000000000000000e+02 5.988433284290966239e-03
6.022000000000000455e+02 5.997698961071594795e-03
6.023999999999999773e+02 6.017018224202174033e-03
6.026000000000000227e+02 6.046064513603861129e-03
6.027999999999999545e+02 6.081059838800285076e-03
6.030000000000000000e+02 6.116775024499989354e-03
6.032000000000000455e+02 6.148616840478399528e-03
6.033999999999999773e+02 6.174362632068199942e-03
6.036000000000000227e+02 6.195897452021648100e-03
6.037999999999999545e+02 6.218908591325157664e-03
6.040000000000000000e+02 6.249562258265587041e-03
6.042000000000000455e+02 6.294709609609602276e-03
6.043999999999999773e+02 6.361511942106164164e-03
6.046000000000000227e+02 6.456243258069848875e-03
6.047999999999999545e+02 6.581763034662064041e-03
6.050000000000000000e+02 6.735037503544131880e-03
6.052000000000000455e+02 6.905255634864669416e-03
6.053999999999999773e+02 7.082700062445253762e-03
6.056000000000000227e+02 7.258941237350625790e-03
6.057999999999999545e+02 7.426644204398502938e-03
6.060000000000000000e+02 7.582266380685126483e-03
6.062000000000000455e+02 7.724086783449293087e-03
6.063999999999999773e+02 7.850547414359481876e-03
6.066000000000000227e+02 7.958447617089475443e-03
6.067999999999999545e+02 8.046565554267533227e-03
6.070000000000000000e+02 8.115756506754537650e-03
6.072000000000000455e+02 8.166506395365046717e-03
6.073999999999999773e+02 8.200010538689754894e-03
6.076000000000000227e+02 8.217851145039294786e-03
6.077999999999999545e+02 8.221180914082439756e-03
6.080000000000000000e+02 8.210742103905878733e-03
6.082000000000000455e+02 8.188171194863957600e-03
6.083999999999999773e+02 8.157085364375980460e-03
6.086000000000000227e+02 8.122040005272718535e-03
6.087999999999999545e+02 8.088788012490822146e-03
6.090000000000000000e+02 8.064171993218202314e-03
6.092000000000000455e+02 8.054477250784401049e-03
6.093999999999999773e+02 8.061565911507698884e-03
6.096000000000000227e+02 8.082557553012393453e-03
6.097999999999999545e+02 8.112739481437316116e-03
6.100000000000000000e+02 8.147446614869430573e-03
6.102000000000000455e+02 8.181240227234466700e-03
6.103999999999999773e+02 8.206330802746731462e-03
6.106000000000000227e+02 8.217746905164368537e-03
6.107999999999999545e+02 8.215848087676400416e-03
6.110000000000000000e+02 8.207558701522390740e-03
6.112000000000000455e+02 8.200381560657041269e-03
6.113999999999999773e+02 8.200856035974051286e-03
6.116000000000000227e+02 8.214105458829034853e-03
6.117999999999999545e+02 8.244393187757808467e-03
6.120000000000000000e+02 8.293132448764249653e-03
6.122000000000000455e+02 8.359509865907882933e-03
6.123999999999999773e+02 8.444872232312850349e-03
6.126000000000000227e+02 8.553056039096749996e-03
6.127999999999999545e+02 8.689946773069667785e-03
6.130000000000000000e+02 8.862262297581403186e-03
6.132000000000000455e+02 9.072820112891431116e-03
6.133999999999999773e+02 9.321627159198790299e-03
6.136000000000000227e+02 9.607660733620869420e-03
6.137999999999999545e+02 9.926746186435136607e-03
6.140000000000000000e+02 1.027119429389715746e-02
6.142000000000000455e+02 1.063135134478163796e-02
6.143999999999999773e+02 1.100404470327171966e-02
6.146000000000000227e+02 1.138370821119189663e-02
6.147999999999999545e+02 1.176141763635616191e-02
6.150000000000000000e+02 1.213647335340246186e-02
6.152000000000000455e+02 1.251073458223800512e-02
6.153999999999999773e+02 1.288662481386933061e-02
6.156000000000000227e+02 1.326664042215712491e-02
6.157999999999999545e+02 1.364754462664539633e-02
6.160000000000000000e+02 1.402429296733631939e-02
6.162000000000000455e+02 1.439577080479111960e-02
6.163999999999999773e+02 1.475714441762292044e-02
6.166000000000000227e+02 1.510304250443668742e-02
6.167999999999999545e+02 1.543045655705774059e-02
6.170000000000000000e+02 1.573495722254892454e-02
6.172000000000000455e+02 1.601234330287850186e-02
6.173999999999999773e+02 1.626154478352367927e-02
6.176000000000000227e+02 1.649049943708688626e-02
6.177999999999999545e+02 1.670789343050836998e-02
6.180000000000000000e+02 1.692140329832251752e-02
6.182000000000000455e+02 1.714018866043341693e-02
6.183999999999999773e+02 1.736779071647878009e-02
6.186000000000000227e+02 1.760361020531803558e-02
6.187999999999999545e+02 1.784726845354217897e-02
6.190000000000000000e+02 1.809711806785110552e-02
6.192000000000000455e+02 1.835188198262710166e-02
6.193999999999999773e+02 1.861189443012786771e-02
6.196000000000000227e+02 1.887556717912547768e-02
6.197999999999999545e+02 1.914269244964754771e-02
6.200000000000000000e+02 1.941484387759282240e-02
6.202000000000000455e+02 1.968802234300839546e-02
6.203999999999999773e+02 1.995966492714332241e-02
6.206000000000000227e+02 2.023022447046883901e-02
6.207999999999999545e+02 2.049922680376036269e-02
6.210000000000000000e+02 2.076208108306904290e-02
6.212000000000000455e+02 2.101410218419589096e-02
6.213999999999999773e+02 2.125808958147348479e-02
6.216000000000000227e+02 2.149701601785310862e-02
6.217999999999999545e+02 2.173628725940447703e-02
6.220000000000000000e+02 2.198681253275115016e-02
6.222000000000000455e+02 2.225757279966795663e-02
6.223999999999999773e+02 2.255673096501021810e-02
6.226000000000000227e+02 2.289246552295265413e-02
6.227999999999999545e+02 2.327064099280258536e-02
6.230000000000000000e+02 2.369746468222624219e-02
6.232000000000000455e+02 2.417704858543495358e-02
6.233999999999999773e+02 2.470122821000943908e-02
6.236000000000000227e+02 2.526527838294256173e-02
6.237999999999999545e+02 2.586740309091013421e-02
6.240000000000000000e+02 2.649916756395870321e-02
6.242000000000000455e+02 2.715231479101332113e-02
6.243999999999999773e+02 2.782104676625898887e-02
6.246000000000000227e+02 2.850268020554596118e-02
6.247999999999999545e+02 2.919329758780349685e-02
6.250000000000000000e+02 2.989255775678632820e-02
6.252000000000000455e+02 3.060540953773065870e-02
6.253999999999999773e+02 3.132843898720630293e-02
6.256000000000000227e+02 3.206075808961458828e-02
6.257999999999999545e+02 3.280540163143780275e-02
6.260000000000000000e+02 3.355389302040860666e-02
6.262000000000000455e+02 3.430143944071965129e-02
6.263999999999999773e+02 3.504713367025080045e-02
6.266000000000000227e+02 3.578394225446353966e-02
6.267999999999999545e+02 3.651307071696205386e-02
6.270000000000000000e+02 3.723808644502379223e-02
6.272000000000000455e+02 3.795419369659187858e-02
6.273999999999999773e+02 3.866421095251716677e-02
6.276000000000000227e+02 3.937095944585398272e-02
6.277999999999999545e+02 4.007055688810666483e-02
6.280000000000000000e+02 4.076517141363096564e-02
6.282000000000000455e+02 4.146006666524876261e-02
6.283999999999999773e+02 4.215944028423979084e-02
6.286000000000000227e+02 4.285990329377743074e-02
6.287999999999999545e+02 4.355915305581242042e-02
6.290000000000000000e+02 4.425682302126293655e-02
6.292000000000000455e+02 4.494912701346909234e-02
6.293999999999999773e+02 4.564208407644176207e-02
6.296000000000000227e+02 4.634485557870641342e-02
6.297999999999999545e+02 4.705589281085306719e-02
6.300000000000000000e+02 4.778047018665160933e-02
6.302000000000000455e+02 4.852208950203881765e-02
6.303999999999999773e+02 4.927325073139207645e-02
6.306000000000000227e+02 5.003273573859006590e-02
6.307999999999999545e+02 5.080098872497394030e-02
6.310000000000000000e+02 5.157801377695551970e-02
6.312000000000000455e+02 5.237185027445954294e-02
6.313999999999999773e+02 5.319281470008372509e-02
6.316000000000000227e+02 5.404971187866797200e-02
6.317999999999999545e+02 5.494729631266286052e-02
6.320000000000000000e+02 5.589769475729357978e-02
6.322000000000000455e+02 5.691314362385383602e-02
6.323999999999999773e+02 5.798910318778375400e-02
6.326000000000000227e+02 5.912712640372275869e-02
6.327999999999999545e+02 6.032565942435031553e-02
6.330000000000000000e+02 6.156776913224451531e-02
6.332000000000000455e+02 6.284763898385599401e-02
6.333999999999999773e+02 6.415647546382767519e-02
6.336000000000000227e+02 6.547514116754564462e-02
6.337999999999999545e+02 6.680035041153459252e-02
6.340000000000000000e+02 6.812473155152162785e-02
6.342000000000000455e+02 6.943482578360808677e-02
6.343999999999999773e+02 7.073666052948777982e-02
6.346000000000000227e+02 7.203423548697621137e-02
6.347999999999999545e+02 7.332817160569984893e-02
6.350000000000000000e+02 7.462665551102483363e-02
6.352000000000000455e+02 7.593721265976133283e-02
6.353999999999999773e+02 7.726281430104935122e-02
6.356000000000000227e+02 7.860119336838104764e-02
6.357999999999999545e+02 7.996329142756597452e-02
6.360000000000000000e+02 8.135880970146640301e-02
6.362000000000000455e+02 8.278687153646319130e-02
6.363999999999999773e+02 8.426175821794043563e-02
6.366000000000000227e+02 8.578785401827557222e-02
6.367999999999999545e+02 8.735399294579745955e-02
6.370000000000000000e+02 8.896539454057049434e-02
6.372000000000000455e+02 9.061578140560025418e-02
6.373999999999999773e+02 9.229024426317058993e-02
6.376000000000000227e+02 9.399343070498189512e-02
6.377999999999999545e+02 9.571767144498932733e-02
6.380000000000000000e+02 9.745270282627825631e-02
6.382000000000000455e+02 9.920781550826372752e-02
6.383999999999999773e+02 1.009811567382738612e-01
6.386000000000000227e+02 1.027713064454023051e-01
6.387999999999999545e+02 1.045902247086605841e-01
6.390000000000000000e+02 1.064468903746700612e-01
6.392000000000000455e+02 1.083378730766761805e-01
6.393999999999999773e+02 1.102511955710233776e-01
6.396000000000000227e+02 1.122005544323855103e-01
6.397999999999999545e+02 1.141911442662749410e-01
6.400000000000000000e+02 1.162174670836411405e-01
6.402000000000000455e+02 1.182927138180626253e-01
6.403999999999999773e+02 1.204114025520321846e-01
6.406000000000000227e+02 1.225603223912319073e-01
6.407999999999999545e+02 1.247489359462703173e-01
6.410000000000000000e+02 1.269648353095506887e-01
6.412000000000000455e+02 1.291955373987156430e-01
6.413999999999999773e+02 1.314533540830758740e-01
6.416000000000000227e+02 1.337290919619006646e-01
6.417999999999999545e+02 1.360176401163557813e-01
6.420000000000000000e+02 1.383298831054176337e-01
6.422000000000000455e+02 1.406516524779879429e-01
6.423999999999999773e+02 1.429766651628841256e-01
6.426000000000000227e+02 1.453164762581891645e-01
6.427999999999999545e+02 1.476819096051147362e-01
6.430000000000000000e+02 1.500686203148410003e-01
6.432000000000000455e+02 1.524702873943096226e-01
6.433999999999999773e+02 1.549066859407704222e-01
6.436000000000000227e+02 1.573733612668307413e-01
6.437999999999999545e+02 1.598621950997134167e-01
6.440000000000000000e+02 1.623913296537990436e-01
6.442000000000000455e+02 1.649523815148892236e-01
6.443999999999999773e+02 1.675425302526318272e-01
6.446000000000000227e+02 1.701843717049388582e-01
6.447999999999999545e+02 1.728730466171244651e-01
6.450000000000000000e+02 1.756181356550979289e-01
6.452000000000000455e+02 1.784494368394106689e-01
6.453999999999999773e+02 1.813602975579720333e-01
6.456000000000000227e+02 1.843436818877115801e-01
6.457999999999999545e+02 1.874022782593330050e-01
6.460000000000000000e+02 1.905409681461320837e-01
6.462000000000000455e+02 1.937431580296502809e-01
6.463999999999999773e+02 1.969925433444791596e-01
6.466000000000000227e+02 2.003030181682862454e-01
6.467999999999999545e+02 2.036581494983517315e-01
6.470000000000000000e+02 2.070480074756068101e-01
6.472000000000000455e+02 2.104968132365795108e-01
6.473999999999999773e+02 2.139900314903025458e-01
6.476000000000000227e+02 2.175259666694221994e-01
6.477999999999999545e+02 2.211292658557490465e-01
6.480000000000000000e+02 2.247789602692825406e-01
6.482000000000000455e+02 2.284717482186079396e-01
6.483999999999999773e+02 2.322198272121027973e-01
6.486000000000000227e+02 2.359907180208557220e-01
6.487999999999999545e+02 2.397858787346613119e-01
6.490000000000000000e+02 2.436195736152857727e-01
6.492000000000000455e+02 2.474624061021680199e-01
6.493999999999999773e+02 2.513035270652178021e-01
6.496000000000000227e+02 2.551496011208044257e-01
6.497999999999999545e+02 2.590093290035816453e-01
6.500000000000000000e+02 2.628629476755039995e-01
6.502000000000000455e+02 2.667053755068840015e-01
6.503999999999999773e+02 2.705594738453794834e-01
6.506000000000000227e+02 2.744072539158047275e-01
6.507999999999999545e+02 2.782552337822338795e-01
6.510000000000000000e+02 2.821362406403070677e-01
6.512000000000000455e+02 2.860382784842465109e-01
6.513999999999999773e+02 2.899751101306118350e-01
6.516000000000000227e+02 2.939694760722814659e-01
6.517999999999999545e+02 2.979963058214336602e-01
6.520000000000000000e+02 3.020706123597216575e-01
6.522000000000000455e+02 3.062116351043807638e-01
6.523999999999999773e+02 3.103956545239099363e-01
6.526000000000000227e+02 3.146369917862036347e-01
6.527999999999999545e+02 3.189396937667220433e-01
6.530000000000000000e+02 3.232691133547425100e-01
6.532000000000000455e+02 3.276186372552608028e-01
6.533999999999999773e+02 3.319936740594205404e-01
6.536000000000000227e+02 3.363938274666731232e-01
6.537999999999999545e+02 3.407911137393710432e-01
6.540000000000000000e+02 3.451864074376814751e-01
6.542000000000000455e+02 3.495930095134253124e-01
6.543999999999999773e+02 3.539760768385611378e-01
6.546000000000000227e+02 3.583415105093079034e-01
6.547999999999999545e+02 3.627060847275310196e-01
6.550000000000000000e+02 3.670475284263092219e-01
6.552000000000000455e+02 3.713948140984202895e-01
6.553999999999999773e+02 3.757703089313665923e-01
6.556000000000000227e+02 3.801504151097864770e-01
6.557999999999999545e+02 3.845620103890763919e-01
6.560000000000000000e+02 3.890170511041388668e-01
6.562000000000000455e+02 3.934979147250540765e-01
6.563999999999999773e+02 3.980393204784789529e-01
6.566000000000000227e+02 4.026472146750100789e-01
6.567999999999999545e+02 4.072979456992804614e-01
6.570000000000000000e+02 4.120010259849200551e-01
6.572000000000000455e+02 4.167780044781603799e-01
6.573999999999999773e+02 4.216368439255854805e-01
6.576000000000000227e+02 4.265503126325308481e-01
6.577999999999999545e+02 4.315325848229082939e-01
6.580000000000000000e+02 4.365917841050385717e-01
6.582000000000000455e+02 4.416915170225538256e-01
6.583999999999999773e+02 4.468502827884529571e-01
6.586000000000000227e+02 4.520636766526334172e-01
6.587999999999999545e+02 4.572802951877932842e-01
6.590000000000000000e+02 4.625123920614572781e-01
6.592000000000000455e+02 4.677457806950079955e-01
6.593999999999999773e+02 4.729377385502031017e-01
6.596000000000000227e+02 4.781023114387185635e-01
6.597999999999999545e+02 4.832229839416099515e-01
6.600000000000000000e+02 4.882694441139887598e-01
6.602000000000000455e+02 4.932591820150319939e-01
6.603999999999999773e+02 4.982184066084849317e-01
6.606000000000000227e+02 5.031549211848291847e-01
6.607999999999999545e+02 5.080481515357062605e-01
6.610000000000000000e+02 5.129288370249518447e-01
6.612000000000000455e+02 5.178161152153417657e-01
6.613999999999999773e+02 5.226915805276582949e-01
6.616000000000000227e+02 5.275985331901880127e-01
6.617999999999999545e+02 5.325549498900822298e-01
6.620000000000000000e+02 5.375431751340450370e-01
6.622000000000000455e+02 5.425948169994698755e-01
6.623999999999999773e+02 5.476986217843112792e-01
6.626000000000000227e+02 5.528208412471348199e-01
6.627999999999999545e+02 5.579843472147807404e-01
6.630000000000000000e+02 5.631628607941469022e-01
6.632000000000000455e+02 5.683251870626323532e-01
6.633999999999999773e+02 5.734982845290496067e-01
6.636000000000000227e+02 5.786628370242455910e-01
6.637999999999999545e+02 5.837907362207169770e-01
6.640000000000000000e+02 5.888806141262531435e-01
6.642000000000000455e+02 5.939408609974171638e-01
6.643999999999999773e+02 5.989628525015812111e-01
6.646000000000000227e+02 6.039277959171520660e-01
6.647999999999999545e+02 6.088662628041565661e-01
6.650000000000000000e+02 6.137767713804775926e-01
6.652000000000000455e+02 6.186397268440710917e-01
6.653999999999999773e+02 6.234961876320951335e-01
6.656000000000000227e+02 6.283445653677810494e-01
6.657999999999999545e+02 6.331708152725289418e-01
6.660000000000000000e+02 6.380071127628763605e-01
6.662000000000000455e+02 6.428301107201395137e-01
6.663999999999999773e+02 6.476239407034591888e-01
6.666000000000000227e+02 6.524283681865664652e-01
6.667999999999999545e+02 6.572321205375289965e-01
6.670000000000000000e+02 6.620371423671176370e-01
6.672000000000000455e+02 6.668755246434430184e-01
6.673999999999999773e+02 6.717222123868659134e-01
6.676000000000000227e+02 6.765611390371055744e-01
6.677999999999999545e+02 6.814009369973358377e-01
6.680000000000000000e+02 6.862490424851573900e-01
6.682000000000000455e+02 6.910805614051659385e-01
6.683999999999999773e+02 6.958713142914294547e-01
6.686000000000000227e+02 7.006497441144258209e-01
6.687999999999999545e+02 7.054032289088978391e-01
6.690000000000000000e+02 7.101217915937009240e-01
6.692000000000000455e+02 7.148396710895876804e-01
6.693999999999999773e+02 7.195337880414756082e-01
6.696000000000000227e+02 7.241961498788749285e-01
6.697999999999999545e+02 7.288601806661859639e-01
6.700000000000000000e+02 7.334947381804228783e-01
6.702000000000000455e+02 7.380897228827288936e-01
6.703999999999999773e+02 7.426651034942814977e-01
6.706000000000000227e+02 7.471979295630697404e-01
6.707999999999999545e+02 7.516966086487970600e-01
6.710000000000000000e+02 7.561804220076313587e-01
6.712000000000000455e+02 7.606154333571986115e-01
6.713999999999999773e+02 7.649887487408179032e-01
6.716000000000000227e+02 7.693079236221526118e-01
6.717999999999999545e+02 7.735829697761351653e-01
6.720000000000000000e+02 7.778035408341361645e-01
6.722000000000000455e+02 7.819714017860770472e-01
6.723999999999999773e+02 7.861091400700301879e-01
6.726000000000000227e+02 7.901855529905119635e-01
6.727999999999999545e+02 7.941938531383306854e-01
6.730000000000000000e+02 7.981633445147616746e-01
6.732000000000000455e+02 8.020803169674424193e-01
6.733999999999999773e+02 8.059577496138954356e-01
6.736000000000000227e+02 8.098225614807592621e-01
6.737999999999999545e+02 8.136543912726992289e-01
6.740000000000000000e+02 8.174691170129559925e-01
6.742000000000000455e+02 8.212891571190374940e-01
6.743999999999999773e+02 8.250945796982921410e-01
6.746000000000000227e+02 8.288982834994255144e-01
6.747999999999999545e+02 8.327049406734914339e-01
6.750000000000000000e+02 8.364833700935910832e-01
6.752000000000000455e+02 8.402387956579251416e-01
6.753999999999999773e+02 8.439884752522431866e-01
6.756000000000000227e+02 8.477392297297327017e-01
6.757999999999999545e+02 8.514666934806736087e-01
6.760000000000000000e+02 8.551665522761265903e-01
6.762000000000000455e+02 8.588439413312728421e-01
6.763999999999999773e+02 8.624568192593345950e-01
6.766000000000000227e+02 8.660018666961724065e-01
6.767999999999999545e+02 8.694926766987661759e-01
6.770000000000000000e+02 8.729098862192830044e-01
6.772000000000000455e+02 8.762743206280835251e-01
6.773999999999999773e+02 8.796062012059530089e-01
6.776000000000000227e+02 8.828880829252143680e-01
6.777999999999999545e+02 8.861252014459647386e-01
6.780000000000000000e+02 8.893111577440232507e-01
6.782000000000000455e+02 8.924179227519841717e-01
6.783999999999999773e+02 8.954489088306375466e-01
6.786000000000000227e+02 8.984146402945447640e-01
6.787999999999999545e+02 9.013162099606496502e-01
6.790000000000000000e+02 9.041330970904601916e-01
6.792000000000000455e+02 9.068719018936635123e-01
6.793999999999999773e+02 9.095523114861059355e-01
6.796000000000000227e+02 9.121701537305415552e-01
6.797999999999999545e+02 9.147476797844057428e-01
6.800000000000000000e+02 9.173068726898996328e-01
6.802000000000000455e+02 9.198413148600516065e-01
6.803999999999999773e+02 9.223713797074120091e-01
6.806000000000000227e+02 9.249078127606381594e-01
6.807999999999999545e+02 9.274350209764613551e-01
6.810000000000000000e+02 9.299619929588132106e-01
6.812000000000000455e+02 9.324844102799159096e-01
6.813999999999999773e+02 9.349824206915932079e-01
6.816000000000000227e+02 9.374630868753283108e-01
6.817999999999999545e+02 9.399235026847628793e-01
6.820000000000000000e+02 9.423522706657121439e-01
6.822000000000000455e+02 9.447501660279693514e-01
6.823999999999999773e+02 9.471109596756798199e-01
6.826000000000000227e+02 9.494180637316413929e-01
6.827999999999999545e+02 9.516472689704856824e-01
6.830000000000000000e+02 9.537881604384791379e-01
6.832000000000000455e+02 9.558219692208936857e-01
6.833999999999999773e+02 9.577154000426441049e-01
6.836000000000000227e+02 9.594812982222835629e-01
6.837999999999999545e+02 9.611366346174889941e-01
6.840000000000000000e+02 9.626888664832936593e-01
6.842000000000000455e+02 9.641633298889151771e-01
6.843999999999999773e+02 9.655778995035634305e-01
6.846000000000000227e+02 9.669436213701351202e-01
6.847999999999999545e+02 9.682812345826241618e-01
6.850000000000000000e+02 9.695947432138952715e-01
6.852000000000000455e+02 9.708851888008863673e-01
6.853999999999999773e+02 9.721726498825662421e-01
6.856000000000000227e+02 9.734664781890305374e-01
6.857999999999999545e+02 9.747707394401863290e-01
6.860000000000000000e+02 9.760905338789674923e-01
6.862000000000000455e+02 9.774231455344586372e-01
6.863999999999999773e+02 9.787564181736132518e-01
6.866000000000000227e+02 9.800728177058746216e-01
6.867999999999999545e+02 9.813661103053281654e-01
6.870000000000000000e+02 9.826275157097902335e-01
6.872000000000000455e+02 9.838485243522517854e-01
6.873999999999999773e+02 9.850374422203135305e-01
6.876000000000000227e+02 9.861845371592921072e-01
6.877999999999999545e+02 9.872727773856777578e-01
6.880000000000000000e+02 9.883038797655298024e-01
6.882000000000000455e+02 9.892756222123808563e-01
6.883999999999999773e+02 9.901865863271013257e-01
6.886000000000000227e+02 9.910424975733674868e-01
6.887999999999999545e+02 9.918447470565887603e-01
6.890000000000000000e+02 9.926023014967850777e-01
6.892000000000000455e+02 9.933345597263120164e-01
6.893999999999999773e+02 9.940490734579846555e-01
6.896000000000000227e+02 9.947404814859924782e-01
6.897999999999999545e+02 9.953966776597833466e-01
6.900000000000000000e+02 9.960143021012075604e-01
6.902000000000000455e+02 9.965874218473207424e-01
6.903999999999999773e+02 9.971132118002892231e-01
6.906000000000000227e+02 9.976050168539404295e-01
6.907999999999999545e+02 9.980679007296048288e-01
6.910000000000000000e+02 9.984973606291752679e-01
6.912000000000000455e+02 9.988826007158246867e-01
6.913999999999999773e+02 9.992099703772614472e-01
6.916000000000000227e+02 9.994701721948506812e-01
6.917999999999999545e+02 9.996631763422874073e-01
6.920000000000000000e+02 9.997976155746693960e-01
6.922000000000000455e+02 9.998867866630295476e-01
6.923999999999999773e+02 9.999453051247406687e-01
6.926000000000000227e+02 9.999836507771674432e-01
6.927999999999999545e+02 1.000000000000000000e+00
6.930000000000000000e+02 9.999842985404669982e-01
6.932000000000000455e+02 9.999304494223163475e-01
6.933999999999999773e+02 9.998396828625247812e-01
6.936000000000000227e+02 9.997127871300836022e-01
6.937999999999999545e+02 9.995411585557917311e-01
6.940000000000000000e+02 9.993181992812880665e-01
6.942000000000000455e+02 9.990408115137358047e-01
6.943999999999999773e+02 9.987096705930573748e-01
6.946000000000000227e+02 9.983294447083825851e-01
6.947999999999999545e+02 9.978970534928681690e-01
6.950000000000000000e+02 9.974019699578792197e-01
6.952000000000000455e+02 9.968473209486238273e-01
6.953999999999999773e+02 9.962386381070714725e-01
6.956000000000000227e+02 9.955819983296757547e-01
6.957999999999999545e+02 9.948884623804229443e-01
6.960000000000000000e+02 9.941655559718551860e-01
6.962000000000000455e+02 9.934173062533645515e-01
6.963999999999999773e+02 9.926489105236672161e-01
6.966000000000000227e+02 9.918834925785838807e-01
6.967999999999999545e+02 9.911398781910523148e-01
6.970000000000000000e+02 9.904155785325730044e-01
6.972000000000000455e+02 9.897188706968235161e-01
6.973999999999999773e+02 9.890596433843992230e-01
6.976000000000000227e+02 9.884399948167023053e-01
6.977999999999999545e+02 9.878547157550027213e-01
6.980000000000000000e+02 9.872946529447532704e-01
6.982000000000000455e+02 9.867489621606339023e-01
6.983999999999999773e+02 9.862071347253091869e-01
6.986000000000000227e+02 9.856612287998182120e-01
6.987999999999999545e+02 9.851066145806501861e-01
6.990000000000000000e+02 9.845362812482277848e-01
6.992000000000000455e+02 9.839410022548017443e-01
6.993999999999999773e+02 9.833121589102854498e-01
6.996000000000000227e+02 9.826554659885703424e-01
6.997999999999999545e+02 9.819793637135759701e-01
7.000000000000000000e+02 9.812871381774957991e-01
7.002000000000000455e+02 9.805764084924813995e-01
7.003999999999999773e+02 9.798469901413443539e-01
7.006000000000000227e+02 9.791053818867829772e-01
7.007999999999999545e+02 9.783622528048432354e-01
7.010000000000000000e+02 9.776252367089066642e-01
7.012000000000000455e+02 9.768960813343636751e-01
7.013999999999999773e+02 9.761775829715814146e-01
7.016000000000000227e+02 9.754727111161800579e-01
7.017999999999999545e+02 9.747844061706257834e-01
7.020000000000000000e+02 9.741181959612064123e-01
7.022000000000000455e+02 9.734818435231558098e-01
7.023999999999999773e+02 9.728829585134235458e-01
7.026000000000000227e+02 9.723187996731883498e-01
7.027999999999999545e+02 9.717789632226099261e-01
7.030000000000000000e+02 9.712493163054508605e-01
7.032000000000000455e+02 9.707238660406461994e-01
7.033999999999999773e+02 9.701978082245340529e-01
7.036000000000000227e+02 9.696653128256028653e-01
7.037999999999999545e+02 9.691252034118432723e-01
7.040000000000000000e+02 9.685788118162588223e-01
7.042000000000000455e+02 9.680273689511773583e-01
7.043999999999999773e+02 9.674657967947731807e-01
7.046000000000000227e+02 9.668900327195688593e-01
7.047999999999999545e+02 9.662998753920307715e-01
7.050000000000000000e+02 9.656968510968648722e-01
7.052000000000000455e+02 9.650760701031181332e-01
7.053999999999999773e+02 9.644256162062172510e-01
7.056000000000000227e+02 9.637373267831188528e-01
7.057999999999999545e+02 9.630089132312351641e-01
7.060000000000000000e+02 9.622424962444422469e-01
7.062000000000000455e+02 9.614367153549144840e-01
7.063999999999999773e+02 9.605881692522321158e-01
7.066000000000000227e+02 9.596920643194407630e-01
7.067999999999999545e+02 9.587422605487592175e-01
7.070000000000000000e+02 9.577324274177669849e-01
7.072000000000000455e+02 9.566588426951710966e-01
7.073999999999999773e+02 9.555277171886968901e-01
7.076000000000000227e+02 9.543411940228514467e-01
7.077999999999999545e+02 9.530954163412171942e-01
7.080000000000000000e+02 9.517894781668311266e-01
7.082000000000000455e+02 9.504221549732144725e-01
7.083999999999999773e+02 9.489941823484908667e-01
7.086000000000000227e+02 9.475183346791415939e-01
7.087999999999999545e+02 9.460122512997365396e-01
7.090000000000000000e+02 9.444938891157659278e-01
7.092000000000000455e+02 9.429754125939207032e-01
7.093999999999999773e+02 9.414679312257978605e-01
7.096000000000000227e+02 9.399816659827204823e-01
7.097999999999999545e+02 9.385222146444497371e-01
7.100000000000000000e+02 9.370891802763344769e-01
7.102000000000000455e+02 9.356790159988388478e-01
7.103999999999999773e+02 9.342927867895558514e-01
7.106000000000000227e+02 9.329285800224160763e-01
7.107999999999999545e+02 9.315810814891034575e-01
7.110000000000000000e+02 9.302455337671308166e-01
7.112000000000000455e+02 9.289153283115889614e-01
7.113999999999999773e+02 9.275831001253453945e-01
7.116000000000000227e+02 9.262443204207119196e-01
7.117999999999999545e+02 9.248878211006158478e-01
7.120000000000000000e+02 9.234985739904063573e-01
7.122000000000000455e+02 9.220683832913456612e-01
7.123999999999999773e+02 9.205876770635137429e-01
7.126000000000000227e+02 9.190473388693665147e-01
7.127999999999999545e+02 9.174468995918785286e-01
7.130000000000000000e+02 9.157908687018230243e-01
7.132000000000000455e+02 9.140845368147965111e-01
7.133999999999999773e+02 9.123280433044994586e-01
7.136000000000000227e+02 9.105259970166309502e-01
7.137999999999999545e+02 9.086881710133952739e-01
7.140000000000000000e+02 9.068266671327128714e-01
7.142000000000000455e+02 9.049474127864473028e-01
7.143999999999999773e+02 9.030510306705483714e-01
7.146000000000000227e+02 9.011373762720490399e-01
7.147999999999999545e+02 8.992093707788407775e-01
7.150000000000000000e+02 8.972679218915081689e-01
7.152000000000000455e+02 8.953033356638889773e-01
7.153999999999999773e+02 8.933227306514665012e-01
7.156000000000000227e+02 8.913417840820128113e-01
7.157999999999999545e+02 8.893636136669952341e-01
7.160000000000000000e+02 8.873898844048300205e-01
7.162000000000000455e+02 8.854221608583733305e-01
7.163999999999999773e+02 8.834608661296592391e-01
7.166000000000000227e+02 8.815093810178431522e-01
7.167999999999999545e+02 8.795700292779090601e-01
7.170000000000000000e+02 8.776370463324923987e-01
7.172000000000000455e+02 8.757013228532524174e-01
7.173999999999999773e+02 8.737522140969106177e-01
7.176000000000000227e+02 8.717788040471950994e-01
7.177999999999999545e+02 8.697716815121865341e-01
7.180000000000000000e+02 8.677233576005272120e-01
7.182000000000000455e+02 8.656287302166849607e-01
7.183999999999999773e+02 8.634847216182250929e-01
7.186000000000000227e+02 8.612917474641993421e-01
7.187999999999999545e+02 8.590555228392043885e-01
7.190000000000000000e+02 8.567789548938821165e-01
7.192000000000000455e+02 8.544656086689458308e-01
7.193999999999999773e+02 8.521241985556159415e-01
7.196000000000000227e+02 8.497531407531078163e-01
7.197999999999999545e+02 8.473506578434677472e-01
7.200000000000000000e+02 8.449285568595698015e-01
7.202000000000000455e+02 8.425001004865766419e-01
7.203999999999999773e+02 8.400775925993264615e-01
7.206000000000000227e+02 8.376710317417166429e-01
7.207999999999999545e+02 8.352837833194216577e-01
7.210000000000000000e+02 8.329235358524642585e-01
7.212000000000000455e+02 8.306123108697456292e-01
7.213999999999999773e+02 8.283603209658657596e-01
7.216000000000000227e+02 8.261695158912114589e-01
7.217999999999999545e+02 8.240403768783929328e-01
7.220000000000000000e+02 8.219780603830475485e-01
7.222000000000000455e+02 8.199831160843356059e-01
7.223999999999999773e+02 8.180417207418950731e-01
7.226000000000000227e+02 8.161328994376628732e-01
7.227999999999999545e+02 8.142358998582716056e-01
7.230000000000000000e+02 8.123360667467571794e-01
7.232000000000000455e+02 8.104230021452977217e-01
7.233999999999999773e+02 8.084880857078898808e-01
7.236000000000000227e+02 8.065239550545154623e-01
7.237999999999999545e+02 8.045329307726606372e-01
7.240000000000000000e+02 8.025161287742282878e-01
7.242000000000000455e+02 8.004659373336544537e-01
7.243999999999999773e+02 7.983841169628609347e-01
7.246000000000000227e+02 7.962727943637351036e-01
7.247999999999999545e+02 7.941275530022838813e-01
7.250000000000000000e+02 7.919494919854165316e-01
7.252000000000000455e+02 7.897407134999959721e-01
7.253999999999999773e+02 7.875004100158988773e-01
7.256000000000000227e+02 7.852274499348559367e-01
7.257999999999999545e+02 7.829228922328516083e-01
7.260000000000000000e+02 7.805909935118123810e-01
7.262000000000000455e+02 7.782337883886365493e-01
7.263999999999999773e+02 7.758552316151645645e-01
7.266000000000000227e+02 7.734643962999585565e-01
7.267999999999999545e+02 7.710734786659215745e-01
7.270000000000000000e+02 7.686903717738203801e-01
7.272000000000000455e+02 7.663144769571724746e-01
7.273999999999999773e+02 7.639431525359168251e-01
7.276000000000000227e+02 7.615717885735785453e-01
7.277999999999999545e+02 7.591924715913982435e-01
7.280000000000000000e+02 7.567903675612681624e-01
7.282000000000000455e+02 7.543696729755787755e-01
7.283999999999999773e+02 7.519622641924560424e-01
7.286000000000000227e+02 7.495801778131284676e-01
7.287999999999999545e+02 7.472295799146737583e-01
7.290000000000000000e+02 7.449195294604235018e-01
7.292000000000000455e+02 7.426573683549264615e-01
7.293999999999999773e+02 7.404482945008408201e-01
7.296000000000000227e+02 7.382954610206905466e-01
7.297999999999999545e+02 7.362012991118387362e-01
7.300000000000000000e+02 7.341610527141871900e-01
7.302000000000000455e+02 7.321599617859178011e-01
7.303999999999999773e+02 7.301788452772934868e-01
7.306000000000000227e+02 7.282030055704747928e-01
7.307999999999999545e+02 7.262260037764128873e-01
7.310000000000000000e+02 7.242461401934419118e-01
7.312000000000000455e+02 7.222630634955330420e-01
7.313999999999999773e+02 7.202765246235156571e-01
7.316000000000000227e+02 7.182868028802250615e-01
7.317999999999999545e+02 7.162860759630543805e-01
7.320000000000000000e+02 7.142587859772928649e-01
7.322000000000000455e+02 7.122004610188836793e-01
7.323999999999999773e+02 7.101024558707001999e-01
7.326000000000000227e+02 7.079503492551690869e-01
7.327999999999999545e+02 7.057452960222675431e-01
7.330000000000000000e+02 7.034931762058954652e-01
7.332000000000000455e+02 7.012007069482200095e-01
7.333999999999999773e+02 6.988785748143188092e-01
7.336000000000000227e+02 6.965397665163965968e-01
7.337999999999999545e+02 6.941967845213635746e-01
7.340000000000000000e+02 6.918539007249165929e-01
7.342000000000000455e+02 6.895040152006846057e-01
7.343999999999999773e+02 6.871314959891907659e-01
7.346000000000000227e+02 6.847263455760664863e-01
7.347999999999999545e+02 6.822849368639052337e-01
7.350000000000000000e+02 6.798095246107414003e-01
7.352000000000000455e+02 6.773064854368355814e-01
7.353999999999999773e+02 6.747903327707219789e-01
7.356000000000000227e+02 6.722823228822565333e-01
7.357999999999999545e+02 6.698013749328092237e-01
7.360000000000000000e+02 6.673646787781426504e-01
7.362000000000000455e+02 6.649878405610997190e-01
7.363999999999999773e+02 6.626845643017493792e-01
7.366000000000000227e+02 6.604723925949427255e-01
7.367999999999999545e+02 6.583635008309108860e-01
7.370000000000000000e+02 6.563346446483608876e-01
7.372000000000000455e+02 6.543657294443204764e-01
7.373999999999999773e+02 6.524478028561832010e-01
7.376000000000000227e+02 6.505732624892800464e-01
7.377999999999999545e+02 6.487375082935324944e-01
7.380000000000000000e+02 6.469407328412705160e-01
7.382000000000000455e+02 6.451905420928251145e-01
7.383999999999999773e+02 6.434860510152505819e-01
7.386000000000000227e+02 6.418139435637418844e-01
7.387999999999999545e+02 6.401492630787513072e-01
7.390000000000000000e+02 6.384672743168161579e-01
7.392000000000000455e+02 6.367443754890333985e-01
7.393999999999999773e+02 6.349531294116853575e-01
7.396000000000000227e+02 6.330667835098522378e-01
7.397999999999999545e+02 6.310636901157875567e-01
7.400000000000000000e+02 6.289351428536300581e-01
7.402000000000000455e+02 6.266830877766479402e-01
7.403999999999999773e+02 6.243252092976048218e-01
7.406000000000000227e+02 6.219068690665132682e-01
7.407999999999999545e+02 6.194628124112848688e-01
7.410000000000000000e+02 6.170161899063875133e-01
7.412000000000000455e+02 6.145922923937456872e-01
7.413999999999999773e+02 6.121991031912527026e-01
7.416000000000000227e+02 6.098320413060863698e-01
7.417999999999999545e+02 6.074902040308266526e-01
7.420000000000000000e+02 6.051769247047602551e-01
7.422000000000000455e+02 6.028939795461952800e-01
7.423999999999999773e+02 6.006315520526577245e-01
7.426000000000000227e+02 5.983824727602728988e-01
7.427999999999999545e+02 5.961480810967725308e-01
7.430000000000000000e+02 5.939431138184187997e-01
7.432000000000000455e+02 5.917768608108037176e-01
7.433999999999999773e+02 5.896517933424841873e-01
7.436000000000000227e+02 5.875670539093728051e-01
7.437999999999999545e+02 5.855231704729827458e-01
7.440000000000000000e+02 5.835164407152902966e-01
7.442000000000000455e+02 5.815292485456639016e-01
7.443999999999999773e+02 5.795493276463454801e-01
7.446000000000000227e+02 5.775685498396480044e-01
7.447999999999999545e+02 5.755770727325763003e-01
7.450000000000000000e+02 5.735748318034455950e-01
7.452000000000000455e+02 5.715644197266799287e-01
7.453999999999999773e+02 5.695394763431511631e-01
7.456000000000000227e+02 5.675007023683709129e-01
7.457999999999999545e+02 5.654572552693100107e-01
7.460000000000000000e+02 5.634258118828748829e-01
7.462000000000000455e+02 5.614257259902494246e-01
7.463999999999999773e+02 5.594734588254370866e-01
7.466000000000000227e+02 5.575757802282370612e-01
7.467999999999999545e+02 5.557302864376342244e-01
7.470000000000000000e+02 5.539280974683342684e-01
7.472000000000000455e+02 5.521572030319202851e-01
7.473999999999999773e+02 5.504134304054175697e-01
7.476000000000000227e+02 5.486988465857818298e-01
7.477999999999999545e+02 5.470174729939661917e-01
7.480000000000000000e+02 5.453630301554721616e-01
7.482000000000000455e+02 5.437231445881737235e-01
7.483999999999999773e+02 5.420851065634251231e-01
7.486000000000000227e+02 5.404344521278567903e-01
7.487999999999999545e+02 5.387619903272601318e-01
7.490000000000000000e+02 5.370699453422130842e-01
7.492000000000000455e+02 5.353493898242037696e-01
7.493999999999999773e+02 5.335880891235084134e-01
7.496000000000000227e+02 5.317807821257587442e-01
7.497999999999999545e+02 5.299252206938185328e-01
7.500000000000000000e+02 5.280193037214599983e-01
7.502000000000000455e+02 5.260594079287161939e-01
7.503999999999999773e+02 5.240449866403218415e-01
7.506000000000000227e+02 5.219816351547327260e-01
7.507999999999999545e+02 5.198841081486283988e-01
7.510000000000000000e+02 5.177740465320183061e-01
7.512000000000000455e+02 5.156752724818620681e-01
7.513999999999999773e+02 5.136088103209367484e-01
7.516000000000000227e+02 5.115837170859950378e-01
7.517999999999999545e+02 5.095987578319394196e-01
7.520000000000000000e+02 5.076441171737295921e-01
7.522000000000000455e+02 5.057073826021961649e-01
7.523999999999999773e+02 5.037753517941924164e-01
7.526000000000000227e+02 5.018360657282719961e-01
7.527999999999999545e+02 4.998865028339648520e-01
7.530000000000000000e+02 4.979216528589927027e-01
7.532000000000000455e+02 4.959281285450345411e-01
7.533999999999999773e+02 4.939036143644717769e-01
7.536000000000000227e+02 4.918478298790486258e-01
7.537999999999999545e+02 4.897570840849014839e-01
7.540000000000000000e+02 4.876392439723362671e-01
7.542000000000000455e+02 4.855101648769099554e-01
7.543999999999999773e+02 4.833899630382510471e-01
7.546000000000000227e+02 4.812961618345288906e-01
7.547999999999999545e+02 4.792340851249739520e-01
7.550000000000000000e+02 4.771921607010047861e-01
7.552000000000000455e+02 4.751571984366834700e-01
7.553999999999999773e+02 4.731226815748695858e-01
7.556000000000000227e+02 4.710918565994299811e-01
7.557999999999999545e+02 4.690667930072189296e-01
7.560000000000000000e+02 4.670499739086261259e-01
7.562000000000000455e+02 4.650454969655897219e-01
7.563999999999999773e+02 4.630569224858935296e-01
7.566000000000000227e+02 4.610837534322445030e-01
7.567999999999999545e+02 4.591172301436419190e-01
7.570000000000000000e+02 4.571317747616439608e-01
7.572000000000000455e+02 4.551099304187124495e-01
7.573999999999999773e+02 4.530544937248900395e-01
7.576000000000000227e+02 4.509744211648148982e-01
7.577999999999999545e+02 4.488818536426204542e-01
7.580000000000000000e+02 4.467881446761293174e-01
7.582000000000000455e+02 4.446895353856025190e-01
7.583999999999999773e+02 4.425788966377702804e-01
7.586000000000000227e+02 4.404509234612490887e-01
7.587999999999999545e+02 4.382982419216098768e-01
7.590000000000000000e+02 4.361181545628913803e-01
7.592000000000000455e+02 4.339164152285358567e-01
7.593999999999999773e+02 4.317073508808797477e-01
7.596000000000000227e+02 4.295004782820913691e-01
7.597999999999999545e+02 4.272970875168188298e-01
7.600000000000000000e+02 4.251021814148988609e-01
7.602000000000000455e+02 4.229235633540995853e-01
7.603999999999999773e+02 4.207707528838018352e-01
7.606000000000000227e+02 4.186533224253863872e-01
7.607999999999999545e+02 4.165885361267041564e-01
7.610000000000000000e+02 4.146005928076364477e-01
7.612000000000000455e+02 4.127040879738618773e-01
7.613999999999999773e+02 4.108945332140449547e-01
7.616000000000000227e+02 4.091525296635991071e-01
7.617999999999999545e+02 4.074731036185904598e-01
7.620000000000000000e+02 4.058527280317426600e-01
7.622000000000000455e+02 4.042837824986245110e-01
7.623999999999999773e+02 4.027540416675868262e-01
7.626000000000000227e+02 4.012391883872586940e-01
7.627999999999999545e+02 3.997046115622072127e-01
7.630000000000000000e+02 3.981205827172760170e-01
7.632000000000000455e+02 3.964580543565094928e-01
7.633999999999999773e+02 3.946948791648550725e-01
7.636000000000000227e+02 3.928389961813079090e-01
7.637999999999999545e+02 3.908828689398496370e-01
7.640000000000000000e+02 3.888038489065210879e-01
7.642000000000000455e+02 3.866133558260500536e-01
7.643999999999999773e+02 3.843315041713042945e-01
7.646000000000000227e+02 3.819773137375110927e-01
7.647999999999999545e+02 3.795679154202372674e-01
7.650000000000000000e+02 3.771223197517858394e-01
7.652000000000000455e+02 3.746631103552703346e-01
7.653999999999999773e+02 3.722159040449092848e-01
7.656000000000000227e+02 3.698023284574110114e-01
7.657999999999999545e+02 3.674378782391891640e-01
7.660000000000000000e+02 3.651417880256044302e-01
7.662000000000000455e+02 3.629345460600600370e-01
7.663999999999999773e+02 3.608346800224777606e-01
7.666000000000000227e+02 3.588506785699976387e-01
7.667999999999999545e+02 3.569820339411053367e-01
7.670000000000000000e+02 3.552198604145595517e-01
7.672000000000000455e+02 3.535525550356247715e-01
7.673999999999999773e+02 3.519686998514416909e-01
7.676000000000000227e+02 3.504585613978175029e-01
7.677999999999999545e+02 3.490090376575290532e-01
7.680000000000000000e+02 3.476019685846422624e-01
7.682000000000000455e+02 3.462129465735924172e-01
7.683999999999999773e+02 3.448213138821868418e-01
7.686000000000000227e+02 3.434158411893814544e-01
7.687999999999999545e+02 3.420016462363697496e-01
7.690000000000000000e+02 3.405911815966218836e-01
7.692000000000000455e+02 3.391957259331697117e-01
7.693999999999999773e+02 3.378139899275681701e-01
7.696000000000000227e+02 3.364324680100405085e-01
7.697999999999999545e+02 3.350333918820974644e-01
7.700000000000000000e+02 3.336088547295736340e-01
7.702000000000000455e+02 3.321592301043101991e-01
7.703999999999999773e+02 3.306877692238542332e-01
7.706000000000000227e+02 3.291900007057811939e-01
7.707999999999999545e+02 3.276623888373755844e-01
7.710000000000000000e+02 3.261054546221387462e-01
7.712000000000000455e+02 3.245261395793165304e-01
7.713999999999999773e+02 3.229306998445217181e-01
7.716000000000000227e+02 3.213243705748541346e-01
7.717999999999999545e+02 3.197172723096541880e-01
7.720000000000000000e+02 3.181201345484362397e-01
7.722000000000000455e+02 3.165407578926721643e-01
7.723999999999999773e+02 3.149767353963280336e-01
7.726000000000000227e+02 3.134238618345452920e-01
7.727999999999999545e+02 3.118809803635378963e-01
7.730000000000000000e+02 3.103552291444502398e-01
7.732000000000000455e+02 3.088592646404862418e-01
7.733999999999999773e+02 3.074087898599121016e-01
7.736000000000000227e+02 3.060150821572257263e-01
7.737999999999999545e+02 3.046855132609909145e-01
7.740000000000000000e+02 3.034235293517649756e-01
7.742000000000000455e+02 3.022276524545963738e-01
7.743999999999999773e+02 3.010883016882908159e-01
7.746000000000000227e+02 2.999846832610088554e-01
7.747999999999999545e+02 2.988890782682775416e-01
7.750000000000000000e+02 2.977737932188598280e-01
7.752000000000000455e+02 2.966168067277540343e-01
7.753999999999999773e+02 2.953996485510230197e-01
7.756000000000000227e+02 2.941138109917844079e-01
7.757999999999999545e+02 2.927675627657378987e-01
7.760000000000000000e+02 2.913611289026729612e-01
7.762000000000000455e+02 2.898895422183234150e-01
7.763999999999999773e+02 2.883500585053319076e-01
7.766000000000000227e+02 2.867451979967146625e-01
7.767999999999999545e+02 2.850832408263676010e-01
7.770000000000000000e+02 2.833793083671105051e-01
7.772000000000000455e+02 2.816523621647644138e-01
7.773999999999999773e+02 2.799213207845647755e-01
7.776000000000000227e+02 2.781989016089625455e-01
7.777999999999999545e+02 2.764927959161209148e-01
7.780000000000000000e+02 2.748052023886259909e-01
7.782000000000000455e+02 2.731312205454580200e-01
7.783999999999999773e+02 2.714776385501864731e-01
7.786000000000000227e+02 2.698639704946768636e-01
7.787999999999999545e+02 2.683128639815651195e-01
7.790000000000000000e+02 2.668320673252091990e-01
7.792000000000000455e+02 2.654148430981895790e-01
7.793999999999999773e+02 2.640579417164939380e-01
7.796000000000000227e+02 2.627577569531334145e-01
7.797999999999999545e+02 2.615067903492560020e-01
7.800000000000000000e+02 2.602867501315336840e-01
7.802000000000000455e+02 2.590806661775860720e-01
7.803999999999999773e+02 2.578793010757687854e-01
7.806000000000000227e+02 2.566856533197172663e-01
7.807999999999999545e+02 2.555061142746571368e-01
7.810000000000000000e+02 2.543454147192894532e-01
7.812000000000000455e+02 2.532028171015839879e-01
7.813999999999999773e+02 2.520782511602984166e-01
7.816000000000000227e+02 2.509765894601189151e-01
7.817999999999999545e+02 2.499090215948976401e-01
7.820000000000000000e+02 2.488848984407750764e-01
7.822000000000000455e+02 2.479047388289851439e-01
7.823999999999999773e+02 2.469564112136060918e-01
7.826000000000000227e+02 2.460255909304596422e-01
7.827999999999999545e+02 2.451043368482826168e-01
7.830000000000000000e+02 2.441859029833088890e-01
7.832000000000000455e+02 2.432608216605841867e-01
7.833999999999999773e+02 2.423139558697026408e-01
7.836000000000000227e+02 2.413350564253812225e-01
7.837999999999999545e+02 2.403224302504391174e-01
7.840000000000000000e+02 2.392869787136424065e-01
7.842000000000000455e+02 2.382446918516745726e-01
7.843999999999999773e+02 2.372078661607103234e-01
7.846000000000000227e+02 2.361732071547451295e-01
7.847999999999999545e+02 2.351306467775662046e-01
7.850000000000000000e+02 2.340709254500213665e-01
7.852000000000000455e+02 2.329958827251225328e-01
7.853999999999999773e+02 2.319046693565334771e-01
7.856000000000000227e+02 2.307917828873031485e-01
7.857999999999999545e+02 2.296492205080792603e-01
7.860000000000000000e+02 2.284747111381384699e-01
7.862000000000000455e+02 2.272716743050684496e-01
7.863999999999999773e+02 2.260439059480457702e-01
7.866000000000000227e+02 2.247914113570181616e-01
7.867999999999999545e+02 2.235117945909765591e-01
7.870000000000000000e+02 2.222087987042687118e-01
7.872000000000000455e+02 2.208973879539405660e-01
7.873999999999999773e+02 2.196013243178482344e-01
7.876000000000000227e+02 2.183360686964120334e-01
7.877999999999999545e+02 2.171017580777647449e-01
7.880000000000000000e+02 2.158839504415214494e-01
7.882000000000000455e+02 2.146730085041821112e-01
7.883999999999999773e+02 2.134722556847676311e-01
7.886000000000000227e+02 2.122995301248682409e-01
7.887999999999999545e+02 2.111703085877654207e-01
7.890000000000000000e+02 2.100900504835112315e-01
7.892000000000000455e+02 2.090508591916905301e-01
7.893999999999999773e+02 2.080429649363811639e-01
7.896000000000000227e+02 2.070653799647473869e-01
7.897999999999999545e+02 2.061312119184036118e-01
7.900000000000000000e+02 2.052454741151975570e-01
7.902000000000000455e+02 2.044022739976050496e-01
7.903999999999999773e+02 2.035836679503377766e-01
7.906000000000000227e+02 2.027707118735067038e-01
7.907999999999999545e+02 2.019471041646870857e-01
7.910000000000000000e+02 2.011019295848524846e-01
7.912000000000000455e+02 2.002270797349713083e-01
7.913999999999999773e+02 1.993145633333959221e-01
7.916000000000000227e+02 1.983546460210069418e-01
7.917999999999999545e+02 1.973477582139859243e-01
7.920000000000000000e+02 1.962943049871690715e-01
7.922000000000000455e+02 1.951751798289923234e-01
7.923999999999999773e+02 1.939450543900816948e-01
7.926000000000000227e+02 1.925536033955458082e-01
7.927999999999999545e+02 1.909862784540095892e-01
7.930000000000000000e+02 1.892587534044594955e-01
7.932000000000000455e+02 1.874064997384993769e-01
7.933999999999999773e+02 1.854683026971068738e-01
7.936000000000000227e+02 1.834954232174849931e-01
7.937999999999999545e+02 1.815481039617648507e-01
7.940000000000000000e+02 1.796799314751708343e-01
7.942000000000000455e+02 1.779285798532186935e-01
7.943999999999999773e+02 1.763121125257889332e-01
7.946000000000000227e+02 1.748256047265084046e-01
7.947999999999999545e+02 1.734601922398508467e-01
7.950000000000000000e+02 1.722141303881047636e-01
7.952000000000000455e+02 1.711090921570747048e-01
7.953999999999999773e+02 1.701637345711699001e-01
7.956000000000000227e+02 1.693799898070662557e-01
7.957999999999999545e+02 1.687346665895003150e-01
7.960000000000000000e+02 1.682000296698489272e-01
7.962000000000000455e+02 1.677529669294232639e-01
7.963999999999999773e+02 1.673694654469899956e-01
7.966000000000000227e+02 1.670229920816401203e-01
7.967999999999999545e+02 1.666844669545182178e-01
7.970000000000000000e+02 1.663284249113977376e-01
7.972000000000000455e+02 1.659317146756840722e-01
7.973999999999999773e+02 1.654734768724837601e-01
7.976000000000000227e+02 1.649416149739547088e-01
7.977999999999999545e+02 1.643286407697298612e-01
7.980000000000000000e+02 1.636295339212507083e-01
7.982000000000000455e+02 1.628517316650759661e-01
7.983999999999999773e+02 1.620188755765157584e-01
7.986000000000000227e+02 1.611730432834132254e-01
7.987999999999999545e+02 1.603385428264256229e-01
7.990000000000000000e+02 1.595227266942415012e-01
7.992000000000000455e+02 1.587201230050775125e-01
7.993999999999999773e+02 1.579152999715380812e-01
7.996000000000000227e+02 1.570824170527173602e-01
7.997999999999999545e+02 1.561835241788440409e-01
8.000000000000000000e+02 1.551943118092464491e-01
8.002000000000000455e+02 1.541114457876422150e-01
8.003999999999999773e+02 1.529606486905486507e-01
8.006000000000000227e+02 1.517824168847012878e-01
8.007999999999999545e+02 1.506219896508876055e-01
8.010000000000000000e+02 1.495140984721144706e-01
8.012000000000000455e+02 1.484698363088802209e-01
8.013999999999999773e+02 1.474834601267230594e-01
8.016000000000000227e+02 1.465570277607251837e-01
8.017999999999999545e+02 1.457021251727365629e-01
8.020000000000000000e+02 1.449355634910479140e-01
8.022000000000000455e+02 1.442649922556154818e-01
8.023999999999999773e+02 1.436909690091191516e-01
8.026000000000000227e+02 1.432066611717425220e-01
8.027999999999999545e+02 1.427941104670925332e-01
8.030000000000000000e+02 1.424278493849577831e-01
8.032000000000000455e+02 1.420792156999385603e-01
8.033999999999999773e+02 1.417301474211251633e-01
8.036000000000000227e+02 1.413665253061824056e-01
8.037999999999999545e+02 1.409743465581584088e-01
8.040000000000000000e+02 1.405374920267611349e-01
8.042000000000000455e+02 1.400480979831156825e-01
8.043999999999999773e+02 1.395132879688947003e-01
8.046000000000000227e+02 1.389512499097415865e-01
8.047999999999999545e+02 1.383843003961641172e-01
8.050000000000000000e+02 1.378317852122175891e-01
8.052000000000000455e+02 1.372899268166183906e-01
8.053999999999999773e+02 1.367369039114293694e-01
8.056000000000000227e+02 1.361401789982344956e-01
8.057999999999999545e+02 1.354916988563424629e-01
8.060000000000000000e+02 1.347974090213960308e-01
8.062000000000000455e+02 1.340638062973006639e-01
8.064000000000000909e+02 1.332888601770860493e-01
8.066000000000000227e+02 1.324671757290432628e-01
8.067999999999999545e+02 1.315970560477730256e-01
8.070000000000000000e+02 1.306775741374475441e-01
8.072000000000000455e+02 1.297135503182621219e-01
8.074000000000000909e+02 1.287247181204946578e-01
8.076000000000000227e+02 1.277400445333963241e-01
8.077999999999999545e+02 1.267870618538024519e-01
8.080000000000000000e+02 1.258741617646941813e-01
8.082000000000000455e+02 1.249936289376720050e-01
8.084000000000000909e+02 1.241305370737910418e-01
8.086000000000000227e+02 1.232793851622716735e-01
8.087999999999999545e+02 1.224414044816999059e-01
8.090000000000000000e+02 1.216168635764232758e-01
8.092000000000000455e+02 1.207873135792759678e-01
8.094000000000000909e+02 1.199327574551077025e-01
8.096000000000000227e+02 1.190392631161785036e-01
8.097999999999999545e+02 1.181066135534823841e-01
8.100000000000000000e+02 1.171330347853420106e-01
8.102000000000000455e+02 1.161107205180941931e-01
8.104000000000000909e+02 1.150293482492352609e-01
8.106000000000000227e+02 1.138814972028274891e-01
8.107999999999999545e+02 1.126645832783775558e-01
8.110000000000000000e+02 1.113793687963623574e-01
8.112000000000000455e+02 1.100396000261831125e-01
8.114000000000000909e+02 1.086811187779365279e-01
8.116000000000000227e+02 1.073760803588547919e-01
8.117999999999999545e+02 1.061894749854941228e-01
8.120000000000000000e+02 1.051555266444429149e-01
8.122000000000000455e+02 1.043002913088541816e-01
8.124000000000000909e+02 1.036337961109418115e-01
8.126000000000000227e+02 1.031415960257786590e-01
8.127999999999999545e+02 1.028060035356765101e-01
8.130000000000000000e+02 1.026123517527899182e-01
8.132000000000000455e+02 1.025523606535492654e-01
8.134000000000000909e+02 1.026060650875843250e-01
8.136000000000000227e+02 1.027404569008842500e-01
8.137999999999999545e+02 1.029100746475862665e-01
8.140000000000000000e+02 1.030815025222984738e-01
8.142000000000000455e+02 1.032274924674528305e-01
8.144000000000000909e+02 1.033021528705784092e-01
8.146000000000000227e+02 1.032068147775437178e-01
8.147999999999999545e+02 1.028150438435044695e-01
8.150000000000000000e+02 1.020765753296830336e-01
8.152000000000000455e+02 1.010158186479037934e-01
8.154000000000000909e+02 9.971459959055338496e-02
8.156000000000000227e+02 9.823436480284410133e-02
8.157999999999999545e+02 9.661876895312708491e-02
8.160000000000000000e+02 9.490004979758956405e-02
8.162000000000000455e+02 9.312621275152324629e-02
8.164000000000000909e+02 9.135504437435391922e-02
8.166000000000000227e+02 8.965091147730600007e-02
8.167999999999999545e+02 8.808936507670374338e-02
8.170000000000000000e+02 8.674047127574482929e-02
8.172000000000000455e+02 8.565124975214803704e-02
8.174000000000000909e+02 8.485204922059476351e-02
8.176000000000000227e+02 8.435389372614750247e-02
8.177999999999999545e+02 8.414007457324115813e-02
8.180000000000000000e+02 8.418439939318789200e-02
8.182000000000000455e+02 8.445493691132968661e-02
8.184000000000000909e+02 8.491399134176191854e-02
8.186000000000000227e+02 8.552367542094915787e-02
8.187999999999999545e+02 8.624481504231325257e-02
8.190000000000000000e+02 8.703028377914773239e-02
8.192000000000000455e+02 8.782638684227439541e-02
8.194000000000000909e+02 8.857644934133865333e-02
8.196000000000000227e+02 8.923296452713169735e-02
8.197999999999999545e+02 8.975934262146259557e-02
8.200000000000000000e+02 9.012760418411655539e-02
8.202000000000000455e+02 9.030039701357513160e-02
8.204000000000000909e+02 9.025783949249556459e-02
8.206000000000000227e+02 9.002206619537860000e-02
8.207999999999999545e+02 8.968920978808984923e-02
8.210000000000000000e+02 8.935936169686897745e-02
8.212000000000000455e+02 8.907425699855878176e-02
8.214000000000000909e+02 8.881309004907342319e-02
8.216000000000000227e+02 8.853862256969539934e-02
8.217999999999999545e+02 8.824619955512598424e-02
8.220000000000000000e+02 8.793662275725047661e-02
8.222000000000000455e+02 8.761246565981972712e-02
8.224000000000000909e+02 8.727895429567929242e-02
8.226000000000000227e+02 8.693254528106844625e-02
8.227999999999999545e+02 8.656206484766613973e-02
8.230000000000000000e+02 8.615562819193363364e-02
8.232000000000000455e+02 8.570219707533002773e-02
8.234000000000000909e+02 8.519211274796816002e-02
8.236000000000000227e+02 8.461814491650325454e-02
8.237999999999999545e+02 8.398726365100110669e-02
8.240000000000000000e+02 8.332299736985741834e-02
8.242000000000000455e+02 8.265253390681494283e-02
8.244000000000000909e+02 8.199224194932071275e-02
8.246000000000000227e+02 8.134190745983443938e-02
8.247999999999999545e+02 8.070033887969894904e-02
8.250000000000000000e+02 8.007230020461553188e-02
8.252000000000000455e+02 7.947111048849939130e-02
8.254000000000000909e+02 7.889810159741138251e-02
8.256000000000000227e+02 7.834571876616662489e-02
8.257999999999999545e+02 7.780183040018591456e-02
8.260000000000000000e+02 7.725847860212342599e-02
8.262000000000000455e+02 7.671478373846322973e-02
8.264000000000000909e+02 7.618037075621282572e-02
8.266000000000000227e+02 7.566265539837888077e-02
8.267999999999999545e+02 7.516227711467306227e-02
8.270000000000000000e+02 7.466726043330165763e-02
8.272000000000000455e+02 7.415739312971442176e-02
8.274000000000000909e+02 7.361107924402145175e-02
8.276000000000000227e+02 7.302145883299851481e-02
8.277999999999999545e+02 7.238359527717175279e-02
8.280000000000000000e+02 7.169208635424070830e-02
8.282000000000000455e+02 7.094864402058213837e-02
8.284000000000000909e+02 7.016418306668706362e-02
8.286000000000000227e+02 6.935749954272510398e-02
8.287999999999999545e+02 6.854015845516768513e-02
8.290000000000000000e+02 6.772086344832643767e-02
8.292000000000000455e+02 6.690875732217323180e-02
8.294000000000000909e+02 6.611566538338178867e-02
8.296000000000000227e+02 6.535820370693824766e-02
8.297999999999999545e+02 6.465723645286310106e-02
8.300000000000000000e+02 6.400933905332596707e-02
8.302000000000000455e+02 6.339913718520431840e-02
8.304000000000000909e+02 6.281798974070103292e-02
8.306000000000000227e+02 6.228342091400800723e-02
8.307999999999999545e+02 6.182919935807181661e-02
8.310000000000000000e+02 6.148509493306101442e-02
8.312000000000000455e+02 6.126394058871104109e-02
8.314000000000000909e+02 6.116462277697017752e-02
8.316000000000000227e+02 6.118335833660400874e-02
8.317999999999999545e+02 6.130595146336172141e-02
8.320000000000000000e+02 6.150479654478480801e-02
8.322000000000000455e+02 6.173680992951417063e-02
8.324000000000000909e+02 6.195741428237836607e-02
8.326000000000000227e+02 6.212711908761989199e-02
8.327999999999999545e+02 6.221690281019807284e-02
8.330000000000000000e+02 6.221051382300119698e-02
8.332000000000000455e+02 6.210649361955402487e-02
8.334000000000000909e+02 6.191242503823825294e-02
8.336000000000000227e+02 6.163719498558674348e-02
8.337999999999999545e+02 6.128698800720069895e-02
8.340000000000000000e+02 6.087588532987853879e-02
8.342000000000000455e+02 6.041852604751740685e-02
8.344000000000000909e+02 5.992146706720626742e-02
8.346000000000000227e+02 5.938826363128930225e-02
8.347999999999999545e+02 5.882726199283538210e-02
8.350000000000000000e+02 5.826298790611791900e-02
8.352000000000000455e+02 5.772556056457188445e-02
8.354000000000000909e+02 5.723788903595273397e-02
8.356000000000000227e+02 5.679218890867025055e-02
8.357999999999999545e+02 5.637449493998064609e-02
8.360000000000000000e+02 5.597778766039249870e-02
8.362000000000000455e+02 5.562256997532475516e-02
8.364000000000000909e+02 5.532234205630091189e-02
8.366000000000000227e+02 5.507191145676423177e-02
8.367999999999999545e+02 5.485045260528019495e-02
8.370000000000000000e+02 5.464662425627495046e-02
8.372000000000000455e+02 5.446807535599035299e-02
8.374000000000000909e+02 5.432388803166725288e-02
8.376000000000000227e+02 5.422253339165439279e-02
8.377999999999999545e+02 5.417056955463758067e-02
8.380000000000000000e+02 5.416777753535430978e-02
8.382000000000000455e+02 5.420356951502280918e-02
8.384000000000000909e+02 5.425404932471550312e-02
8.386000000000000227e+02 5.430328060416886315e-02
8.387999999999999545e+02 5.434359704998144303e-02
8.390000000000000000e+02 5.437350716726579991e-02
8.392000000000000455e+02 5.438742397296354725e-02
8.394000000000000909e+02 5.438041862764322887e-02
8.396000000000000227e+02 5.436014608404150100e-02
8.397999999999999545e+02 5.433901695905346552e-02
8.400000000000000000e+02 5.432623617075012928e-02
8.402000000000000455e+02 5.431136610559784972e-02
8.404000000000000909e+02 5.427779743268010271e-02
8.406000000000000227e+02 5.420855953156523965e-02
8.407999999999999545e+02 5.409230049080312325e-02
8.410000000000000000e+02 5.391083041979664175e-02
8.412000000000000455e+02 5.363625674566446094e-02
8.414000000000000909e+02 5.324506583574808993e-02
8.416000000000000227e+02 5.273275622267203228e-02
8.417999999999999545e+02 5.212058986670829730e-02
8.420000000000000000e+02 5.142978198892855096e-02
8.422000000000000455e+02 5.066115071150380927e-02
8.424000000000000909e+02 4.978478791522635699e-02
8.426000000000000227e+02 4.881010337713617697e-02
8.427999999999999545e+02 4.777275843959164631e-02
8.430000000000000000e+02 4.671376988116601042e-02
8.432000000000000455e+02 4.565274278375687500e-02
8.434000000000000909e+02 4.460270387436150730e-02
8.436000000000000227e+02 4.359688574240629805e-02
8.437999999999999545e+02 4.265499018643266471e-02
8.440000000000000000e+02 4.178985579642019443e-02
8.442000000000000455e+02 4.103643658506420100e-02
8.444000000000000909e+02 4.044098166347351309e-02
8.446000000000000227e+02 4.004795947495801145e-02
8.447999999999999545e+02 3.986809797645309017e-02
8.450000000000000000e+02 3.989372430440941281e-02
8.452000000000000455e+02 4.010560926092832101e-02
8.454000000000000909e+02 4.048047508319461973e-02
8.456000000000000227e+02 4.098488281913734849e-02
8.457999999999999545e+02 4.157433419392956436e-02
8.460000000000000000e+02 4.221378742757127267e-02
8.462000000000000455e+02 4.288670648690821874e-02
8.464000000000000909e+02 4.359971501847601655e-02
8.466000000000000227e+02 4.435371244179073247e-02
8.467999999999999545e+02 4.513651385761918711e-02
8.470000000000000000e+02 4.591845674927844817e-02
8.472000000000000455e+02 4.668272234959777028e-02
8.474000000000000909e+02 4.742616706052362602e-02
8.476000000000000227e+02 4.815626620546635539e-02
8.477999999999999545e+02 4.886822083501281277e-02
8.480000000000000000e+02 4.954612671708858579e-02
8.482000000000000455e+02 5.017230829004848403e-02
8.484000000000000909e+02 5.075616744174070438e-02
8.486000000000000227e+02 5.132371445299338530e-02
8.487999999999999545e+02 5.187225109351790292e-02
8.490000000000000000e+02 5.238734232381191819e-02
8.492000000000000455e+02 5.285013871686659176e-02
8.494000000000000909e+02 5.324412586418723892e-02
8.496000000000000227e+02 5.354911293570484981e-02
8.497999999999999545e+02 5.374292275067023977e-02
8.500000000000000000e+02 5.382515748056535682e-02
8.502000000000000455e+02 5.379556962612471599e-02
8.504000000000000909e+02 5.364335675425225408e-02
8.506000000000000227e+02 5.337038943802056151e-02
8.507999999999999545e+02 5.300537410362155671e-02
8.510000000000000000e+02 5.261416050138410100e-02
8.512000000000000455e+02 5.224679625391992488e-02
8.514000000000000909e+02 5.193087957664423854e-02
8.516000000000000227e+02 5.166775917990289874e-02
8.517999999999999545e+02 5.145432972401139948e-02
8.520000000000000000e+02 5.127777131465328236e-02
8.522000000000000455e+02 5.109427284529918095e-02
8.524000000000000909e+02 5.077643544933463371e-02
8.526000000000000227e+02 5.015126142420847644e-02
8.527999999999999545e+02 4.911231848924150351e-02
8.530000000000000000e+02 4.765105611279164127e-02
8.532000000000000455e+02 4.583600107494405912e-02
8.534000000000000909e+02 4.371986719606114208e-02
8.536000000000000227e+02 4.136202760011768037e-02
8.537999999999999545e+02 3.883812690782988131e-02
8.540000000000000000e+02 3.623645064723682307e-02
8.542000000000000455e+02 3.366350147855307756e-02
8.544000000000000909e+02 3.124121488862138807e-02
8.546000000000000227e+02 2.905947369987461198e-02
8.547999999999999545e+02 2.719200570418048302e-02
8.550000000000000000e+02 2.570497639612213600e-02
8.552000000000000455e+02 2.463436107016956506e-02
8.554000000000000909e+02 2.399397598758443509e-02
8.556000000000000227e+02 2.378247408508143979e-02
8.557999999999999545e+02 2.399487036812592358e-02
8.560000000000000000e+02 2.462448530587651313e-02
8.562000000000000455e+02 2.566108032129241906e-02
8.564000000000000909e+02 2.706612652722204665e-02
8.566000000000000227e+02 2.876678484302496244e-02
8.567999999999999545e+02 3.064631354027334484e-02
8.570000000000000000e+02 3.256245412218059659e-02
8.572000000000000455e+02 3.436767368682438345e-02
8.574000000000000909e+02 3.595400628543313909e-02
8.576000000000000227e+02 3.723468153791593266e-02
8.577999999999999545e+02 3.813987426985798734e-02
8.580000000000000000e+02 3.862305141213376314e-02
8.582000000000000455e+02 3.867489402955873873e-02
8.584000000000000909e+02 3.833906732640812720e-02
8.586000000000000227e+02 3.774046054549760193e-02
8.587999999999999545e+02 3.701507826147982377e-02
8.590000000000000000e+02 3.626207744385902265e-02
8.592000000000000455e+02 3.552415285335196876e-02
8.594000000000000909e+02 3.482038631641973941e-02
8.596000000000000227e+02 3.417049980244905166e-02
8.597999999999999545e+02 3.357331317574992896e-02
8.600000000000000000e+02 3.301289058788105940e-02
8.602000000000000455e+02 3.246654621554821013e-02
8.604000000000000909e+02 3.190845358307316249e-02
8.606000000000000227e+02 3.131315957159128138e-02
8.607999999999999545e+02 3.066188882624997641e-02
8.610000000000000000e+02 2.995590649830609867e-02
8.612000000000000455e+02 2.921118613750833121e-02
8.614000000000000909e+02 2.844018757238927358e-02
8.616000000000000227e+02 2.765670545615397935e-02
8.617999999999999545e+02 2.687142470900569929e-02
8.620000000000000000e+02 2.607059126185534009e-02
8.622000000000000455e+02 2.522668277234234313e-02
8.624000000000000909e+02 2.431039648493750482e-02
8.626000000000000227e+02 2.332900942006029682e-02
8.627999999999999545e+02 2.230962407623117427e-02
8.630000000000000000e+02 2.129053279819597549e-02
8.632000000000000455e+02 2.031718715418807594e-02
8.634000000000000909e+02 1.943483188353242741e-02
8.636000000000000227e+02 1.868213167376939904e-02
8.637999999999999545e+02 1.808548789116295671e-02
8.640000000000000000e+02 1.765671854460485607e-02
8.642000000000000455e+02 1.738864718167378726e-02
8.644000000000000909e+02 1.726573063657394283e-02
8.646000000000000227e+02 1.727487411877588058e-02
8.647999999999999545e+02 1.741977362497894657e-02
8.650000000000000000e+02 1.770759891345608655e-02
8.652000000000000455e+02 1.813406076027234207e-02
8.654000000000000909e+02 1.865551000656680974e-02
8.656000000000000227e+02 1.922243975783433784e-02
8.657999999999999545e+02 1.979289224057407051e-02
8.660000000000000000e+02 2.034759139191139390e-02
8.662000000000000455e+02 2.087606800713199054e-02
8.664000000000000909e+02 2.136743202662837182e-02
8.666000000000000227e+02 2.179164795068514945e-02
8.667999999999999545e+02 2.211469986290589065e-02
8.670000000000000000e+02 2.230685875225175627e-02
8.672000000000000455e+02 2.234741762947801275e-02
8.674000000000000909e+02 2.222665795342957523e-02
8.676000000000000227e+02 2.194852327436513581e-02
8.677999999999999545e+02 2.152772930758944242e-02
8.680000000000000000e+02 2.099015453507282677e-02
8.682000000000000455e+02 2.037464161954590999e-02
8.684000000000000909e+02 1.971969923374655015e-02
8.686000000000000227e+02 1.905194814868964304e-02
8.687999999999999545e+02 1.837221367579556716e-02
8.690000000000000000e+02 1.768788747113183082e-02
8.692000000000000455e+02 1.701381783607184769e-02
8.694000000000000909e+02 1.636433064118409178e-02
8.696000000000000227e+02 1.574547150021663247e-02
8.697999999999999545e+02 1.516064690008044925e-02
8.700000000000000000e+02 1.462979240757862447e-02
8.702000000000000455e+02 1.418067952001013377e-02
8.704000000000000909e+02 1.384629798668054676e-02
8.706000000000000227e+02 1.366462676660025292e-02
8.707999999999999545e+02 1.365848899412403644e-02
8.710000000000000000e+02 1.382591997721484278e-02
8.712000000000000455e+02 1.414065756420477757e-02
8.714000000000000909e+02 1.457313262869694252e-02
8.716000000000000227e+02 1.510183886408215936e-02
8.717999999999999545e+02 1.570868836596442386e-02
8.720000000000000000e+02 1.636865519996789572e-02
8.722000000000000455e+02 1.704168364676409211e-02
8.724000000000000909e+02 1.768652597557592021e-02
8.726000000000000227e+02 1.827149321911204077e-02
8.727999999999999545e+02 1.878668228548634189e-02
8.730000000000000000e+02 1.923252727558672978e-02
8.732000000000000455e+02 1.960716952088526269e-02
8.734000000000000909e+02 1.988932851965202406e-02
8.736000000000000227e+02 2.005935069859279482e-02
8.737999999999999545e+02 2.010878025770277203e-02
8.740000000000000000e+02 2.005425125346586498e-02
8.742000000000000455e+02 1.991954813169456717e-02
8.744000000000000909e+02 1.972878683099436176e-02
8.746000000000000227e+02 1.950040115116085868e-02
8.747999999999999545e+02 1.925632593448564286e-02
8.750000000000000000e+02 1.902166265114558358e-02
8.752000000000000455e+02 1.880765537936690199e-02
8.754000000000000909e+02 1.861745673840477233e-02
8.756000000000000227e+02 1.844863045010105423e-02
8.757999999999999545e+02 1.829384917678318970e-02
8.760000000000000000e+02 1.814825216206484779e-02
8.762000000000000455e+02 1.801351605989198745e-02
8.764000000000000909e+02 1.788542366008009227e-02
8.766000000000000227e+02 1.774681616309169499e-02
8.767999999999999545e+02 1.756124241821275037e-02
8.770000000000000000e+02 1.729974168291622399e-02
8.772000000000000455e+02 1.694715021929170742e-02
8.774000000000000909e+02 1.650778381497180688e-02
8.776000000000000227e+02 1.598593472477278718e-02
8.777999999999999545e+02 1.538052397474888762e-02
8.780000000000000000e+02 1.468161044117757136e-02
8.782000000000000455e+02 1.389648018228678041e-02
8.784000000000000909e+02 1.305500400266570299e-02
8.786000000000000227e+02 1.220865844514352344e-02
8.787999999999999545e+02 1.140042875213054772e-02
8.790000000000000000e+02 1.065663267528822560e-02
8.792000000000000455e+02 9.993435302231743270e-03
8.794000000000000909e+02 9.434395861230607597e-03
8.796000000000000227e+02 9.014436975016908160e-03
8.797999999999999545e+02 8.756976968654276230e-03
8.800000000000000000e+02 8.663554665485193387e-03
8.802000000000000455e+02 8.707276023383085303e-03
8.804000000000000909e+02 8.849449383420868523e-03
8.806000000000000227e+02 9.057258876232694364e-03
8.807999999999999545e+02 9.319763253832361385e-03
8.810000000000000000e+02 9.650833589179952376e-03
8.812000000000000455e+02 1.006968619497826227e-02
8.814000000000000909e+02 1.057688306504698215e-02
8.816000000000000227e+02 1.114837089395622274e-02
8.817999999999999545e+02 1.174806033727439011e-02
8.820000000000000000e+02 1.234732235643465174e-02
8.822000000000000455e+02 1.290867642462028772e-02
8.824000000000000909e+02 1.339084797375000337e-02
8.826000000000000227e+02 1.376955956586682975e-02
8.827999999999999545e+02 1.403733194414059048e-02
8.830000000000000000e+02 1.419636530854560298e-02
8.832000000000000455e+02 1.423511763315719707e-02
8.834000000000000909e+02 1.413654376172600313e-02
8.836000000000000227e+02 1.388546048352358626e-02
8.837999999999999545e+02 1.348776919211207466e-02
8.840000000000000000e+02 1.297505754697897938e-02
8.842000000000000455e+02 1.240333274989758802e-02
8.844000000000000909e+02 1.181415702917467704e-02
8.846000000000000227e+02 1.123120741931354048e-02
8.847999999999999545e+02 1.066000371969595510e-02
8.850000000000000000e+02 1.011349133434301037e-02
8.852000000000000455e+02 9.601787958874404005e-03
8.854000000000000909e+02 9.118466113754076022e-03
8.856000000000000227e+02 8.652949744759452083e-03
8.857999999999999545e+02 8.195725584492222909e-03
8.860000000000000000e+02 7.743744358390362847e-03
8.862000000000000455e+02 7.300819274191708459e-03
8.864000000000000909e+02 6.876419334992309000e-03
8.866000000000000227e+02 6.483649748310445042e-03
8.867999999999999545e+02 6.130013437822775559e-03
8.870000000000000000e+02 5.810991959007624774e-03
8.872000000000000455e+02 5.497460776639589465e-03
8.874000000000000909e+02 5.164826231333805376e-03
8.876000000000000227e+02 4.804223566083150668e-03
8.877999999999999545e+02 4.427050170590219116e-03
8.880000000000000000e+02 4.039934198214584736e-03
8.882000000000000455e+02 3.636108793257413624e-03
8.884000000000000909e+02 3.215693040174328644e-03
8.886000000000000227e+02 2.780842340875428094e-03
8.887999999999999545e+02 2.331766525823853950e-03
8.890000000000000000e+02 1.865933060127647610e-03
8.892000000000000455e+02 1.394097875983841628e-03
8.894000000000000909e+02 9.554087070283686159e-04
8.896000000000000227e+02 5.893615770224629570e-04
8.897999999999999545e+02 3.195067019830153906e-04
8.900000000000000000e+02 1.357025148269881654e-04
8.902000000000000455e+02 2.855095696216591538e-05
8.904000000000000909e+02 0.000000000000000000e+00
8.906000000000000227e+02 7.324157793113647216e-05
8.907999999999999545e+02 2.653015062032878504e-04
8.910000000000000000e+02 5.805879291216066137e-04
8.912000000000000455e+02 1.008999102433533234e-03
8.914000000000000909e+02 1.547913583987866465e-03
8.916000000000000227e+02 2.202630119280299739e-03
8.917999999999999545e+02 2.964493897627354293e-03
8.920000000000000000e+02 3.806085997527857041e-03
8.922000000000000455e+02 4.681667593396315191e-03
8.924000000000000909e+02 5.543784096809267585e-03
8.926000000000000227e+02 6.353419646888624171e-03
8.927999999999999545e+02 7.083393769255021122e-03
8.930000000000000000e+02 7.700007829597487960e-03
8.932000000000000455e+02 8.176042037094682913e-03
8.934000000000000909e+02 8.502813617023452855e-03
8.936000000000000227e+02 8.680194914947527915e-03
8.937999999999999545e+02 8.714202026151798494e-03
8.940000000000000000e+02 8.617339962505564735e-03
8.942000000000000455e+02 8.410871839406162953e-03
8.944000000000000909e+02 8.123221734386450871e-03
8.946000000000000227e+02 7.787612921733195158e-03
8.947999999999999545e+02 7.424855941365695634e-03
8.950000000000000000e+02 7.041413387132763185e-03
8.952000000000000455e+02 6.630232313655125970e-03
8.954000000000000909e+02 6.179546711578626055e-03
8.956000000000000227e+02 5.678211315859361084e-03
8.957999999999999545e+02 5.126012590209961736e-03
8.960000000000000000e+02 4.545622711119950282e-03
8.962000000000000455e+02 3.981869110861438812e-03
8.964000000000000909e+02 3.476082733203022298e-03
8.966000000000000227e+02 3.051938234672554092e-03
8.967999999999999545e+02 2.710468777034207976e-03
8.970000000000000000e+02 2.448646118389453258e-03
8.972000000000000455e+02 2.267560671617894607e-03
8.974000000000000909e+02 2.175339963676180179e-03
8.976000000000000227e+02 2.168587160321784092e-03
8.977999999999999545e+02 2.236190769323883124e-03
8.980000000000000000e+02 2.364979997763532512e-03
8.982000000000000455e+02 2.556216600207035158e-03
8.984000000000000909e+02 2.817674555206046115e-03
8.986000000000000227e+02 3.151351466722099922e-03
8.987999999999999545e+02 3.554805371468700709e-03
8.990000000000000000e+02 4.020779151004631041e-03
8.992000000000000455e+02 4.535298409416021158e-03
8.994000000000000909e+02 5.086530403076353242e-03
8.996000000000000227e+02 5.664280540488873979e-03
8.997999999999999545e+02 6.253325517467802665e-03
9.000000000000000000e+02 6.837933877841764589e-03
