5.500000000000000000e+02 6.792813416815357379e-03
5.502000000000000455e+02 6.470803892786067962e-03
5.503999999999999773e+02 6.152785216203843915e-03
5.506000000000000227e+02 5.839045199510321631e-03
5.507999999999999545e+02 5.527260521119864260e-03
5.510000000000000000e+02 5.215311180393993398e-03
5.512000000000000455e+02 4.903056153823926074e-03
5.513999999999999773e+02 4.593780072111890676e-03
5.516000000000000227e+02 4.289972863915254842e-03
5.517999999999999545e+02 3.993815817948546953e-03
5.520000000000000000e+02 3.708592063933488850e-03
5.522000000000000455e+02 3.436617731717172414e-03
5.523999999999999773e+02 3.180644447584216484e-03
5.526000000000000227e+02 2.944400285918869539e-03
5.527999999999999545e+02 2.728840209285566479e-03
5.530000000000000000e+02 2.533656645152800122e-03
5.532000000000000455e+02 2.358257598673554195e-03
5.533999999999999773e+02 2.202056082060110855e-03
5.536000000000000227e+02 2.062872438264961531e-03
5.537999999999999545e+02 1.937355602867032317e-03
5.540000000000000000e+02 1.822768284780561547e-03
5.542000000000000455e+02 1.717647362632771131e-03
5.543999999999999773e+02 1.620795064637196381e-03
5.546000000000000227e+02 1.530024380083398619e-03
5.547999999999999545e+02 1.442830535867410321e-03
5.550000000000000000e+02 1.357777288532232510e-03
5.552000000000000455e+02 1.275176719990885532e-03
5.553999999999999773e+02 1.195428788039147074e-03
5.556000000000000227e+02 1.118819273277380606e-03
5.557999999999999545e+02 1.045513656062529041e-03
5.560000000000000000e+02 9.757040507858224685e-04
5.562000000000000455e+02 9.109738078561920244e-04
5.563999999999999773e+02 8.537155280622147312e-04
5.566000000000000227e+02 8.052711807350735902e-04
5.567999999999999545e+02 7.656640785785902422e-04
5.570000000000000000e+02 7.339858467405853491e-04
5.572000000000000455e+02 7.087447337285193239e-04
5.573999999999999773e+02 6.874812424855732736e-04
5.576000000000000227e+02 6.679273173936221440e-04
5.577999999999999545e+02 6.488871046753575842e-04
5.580000000000000000e+02 6.302059466003905215e-04
5.582000000000000455e+02 6.118256552629283132e-04
5.583999999999999773e+02 5.934349772906169192e-04
5.586000000000000227e+02 5.746696174541563633e-04
5.587999999999999545e+02 5.551845374351408943e-04
5.590000000000000000e+02 5.347858020685329790e-04
5.592000000000000455e+02 5.136461303236683961e-04
5.593999999999999773e+02 4.922902680691233681e-04
5.596000000000000227e+02 4.713261858619562442e-04
5.597999999999999545e+02 4.512465069082257176e-04
5.600000000000000000e+02 4.330014193713886054e-04
5.602000000000000455e+02 4.176054430217129940e-04
5.603999999999999773e+02 4.058059692247920265e-04
5.606000000000000227e+02 3.980279430948745092e-04
5.607999999999999545e+02 3.941011194626782479e-04
5.610000000000000000e+02 3.932420896459229822e-04
5.612000000000000455e+02 3.943786836979319525e-04
5.613999999999999773e+02 3.964950253096769526e-04
5.616000000000000227e+02 3.986513043110546288e-04
5.617999999999999545e+02 3.998811362425400248e-04
5.620000000000000000e+02 3.993512540317007775e-04
5.622000000000000455e+02 3.962175515194944937e-04
5.623999999999999773e+02 3.895829813269188931e-04
5.626000000000000227e+02 3.793935612625287538e-04
5.627999999999999545e+02 3.662723369329385866e-04
5.630000000000000000e+02 3.512507674891567544e-04
5.632000000000000455e+02 3.352825686388240765e-04
5.633999999999999773e+02 3.192971962648665711e-04
5.636000000000000227e+02 3.040705767053816181e-04
5.637999999999999545e+02 2.898176269668721844e-04
5.640000000000000000e+02 2.767780211664476486e-04
5.642000000000000455e+02 2.653070042669498029e-04
5.643999999999999773e+02 2.557702283072498949e-04
5.646000000000000227e+02 2.485971450715107178e-04
5.647999999999999545e+02 2.442995355842220054e-04
5.650000000000000000e+02 2.434425848039980785e-04
5.652000000000000455e+02 2.463728880057519037e-04
5.653999999999999773e+02 2.528538680318621955e-04
5.656000000000000227e+02 2.617781265857319680e-04
5.657999999999999545e+02 2.710587401644246703e-04
5.660000000000000000e+02 2.784944059578822262e-04
5.662000000000000455e+02 2.824221064695394572e-04
5.663999999999999773e+02 2.824883270373167794e-04
5.666000000000000227e+02 2.790082408026412506e-04
5.667999999999999545e+02 2.725880055051190247e-04
5.670000000000000000e+02 2.638535042018338040e-04
5.672000000000000455e+02 2.536608411903372830e-04
5.673999999999999773e+02 2.427201735602618456e-04
5.676000000000000227e+02 2.312122319632731963e-04
5.677999999999999545e+02 2.190458925864618967e-04
5.680000000000000000e+02 2.064050127139784702e-04
5.682000000000000455e+02 1.938789826339276255e-04
5.683999999999999773e+02 1.816701699563156908e-04
5.686000000000000227e+02 1.694216779424837838e-04
5.687999999999999545e+02 1.565060041887754612e-04
5.690000000000000000e+02 1.428449111192106125e-04
5.692000000000000455e+02 1.287178322588801741e-04
5.693999999999999773e+02 1.145234636003729085e-04
5.696000000000000227e+02 1.005042596633683611e-04
5.697999999999999545e+02 8.673876433456231209e-05
5.700000000000000000e+02 7.343669176005928896e-05
5.702000000000000455e+02 6.112733346216803405e-05
5.703999999999999773e+02 5.004739171813681303e-05
5.706000000000000227e+02 4.003410288725455977e-05
5.707999999999999545e+02 3.066521412153263020e-05
5.710000000000000000e+02 2.192568682911491480e-05
5.712000000000000455e+02 1.393693496703484082e-05
5.713999999999999773e+02 6.985126981472805937e-06
5.716000000000000227e+02 1.883590182303626602e-06
5.717999999999999545e+02 0.000000000000000000e+00
5.720000000000000000e+02 2.530125892463035682e-06
5.722000000000000455e+02 9.416315867049707299e-06
5.723999999999999773e+02 1.972434787334707143e-05
5.726000000000000227e+02 3.233660090380066648e-05
5.727999999999999545e+02 4.640430338057235086e-05
5.730000000000000000e+02 6.075986569413735256e-05
5.732000000000000455e+02 7.436100529155055181e-05
5.733999999999999773e+02 8.667939927071343026e-05
5.736000000000000227e+02 9.800330241169727689e-05
5.737999999999999545e+02 1.088107208457066085e-04
5.740000000000000000e+02 1.195210974661108891e-04
5.742000000000000455e+02 1.304354934724938320e-04
5.743999999999999773e+02 1.414910253347773713e-04
5.746000000000000227e+02 1.525252919455229942e-04
5.747999999999999545e+02 1.637127635088294231e-04
5.750000000000000000e+02 1.753743623526319271e-04
5.752000000000000455e+02 1.876731628970400312e-04
5.753999999999999773e+02 2.004510952812729252e-04
5.756000000000000227e+02 2.136969145422676082e-04
5.757999999999999545e+02 2.270898314838539172e-04
5.760000000000000000e+02 2.399676240332164598e-04
5.762000000000000455e+02 2.522232301237134749e-04
5.763999999999999773e+02 2.639502971088394218e-04
5.766000000000000227e+02 2.750882642743642122e-04
5.767999999999999545e+02 2.850091560542207829e-04
5.770000000000000000e+02 2.934148149247396481e-04
5.772000000000000455e+02 3.004970200621259442e-04
5.773999999999999773e+02 3.067958808479918833e-04
5.776000000000000227e+02 3.122953844225191851e-04
5.777999999999999545e+02 3.169187396681781782e-04
5.780000000000000000e+02 3.211047519061398432e-04
5.782000000000000455e+02 3.258807413567389819e-04
5.783999999999999773e+02 3.320974600868955586e-04
5.786000000000000227e+02 3.399690663569799936e-04
5.787999999999999545e+02 3.490291847590321788e-04
5.790000000000000000e+02 3.585184917382469626e-04
5.792000000000000455e+02 3.674914003477920904e-04
5.793999999999999773e+02 3.747547783290473551e-04
5.796000000000000227e+02 3.792977894600425967e-04
5.797999999999999545e+02 3.806531599715617703e-04
5.800000000000000000e+02 3.793522769549477545e-04
5.802000000000000455e+02 3.769180193811917049e-04
5.803999999999999773e+02 3.749537956576600643e-04
5.806000000000000227e+02 3.742396770405316628e-04
5.807999999999999545e+02 3.747199032574183254e-04
5.810000000000000000e+02 3.760595359065104512e-04
5.812000000000000455e+02 3.779054181605359772e-04
5.813999999999999773e+02 3.795787860092926904e-04
5.816000000000000227e+02 3.800025997363043993e-04
5.817999999999999545e+02 3.778989868492099811e-04
5.820000000000000000e+02 3.724341558026030702e-04
5.822000000000000455e+02 3.637335496466268599e-04
5.823999999999999773e+02 3.527547811481771120e-04
5.826000000000000227e+02 3.407580018450044883e-04
5.827999999999999545e+02 3.279922391875233437e-04
5.830000000000000000e+02 3.141632053221402108e-04
5.832000000000000455e+02 2.992884330003129983e-04
5.833999999999999773e+02 2.843254096554907219e-04
5.836000000000000227e+02 2.704639518192056757e-04
5.837999999999999545e+02 2.584608741122416974e-04
5.840000000000000000e+02 2.481772225440952726e-04
5.842000000000000455e+02 2.397357351075730199e-04
5.843999999999999773e+02 2.339810477782589915e-04
5.846000000000000227e+02 2.321534972997014166e-04
5.847999999999999545e+02 2.355033651713227846e-04
5.850000000000000000e+02 2.452214386697113978e-04
5.852000000000000455e+02 2.624505106329857204e-04
5.853999999999999773e+02 2.875244576329935597e-04
5.856000000000000227e+02 3.195043137860625860e-04
5.857999999999999545e+02 3.559028576637385949e-04
5.860000000000000000e+02 3.945317997926350547e-04
5.862000000000000455e+02 4.332577212909812501e-04
5.863999999999999773e+02 4.698201280393759474e-04
5.866000000000000227e+02 5.029945685088406870e-04
5.867999999999999545e+02 5.321759236279933894e-04
5.870000000000000000e+02 5.570778510550571626e-04
5.872000000000000455e+02 5.775850672593410345e-04
5.873999999999999773e+02 5.941222327971656470e-04
5.876000000000000227e+02 6.076776985710341788e-04
5.877999999999999545e+02 6.194910045080905241e-04
5.880000000000000000e+02 6.300176022977187207e-04
5.882000000000000455e+02 6.391061235292730359e-04
5.883999999999999773e+02 6.466916298168398679e-04
5.886000000000000227e+02 6.539289420388836585e-04
5.887999999999999545e+02 6.626664325293993556e-04
5.890000000000000000e+02 6.745335958368718675e-04
5.892000000000000455e+02 6.892092886336292391e-04
5.893999999999999773e+02 7.052128384671942042e-04
5.896000000000000227e+02 7.208022158100308580e-04
5.897999999999999545e+02 7.353743074946761079e-04
5.900000000000000000e+02 7.484558601403138757e-04
5.902000000000000455e+02 7.594927156214638462e-04
5.903999999999999773e+02 7.684187488476098855e-04
5.906000000000000227e+02 7.759489684789197192e-04
5.907999999999999545e+02 7.829187349656878793e-04
5.910000000000000000e+02 7.892375302103290169e-04
5.912000000000000455e+02 7.953099451847627172e-04
5.913999999999999773e+02 8.031945503492528456e-04
5.916000000000000227e+02 8.170722234761248256e-04
5.917999999999999545e+02 8.393621223439947081e-04
5.920000000000000000e+02 8.702939860080774427e-04
5.922000000000000455e+02 9.083098362682742949e-04
5.923999999999999773e+02 9.522368064742261270e-04
5.926000000000000227e+02 9.999230860164942756e-04
5.927999999999999545e+02 1.048257717512354140e-03
5.930000000000000000e+02 1.095161966127401916e-03
5.932000000000000455e+02 1.138727005800907683e-03
5.933999999999999773e+02 1.177155949396406151e-03
5.936000000000000227e+02 1.209139708228306430e-03
5.937999999999999545e+02 1.233386187762622451e-03
5.940000000000000000e+02 1.249005017617941474e-03
5.942000000000000455e+02 1.256073818504997632e-03
5.943999999999999773e+02 1.255294709755380017e-03
5.946000000000000227e+02 1.247144173521046000e-03
5.947999999999999545e+02 1.231540682002968141e-03
5.950000000000000000e+02 1.209241603089205750e-03
5.952000000000000455e+02 1.182013556092438578e-03
5.953999999999999773e+02 1.152367863153464563e-03
5.956000000000000227e+02 1.122600205596109438e-03
5.957999999999999545e+02 1.095401283477807604e-03
5.960000000000000000e+02 1.073830390526033180e-03
5.962000000000000455e+02 1.060762373913250005e-03
5.963999999999999773e+02 1.058319474529242996e-03
5.966000000000000227e+02 1.068019342794499296e-03
5.967999999999999545e+02 1.090943387694701897e-03
5.970000000000000000e+02 1.126631893782330165e-03
5.972000000000000455e+02 1.172808876653197094e-03
5.973999999999999773e+02 1.225585326313086316e-03
5.976000000000000227e+02 1.281791546018927561e-03
5.977999999999999545e+02 1.339738020082306301e-03
5.980000000000000000e+02 1.398789315022291781e-03
5.982000000000000455e+02 1.456695656311825671e-03
5.983999999999999773e+02 1.511645246259335452e-03
5.986000000000000227e+02 1.562999965534709506e-03
5.987999999999999545e+02 1.611089600407576965e-03
5.990000000000000000e+02 1.656012861378580768e-03
5.992000000000000455e+02 1.697703088928178899e-03
5.993999999999999773e+02 1.736429061790797142e-03
5.996000000000000227e+02 1.772440094781539081e-03
5.997999999999999545e+02 1.806197679556874368e-03
6.000000000000000000e+02 1.838492565236334898e-03
6.002000000000000455e+02 1.869347926075126676e-03
6.003999999999999773e+02 1.898819004987504274e-03
6.006000000000000227e+02 1.927495585516472753e-03
6.007999999999999545e+02 1.956160232318532224e-03
6.010000000000000000e+02 1.985439613391290752e-03
6.012000000000000455e+02 2.015520128921151344e-03
6.013999999999999773e+02 2.045784755679808369e-03
6.016000000000000227e+02 2.075702628549791658e-03
6.017999999999999545e+02 2.104803249045441964e-03
6.020000000000000000e+02 2.132334744028699814e-03
6.022000000000000455e+02 2.158490220733899363e-03
6.023999999999999773e+02 2.184196713046506616e-03
6.026000000000000227e+02 2.210605038690451052e-03
6.027999999999999545e+02 2.238473548501221811e-03
6.030000000000000000e+02 2.268243279337522813e-03
6.032000000000000455e+02 2.300104512063307419e-03
6.033999999999999773e+02 2.333937368137707722e-03
6.036000000000000227e+02 2.370480382243201831e-03
6.037999999999999545e+02 2.411456326616999261e-03
6.040000000000000000e+02 2.458316913852866530e-03
6.042000000000000455e+02 2.512812981723980873e-03
6.043999999999999773e+02 2.576421539713226114e-03
6.046000000000000227e+02 2.648947555817039983e-03
6.047999999999999545e+02 2.730114199577426699e-03
6.050000000000000000e+02 2.818947168824314804e-03
6.052000000000000455e+02 2.912791536494034172e-03
6.053999999999999773e+02 3.009492915259655288e-03
6.056000000000000227e+02 3.107213257823964597e-03
6.057999999999999545e+02 3.204273516341544278e-03
6.060000000000000000e+02 3.300183301798155847e-03
6.062000000000000455e+02 3.394716788014129089e-03
6.063999999999999773e+02 3.487284291187357430e-03
6.066000000000000227e+02 3.576647623280187951e-03
6.067999999999999545e+02 3.662949090045068169e-03
6.070000000000000000e+02 3.747622553793463276e-03
6.072000000000000455e+02 3.831764851321851212e-03
6.073999999999999773e+02 3.917050797705308972e-03
6.076000000000000227e+02 4.004824186223078335e-03
6.077999999999999545e+02 4.094690026334027629e-03
6.080000000000000000e+02 4.186622405317639781e-03
6.082000000000000455e+02 4.280366290665849754e-03
6.083999999999999773e+02 4.374918168893347434e-03
6.086000000000000227e+02 4.470478249445631637e-03
6.087999999999999545e+02 4.567328412686633837e-03
6.090000000000000000e+02 4.665493941679638504e-03
6.092000000000000455e+02 4.766250877631149699e-03
6.093999999999999773e+02 4.869570833349626433e-03
6.096000000000000227e+02 4.973902974689200542e-03
6.097999999999999545e+02 5.078131599740534630e-03
6.100000000000000000e+02 5.181312806648937300e-03
6.102000000000000455e+02 5.282415760035956420e-03
6.103999999999999773e+02 5.380227387286437742e-03
6.106000000000000227e+02 5.475049413603317455e-03
6.107999999999999545e+02 5.567878165361492791e-03
6.110000000000000000e+02 5.659589677922150300e-03
6.112000000000000455e+02 5.752604253237824511e-03
6.113999999999999773e+02 5.848847330272422158e-03
6.116000000000000227e+02 5.948811107046932112e-03
6.117999999999999545e+02 6.053927455738210804e-03
6.120000000000000000e+02 6.165143650491639385e-03
6.122000000000000455e+02 6.282976296813914605e-03
6.123999999999999773e+02 6.409472349279820604e-03
6.126000000000000227e+02 6.545761196292394432e-03
6.127999999999999545e+02 6.692432848616373248e-03
6.130000000000000000e+02 6.851216502062182877e-03
6.132000000000000455e+02 7.021837110684343158e-03
6.133999999999999773e+02 7.203005762283137825e-03
6.136000000000000227e+02 7.394117816642124114e-03
6.137999999999999545e+02 7.594542044819942161e-03
6.140000000000000000e+02 7.802740745863859240e-03
6.142000000000000455e+02 8.016444903618668780e-03
6.143999999999999773e+02 8.236391318333865369e-03
6.146000000000000227e+02 8.462088554511210808e-03
6.147999999999999545e+02 8.691120543219171130e-03
6.150000000000000000e+02 8.923847137627069839e-03
6.152000000000000455e+02 9.159920967868535532e-03
6.153999999999999773e+02 9.398784426793951180e-03
6.156000000000000227e+02 9.642729168612716728e-03
6.157999999999999545e+02 9.891692095534787219e-03
6.160000000000000000e+02 1.014456637991632826e-02
6.162000000000000455e+02 1.040185670541770961e-02
6.163999999999999773e+02 1.066165191110558970e-02
6.166000000000000227e+02 1.092209362342672942e-02
6.167999999999999545e+02 1.118347616195962575e-02
6.170000000000000000e+02 1.144555524313578022e-02
6.172000000000000455e+02 1.170691376633858048e-02
6.173999999999999773e+02 1.196596164770229349e-02
6.176000000000000227e+02 1.222510838241027374e-02
6.177999999999999545e+02 1.248554759851444075e-02
6.180000000000000000e+02 1.274745581994385889e-02
6.182000000000000455e+02 1.301457182424144154e-02
6.183999999999999773e+02 1.328786918382983927e-02
6.186000000000000227e+02 1.356664000440471578e-02
6.187999999999999545e+02 1.385190873839312921e-02
6.190000000000000000e+02 1.414242642232349176e-02
6.192000000000000455e+02 1.443782911349363388e-02
6.193999999999999773e+02 1.474114218560151381e-02
6.196000000000000227e+02 1.505154342411547247e-02
6.197999999999999545e+02 1.536877996152673058e-02
6.200000000000000000e+02 1.569483062632186232e-02
6.202000000000000455e+02 1.602785198943529679e-02
6.203999999999999773e+02 1.636678407934083479e-02
6.206000000000000227e+02 1.671266354346682623e-02
6.207999999999999545e+02 1.706663893951357661e-02
6.210000000000000000e+02 1.742736135153572993e-02
6.212000000000000455e+02 1.779316178781521068e-02
6.213999999999999773e+02 1.816615498900343156e-02
6.216000000000000227e+02 1.854463370647829040e-02
6.217999999999999545e+02 1.892725154350309233e-02
6.220000000000000000e+02 1.931779882409417545e-02
6.222000000000000455e+02 1.971615467530839216e-02
6.223999999999999773e+02 2.012264836164033219e-02
6.226000000000000227e+02 2.054042376174179674e-02
6.227999999999999545e+02 2.096899369842876448e-02
6.230000000000000000e+02 2.141039732922625158e-02
6.232000000000000455e+02 2.186904651073539110e-02
6.233999999999999773e+02 2.234280121643870270e-02
6.236000000000000227e+02 2.283274727554422331e-02
6.237999999999999545e+02 2.334161435728578787e-02
6.240000000000000000e+02 2.386563714101837264e-02
6.242000000000000455e+02 2.440266435331048950e-02
6.243999999999999773e+02 2.495284477452648295e-02
6.246000000000000227e+02 2.551691137323653866e-02
6.247999999999999545e+02 2.609141151911681042e-02
6.250000000000000000e+02 2.667441598878690645e-02
6.252000000000000455e+02 2.726840291189419965e-02
6.253999999999999773e+02 2.786929536807256774e-02
6.256000000000000227e+02 2.847581468027419321e-02
6.257999999999999545e+02 2.909102276424154268e-02
6.260000000000000000e+02 2.971020130145584845e-02
6.262000000000000455e+02 3.033251193391374445e-02
6.263999999999999773e+02 3.096025054447176100e-02
6.266000000000000227e+02 3.158926324125858193e-02
6.267999999999999545e+02 3.222112628798766421e-02
6.270000000000000000e+02 3.285882379494847738e-02
6.272000000000000455e+02 3.349856282988383088e-02
6.273999999999999773e+02 3.414372864358682091e-02
6.276000000000000227e+02 3.479800720213506449e-02
6.277999999999999545e+02 3.545918960401617248e-02
6.280000000000000000e+02 3.612944640345170516e-02
6.282000000000000455e+02 3.681312265281490304e-02
6.283999999999999773e+02 3.751349434859419657e-02
6.286000000000000227e+02 3.822774935516716488e-02
6.287999999999999545e+02 3.895688740197750244e-02
6.290000000000000000e+02 3.970460306037063708e-02
6.292000000000000455e+02 4.046605849977515795e-02
6.293999999999999773e+02 4.124261638856941553e-02
6.296000000000000227e+02 4.203749670343934902e-02
6.297999999999999545e+02 4.284477583650907889e-02
6.300000000000000000e+02 4.366669798377430245e-02
6.302000000000000455e+02 4.450559634103565254e-02
6.303999999999999773e+02 4.535549910565080806e-02
6.306000000000000227e+02 4.621963075390576187e-02
6.307999999999999545e+02 4.710014571008799833e-02
6.310000000000000000e+02 4.799313726525829965e-02
6.312000000000000455e+02 4.890119133198525536e-02
6.313999999999999773e+02 4.982942439685163205e-02
6.316000000000000227e+02 5.078142022659552085e-02
6.317999999999999545e+02 5.175429690270193228e-02
6.320000000000000000e+02 5.275191710594046013e-02
6.322000000000000455e+02 5.377970644037455283e-02
6.323999999999999773e+02 5.483064955295259557e-02
6.326000000000000227e+02 5.590750861600726762e-02
6.327999999999999545e+02 5.701317595719001402e-02
6.330000000000000000e+02 5.813798194026224830e-02
6.332000000000000455e+02 5.928343038009717403e-02
6.333999999999999773e+02 6.044890352632685537e-02
6.336000000000000227e+02 6.162460874078647122e-02
6.337999999999999545e+02 6.281500071565085386e-02
6.340000000000000000e+02 6.401976402321500614e-02
6.342000000000000455e+02 6.523106860101474114e-02
6.343999999999999773e+02 6.645523983999558626e-02
6.346000000000000227e+02 6.769227297943694599e-02
6.347999999999999545e+02 6.893699113543470813e-02
6.350000000000000000e+02 7.019429778345112614e-02
6.352000000000000455e+02 7.147116898169127153e-02
6.353999999999999773e+02 7.277029946032255447e-02
6.356000000000000227e+02 7.408647473768059655e-02
6.357999999999999545e+02 7.542733030557495499e-02
6.360000000000000000e+02 7.679887427900654318e-02
6.362000000000000455e+02 7.819584040203661490e-02
6.363999999999999773e+02 7.962774652345488979e-02
6.366000000000000227e+02 8.109670513369349187e-02
6.367999999999999545e+02 8.259300544206171768e-02
6.370000000000000000e+02 8.412564013547765840e-02
6.372000000000000455e+02 8.569376042133217131e-02
6.373999999999999773e+02 8.728821585214763257e-02
6.376000000000000227e+02 8.891717942093986526e-02
6.377999999999999545e+02 9.057517240146301107e-02
6.380000000000000000e+02 9.225294481588192097e-02
6.382000000000000455e+02 9.395920841978827598e-02
6.383999999999999773e+02 9.568833571388572767e-02
6.386000000000000227e+02 9.743267826238344309e-02
6.387999999999999545e+02 9.919721598573311150e-02
6.390000000000000000e+02 1.009885621534952205e-01
6.392000000000000455e+02 1.028042766270532565e-01
6.393999999999999773e+02 1.046341982945345195e-01
6.396000000000000227e+02 1.064886441438723241e-01
6.397999999999999545e+02 1.083680944922682937e-01
6.400000000000000000e+02 1.102637007917808415e-01
6.402000000000000455e+02 1.121893561187410487e-01
6.403999999999999773e+02 1.141437927481809278e-01
6.406000000000000227e+02 1.161194476267580072e-01
6.407999999999999545e+02 1.181301302486440913e-01
6.410000000000000000e+02 1.201700088519198767e-01
6.412000000000000455e+02 1.222326247859074344e-01
6.413999999999999773e+02 1.243325365931833570e-01
6.416000000000000227e+02 1.264623476203685370e-01
6.417999999999999545e+02 1.286196607327637909e-01
6.420000000000000000e+02 1.308199193920779324e-01
6.422000000000000455e+02 1.330560893562182656e-01
6.423999999999999773e+02 1.353257442637426922e-01
6.426000000000000227e+02 1.376395910556357238e-01
6.427999999999999545e+02 1.400063560884335090e-01
6.430000000000000000e+02 1.424176594737513457e-01
6.432000000000000455e+02 1.448613937919392414e-01
6.433999999999999773e+02 1.473507873571728855e-01
6.436000000000000227e+02 1.498765654108195067e-01
6.437999999999999545e+02 1.524276799958975415e-01
6.440000000000000000e+02 1.550206479583078334e-01
6.442000000000000455e+02 1.576443078624603644e-01
6.443999999999999773e+02 1.602922111709799702e-01
6.446000000000000227e+02 1.629826058651596132e-01
6.447999999999999545e+02 1.657040486297722270e-01
6.450000000000000000e+02 1.684561952620575731e-01
6.452000000000000455e+02 1.712571606133802826e-01
6.453999999999999773e+02 1.740940554596464573e-01
6.456000000000000227e+02 1.769616538881192136e-01
6.457999999999999545e+02 1.798692568847739537e-01
6.460000000000000000e+02 1.828251730491161353e-01
6.462000000000000455e+02 1.858164355438874926e-01
6.463999999999999773e+02 1.888312460886774347e-01
6.466000000000000227e+02 1.918888020357938651e-01
6.467999999999999545e+02 1.949790359176639953e-01
6.470000000000000000e+02 1.980961294650918358e-01
6.472000000000000455e+02 2.012642983555900100e-01
6.473999999999999773e+02 2.044716650394553803e-01
6.476000000000000227e+02 2.077165160041686276e-01
6.477999999999999545e+02 2.110197395281960264e-01
6.480000000000000000e+02 2.143617114102945309e-01
6.482000000000000455e+02 2.177421505733823925e-01
6.483999999999999773e+02 2.211779207107421596e-01
6.486000000000000227e+02 2.246456946264626664e-01
6.487999999999999545e+02 2.281506696884886554e-01
6.490000000000000000e+02 2.317090513584035005e-01
6.492000000000000455e+02 2.353000771639938427e-01
6.493999999999999773e+02 2.389201633026346028e-01
6.496000000000000227e+02 2.425780193285804187e-01
6.497999999999999545e+02 2.462777711547603776e-01
6.500000000000000000e+02 2.499976488287580789e-01
6.502000000000000455e+02 2.537320813890730498e-01
6.503999999999999773e+02 2.575027882984660121e-01
6.506000000000000227e+02 2.612864193167044879e-01
6.507999999999999545e+02 2.650807323836417151e-01
6.510000000000000000e+02 2.689078326746847658e-01
6.512000000000000455e+02 2.727458749024344042e-01
6.513999999999999773e+02 2.766004741734333638e-01
6.516000000000000227e+02 2.804892737024503035e-01
6.517999999999999545e+02 2.843870021958421757e-01
6.520000000000000000e+02 2.883085509848034578e-01
6.522000000000000455e+02 2.922729345656613353e-01
6.523999999999999773e+02 2.962572151174583945e-01
6.526000000000000227e+02 3.002792571110550757e-01
6.527999999999999545e+02 3.043505820541596574e-01
6.530000000000000000e+02 3.084476591947130641e-01
6.532000000000000455e+02 3.125729342312023040e-01
6.533999999999999773e+02 3.167392522448863601e-01
6.536000000000000227e+02 3.209521639741254595e-01
6.537999999999999545e+02 3.251874980891683586e-01
6.540000000000000000e+02 3.294504428601696122e-01
6.542000000000000455e+02 3.337592640210459427e-01
6.543999999999999773e+02 3.380832962447780643e-01
6.546000000000000227e+02 3.424306714461637924e-01
6.547999999999999545e+02 3.468159642500832085e-01
6.550000000000000000e+02 3.512075149285686093e-01
6.552000000000000455e+02 3.556224385266881782e-01
6.553999999999999773e+02 3.600743229754352903e-01
6.556000000000000227e+02 3.645367313243260687e-01
6.557999999999999545e+02 3.690325666452682896e-01
6.560000000000000000e+02 3.735659620121478119e-01
6.562000000000000455e+02 3.781078364746271459e-01
6.563999999999999773e+02 3.826828683183156610e-01
6.566000000000000227e+02 3.872913830614683195e-01
6.567999999999999545e+02 3.919083476371267860e-01
6.570000000000000000e+02 3.965432540374150827e-01
6.572000000000000455e+02 4.012132102425280400e-01
6.573999999999999773e+02 4.059202775552588904e-01
6.576000000000000227e+02 4.106358206228941654e-01
6.577999999999999545e+02 4.153753323254789631e-01
6.580000000000000000e+02 4.201503529158455152e-01
6.582000000000000455e+02 4.249292404599641082e-01
6.583999999999999773e+02 4.297330291768825528e-01
6.586000000000000227e+02 4.345652537575716567e-01
6.587999999999999545e+02 4.393898492578550696e-01
6.590000000000000000e+02 4.442302589210764818e-01
6.592000000000000455e+02 4.490842116026722564e-01
6.593999999999999773e+02 4.539222696987932348e-01
6.596000000000000227e+02 4.587691292949206412e-01
6.597999999999999545e+02 4.636159385158994395e-01
6.600000000000000000e+02 4.684348388341136871e-01
6.602000000000000455e+02 4.732374197711047836e-01
6.603999999999999773e+02 4.780435723223212530e-01
6.606000000000000227e+02 4.828559699724750964e-01
6.607999999999999545e+02 4.876498547483235080e-01
6.610000000000000000e+02 4.924493462757236206e-01
6.612000000000000455e+02 4.972656324337402234e-01
6.613999999999999773e+02 5.020712403852471972e-01
6.616000000000000227e+02 5.068963814937285095e-01
6.617999999999999545e+02 5.117460586296208591e-01
6.620000000000000000e+02 5.165928466479543513e-01
6.622000000000000455e+02 5.214652740568219702e-01
6.623999999999999773e+02 5.263561073847820015e-01
6.626000000000000227e+02 5.312396910126709892e-01
6.627999999999999545e+02 5.361458914395728081e-01
6.630000000000000000e+02 5.410585996717175439e-01
6.632000000000000455e+02 5.459551999490566132e-01
6.633999999999999773e+02 5.508639418239276164e-01
6.636000000000000227e+02 5.557680104626261386e-01
6.637999999999999545e+02 5.606478634100168223e-01
6.640000000000000000e+02 5.655175389487256954e-01
6.642000000000000455e+02 5.703960083285940508e-01
6.643999999999999773e+02 5.752777455063471379e-01
6.646000000000000227e+02 5.801404361627201522e-01
6.647999999999999545e+02 5.850106396106010687e-01
6.650000000000000000e+02 5.898816656975056638e-01
6.652000000000000455e+02 5.947267494313410729e-01
6.653999999999999773e+02 5.995771529166403768e-01
6.656000000000000227e+02 6.044224448970497710e-01
6.657999999999999545e+02 6.092429408968942361e-01
6.660000000000000000e+02 6.140704071911148310e-01
6.662000000000000455e+02 6.188843010672101519e-01
6.663999999999999773e+02 6.236688847858021800e-01
6.666000000000000227e+02 6.284569675881407358e-01
6.667999999999999545e+02 6.332267332375783875e-01
6.670000000000000000e+02 6.379701484073015960e-01
6.672000000000000455e+02 6.427128982120390299e-01
6.673999999999999773e+02 6.474302060300678452e-01
6.676000000000000227e+02 6.521109356301804105e-01
6.677999999999999545e+02 6.567713535709006623e-01
6.680000000000000000e+02 6.614266334512608481e-01
6.682000000000000455e+02 6.660605098592063955e-01
6.683999999999999773e+02 6.706560832977229714e-01
6.686000000000000227e+02 6.752442275565124774e-01
6.687999999999999545e+02 6.798136633606940427e-01
6.690000000000000000e+02 6.843557793013778090e-01
6.692000000000000455e+02 6.889069823460203246e-01
6.693999999999999773e+02 6.934488153960907120e-01
6.696000000000000227e+02 6.979715635013584718e-01
6.697999999999999545e+02 7.024984624049112059e-01
6.700000000000000000e+02 7.069950669446309899e-01
6.702000000000000455e+02 7.114523876852697493e-01
6.703999999999999773e+02 7.158924273647355729e-01
6.706000000000000227e+02 7.202900046670069889e-01
6.707999999999999545e+02 7.246523251269388899e-01
6.710000000000000000e+02 7.290015586842385487e-01
6.712000000000000455e+02 7.333132893686650222e-01
6.713999999999999773e+02 7.375855051115810523e-01
6.716000000000000227e+02 7.418337627089374164e-01
6.717999999999999545e+02 7.460692125979961897e-01
6.720000000000000000e+02 7.502754741075501332e-01
6.722000000000000455e+02 7.544504062537550348e-01
6.723999999999999773e+02 7.586204917092181921e-01
6.726000000000000227e+02 7.627608492327081491e-01
6.727999999999999545e+02 7.668659713393750632e-01
6.730000000000000000e+02 7.709582308044354848e-01
6.732000000000000455e+02 7.750095805487077216e-01
6.733999999999999773e+02 7.790196913169680215e-01
6.736000000000000227e+02 7.830050983175479429e-01
6.737999999999999545e+02 7.869368238656364589e-01
6.740000000000000000e+02 7.908230708757613137e-01
6.742000000000000455e+02 7.946793719778204590e-01
6.743999999999999773e+02 7.984806625241368527e-01
6.746000000000000227e+02 8.022425105436542525e-01
6.747999999999999545e+02 8.059776662670213865e-01
6.750000000000000000e+02 8.096644637998322569e-01
6.752000000000000455e+02 8.133104385177293283e-01
6.753999999999999773e+02 8.169359205780940547e-01
6.756000000000000227e+02 8.205555200201587462e-01
6.757999999999999545e+02 8.241552898962203333e-01
6.760000000000000000e+02 8.277410439320123103e-01
6.762000000000000455e+02 8.313280963483953290e-01
6.763999999999999773e+02 8.348868250458331142e-01
6.766000000000000227e+02 8.384199220021774090e-01
6.767999999999999545e+02 8.419402537358851024e-01
6.770000000000000000e+02 8.454228860008193847e-01
6.772000000000000455e+02 8.488795981756562803e-01
6.773999999999999773e+02 8.523208597201800130e-01
6.776000000000000227e+02 8.557224130127565331e-01
6.777999999999999545e+02 8.590928174526633043e-01
6.780000000000000000e+02 8.624307304238288951e-01
6.782000000000000455e+02 8.657095508154543095e-01
6.783999999999999773e+02 8.689303031534350019e-01
6.786000000000000227e+02 8.721014406541239827e-01
6.787999999999999545e+02 8.752231817231057587e-01
6.790000000000000000e+02 8.782736989592782040e-01
6.792000000000000455e+02 8.812587900461160695e-01
6.793999999999999773e+02 8.841963337584409777e-01
6.796000000000000227e+02 8.870768162820298341e-01
6.797999999999999545e+02 8.899178592039896918e-01
6.800000000000000000e+02 8.927363535349428503e-01
6.802000000000000455e+02 8.955191945987180935e-01
6.803999999999999773e+02 8.982841191824393334e-01
6.806000000000000227e+02 9.010411681271710549e-01
6.807999999999999545e+02 9.037746478053044763e-01
6.810000000000000000e+02 9.064955006026308437e-01
6.812000000000000455e+02 9.091981795659348498e-01
6.813999999999999773e+02 9.118592722411048568e-01
6.816000000000000227e+02 9.144883215155791278e-01
6.817999999999999545e+02 9.170811213797697148e-01
6.820000000000000000e+02 9.196231510696906142e-01
6.822000000000000455e+02 9.221190424657886853e-01
6.823999999999999773e+02 9.245728328979238020e-01
6.826000000000000227e+02 9.269790137886391168e-01
6.827999999999999545e+02 9.293207467085904394e-01
6.830000000000000000e+02 9.316036968754072278e-01
6.832000000000000455e+02 9.338276443544510919e-01
6.833999999999999773e+02 9.359721167323223900e-01
6.836000000000000227e+02 9.380462064186172455e-01
6.837999999999999545e+02 9.400535865875391250e-01
6.840000000000000000e+02 9.419860175823349113e-01
6.842000000000000455e+02 9.438615671678413088e-01
6.843999999999999773e+02 9.456884550708056780e-01
6.846000000000000227e+02 9.474679350658855581e-01
6.847999999999999545e+02 9.492219649581919994e-01
6.850000000000000000e+02 9.509538046256759136e-01
6.852000000000000455e+02 9.526592673035995107e-01
6.853999999999999773e+02 9.543489188779130661e-01
6.856000000000000227e+02 9.560192472593295188e-01
6.857999999999999545e+02 9.576651509530260675e-01
6.860000000000000000e+02 9.592912268393407604e-01
6.862000000000000455e+02 9.608966835436048015e-01
6.863999999999999773e+02 9.624712356581226480e-01
6.866000000000000227e+02 9.640002045391227181e-01
6.867999999999999545e+02 9.654878551874190862e-01
6.870000000000000000e+02 9.669315026349978304e-01
6.872000000000000455e+02 9.683223351928229583e-01
6.873999999999999773e+02 9.696681786679760551e-01
6.876000000000000227e+02 9.709656697967016248e-01
6.877999999999999545e+02 9.722096342279338277e-01
6.880000000000000000e+02 9.734141114502065095e-01
6.882000000000000455e+02 9.745819168856167947e-01
6.883999999999999773e+02 9.757142471747505263e-01
6.886000000000000227e+02 9.768214187109444113e-01
6.887999999999999545e+02 9.779038605935541639e-01
6.890000000000000000e+02 9.789658783229104877e-01
6.892000000000000455e+02 9.800232593039469586e-01
6.893999999999999773e+02 9.810933559694023920e-01
6.896000000000000227e+02 9.821829090031207743e-01
6.897999999999999545e+02 9.832891216889931840e-01
6.900000000000000000e+02 9.844139577791872764e-01
6.902000000000000455e+02 9.855486178784309548e-01
6.903999999999999773e+02 9.866808682751638804e-01
6.906000000000000227e+02 9.878122024023192616e-01
6.907999999999999545e+02 9.889315371158071688e-01
6.910000000000000000e+02 9.900243601410840810e-01
6.912000000000000455e+02 9.910848075026796877e-01
6.913999999999999773e+02 9.920960033206837059e-01
6.916000000000000227e+02 9.930439286430063905e-01
6.917999999999999545e+02 9.939249308602210453e-01
6.920000000000000000e+02 9.947281106691998609e-01
6.922000000000000455e+02 9.954486538426303710e-01
6.923999999999999773e+02 9.960902175790737889e-01
6.926000000000000227e+02 9.966524690647690088e-01
6.927999999999999545e+02 9.971383230644345064e-01
6.930000000000000000e+02 9.975550381029699709e-01
6.932000000000000455e+02 9.979118613841758689e-01
6.933999999999999773e+02 9.982175574705788312e-01
6.936000000000000227e+02 9.984802164887901510e-01
6.937999999999999545e+02 9.987074128110975391e-01
6.940000000000000000e+02 9.989051369035280015e-01
6.942000000000000455e+02 9.990800431058439734e-01
6.943999999999999773e+02 9.992403582471296453e-01
6.946000000000000227e+02 9.993907612371281113e-01
6.947999999999999545e+02 9.995325778678585404e-01
6.950000000000000000e+02 9.996634152314328725e-01
6.952000000000000455e+02 9.997755433478900944e-01
6.953999999999999773e+02 9.998643042659249858e-01
6.956000000000000227e+02 9.999296978865787056e-01
6.957999999999999545e+02 9.999736390187671242e-01
6.960000000000000000e+02 9.999971373602624114e-01
6.962000000000000455e+02 1.000000000000000000e+00
6.963999999999999773e+02 9.999817333765718130e-01
6.966000000000000227e+02 9.999459705306363855e-01
6.967999999999999545e+02 9.998971340485659498e-01
6.970000000000000000e+02 9.998370376849482488e-01
6.972000000000000455e+02 9.997654275138018187e-01
6.973999999999999773e+02 9.996825115481300372e-01
6.976000000000000227e+02 9.995907393763544535e-01
6.977999999999999545e+02 9.994936472472258915e-01
6.980000000000000000e+02 9.993935575975650965e-01
6.982000000000000455e+02 9.992901015059880709e-01
6.983999999999999773e+02 9.991819039530923652e-01
6.986000000000000227e+02 9.990671047078480971e-01
6.987999999999999545e+02 9.989436161260669689e-01
6.990000000000000000e+02 9.988095426410412703e-01
6.992000000000000455e+02 9.986642791677646791e-01
6.993999999999999773e+02 9.985090725590219929e-01
6.996000000000000227e+02 9.983454860050567925e-01
6.997999999999999545e+02 9.981739319535166688e-01
7.000000000000000000e+02 9.979932564105096215e-01
7.002000000000000455e+02 9.978035438262852219e-01
7.003999999999999773e+02 9.976055821584152161e-01
7.006000000000000227e+02 9.974006133083213044e-01
7.007999999999999545e+02 9.971910241555150822e-01
7.010000000000000000e+02 9.969789556507504535e-01
7.012000000000000455e+02 9.967653492145449601e-01
7.013999999999999773e+02 9.965495114266188503e-01
7.016000000000000227e+02 9.963315726895599633e-01
7.017999999999999545e+02 9.961139404344484527e-01
7.020000000000000000e+02 9.959013579895634738e-01
7.022000000000000455e+02 9.956997146992715431e-01
7.023999999999999773e+02 9.955148546923309194e-01
7.026000000000000227e+02 9.953496542327753271e-01
7.027999999999999545e+02 9.952058138065403847e-01
7.030000000000000000e+02 9.950849239797705525e-01
7.032000000000000455e+02 9.949889967690608295e-01
7.033999999999999773e+02 9.949162856463305005e-01
7.036000000000000227e+02 9.948604929242120809e-01
7.037999999999999545e+02 9.948166095280118748e-01
7.040000000000000000e+02 9.947824430828139386e-01
7.042000000000000455e+02 9.947579075079072686e-01
7.043999999999999773e+02 9.947396470677742908e-01
7.046000000000000227e+02 9.947232496264553081e-01
7.047999999999999545e+02 9.947041646184676678e-01
7.050000000000000000e+02 9.946771844013374553e-01
7.052000000000000455e+02 9.946346299370144584e-01
7.053999999999999773e+02 9.945668843538806314e-01
7.056000000000000227e+02 9.944673512758965828e-01
7.057999999999999545e+02 9.943311935155615400e-01
7.060000000000000000e+02 9.941542949019630537e-01
7.062000000000000455e+02 9.939316024690084683e-01
7.063999999999999773e+02 9.936595634226075280e-01
7.066000000000000227e+02 9.933371816872393900e-01
7.067999999999999545e+02 9.929661993027377731e-01
7.070000000000000000e+02 9.925485002716758487e-01
7.072000000000000455e+02 9.920859826954409044e-01
7.073999999999999773e+02 9.915829766998193184e-01
7.076000000000000227e+02 9.910412697534193294e-01
7.077999999999999545e+02 9.904601441946742080e-01
7.080000000000000000e+02 9.898417606345926156e-01
7.082000000000000455e+02 9.891887453827985510e-01
7.083999999999999773e+02 9.885036109871512267e-01
7.086000000000000227e+02 9.877895035619111974e-01
7.087999999999999545e+02 9.870489430003582809e-01
7.090000000000000000e+02 9.862838520377152918e-01
7.092000000000000455e+02 9.854968392493247409e-01
7.093999999999999773e+02 9.846926613720402566e-01
7.096000000000000227e+02 9.838772444267122053e-01
7.097999999999999545e+02 9.830538914575538412e-01
7.100000000000000000e+02 9.822231270069406994e-01
7.102000000000000455e+02 9.813844220602111479e-01
7.103999999999999773e+02 9.805404692842099035e-01
7.106000000000000227e+02 9.796936962382929437e-01
7.107999999999999545e+02 9.788454370805875771e-01
7.110000000000000000e+02 9.779962043946587302e-01
7.112000000000000455e+02 9.771443875010208391e-01
7.113999999999999773e+02 9.762879955633704254e-01
7.116000000000000227e+02 9.754292144096508022e-01
7.117999999999999545e+02 9.745674161054418416e-01
7.120000000000000000e+02 9.737000683755387964e-01
7.122000000000000455e+02 9.728282369476749514e-01
7.123999999999999773e+02 9.719506908396216005e-01
7.126000000000000227e+02 9.710630126278787522e-01
7.127999999999999545e+02 9.701585598545306999e-01
7.130000000000000000e+02 9.692303469091023693e-01
7.132000000000000455e+02 9.682715011196724175e-01
7.133999999999999773e+02 9.672753779533841412e-01
7.136000000000000227e+02 9.662363117594287010e-01
7.137999999999999545e+02 9.651500555051467645e-01
7.140000000000000000e+02 9.640144328378142946e-01
7.142000000000000455e+02 9.628281247942874765e-01
7.143999999999999773e+02 9.615906739360482458e-01
7.146000000000000227e+02 9.603033109864085315e-01
7.147999999999999545e+02 9.589712861830932411e-01
7.150000000000000000e+02 9.576007883136674614e-01
7.152000000000000455e+02 9.561936676201382435e-01
7.153999999999999773e+02 9.547591556324594997e-01
7.156000000000000227e+02 9.533088415942232441e-01
7.157999999999999545e+02 9.518454722513860489e-01
7.160000000000000000e+02 9.503742178132347229e-01
7.162000000000000455e+02 9.489017101160541756e-01
7.163999999999999773e+02 9.474315389940579646e-01
7.166000000000000227e+02 9.459677268926535154e-01
7.167999999999999545e+02 9.445134363166961533e-01
7.170000000000000000e+02 9.430679116063668266e-01
7.172000000000000455e+02 9.416272623222595728e-01
7.173999999999999773e+02 9.401863985820249070e-01
7.176000000000000227e+02 9.387413433144635722e-01
7.177999999999999545e+02 9.372884520439416223e-01
7.180000000000000000e+02 9.358229541445446387e-01
7.182000000000000455e+02 9.343371917997747023e-01
7.183999999999999773e+02 9.328233333347411005e-01
7.186000000000000227e+02 9.312762479165799245e-01
7.187999999999999545e+02 9.296969138199577820e-01
7.190000000000000000e+02 9.280896688505497760e-01
7.192000000000000455e+02 9.264619180483071315e-01
7.193999999999999773e+02 9.248239840614860263e-01
7.196000000000000227e+02 9.231809211388313230e-01
7.197999999999999545e+02 9.215377879066691813e-01
7.200000000000000000e+02 9.199057270993105107e-01
7.202000000000000455e+02 9.182857545336963190e-01
7.203999999999999773e+02 9.166741140029304180e-01
7.206000000000000227e+02 9.150696663872358583e-01
7.207999999999999545e+02 9.134690412127349779e-01
7.210000000000000000e+02 9.118697450726169773e-01
7.212000000000000455e+02 9.102738018739150450e-01
7.213999999999999773e+02 9.086826640805794053e-01
7.216000000000000227e+02 9.070964638594551932e-01
7.217999999999999545e+02 9.055138572005360098e-01
7.220000000000000000e+02 9.039329218389700049e-01
7.222000000000000455e+02 9.023507222334145039e-01
7.223999999999999773e+02 9.007628147348872849e-01
7.226000000000000227e+02 8.991648975656179044e-01
7.227999999999999545e+02 8.975547397287589879e-01
7.230000000000000000e+02 8.959338852311098389e-01
7.232000000000000455e+02 8.943058014213769447e-01
7.233999999999999773e+02 8.926716612430913855e-01
7.236000000000000227e+02 8.910284619670638673e-01
7.237999999999999545e+02 8.893833082712482296e-01
7.240000000000000000e+02 8.877437515430705028e-01
7.242000000000000455e+02 8.861098743943915945e-01
7.243999999999999773e+02 8.844853538811079385e-01
7.246000000000000227e+02 8.828717375479920859e-01
7.247999999999999545e+02 8.812635749702592003e-01
7.250000000000000000e+02 8.796550054332065161e-01
7.252000000000000455e+02 8.780401889168309992e-01
7.253999999999999773e+02 8.764131615546836285e-01
7.256000000000000227e+02 8.747682491140550409e-01
7.257999999999999545e+02 8.731009805178532313e-01
7.260000000000000000e+02 8.714091930782146278e-01
7.262000000000000455e+02 8.696948351139943689e-01
7.263999999999999773e+02 8.679635146211140961e-01
7.266000000000000227e+02 8.662236228985553677e-01
7.267999999999999545e+02 8.644812258005165617e-01
7.270000000000000000e+02 8.627377163109761771e-01
7.272000000000000455e+02 8.609891662110371602e-01
7.273999999999999773e+02 8.592326804019866371e-01
7.276000000000000227e+02 8.574677592548308747e-01
7.277999999999999545e+02 8.556956336465501023e-01
7.280000000000000000e+02 8.539119396301760867e-01
7.282000000000000455e+02 8.521192974940478004e-01
7.283999999999999773e+02 8.503307763784915263e-01
7.286000000000000227e+02 8.485430566489714499e-01
7.287999999999999545e+02 8.467495235206590198e-01
7.290000000000000000e+02 8.449482441851990933e-01
7.292000000000000455e+02 8.431396106975174165e-01
7.293999999999999773e+02 8.413255505931140910e-01
7.296000000000000227e+02 8.395091660367139941e-01
7.297999999999999545e+02 8.376938993318021609e-01
7.300000000000000000e+02 8.358812845522514134e-01
7.302000000000000455e+02 8.340699679413738910e-01
7.303999999999999773e+02 8.322572206972501663e-01
7.306000000000000227e+02 8.304426428101024937e-01
7.307999999999999545e+02 8.286293080296628366e-01
7.310000000000000000e+02 8.268201873923207712e-01
7.312000000000000455e+02 8.250171480048945627e-01
7.313999999999999773e+02 8.232211360940465683e-01
7.316000000000000227e+02 8.214345722904765612e-01
7.317999999999999545e+02 8.196556630226872198e-01
7.320000000000000000e+02 8.178784791799524889e-01
7.322000000000000455e+02 8.161045480009103681e-01
7.323999999999999773e+02 8.143280818815801236e-01
7.326000000000000227e+02 8.125346209020134491e-01
7.327999999999999545e+02 8.107223415286515245e-01
7.330000000000000000e+02 8.088942317085563438e-01
7.332000000000000455e+02 8.070543288373029922e-01
7.333999999999999773e+02 8.052067739772142962e-01
7.336000000000000227e+02 8.033547352738698022e-01
7.337999999999999545e+02 8.014999766017998351e-01
7.340000000000000000e+02 7.996428021715303869e-01
7.342000000000000455e+02 7.977810600495137683e-01
7.343999999999999773e+02 7.959117403136504176e-01
7.346000000000000227e+02 7.940378185127400235e-01
7.347999999999999545e+02 7.921653744505718908e-01
7.350000000000000000e+02 7.903011854875862108e-01
7.352000000000000455e+02 7.884485126912244013e-01
7.353999999999999773e+02 7.866097045750141126e-01
7.356000000000000227e+02 7.847860006276444755e-01
7.357999999999999545e+02 7.829741084353054603e-01
7.360000000000000000e+02 7.811714294509539691e-01
7.362000000000000455e+02 7.793770601281693189e-01
7.363999999999999773e+02 7.775898296928469566e-01
7.366000000000000227e+02 7.758154501097018763e-01
7.367999999999999545e+02 7.740619601106087933e-01
7.370000000000000000e+02 7.723208847230242924e-01
7.372000000000000455e+02 7.705859192276645064e-01
7.373999999999999773e+02 7.688561414604246913e-01
7.376000000000000227e+02 7.671294440861220476e-01
7.377999999999999545e+02 7.654060327751176507e-01
7.380000000000000000e+02 7.636893331896001946e-01
7.382000000000000455e+02 7.619854829123535733e-01
7.383999999999999773e+02 7.602980609995277916e-01
7.386000000000000227e+02 7.586261861770270398e-01
7.387999999999999545e+02 7.569632515507737081e-01
7.390000000000000000e+02 7.553015203693307367e-01
7.392000000000000455e+02 7.536329961278244172e-01
7.393999999999999773e+02 7.519485680128631389e-01
7.396000000000000227e+02 7.502386974811391385e-01
7.397999999999999545e+02 7.484946953588564877e-01
7.400000000000000000e+02 7.467111594391651064e-01
7.402000000000000455e+02 7.448832745096225505e-01
7.403999999999999773e+02 7.430110810999662752e-01
7.406000000000000227e+02 7.411093944590049221e-01
7.407999999999999545e+02 7.391845716474214623e-01
7.410000000000000000e+02 7.372362616159208182e-01
7.412000000000000455e+02 7.352708635969159578e-01
7.413999999999999773e+02 7.332931506405110378e-01
7.416000000000000227e+02 7.313077377686983960e-01
7.417999999999999545e+02 7.293252930870169903e-01
7.420000000000000000e+02 7.273555969028491219e-01
7.422000000000000455e+02 7.254047173835428408e-01
7.423999999999999773e+02 7.234724641205320106e-01
7.426000000000000227e+02 7.215578228063804778e-01
7.427999999999999545e+02 7.196610420025336685e-01
7.430000000000000000e+02 7.177852857501894057e-01
7.432000000000000455e+02 7.159339573930078027e-01
7.433999999999999773e+02 7.141086703617901543e-01
7.436000000000000227e+02 7.123063497075843298e-01
7.437999999999999545e+02 7.105183793721110419e-01
7.440000000000000000e+02 7.087320938653499658e-01
7.442000000000000455e+02 7.069334636788476844e-01
7.443999999999999773e+02 7.051149478898212086e-01
7.446000000000000227e+02 7.032722909496216257e-01
7.447999999999999545e+02 7.013991561302628241e-01
7.450000000000000000e+02 6.995019157542714527e-01
7.452000000000000455e+02 6.975909751939874948e-01
7.453999999999999773e+02 6.956662705490203047e-01
7.456000000000000227e+02 6.937338575175255873e-01
7.457999999999999545e+02 6.918050878246259083e-01
7.460000000000000000e+02 6.898920676251311113e-01
7.462000000000000455e+02 6.880048045183760896e-01
7.463999999999999773e+02 6.861503560930209966e-01
7.466000000000000227e+02 6.843318235207416222e-01
7.467999999999999545e+02 6.825486982650628143e-01
7.470000000000000000e+02 6.807983197085398785e-01
7.472000000000000455e+02 6.790775549620140517e-01
7.473999999999999773e+02 6.773853984284885499e-01
7.476000000000000227e+02 6.757211347212853658e-01
7.477999999999999545e+02 6.740815603925660593e-01
7.480000000000000000e+02 6.724599808135196533e-01
7.482000000000000455e+02 6.708473694809560239e-01
7.483999999999999773e+02 6.692332751003023938e-01
7.486000000000000227e+02 6.676042016526867462e-01
7.487999999999999545e+02 6.659524361742225063e-01
7.490000000000000000e+02 6.642839912686263615e-01
7.492000000000000455e+02 6.625935405888243590e-01
7.493999999999999773e+02 6.608720833952657081e-01
7.496000000000000227e+02 6.591176996137938504e-01
7.497999999999999545e+02 6.573343763441275023e-01
7.500000000000000000e+02 6.555285919410440698e-01
7.502000000000000455e+02 6.537060047505325322e-01
7.503999999999999773e+02 6.518676879319015294e-01
7.506000000000000227e+02 6.500132445518339575e-01
7.507999999999999545e+02 6.481440280746637583e-01
7.510000000000000000e+02 6.462636032225722582e-01
7.512000000000000455e+02 6.443766722388957202e-01
7.513999999999999773e+02 6.424878808996536961e-01
7.516000000000000227e+02 6.405993632621035383e-01
7.517999999999999545e+02 6.387105403417514538e-01
7.520000000000000000e+02 6.368184259808735703e-01
7.522000000000000455e+02 6.349218928344803059e-01
7.523999999999999773e+02 6.330206082368766696e-01
7.526000000000000227e+02 6.311143940300872890e-01
7.527999999999999545e+02 6.292064936706386336e-01
7.530000000000000000e+02 6.272978706975271823e-01
7.532000000000000455e+02 6.253843226407873601e-01
7.533999999999999773e+02 6.234700139523474682e-01
7.536000000000000227e+02 6.215571532580754788e-01
7.537999999999999545e+02 6.196397372296676975e-01
7.540000000000000000e+02 6.177195277527405270e-01
7.542000000000000455e+02 6.158024850989910481e-01
7.543999999999999773e+02 6.138953917842840946e-01
7.546000000000000227e+02 6.120041668673015245e-01
7.547999999999999545e+02 6.101294245095514324e-01
7.550000000000000000e+02 6.082641926097392959e-01
7.552000000000000455e+02 6.064006562271830880e-01
7.553999999999999773e+02 6.045329112306990771e-01
7.556000000000000227e+02 6.026578674938796176e-01
7.557999999999999545e+02 6.007716506541291857e-01
7.560000000000000000e+02 5.988694520748909511e-01
7.562000000000000455e+02 5.969463453340123626e-01
7.563999999999999773e+02 5.950014372203273894e-01
7.566000000000000227e+02 5.930380017940108939e-01
7.567999999999999545e+02 5.910610427453167892e-01
7.570000000000000000e+02 5.890642746957405196e-01
7.572000000000000455e+02 5.870463372493467391e-01
7.573999999999999773e+02 5.850165941507430301e-01
7.576000000000000227e+02 5.829751162478036264e-01
7.577999999999999545e+02 5.809235602712421453e-01
7.580000000000000000e+02 5.788697305135411808e-01
7.582000000000000455e+02 5.768184070966551058e-01
7.583999999999999773e+02 5.747739279676440383e-01
7.586000000000000227e+02 5.727412336695861805e-01
7.587999999999999545e+02 5.707234902315950764e-01
7.590000000000000000e+02 5.687219356433121931e-01
7.592000000000000455e+02 5.667357204880900667e-01
7.593999999999999773e+02 5.647616919486609932e-01
7.596000000000000227e+02 5.627928776530356503e-01
7.597999999999999545e+02 5.608192412360625267e-01
7.600000000000000000e+02 5.588343358641285619e-01
7.602000000000000455e+02 5.568334529315552839e-01
7.603999999999999773e+02 5.548127925432960739e-01
7.606000000000000227e+02 5.527698400353004970e-01
7.607999999999999545e+02 5.507057464272639979e-01
7.610000000000000000e+02 5.486257226826541933e-01
7.612000000000000455e+02 5.465360044925839933e-01
7.613999999999999773e+02 5.444369956843057023e-01
7.616000000000000227e+02 5.423261632683586964e-01
7.617999999999999545e+02 5.402182789686068576e-01
7.620000000000000000e+02 5.381285098319947835e-01
7.622000000000000455e+02 5.360672577215527257e-01
7.623999999999999773e+02 5.340453636633317736e-01
7.626000000000000227e+02 5.320645692527573578e-01
7.627999999999999545e+02 5.301182190328102006e-01
7.630000000000000000e+02 5.282051671875688248e-01
7.632000000000000455e+02 5.263197240626973361e-01
7.633999999999999773e+02 5.244552640782152997e-01
7.636000000000000227e+02 5.226255846716043596e-01
7.637999999999999545e+02 5.208219118429514571e-01
7.640000000000000000e+02 5.190125469691939664e-01
7.642000000000000455e+02 5.171865626930490789e-01
7.643999999999999773e+02 5.153347410211767121e-01
7.646000000000000227e+02 5.134440463389389198e-01
7.647999999999999545e+02 5.115051481039233350e-01
7.650000000000000000e+02 5.095121905255630690e-01
7.652000000000000455e+02 5.074635810409305892e-01
7.653999999999999773e+02 5.053655427456841265e-01
7.656000000000000227e+02 5.032273593054432670e-01
7.657999999999999545e+02 5.010586283267913776e-01
7.660000000000000000e+02 4.988668004884594942e-01
7.662000000000000455e+02 4.966600383149498699e-01
7.663999999999999773e+02 4.944488545369491450e-01
7.666000000000000227e+02 4.922438650636111190e-01
7.667999999999999545e+02 4.900544320350980754e-01
7.670000000000000000e+02 4.878879151276055981e-01
7.672000000000000455e+02 4.857519935783048970e-01
7.673999999999999773e+02 4.836546983855797288e-01
7.676000000000000227e+02 4.816039067185189371e-01
7.677999999999999545e+02 4.796042957277986130e-01
7.680000000000000000e+02 4.776547341452542783e-01
7.682000000000000455e+02 4.757455075081458151e-01
7.683999999999999773e+02 4.738670218623990404e-01
7.686000000000000227e+02 4.720128935392036706e-01
7.687999999999999545e+02 4.701824632211475397e-01
7.690000000000000000e+02 4.683738581877521234e-01
7.692000000000000455e+02 4.665834445708862410e-01
7.693999999999999773e+02 4.648064523177627416e-01
7.696000000000000227e+02 4.630374428724239322e-01
7.697999999999999545e+02 4.612709280417403579e-01
7.700000000000000000e+02 4.595024559110055251e-01
7.702000000000000455e+02 4.577297379143684397e-01
7.703999999999999773e+02 4.559519186745885078e-01
7.706000000000000227e+02 4.541676055073975427e-01
7.707999999999999545e+02 4.523758626789999848e-01
7.710000000000000000e+02 4.505769697731577539e-01
7.712000000000000455e+02 4.487738240009414015e-01
7.713999999999999773e+02 4.469700826993482923e-01
7.716000000000000227e+02 4.451696404301352938e-01
7.717999999999999545e+02 4.433767782457079809e-01
7.720000000000000000e+02 4.415961186522951443e-01
7.722000000000000455e+02 4.398318992278399397e-01
7.723999999999999773e+02 4.380852047195979426e-01
7.726000000000000227e+02 4.363551027599659737e-01
7.727999999999999545e+02 4.346398163242590762e-01
7.730000000000000000e+02 4.329401361277164240e-01
7.732000000000000455e+02 4.312587392747059267e-01
7.733999999999999773e+02 4.295995418402256960e-01
7.736000000000000227e+02 4.279657174845091783e-01
7.737999999999999545e+02 4.263589480577584800e-01
7.740000000000000000e+02 4.247792459571794743e-01
7.742000000000000455e+02 4.232273690988164194e-01
7.743999999999999773e+02 4.217039876408898436e-01
7.746000000000000227e+02 4.202082627679941673e-01
7.747999999999999545e+02 4.187336578652830488e-01
7.750000000000000000e+02 4.172714005915205138e-01
7.752000000000000455e+02 4.158131355899698511e-01
7.753999999999999773e+02 4.143472102525565526e-01
7.756000000000000227e+02 4.128647468408218058e-01
7.757999999999999545e+02 4.113657960908205236e-01
7.760000000000000000e+02 4.098443124148096195e-01
7.762000000000000455e+02 4.082938674192937434e-01
7.763999999999999773e+02 4.067170808459663611e-01
7.766000000000000227e+02 4.051184747837254241e-01
7.767999999999999545e+02 4.035027758980537782e-01
7.770000000000000000e+02 4.018741143668825844e-01
7.772000000000000455e+02 4.002352924576523807e-01
7.773999999999999773e+02 3.985878107331677911e-01
7.776000000000000227e+02 3.969319645015816911e-01
7.777999999999999545e+02 3.952678084979503459e-01
7.780000000000000000e+02 3.935956836993265151e-01
7.782000000000000455e+02 3.919170908175565460e-01
7.783999999999999773e+02 3.902365785049731195e-01
7.786000000000000227e+02 3.885608182751431050e-01
7.787999999999999545e+02 3.868949878290671718e-01
7.790000000000000000e+02 3.852419659302504518e-01
7.792000000000000455e+02 3.836028913368492721e-01
7.793999999999999773e+02 3.819795637937620225e-01
7.796000000000000227e+02 3.803729166567769715e-01
7.797999999999999545e+02 3.787828798335308167e-01
7.800000000000000000e+02 3.772100995249830779e-01
7.802000000000000455e+02 3.756545977293062610e-01
7.803999999999999773e+02 3.741152816040852480e-01
7.806000000000000227e+02 3.725906742088312962e-01
7.807999999999999545e+02 3.710809745194845743e-01
7.810000000000000000e+02 3.695887330400646764e-01
7.812000000000000455e+02 3.681162221116803801e-01
7.813999999999999773e+02 3.666659447289117857e-01
7.816000000000000227e+02 3.652414377077694008e-01
7.817999999999999545e+02 3.638492115116836456e-01
7.820000000000000000e+02 3.624954689786729078e-01
7.822000000000000455e+02 3.611827192659606278e-01
7.823999999999999773e+02 3.599044794334893549e-01
7.826000000000000227e+02 3.586490968262205925e-01
7.827999999999999545e+02 3.574028621926773064e-01
7.830000000000000000e+02 3.561517672836875259e-01
7.832000000000000455e+02 3.548818939909241243e-01
7.833999999999999773e+02 3.535799778180684916e-01
7.836000000000000227e+02 3.522366659975315617e-01
7.837999999999999545e+02 3.508481527194248217e-01
7.840000000000000000e+02 3.494184553469027454e-01
7.842000000000000455e+02 3.479540990773946629e-01
7.843999999999999773e+02 3.464627445332685851e-01
7.846000000000000227e+02 3.449527460013278590e-01
7.847999999999999545e+02 3.434340906528003945e-01
7.850000000000000000e+02 3.419167117978374471e-01
7.852000000000000455e+02 3.404071000578493544e-01
7.853999999999999773e+02 3.389102787106454406e-01
7.856000000000000227e+02 3.374304301364449143e-01
7.857999999999999545e+02 3.359710635151685887e-01
7.860000000000000000e+02 3.345334192685737174e-01
7.862000000000000455e+02 3.331166766998971407e-01
7.863999999999999773e+02 3.317193860048114340e-01
7.866000000000000227e+02 3.303392152316842467e-01
7.867999999999999545e+02 3.289732881738939296e-01
7.870000000000000000e+02 3.276196192847002919e-01
7.872000000000000455e+02 3.262781582097131761e-01
7.873999999999999773e+02 3.249503910932299844e-01
7.876000000000000227e+02 3.236362235928380016e-01
7.877999999999999545e+02 3.223322725822819756e-01
7.880000000000000000e+02 3.210314364901487028e-01
7.882000000000000455e+02 3.197249549772274158e-01
7.883999999999999773e+02 3.184071742400017002e-01
7.886000000000000227e+02 3.170779183606016738e-01
7.887999999999999545e+02 3.157409102431058545e-01
7.890000000000000000e+02 3.144006869669109805e-01
7.892000000000000455e+02 3.130610359294291323e-01
7.893999999999999773e+02 3.117258045156526269e-01
7.896000000000000227e+02 3.103986375847947454e-01
7.897999999999999545e+02 3.090821997465224014e-01
7.900000000000000000e+02 3.077748221340002588e-01
7.902000000000000455e+02 3.064725537551060697e-01
7.903999999999999773e+02 3.051708143981657906e-01
7.906000000000000227e+02 3.038640790769140954e-01
7.907999999999999545e+02 3.025480815491776165e-01
7.910000000000000000e+02 3.012225337435974759e-01
7.912000000000000455e+02 2.998915057767368997e-01
7.913999999999999773e+02 2.985595993929649472e-01
7.916000000000000227e+02 2.972273104421511714e-01
7.917999999999999545e+02 2.958937759056616823e-01
7.920000000000000000e+02 2.945570652996054584e-01
7.922000000000000455e+02 2.932135552858751160e-01
7.923999999999999773e+02 2.918564113313893982e-01
7.926000000000000227e+02 2.904784423061854692e-01
7.927999999999999545e+02 2.890779487024482397e-01
7.930000000000000000e+02 2.876589657574366021e-01
7.932000000000000455e+02 2.862290544003799897e-01
7.933999999999999773e+02 2.847949875186325253e-01
7.936000000000000227e+02 2.833652455564179551e-01
7.937999999999999545e+02 2.819492417946535823e-01
7.940000000000000000e+02 2.805534851730016599e-01
7.942000000000000455e+02 2.791812605864413266e-01
7.943999999999999773e+02 2.778334194746051589e-01
7.946000000000000227e+02 2.765111020439164347e-01
7.947999999999999545e+02 2.752153492643593102e-01
7.950000000000000000e+02 2.739474140518159406e-01
7.952000000000000455e+02 2.727105355096677841e-01
7.953999999999999773e+02 2.715064893947027880e-01
7.956000000000000227e+02 2.703339182217154857e-01
7.957999999999999545e+02 2.691880394955142308e-01
7.960000000000000000e+02 2.680631257185751015e-01
7.962000000000000455e+02 2.669536313305593822e-01
7.963999999999999773e+02 2.658539865747784336e-01
7.966000000000000227e+02 2.647593929030833682e-01
7.967999999999999545e+02 2.636660351247869793e-01
7.970000000000000000e+02 2.625687853740036326e-01
7.972000000000000455e+02 2.614608310802756241e-01
7.973999999999999773e+02 2.603339940359425952e-01
7.976000000000000227e+02 2.591836548627977077e-01
7.977999999999999545e+02 2.580090821376085364e-01
7.980000000000000000e+02 2.568137078926526762e-01
7.982000000000000455e+02 2.556026716722114567e-01
7.983999999999999773e+02 2.543838839717205147e-01
7.986000000000000227e+02 2.531694303242021382e-01
7.987999999999999545e+02 2.519695812071496288e-01
7.990000000000000000e+02 2.507920835951601979e-01
7.992000000000000455e+02 2.496415734413082732e-01
7.993999999999999773e+02 2.485174207893039167e-01
7.996000000000000227e+02 2.474155102761347591e-01
7.997999999999999545e+02 2.463304809449098631e-01
8.000000000000000000e+02 2.452520598007369435e-01
8.002000000000000455e+02 2.441699946721944403e-01
8.003999999999999773e+02 2.430838434193836051e-01
8.006000000000000227e+02 2.419950802411325597e-01
8.007999999999999545e+02 2.409049293079536802e-01
8.010000000000000000e+02 2.398134176846750121e-01
8.012000000000000455e+02 2.387200690221269184e-01
8.013999999999999773e+02 2.376249383492592404e-01
8.016000000000000227e+02 2.365308818044549177e-01
8.017999999999999545e+02 2.354418647406953946e-01
8.020000000000000000e+02 2.343623588826337367e-01
8.022000000000000455e+02 2.332970243069135974e-01
8.023999999999999773e+02 2.322500104400839482e-01
8.026000000000000227e+02 2.312241092385571295e-01
8.027999999999999545e+02 2.302185493371495806e-01
8.030000000000000000e+02 2.292303455242760413e-01
8.032000000000000455e+02 2.282555324230722549e-01
8.033999999999999773e+02 2.272924679559387151e-01
8.036000000000000227e+02 2.263402904325945986e-01
8.037999999999999545e+02 2.253975304041226646e-01
8.040000000000000000e+02 2.244591949494438299e-01
8.042000000000000455e+02 2.235205999471636118e-01
8.043999999999999773e+02 2.225799074188617166e-01
8.046000000000000227e+02 2.216385339698993540e-01
8.047999999999999545e+02 2.206991118555012010e-01
8.050000000000000000e+02 2.197636725755281462e-01
8.052000000000000455e+02 2.188301789547838216e-01
8.053999999999999773e+02 2.178931558487979259e-01
8.056000000000000227e+02 2.169448651956077112e-01
8.057999999999999545e+02 2.159828377740755645e-01
8.060000000000000000e+02 2.150094180113856779e-01
8.062000000000000455e+02 2.140307826115880052e-01
8.064000000000000909e+02 2.130517186388544149e-01
8.066000000000000227e+02 2.120750378872253428e-01
8.067999999999999545e+02 2.111014794887315082e-01
8.070000000000000000e+02 2.101314966453431132e-01
8.072000000000000455e+02 2.091654989846945534e-01
8.074000000000000909e+02 2.082039004431017193e-01
8.076000000000000227e+02 2.072486886469189771e-01
8.077999999999999545e+02 2.063026647101950106e-01
8.080000000000000000e+02 2.053674954091921634e-01
8.082000000000000455e+02 2.044409747990627857e-01
8.084000000000000909e+02 2.035181609290262206e-01
8.086000000000000227e+02 2.025947070723075893e-01
8.087999999999999545e+02 2.016672156252033166e-01
8.090000000000000000e+02 2.007324276519931450e-01
8.092000000000000455e+02 1.997850719613168124e-01
8.094000000000000909e+02 1.988214125514833341e-01
8.096000000000000227e+02 1.978405726296885159e-01
8.097999999999999545e+02 1.968454497999827524e-01
8.100000000000000000e+02 1.958405655511599175e-01
8.102000000000000455e+02 1.948311301453228839e-01
8.104000000000000909e+02 1.938221474515899878e-01
8.106000000000000227e+02 1.928175569973875347e-01
8.107999999999999545e+02 1.918198568430947715e-01
8.110000000000000000e+02 1.908302251974645092e-01
8.112000000000000455e+02 1.898493495758467042e-01
8.114000000000000909e+02 1.888795887791377137e-01
8.116000000000000227e+02 1.879337047616077561e-01
8.117999999999999545e+02 1.870197671203684409e-01
8.120000000000000000e+02 1.861341779818989073e-01
8.122000000000000455e+02 1.852795860923246996e-01
8.124000000000000909e+02 1.844572869192203091e-01
8.126000000000000227e+02 1.836611842371944636e-01
8.127999999999999545e+02 1.828901838579309325e-01
8.130000000000000000e+02 1.821450845911950500e-01
8.132000000000000455e+02 1.814239943871141791e-01
8.134000000000000909e+02 1.807237516951565870e-01
8.136000000000000227e+02 1.800379689937249839e-01
8.137999999999999545e+02 1.793535577485363131e-01
8.140000000000000000e+02 1.786623450684428627e-01
8.142000000000000455e+02 1.779609828002191863e-01
8.144000000000000909e+02 1.772465080554522510e-01
8.146000000000000227e+02 1.765163711712958994e-01
8.147999999999999545e+02 1.757698771796533388e-01
8.150000000000000000e+02 1.750125659139619150e-01
8.152000000000000455e+02 1.742509499572103548e-01
8.154000000000000909e+02 1.734909776235154799e-01
8.156000000000000227e+02 1.727392167259030054e-01
8.157999999999999545e+02 1.719971650970825716e-01
8.160000000000000000e+02 1.712596251852415707e-01
8.162000000000000455e+02 1.705246425017737100e-01
8.164000000000000909e+02 1.697906481389824529e-01
8.166000000000000227e+02 1.690547990238077392e-01
8.167999999999999545e+02 1.683185486689299792e-01
8.170000000000000000e+02 1.675832700689742494e-01
8.172000000000000455e+02 1.668460495311060721e-01
8.174000000000000909e+02 1.661063439759810911e-01
8.176000000000000227e+02 1.653639267409196811e-01
8.177999999999999545e+02 1.646154021507559295e-01
8.180000000000000000e+02 1.638607071532156290e-01
8.182000000000000455e+02 1.631011184133251135e-01
8.184000000000000909e+02 1.623336182826217999e-01
8.186000000000000227e+02 1.615553315297261483e-01
8.187999999999999545e+02 1.607657558171329271e-01
8.190000000000000000e+02 1.599700209115051674e-01
8.192000000000000455e+02 1.591714620169439598e-01
8.194000000000000909e+02 1.583718607544147006e-01
8.196000000000000227e+02 1.575808862046869374e-01
8.197999999999999545e+02 1.568085075662419559e-01
8.200000000000000000e+02 1.560616696633162770e-01
8.202000000000000455e+02 1.553448341186225989e-01
8.204000000000000909e+02 1.546580107776900082e-01
8.206000000000000227e+02 1.539961568504204237e-01
8.207999999999999545e+02 1.533573364857198917e-01
8.210000000000000000e+02 1.527384209402563586e-01
8.212000000000000455e+02 1.521310626325428628e-01
8.214000000000000909e+02 1.515263881078281194e-01
8.216000000000000227e+02 1.509182549051940603e-01
8.217999999999999545e+02 1.503064323105846034e-01
8.220000000000000000e+02 1.496888376822125000e-01
8.222000000000000455e+02 1.490632199788660128e-01
8.224000000000000909e+02 1.484315762103368408e-01
8.226000000000000227e+02 1.477932616031672197e-01
8.227999999999999545e+02 1.471451223234334360e-01
8.230000000000000000e+02 1.464846220849163050e-01
8.232000000000000455e+02 1.458071351399511661e-01
8.234000000000000909e+02 1.451069873237415819e-01
8.236000000000000227e+02 1.443833143706044486e-01
8.237999999999999545e+02 1.436378522285059745e-01
8.240000000000000000e+02 1.428743834968033422e-01
8.242000000000000455e+02 1.420996210096636403e-01
8.244000000000000909e+02 1.413207480718583764e-01
8.246000000000000227e+02 1.405438883438736020e-01
8.247999999999999545e+02 1.397725633495692787e-01
8.250000000000000000e+02 1.390117580273551035e-01
8.252000000000000455e+02 1.382697333399723061e-01
8.254000000000000909e+02 1.375464535935054244e-01
8.256000000000000227e+02 1.368390407797262232e-01
8.257999999999999545e+02 1.361475165715472779e-01
8.260000000000000000e+02 1.354695805658252539e-01
8.262000000000000455e+02 1.348033645003808290e-01
8.264000000000000909e+02 1.341521692156709411e-01
8.266000000000000227e+02 1.335178376753737295e-01
8.267999999999999545e+02 1.328998820813348802e-01
8.270000000000000000e+02 1.322956513490201325e-01
8.272000000000000455e+02 1.316991683053908568e-01
8.274000000000000909e+02 1.311035095138956830e-01
8.276000000000000227e+02 1.305081430715083757e-01
8.277999999999999545e+02 1.299117996867973357e-01
8.280000000000000000e+02 1.293106724295018384e-01
8.282000000000000455e+02 1.287009063443362855e-01
8.284000000000000909e+02 1.280798588004981031e-01
8.286000000000000227e+02 1.274459362461045353e-01
8.287999999999999545e+02 1.267946489845115099e-01
8.290000000000000000e+02 1.261236910732003724e-01
8.292000000000000455e+02 1.254361077433709393e-01
8.294000000000000909e+02 1.247361161121340184e-01
8.296000000000000227e+02 1.240306410803284909e-01
8.297999999999999545e+02 1.233302405020164916e-01
8.300000000000000000e+02 1.226368297337438740e-01
8.302000000000000455e+02 1.219489142922001584e-01
8.304000000000000909e+02 1.212693533630842257e-01
8.306000000000000227e+02 1.206062027462442149e-01
8.307999999999999545e+02 1.199696969389673212e-01
8.310000000000000000e+02 1.193670963459468187e-01
8.312000000000000455e+02 1.188015010590074000e-01
8.314000000000000909e+02 1.182722367616279302e-01
8.316000000000000227e+02 1.177757871518975152e-01
8.317999999999999545e+02 1.173075069896127587e-01
8.320000000000000000e+02 1.168612410392693007e-01
8.322000000000000455e+02 1.164265050201745699e-01
8.324000000000000909e+02 1.159940928982772512e-01
8.326000000000000227e+02 1.155577855780281077e-01
8.327999999999999545e+02 1.151115758667262123e-01
8.330000000000000000e+02 1.146536655425382939e-01
8.332000000000000455e+02 1.141879676859448300e-01
8.334000000000000909e+02 1.137156133861742247e-01
8.336000000000000227e+02 1.132353546511278286e-01
8.337999999999999545e+02 1.127446780234113294e-01
8.340000000000000000e+02 1.122452347312294374e-01
8.342000000000000455e+02 1.117397623535299200e-01
8.344000000000000909e+02 1.112287944227317166e-01
8.346000000000000227e+02 1.107153230274806610e-01
8.347999999999999545e+02 1.102037841702831061e-01
8.350000000000000000e+02 1.096980272744326607e-01
8.352000000000000455e+02 1.092047313985447521e-01
8.354000000000000909e+02 1.087303344356788382e-01
8.356000000000000227e+02 1.082731923877443964e-01
8.357999999999999545e+02 1.078290758478659961e-01
8.360000000000000000e+02 1.073937165035732666e-01
8.362000000000000455e+02 1.069661507154229252e-01
8.364000000000000909e+02 1.065446161855957974e-01
8.366000000000000227e+02 1.061251616652088142e-01
8.367999999999999545e+02 1.057020405397659374e-01
8.370000000000000000e+02 1.052703064149562023e-01
8.372000000000000455e+02 1.048273533935047408e-01
8.374000000000000909e+02 1.043741705550554760e-01
8.376000000000000227e+02 1.039125901803980567e-01
8.377999999999999545e+02 1.034438627935885119e-01
8.380000000000000000e+02 1.029710672348915224e-01
8.382000000000000455e+02 1.024947477776880916e-01
8.384000000000000909e+02 1.020093203336039506e-01
8.386000000000000227e+02 1.015150987196800358e-01
8.387999999999999545e+02 1.010168649434479288e-01
8.390000000000000000e+02 1.005208643062727170e-01
8.392000000000000455e+02 1.000338096057345749e-01
8.394000000000000909e+02 9.956246314571193246e-02
8.396000000000000227e+02 9.911327826456407808e-02
8.397999999999999545e+02 9.869408421486806915e-02
8.400000000000000000e+02 9.831115158916504948e-02
8.402000000000000455e+02 9.796031099574743772e-02
8.404000000000000909e+02 9.763262501114242098e-02
8.406000000000000227e+02 9.731773274886709735e-02
8.407999999999999545e+02 9.700970091142260832e-02
8.410000000000000000e+02 9.670263647053085887e-02
8.412000000000000455e+02 9.638909758728969601e-02
8.414000000000000909e+02 9.606165216249548666e-02
8.416000000000000227e+02 9.571422130364617975e-02
8.417999999999999545e+02 9.534299061635820305e-02
8.420000000000000000e+02 9.494624473891792593e-02
8.422000000000000455e+02 9.451973584756734326e-02
8.424000000000000909e+02 9.405417425119866337e-02
8.426000000000000227e+02 9.354974222155199026e-02
8.427999999999999545e+02 9.301218273423542127e-02
8.430000000000000000e+02 9.244727461983766326e-02
8.432000000000000455e+02 9.185723598321254846e-02
8.434000000000000909e+02 9.124473740542143885e-02
8.436000000000000227e+02 9.061966659397428792e-02
8.437999999999999545e+02 8.998805740588615432e-02
8.440000000000000000e+02 8.935354276378477956e-02
8.442000000000000455e+02 8.872521039494769834e-02
8.444000000000000909e+02 8.811578506207057293e-02
8.446000000000000227e+02 8.753927560453539369e-02
8.447999999999999545e+02 8.700508804862974732e-02
8.450000000000000000e+02 8.651541896191433656e-02
8.452000000000000455e+02 8.606640628926173764e-02
8.454000000000000909e+02 8.565803851578568384e-02
8.456000000000000227e+02 8.528870032301967552e-02
8.457999999999999545e+02 8.495268480723094928e-02
8.460000000000000000e+02 8.464455289204643462e-02
8.462000000000000455e+02 8.436362599266941653e-02
8.464000000000000909e+02 8.411617638983448497e-02
8.466000000000000227e+02 8.390374980722738185e-02
8.467999999999999545e+02 8.372265405826058438e-02
8.470000000000000000e+02 8.356400881738763886e-02
8.472000000000000455e+02 8.341980888797859151e-02
8.474000000000000909e+02 8.328461407194580335e-02
8.476000000000000227e+02 8.315701672344182060e-02
8.477999999999999545e+02 8.303471843954514375e-02
8.480000000000000000e+02 8.291489988712368031e-02
8.482000000000000455e+02 8.279657072689798614e-02
8.484000000000000909e+02 8.268012363915160090e-02
8.486000000000000227e+02 8.256568519730211886e-02
8.487999999999999545e+02 8.244884034980780319e-02
8.490000000000000000e+02 8.232206520815510409e-02
8.492000000000000455e+02 8.217561276199353282e-02
8.494000000000000909e+02 8.199925120850112825e-02
8.496000000000000227e+02 8.178245576305449849e-02
8.497999999999999545e+02 8.151569057237693927e-02
8.500000000000000000e+02 8.119668518239771260e-02
8.502000000000000455e+02 8.082862444781233058e-02
8.504000000000000909e+02 8.041908154915737572e-02
8.506000000000000227e+02 7.997651890418211451e-02
8.507999999999999545e+02 7.951391282512690339e-02
8.510000000000000000e+02 7.905196147752296953e-02
8.512000000000000455e+02 7.860844654041505841e-02
8.514000000000000909e+02 7.819511389349408093e-02
8.516000000000000227e+02 7.781459206841172260e-02
8.517999999999999545e+02 7.746756896542164594e-02
8.520000000000000000e+02 7.715346512223050790e-02
8.522000000000000455e+02 7.686794235779480233e-02
8.524000000000000909e+02 7.658310951618964302e-02
8.526000000000000227e+02 7.625721740908335267e-02
8.527999999999999545e+02 7.586607396424083216e-02
8.530000000000000000e+02 7.540909022865778522e-02
8.532000000000000455e+02 7.490241540793732278e-02
8.534000000000000909e+02 7.435182056101999337e-02
8.536000000000000227e+02 7.376083020097465304e-02
8.537999999999999545e+02 7.313407179503771116e-02
8.540000000000000000e+02 7.247732611392837532e-02
8.542000000000000455e+02 7.180085382605531918e-02
8.544000000000000909e+02 7.112016500691162313e-02
8.546000000000000227e+02 7.044688670625111337e-02
8.547999999999999545e+02 6.979205029000122573e-02
8.550000000000000000e+02 6.916837948383729173e-02
8.552000000000000455e+02 6.858552818191979150e-02
8.554000000000000909e+02 6.805195103817252011e-02
8.556000000000000227e+02 6.757723089010556072e-02
8.557999999999999545e+02 6.717276269020669432e-02
8.560000000000000000e+02 6.684912908293694223e-02
8.562000000000000455e+02 6.661182965117085075e-02
8.564000000000000909e+02 6.646072739077854563e-02
8.566000000000000227e+02 6.638869587773123249e-02
8.567999999999999545e+02 6.637764347048452640e-02
8.570000000000000000e+02 6.640296345176763260e-02
8.572000000000000455e+02 6.643615502213924551e-02
8.574000000000000909e+02 6.644900720756968804e-02
8.576000000000000227e+02 6.641850427177078964e-02
8.577999999999999545e+02 6.632761319169809544e-02
8.580000000000000000e+02 6.616146070053519068e-02
8.582000000000000455e+02 6.591029486987125263e-02
8.584000000000000909e+02 6.557400805228980056e-02
8.586000000000000227e+02 6.517499954188521460e-02
8.587999999999999545e+02 6.474240105609838092e-02
8.590000000000000000e+02 6.430064450709212232e-02
8.592000000000000455e+02 6.385764886403384744e-02
8.594000000000000909e+02 6.341464862391103796e-02
8.596000000000000227e+02 6.297451521670668906e-02
8.597999999999999545e+02 6.253914855021550090e-02
8.600000000000000000e+02 6.210846552731406900e-02
8.602000000000000455e+02 6.167946700083830336e-02
8.604000000000000909e+02 6.125130790900415456e-02
8.606000000000000227e+02 6.082459561984409485e-02
8.607999999999999545e+02 6.039907018167543773e-02
8.610000000000000000e+02 5.997636303178002087e-02
8.612000000000000455e+02 5.955904516819444938e-02
8.614000000000000909e+02 5.914698992300562730e-02
8.616000000000000227e+02 5.874178621433987640e-02
8.617999999999999545e+02 5.834582176613078985e-02
8.620000000000000000e+02 5.795438923195737890e-02
8.622000000000000455e+02 5.755965298988068718e-02
8.624000000000000909e+02 5.715386320080000776e-02
8.626000000000000227e+02 5.673718761275273192e-02
8.627999999999999545e+02 5.631270437982844462e-02
8.630000000000000000e+02 5.588432094930170790e-02
8.632000000000000455e+02 5.546034175596527283e-02
8.634000000000000909e+02 5.505056029519271588e-02
8.636000000000000227e+02 5.466399428563888108e-02
8.637999999999999545e+02 5.430890301481475918e-02
8.640000000000000000e+02 5.399081532102077002e-02
8.642000000000000455e+02 5.371020715769473514e-02
8.644000000000000909e+02 5.346817073828438738e-02
8.646000000000000227e+02 5.326574892410670947e-02
8.647999999999999545e+02 5.310137721090268242e-02
8.650000000000000000e+02 5.296910080397308762e-02
8.652000000000000455e+02 5.285894018307136372e-02
8.654000000000000909e+02 5.275783827139425564e-02
8.656000000000000227e+02 5.265446457325560770e-02
8.657999999999999545e+02 5.254098419088622240e-02
8.660000000000000000e+02 5.241500722851107769e-02
8.662000000000000455e+02 5.227488563799201349e-02
8.664000000000000909e+02 5.211794855459675468e-02
8.666000000000000227e+02 5.193999323438203836e-02
8.667999999999999545e+02 5.173710289977821730e-02
8.670000000000000000e+02 5.150701521201914851e-02
8.672000000000000455e+02 5.125151680080181765e-02
8.674000000000000909e+02 5.097406124052294291e-02
8.676000000000000227e+02 5.067865162849607280e-02
8.677999999999999545e+02 5.037237675349100219e-02
8.680000000000000000e+02 5.006416101520089895e-02
8.682000000000000455e+02 4.976348990971886377e-02
8.684000000000000909e+02 4.947817231975670804e-02
8.686000000000000227e+02 4.921124553797894680e-02
8.687999999999999545e+02 4.895659451970960085e-02
8.690000000000000000e+02 4.870762194891607721e-02
8.692000000000000455e+02 4.845886199015960599e-02
8.694000000000000909e+02 4.820631954503902528e-02
8.696000000000000227e+02 4.794620284535495297e-02
8.697999999999999545e+02 4.767573403429223311e-02
8.700000000000000000e+02 4.739619463638685554e-02
8.702000000000000455e+02 4.711014800990048074e-02
8.704000000000000909e+02 4.682156690659609877e-02
8.706000000000000227e+02 4.653933772712511019e-02
8.707999999999999545e+02 4.627149309833724494e-02
8.710000000000000000e+02 4.602303150733385445e-02
8.712000000000000455e+02 4.579778452624941321e-02
8.714000000000000909e+02 4.559920929834135328e-02
8.716000000000000227e+02 4.543054441335837162e-02
8.717999999999999545e+02 4.529361053188211972e-02
8.720000000000000000e+02 4.518732599562382685e-02
8.722000000000000455e+02 4.510597852231058857e-02
8.724000000000000909e+02 4.503953611754486774e-02
8.726000000000000227e+02 4.497719402475321149e-02
8.727999999999999545e+02 4.491134660849744470e-02
8.730000000000000000e+02 4.483795110566159148e-02
8.732000000000000455e+02 4.475479558847754447e-02
8.734000000000000909e+02 4.465904352012150386e-02
8.736000000000000227e+02 4.454788761200544761e-02
8.737999999999999545e+02 4.441967208230684916e-02
8.740000000000000000e+02 4.427627356116842217e-02
8.742000000000000455e+02 4.411937067116093042e-02
8.744000000000000909e+02 4.394960597615470838e-02
8.746000000000000227e+02 4.376723113450114999e-02
8.747999999999999545e+02 4.357533619366736610e-02
8.750000000000000000e+02 4.338005162635914791e-02
8.752000000000000455e+02 4.318569739277901276e-02
8.754000000000000909e+02 4.299429650741314057e-02
8.756000000000000227e+02 4.280500295627068241e-02
8.757999999999999545e+02 4.261323963077591481e-02
8.760000000000000000e+02 4.241512652819134921e-02
8.762000000000000455e+02 4.221044806550688921e-02
8.764000000000000909e+02 4.199949971532625920e-02
8.766000000000000227e+02 4.178111622410671938e-02
8.767999999999999545e+02 4.155097126715192463e-02
8.770000000000000000e+02 4.130487809602290811e-02
8.772000000000000455e+02 4.104078878562405358e-02
8.774000000000000909e+02 4.076098044652923941e-02
8.776000000000000227e+02 4.046461799540740367e-02
8.777999999999999545e+02 4.014800985745820699e-02
8.780000000000000000e+02 3.980758759889427983e-02
8.782000000000000455e+02 3.944680429070183958e-02
8.784000000000000909e+02 3.907673365864570286e-02
8.786000000000000227e+02 3.871375236324508390e-02
8.787999999999999545e+02 3.837202664390992890e-02
8.790000000000000000e+02 3.806068383204785910e-02
8.792000000000000455e+02 3.778234307345624404e-02
8.794000000000000909e+02 3.753910049479596001e-02
8.796000000000000227e+02 3.733441466446750512e-02
8.797999999999999545e+02 3.716921459686024082e-02
8.800000000000000000e+02 3.703981233110147098e-02
8.802000000000000455e+02 3.693653237265778072e-02
8.804000000000000909e+02 3.684716639625008894e-02
8.806000000000000227e+02 3.676165725793951317e-02
8.807999999999999545e+02 3.667621176859158644e-02
8.810000000000000000e+02 3.659109165180624706e-02
8.812000000000000455e+02 3.650752402925680484e-02
8.814000000000000909e+02 3.642463554125398989e-02
8.816000000000000227e+02 3.634175374739663511e-02
8.817999999999999545e+02 3.625838426819828070e-02
8.820000000000000000e+02 3.617346141530708437e-02
8.822000000000000455e+02 3.608402266032494782e-02
8.824000000000000909e+02 3.598607542973621121e-02
8.826000000000000227e+02 3.587733384525725044e-02
8.827999999999999545e+02 3.575843819055968958e-02
8.830000000000000000e+02 3.563214359339525461e-02
8.832000000000000455e+02 3.549946802606376156e-02
8.834000000000000909e+02 3.536003699022735591e-02
8.836000000000000227e+02 3.521293977873196646e-02
8.837999999999999545e+02 3.506022780975586589e-02
8.840000000000000000e+02 3.490826709408719614e-02
8.842000000000000455e+02 3.476712477282090097e-02
8.844000000000000909e+02 3.463990218004309868e-02
8.846000000000000227e+02 3.452365763667380322e-02
8.847999999999999545e+02 3.441070914744432524e-02
8.850000000000000000e+02 3.429704748044077461e-02
8.852000000000000455e+02 3.418091601236923627e-02
8.854000000000000909e+02 3.406077155171167298e-02
8.856000000000000227e+02 3.393506822125717109e-02
8.857999999999999545e+02 3.380263041524089740e-02
8.860000000000000000e+02 3.366333622882151239e-02
8.862000000000000455e+02 3.351783115568315180e-02
8.864000000000000909e+02 3.336677231090332679e-02
8.866000000000000227e+02 3.320941011613425670e-02
8.867999999999999545e+02 3.304538223062108981e-02
8.870000000000000000e+02 3.287464559478724818e-02
8.872000000000000455e+02 3.269600097440950731e-02
8.874000000000000909e+02 3.250881619378902243e-02
8.876000000000000227e+02 3.231416347026919156e-02
8.877999999999999545e+02 3.211690220361432951e-02
8.880000000000000000e+02 3.192190229107069732e-02
8.882000000000000455e+02 3.173230011239255854e-02
8.884000000000000909e+02 3.154998692974964047e-02
8.886000000000000227e+02 3.137395865071837542e-02
8.887999999999999545e+02 3.119920095028025364e-02
8.890000000000000000e+02 3.102007067027846496e-02
8.892000000000000455e+02 3.083230866738883094e-02
8.894000000000000909e+02 3.063488393514306185e-02
8.896000000000000227e+02 3.042950544916648431e-02
8.897999999999999545e+02 3.021719415468308162e-02
8.900000000000000000e+02 2.999427861727668038e-02
8.902000000000000455e+02 2.975943081700844692e-02
8.904000000000000909e+02 2.951595450094448084e-02
8.906000000000000227e+02 2.927466258272950345e-02
8.907999999999999545e+02 2.904938157464299897e-02
8.910000000000000000e+02 2.885437191552894104e-02
8.912000000000000455e+02 2.870028882720478472e-02
8.914000000000000909e+02 2.859366537452627532e-02
8.916000000000000227e+02 2.853725256620637599e-02
8.917999999999999545e+02 2.853158791603391600e-02
8.920000000000000000e+02 2.857143303888415309e-02
8.922000000000000455e+02 2.864508129933074354e-02
8.924000000000000909e+02 2.874038027075244417e-02
8.926000000000000227e+02 2.884967246929487708e-02
8.927999999999999545e+02 2.897149071892311800e-02
8.930000000000000000e+02 2.910100789049485659e-02
8.932000000000000455e+02 2.923042442009035624e-02
8.934000000000000909e+02 2.934984231512449346e-02
8.936000000000000227e+02 2.945113697810996731e-02
8.937999999999999545e+02 2.952750629485191916e-02
8.940000000000000000e+02 2.957291212578644010e-02
8.942000000000000455e+02 2.958360577120206641e-02
8.944000000000000909e+02 2.955876080990021970e-02
8.946000000000000227e+02 2.950161572765525736e-02
8.947999999999999545e+02 2.941513270058504492e-02
8.950000000000000000e+02 2.930158050447532331e-02
8.952000000000000455e+02 2.916349209574058479e-02
8.954000000000000909e+02 2.900501554632201745e-02
8.956000000000000227e+02 2.883196840582167436e-02
8.957999999999999545e+02 2.865113895873803301e-02
8.960000000000000000e+02 2.847218034648014984e-02
8.962000000000000455e+02 2.830753377575425181e-02
8.964000000000000909e+02 2.816852842468568069e-02
8.966000000000000227e+02 2.806241818556262993e-02
8.967999999999999545e+02 2.799078701296804986e-02
8.970000000000000000e+02 2.795090572129317608e-02
8.972000000000000455e+02 2.793801267857418807e-02
8.974000000000000909e+02 2.794643700624373922e-02
8.976000000000000227e+02 2.796954970250678865e-02
8.977999999999999545e+02 2.799932552914489656e-02
8.980000000000000000e+02 2.802622154845212099e-02
8.982000000000000455e+02 2.804508418744403042e-02
8.984000000000000909e+02 2.805411143744704003e-02
8.986000000000000227e+02 2.805297011197900592e-02
8.987999999999999545e+02 2.803989041832219073e-02
8.990000000000000000e+02 2.801240723293623586e-02
8.992000000000000455e+02 2.796972675415050971e-02
8.994000000000000909e+02 2.791368650197312631e-02
8.996000000000000227e+02 2.784836012713932246e-02
8.997999999999999545e+02 2.777868236196244858e-02
9.000000000000000000e+02 2.770900644013198078e-02
