5.500000000000000000e+02 1.469995009357163984e-02
5.502000000000000455e+02 1.405211259238579695e-02
5.503999999999999773e+02 1.340771583799027500e-02
5.506000000000000227e+02 1.276972942605858995e-02
5.507999999999999545e+02 1.213729036319618169e-02
5.510000000000000000e+02 1.150931874202179746e-02
5.512000000000000455e+02 1.088720961910492543e-02
5.513999999999999773e+02 1.027723948873694552e-02
5.516000000000000227e+02 9.682944436477528352e-03
5.517999999999999545e+02 9.106556014565538038e-03
5.520000000000000000e+02 8.552030162952301354e-03
5.522000000000000455e+02 8.020367877371753842e-03
5.523999999999999773e+02 7.513131034555101118e-03
5.526000000000000227e+02 7.034444598869713308e-03
5.527999999999999545e+02 6.584983452024547115e-03
5.530000000000000000e+02 6.164147188734475993e-03
5.532000000000000455e+02 5.771673016007986337e-03
5.533999999999999773e+02 5.408489418940065629e-03
5.536000000000000227e+02 5.073216834576586842e-03
5.537999999999999545e+02 4.762593380732626711e-03
5.540000000000000000e+02 4.474381934797208756e-03
5.542000000000000455e+02 4.207940428341237771e-03
5.543999999999999773e+02 3.962363477829721099e-03
5.546000000000000227e+02 3.734454840620111179e-03
5.547999999999999545e+02 3.521218745212883593e-03
5.550000000000000000e+02 3.321151886747802841e-03
5.552000000000000455e+02 3.134512537091682215e-03
5.553999999999999773e+02 2.960869236879224223e-03
5.556000000000000227e+02 2.799828394406641326e-03
5.557999999999999545e+02 2.651127144177680296e-03
5.560000000000000000e+02 2.513759434638531721e-03
5.562000000000000455e+02 2.388344536212457393e-03
5.563999999999999773e+02 2.276513243695152573e-03
5.566000000000000227e+02 2.178444562751179724e-03
5.567999999999999545e+02 2.093068727599045262e-03
5.570000000000000000e+02 2.018799997925524274e-03
5.572000000000000455e+02 1.954151963952237801e-03
5.573999999999999773e+02 1.896909748964260845e-03
5.576000000000000227e+02 1.845006281634390451e-03
5.577999999999999545e+02 1.797336434510621349e-03
5.580000000000000000e+02 1.754128977415418981e-03
5.582000000000000455e+02 1.715547513582583571e-03
5.583999999999999773e+02 1.680977933879386965e-03
5.586000000000000227e+02 1.648874065254829794e-03
5.587999999999999545e+02 1.617813232988584869e-03
5.590000000000000000e+02 1.586923938977637246e-03
5.592000000000000455e+02 1.556114121117624545e-03
5.593999999999999773e+02 1.525814705125949503e-03
5.596000000000000227e+02 1.496470370123470029e-03
5.597999999999999545e+02 1.468143969290122003e-03
5.600000000000000000e+02 1.441270450281905650e-03
5.602000000000000455e+02 1.416325181196005211e-03
5.603999999999999773e+02 1.393491446220352075e-03
5.606000000000000227e+02 1.372515284670975310e-03
5.607999999999999545e+02 1.352934833162196216e-03
5.610000000000000000e+02 1.334198328672835240e-03
5.612000000000000455e+02 1.315713171038139853e-03
5.613999999999999773e+02 1.296842097317082217e-03
5.616000000000000227e+02 1.276898843986326191e-03
5.617999999999999545e+02 1.255178452190868973e-03
5.620000000000000000e+02 1.231313179229851819e-03
5.622000000000000455e+02 1.205260775180941454e-03
5.623999999999999773e+02 1.177298475712372505e-03
5.626000000000000227e+02 1.148297896023143866e-03
5.627999999999999545e+02 1.119343322964896871e-03
5.630000000000000000e+02 1.091378597497062513e-03
5.632000000000000455e+02 1.064864069603533008e-03
5.633999999999999773e+02 1.040121114661670104e-03
5.636000000000000227e+02 1.017327400018174562e-03
5.637999999999999545e+02 9.961502940565125468e-04
5.640000000000000000e+02 9.765093122512737448e-04
5.642000000000000455e+02 9.587352875270794585e-04
5.643999999999999773e+02 9.434421644205612158e-04
5.646000000000000227e+02 9.308235630074594485e-04
5.647999999999999545e+02 9.207587020858586709e-04
5.650000000000000000e+02 9.131022606032381536e-04
5.652000000000000455e+02 9.081022345555911368e-04
5.653999999999999773e+02 9.057795717465307647e-04
5.656000000000000227e+02 9.054247509221126280e-04
5.657999999999999545e+02 9.054117681237466376e-04
5.660000000000000000e+02 9.040618934464772320e-04
5.662000000000000455e+02 9.002092986087156757e-04
5.663999999999999773e+02 8.937216008965856266e-04
5.666000000000000227e+02 8.846557868362332462e-04
5.667999999999999545e+02 8.729766914367739642e-04
5.670000000000000000e+02 8.585533296626933746e-04
5.672000000000000455e+02 8.419423462279859889e-04
5.673999999999999773e+02 8.239972272351974878e-04
5.676000000000000227e+02 8.053483570336313936e-04
5.677999999999999545e+02 7.863189756499371855e-04
5.680000000000000000e+02 7.673014205469554051e-04
5.682000000000000455e+02 7.488874529788520744e-04
5.683999999999999773e+02 7.314308876203511707e-04
5.686000000000000227e+02 7.148712123781430193e-04
5.687999999999999545e+02 6.989585031885062281e-04
5.690000000000000000e+02 6.839251414843752633e-04
5.692000000000000455e+02 6.700517300559974930e-04
5.693999999999999773e+02 6.574266548201421374e-04
5.696000000000000227e+02 6.457333933538463543e-04
5.697999999999999545e+02 6.342069580838980303e-04
5.700000000000000000e+02 6.219486288486534772e-04
5.702000000000000455e+02 6.082734687902928211e-04
5.703999999999999773e+02 5.929663066147489994e-04
5.706000000000000227e+02 5.758917642457182838e-04
5.707999999999999545e+02 5.567978141045378405e-04
5.710000000000000000e+02 5.354966255131442081e-04
5.712000000000000455e+02 5.120257391292846235e-04
5.713999999999999773e+02 4.868062838305125335e-04
5.716000000000000227e+02 4.608680915781149571e-04
5.717999999999999545e+02 4.353942405653985197e-04
5.720000000000000000e+02 4.115082573812014121e-04
5.722000000000000455e+02 3.901134728497482719e-04
5.723999999999999773e+02 3.718592286821578372e-04
5.726000000000000227e+02 3.572579593052687785e-04
5.727999999999999545e+02 3.466955003844237292e-04
5.730000000000000000e+02 3.399492758819943131e-04
5.732000000000000455e+02 3.364287563942953410e-04
5.733999999999999773e+02 3.354432185261666650e-04
5.736000000000000227e+02 3.366005029262210640e-04
5.737999999999999545e+02 3.395881271332019035e-04
5.740000000000000000e+02 3.441923608872786118e-04
5.742000000000000455e+02 3.505039073313978419e-04
5.743999999999999773e+02 3.583438407639886027e-04
5.746000000000000227e+02 3.671127144893270283e-04
5.747999999999999545e+02 3.758166456469479145e-04
5.750000000000000000e+02 3.837321736705346232e-04
5.752000000000000455e+02 3.903394035157998392e-04
5.753999999999999773e+02 3.951973251004562305e-04
5.756000000000000227e+02 3.979976906769520776e-04
5.757999999999999545e+02 3.984563275038015251e-04
5.760000000000000000e+02 3.963325742543595044e-04
5.762000000000000455e+02 3.917039532926017316e-04
5.763999999999999773e+02 3.847713099425848957e-04
5.766000000000000227e+02 3.756771033317617007e-04
5.767999999999999545e+02 3.642774223383173494e-04
5.770000000000000000e+02 3.503939734399197673e-04
5.772000000000000455e+02 3.340575471953610340e-04
5.773999999999999773e+02 3.157651612867726980e-04
5.776000000000000227e+02 2.963390556099484052e-04
5.777999999999999545e+02 2.764793773477387155e-04
5.780000000000000000e+02 2.565025228362554960e-04
5.782000000000000455e+02 2.369984723921888799e-04
5.783999999999999773e+02 2.184628307320601512e-04
5.786000000000000227e+02 2.011321992264115976e-04
5.787999999999999545e+02 1.852947936022433469e-04
5.790000000000000000e+02 1.712031212300549733e-04
5.792000000000000455e+02 1.590179217568408435e-04
5.793999999999999773e+02 1.487364030471428141e-04
5.796000000000000227e+02 1.398279699459723641e-04
5.797999999999999545e+02 1.315849228912608282e-04
5.800000000000000000e+02 1.237974747984205853e-04
5.802000000000000455e+02 1.167509355538145181e-04
5.803999999999999773e+02 1.110511136956073632e-04
5.806000000000000227e+02 1.073989743921275214e-04
5.807999999999999545e+02 1.060822563226197101e-04
5.810000000000000000e+02 1.069628393305497612e-04
5.812000000000000455e+02 1.095263410502603474e-04
5.813999999999999773e+02 1.130787779599126398e-04
5.816000000000000227e+02 1.169161012079220920e-04
5.817999999999999545e+02 1.203341601243025606e-04
5.820000000000000000e+02 1.225095454292606781e-04
5.822000000000000455e+02 1.229276154421941121e-04
5.823999999999999773e+02 1.215525137279280135e-04
5.826000000000000227e+02 1.188597487230029438e-04
5.827999999999999545e+02 1.148827746103409602e-04
5.830000000000000000e+02 1.092169673567495737e-04
5.832000000000000455e+02 1.013019940746026745e-04
5.833999999999999773e+02 9.118241508320606981e-05
5.836000000000000227e+02 7.939832340271525332e-05
5.837999999999999545e+02 6.672355185077932511e-05
5.840000000000000000e+02 5.351759055989557812e-05
5.842000000000000455e+02 4.030070101375295003e-05
5.843999999999999773e+02 2.790804473985989266e-05
5.846000000000000227e+02 1.705103954891511384e-05
5.847999999999999545e+02 8.224355981124243501e-06
5.850000000000000000e+02 2.062667654481469561e-06
5.852000000000000455e+02 0.000000000000000000e+00
5.853999999999999773e+02 2.964181097091423938e-06
5.856000000000000227e+02 1.083541466687876460e-05
5.857999999999999545e+02 2.218184035676120164e-05
5.860000000000000000e+02 3.560686832272848268e-05
5.862000000000000455e+02 4.968625380369601463e-05
5.863999999999999773e+02 6.291938400817092257e-05
5.866000000000000227e+02 7.455469377020796740e-05
5.867999999999999545e+02 8.425996626710230907e-05
5.870000000000000000e+02 9.175018066814443363e-05
5.872000000000000455e+02 9.622718690261862474e-05
5.873999999999999773e+02 9.707558760013281830e-05
5.876000000000000227e+02 9.425491125557465609e-05
5.877999999999999545e+02 8.854871476067780248e-05
5.880000000000000000e+02 8.042569594318607195e-05
5.882000000000000455e+02 6.997866552815205172e-05
5.883999999999999773e+02 5.733794617299655685e-05
5.886000000000000227e+02 4.385464820440971423e-05
5.887999999999999545e+02 3.180263602383219816e-05
5.890000000000000000e+02 2.360980784889544191e-05
5.892000000000000455e+02 1.966277888911324321e-05
5.893999999999999773e+02 1.922030689664234833e-05
5.896000000000000227e+02 2.133835256743254257e-05
5.897999999999999545e+02 2.597644578173899640e-05
5.900000000000000000e+02 3.309192617826237841e-05
5.902000000000000455e+02 4.236614979846165370e-05
5.903999999999999773e+02 5.347499347003219558e-05
5.906000000000000227e+02 6.618906196144527842e-05
5.907999999999999545e+02 7.990845621513546087e-05
5.910000000000000000e+02 9.298689990865407204e-05
5.912000000000000455e+02 1.042135739959834613e-04
5.913999999999999773e+02 1.140340443976715874e-04
5.916000000000000227e+02 1.251595042705694598e-04
5.917999999999999545e+02 1.391983052608160732e-04
5.920000000000000000e+02 1.560113037549457104e-04
5.922000000000000455e+02 1.738765692797325394e-04
5.923999999999999773e+02 1.913812055167673847e-04
5.926000000000000227e+02 2.073722263673403380e-04
5.927999999999999545e+02 2.210665226181850705e-04
5.930000000000000000e+02 2.325553296756785330e-04
5.932000000000000455e+02 2.419411815349568732e-04
5.933999999999999773e+02 2.491553823935763125e-04
5.936000000000000227e+02 2.540656052844633261e-04
5.937999999999999545e+02 2.562703824628188051e-04
5.940000000000000000e+02 2.553619952248770749e-04
5.942000000000000455e+02 2.513294732853416959e-04
5.943999999999999773e+02 2.448035742750769624e-04
5.946000000000000227e+02 2.362354609455190086e-04
5.947999999999999545e+02 2.254846524916157490e-04
5.950000000000000000e+02 2.130007811099718699e-04
5.952000000000000455e+02 1.996801714686755611e-04
5.953999999999999773e+02 1.865361199408978755e-04
5.956000000000000227e+02 1.740413550056534779e-04
5.957999999999999545e+02 1.629309617276290801e-04
5.960000000000000000e+02 1.545864632946811700e-04
5.962000000000000455e+02 1.512658506002913022e-04
5.963999999999999773e+02 1.556566039748860295e-04
5.966000000000000227e+02 1.703402565495389358e-04
5.967999999999999545e+02 1.970525853694847604e-04
5.970000000000000000e+02 2.356548686238470755e-04
5.972000000000000455e+02 2.842009766485511179e-04
5.973999999999999773e+02 3.392899560754729111e-04
5.976000000000000227e+02 3.977046547213828752e-04
5.977999999999999545e+02 4.578486867227801065e-04
5.980000000000000000e+02 5.195980089281359215e-04
5.982000000000000455e+02 5.810928383084787993e-04
5.983999999999999773e+02 6.401265498142197363e-04
5.986000000000000227e+02 6.950146682911631686e-04
5.987999999999999545e+02 7.452536229462470782e-04
5.990000000000000000e+02 7.906356159115572515e-04
5.992000000000000455e+02 8.309289939526208219e-04
5.993999999999999773e+02 8.657586572767948406e-04
5.996000000000000227e+02 8.948805933196058186e-04
5.997999999999999545e+02 9.185754186462505126e-04
6.000000000000000000e+02 9.377423859062586440e-04
6.002000000000000455e+02 9.522048979984722465e-04
6.003999999999999773e+02 9.615649355353340271e-04
6.006000000000000227e+02 9.659378153675690810e-04
6.007999999999999545e+02 9.662725614241648693e-04
6.010000000000000000e+02 9.637771226713433238e-04
6.012000000000000455e+02 9.596959208484146572e-04
6.013999999999999773e+02 9.553395127694049895e-04
6.016000000000000227e+02 9.518136192612408402e-04
6.017999999999999545e+02 9.497328381697288336e-04
6.020000000000000000e+02 9.488975792427044526e-04
6.022000000000000455e+02 9.491823974646031344e-04
6.023999999999999773e+02 9.510217822666274792e-04
6.026000000000000227e+02 9.556757080657921023e-04
6.027999999999999545e+02 9.642783575912432367e-04
6.030000000000000000e+02 9.776767506466564010e-04
6.032000000000000455e+02 9.963494128686668783e-04
6.033999999999999773e+02 1.020274820551008701e-03
6.036000000000000227e+02 1.049646899080567373e-03
6.037999999999999545e+02 1.085081446501906738e-03
6.040000000000000000e+02 1.127267289135566557e-03
6.042000000000000455e+02 1.177655355130383542e-03
6.043999999999999773e+02 1.237916593777914787e-03
6.046000000000000227e+02 1.308492688109504348e-03
6.047999999999999545e+02 1.389045075165986059e-03
6.050000000000000000e+02 1.478094407962262605e-03
6.052000000000000455e+02 1.572652874915503015e-03
6.053999999999999773e+02 1.670668960796971867e-03
6.056000000000000227e+02 1.770064595342684885e-03
6.057999999999999545e+02 1.868108186943487434e-03
6.060000000000000000e+02 1.963516602422135833e-03
6.062000000000000455e+02 2.055905738187225988e-03
6.063999999999999773e+02 2.145202012549827630e-03
6.066000000000000227e+02 2.230923347530520094e-03
6.067999999999999545e+02 2.313844231215640614e-03
6.070000000000000000e+02 2.395666329279436905e-03
6.072000000000000455e+02 2.477101312475186133e-03
6.073999999999999773e+02 2.558985145176825588e-03
6.076000000000000227e+02 2.641955221885997507e-03
6.077999999999999545e+02 2.725778870029740408e-03
6.080000000000000000e+02 2.811033344097302843e-03
6.082000000000000455e+02 2.898016272768494210e-03
6.083999999999999773e+02 2.985859307132854301e-03
6.086000000000000227e+02 3.074614905543755685e-03
6.087999999999999545e+02 3.164385504079954888e-03
6.090000000000000000e+02 3.255172690730133000e-03
6.092000000000000455e+02 3.348574635593339240e-03
6.093999999999999773e+02 3.445190479526431034e-03
6.096000000000000227e+02 3.544179570951874053e-03
6.097999999999999545e+02 3.644687829124932527e-03
6.100000000000000000e+02 3.745395787000859334e-03
6.102000000000000455e+02 3.844062584328295038e-03
6.103999999999999773e+02 3.937272694737682655e-03
6.106000000000000227e+02 4.023700886699451557e-03
6.107999999999999545e+02 4.103708925999290449e-03
6.110000000000000000e+02 4.178569542055860300e-03
6.112000000000000455e+02 4.250888699947569932e-03
6.113999999999999773e+02 4.323459683551290206e-03
6.116000000000000227e+02 4.398745147517454761e-03
6.117999999999999545e+02 4.479898818404331670e-03
6.120000000000000000e+02 4.568882823680186361e-03
6.122000000000000455e+02 4.666392474332187353e-03
6.123999999999999773e+02 4.773942638710376891e-03
6.126000000000000227e+02 4.891979517606843963e-03
6.127999999999999545e+02 5.020567891590471676e-03
6.130000000000000000e+02 5.161408573970770360e-03
6.132000000000000455e+02 5.315148969406941447e-03
6.133999999999999773e+02 5.481760868404395720e-03
6.136000000000000227e+02 5.661421729374518062e-03
6.137999999999999545e+02 5.853633067368396031e-03
6.140000000000000000e+02 6.056634203237667990e-03
6.142000000000000455e+02 6.267853891789728314e-03
6.143999999999999773e+02 6.487949363002928731e-03
6.146000000000000227e+02 6.716309533763440733e-03
6.147999999999999545e+02 6.950210771331992270e-03
6.150000000000000000e+02 7.189491994577266142e-03
6.152000000000000455e+02 7.433012760635926766e-03
6.153999999999999773e+02 7.679133895898518011e-03
6.156000000000000227e+02 7.928792203645371878e-03
6.157999999999999545e+02 8.180563180904454681e-03
6.160000000000000000e+02 8.432546674311003701e-03
6.162000000000000455e+02 8.685666945458667826e-03
6.163999999999999773e+02 8.938896860518859289e-03
6.166000000000000227e+02 9.191204346121464516e-03
6.167999999999999545e+02 9.443390148210901308e-03
6.170000000000000000e+02 9.695857361721640921e-03
6.172000000000000455e+02 9.947913891428563846e-03
6.173999999999999773e+02 1.019895787044711004e-02
6.176000000000000227e+02 1.045345383069293949e-02
6.177999999999999545e+02 1.071466829080852147e-02
6.180000000000000000e+02 1.098410166213468868e-02
6.182000000000000455e+02 1.126524197121242347e-02
6.183999999999999773e+02 1.155836681521214306e-02
6.186000000000000227e+02 1.186219742212565528e-02
6.187999999999999545e+02 1.217762981236831035e-02
6.190000000000000000e+02 1.250259845585903647e-02
6.192000000000000455e+02 1.283543723743665529e-02
6.193999999999999773e+02 1.317768712443511542e-02
6.196000000000000227e+02 1.352669152007717618e-02
6.197999999999999545e+02 1.388094110229300994e-02
6.200000000000000000e+02 1.424203858680000989e-02
6.202000000000000455e+02 1.460743294858274886e-02
6.203999999999999773e+02 1.497512265221007458e-02
6.206000000000000227e+02 1.534510975401300915e-02
6.207999999999999545e+02 1.571759450576432418e-02
6.210000000000000000e+02 1.609037317235281414e-02
6.212000000000000455e+02 1.646134294745475388e-02
6.213999999999999773e+02 1.683322183099444924e-02
6.216000000000000227e+02 1.720609520705171369e-02
6.217999999999999545e+02 1.758074294818112726e-02
6.220000000000000000e+02 1.796248966285402329e-02
6.222000000000000455e+02 1.835225616515221911e-02
6.223999999999999773e+02 1.875128668316435390e-02
6.226000000000000227e+02 1.916367129415478057e-02
6.227999999999999545e+02 1.958953332569286776e-02
6.230000000000000000e+02 2.003081278285227806e-02
6.232000000000000455e+02 2.049077134096496944e-02
6.233999999999999773e+02 2.096463633908803026e-02
6.236000000000000227e+02 2.145111921324390630e-02
6.237999999999999545e+02 2.195184256010571100e-02
6.240000000000000000e+02 2.246409145314877745e-02
6.242000000000000455e+02 2.298734522099021155e-02
6.243999999999999773e+02 2.352345408659353362e-02
6.246000000000000227e+02 2.407472121660977210e-02
6.247999999999999545e+02 2.463921822713380227e-02
6.250000000000000000e+02 2.521628305169014775e-02
6.252000000000000455e+02 2.580920802236484624e-02
6.253999999999999773e+02 2.641427735734944507e-02
6.256000000000000227e+02 2.702991018057685282e-02
6.257999999999999545e+02 2.765817304910837826e-02
6.260000000000000000e+02 2.829302516558323752e-02
6.262000000000000455e+02 2.893284863480797761e-02
6.263999999999999773e+02 2.957978329493656661e-02
6.266000000000000227e+02 3.022974416340759238e-02
6.267999999999999545e+02 3.088475026178717775e-02
6.270000000000000000e+02 3.154806907844129316e-02
6.272000000000000455e+02 3.221526305622549047e-02
6.273999999999999773e+02 3.288857420654873326e-02
6.276000000000000227e+02 3.357046666464860024e-02
6.277999999999999545e+02 3.425779514889382149e-02
6.280000000000000000e+02 3.495237464529513116e-02
6.282000000000000455e+02 3.565839690467835499e-02
6.283999999999999773e+02 3.637895477282215850e-02
6.286000000000000227e+02 3.711101072760930597e-02
6.287999999999999545e+02 3.785575270728940706e-02
6.290000000000000000e+02 3.861782757244720810e-02
6.292000000000000455e+02 3.939451257689895181e-02
6.293999999999999773e+02 4.018944490102122069e-02
6.296000000000000227e+02 4.100746636147876295e-02
6.297999999999999545e+02 4.184275659610414005e-02
6.300000000000000000e+02 4.269691949942794329e-02
6.302000000000000455e+02 4.357105624467526306e-02
6.303999999999999773e+02 4.445751948052102664e-02
6.306000000000000227e+02 4.535856585322589618e-02
6.307999999999999545e+02 4.627519759669013882e-02
6.310000000000000000e+02 4.720186713131666739e-02
6.312000000000000455e+02 4.814054222716544762e-02
6.313999999999999773e+02 4.909610184898467733e-02
6.316000000000000227e+02 5.007176320965301547e-02
6.317999999999999545e+02 5.106367157131783130e-02
6.320000000000000000e+02 5.207545813761843556e-02
6.322000000000000455e+02 5.311301007976289984e-02
6.323999999999999773e+02 5.416975894418873949e-02
6.326000000000000227e+02 5.524917640591388984e-02
6.327999999999999545e+02 5.635563232809772533e-02
6.330000000000000000e+02 5.748224259743172498e-02
6.332000000000000455e+02 5.863415004851733198e-02
6.333999999999999773e+02 5.981379170329011868e-02
6.336000000000000227e+02 6.101283426294110829e-02
6.337999999999999545e+02 6.223585620922127831e-02
6.340000000000000000e+02 6.348180605511881403e-02
6.342000000000000455e+02 6.474191239411812571e-02
6.343999999999999773e+02 6.602271699870208843e-02
6.346000000000000227e+02 6.732395331255451587e-02
6.347999999999999545e+02 6.863931042068287247e-02
6.350000000000000000e+02 6.997199886841252991e-02
6.352000000000000455e+02 7.132754404448116148e-02
6.353999999999999773e+02 7.270719456415679349e-02
6.356000000000000227e+02 7.410394282095789098e-02
6.357999999999999545e+02 7.552463478104153027e-02
6.360000000000000000e+02 7.697405208565163970e-02
6.362000000000000455e+02 7.844436156317241560e-02
6.363999999999999773e+02 7.994378091888833249e-02
6.366000000000000227e+02 8.147397867421508899e-02
6.367999999999999545e+02 8.302527011211675856e-02
6.370000000000000000e+02 8.460689693251138843e-02
6.372000000000000455e+02 8.621805583018410379e-02
6.373999999999999773e+02 8.784986961412517836e-02
6.376000000000000227e+02 8.951222977344011622e-02
6.377999999999999545e+02 9.120125167043978409e-02
6.380000000000000000e+02 9.290920170495164943e-02
6.382000000000000455e+02 9.464675479652917556e-02
6.383999999999999773e+02 9.640979694398942035e-02
6.386000000000000227e+02 9.819157627383472142e-02
6.387999999999999545e+02 9.999729387115524615e-02
6.390000000000000000e+02 1.018332021008883925e-01
6.392000000000000455e+02 1.036968197644915490e-01
6.393999999999999773e+02 1.055789939931538191e-01
6.396000000000000227e+02 1.074926315102807117e-01
6.397999999999999545e+02 1.094398683532775557e-01
6.400000000000000000e+02 1.114121517670665362e-01
6.402000000000000455e+02 1.134237387943897307e-01
6.403999999999999773e+02 1.154725704533763747e-01
6.406000000000000227e+02 1.175494527997844180e-01
6.407999999999999545e+02 1.196666287730212969e-01
6.410000000000000000e+02 1.218154551272607883e-01
6.412000000000000455e+02 1.239869851534048939e-01
6.413999999999999773e+02 1.261951782000983735e-01
6.416000000000000227e+02 1.284313472586820493e-01
6.417999999999999545e+02 1.306920298821497017e-01
6.420000000000000000e+02 1.329920944413713335e-01
6.422000000000000455e+02 1.353219351998043440e-01
6.423999999999999773e+02 1.376767376596977621e-01
6.426000000000000227e+02 1.400660304309724880e-01
6.427999999999999545e+02 1.424985308327671174e-01
6.430000000000000000e+02 1.449671642052166864e-01
6.432000000000000455e+02 1.474623799494806931e-01
6.433999999999999773e+02 1.500008282160993356e-01
6.436000000000000227e+02 1.525748998874091322e-01
6.437999999999999545e+02 1.551741695240130559e-01
6.440000000000000000e+02 1.578162091651370003e-01
6.442000000000000455e+02 1.604916983001047626e-01
6.443999999999999773e+02 1.631967682480605364e-01
6.446000000000000227e+02 1.659525341896355699e-01
6.447999999999999545e+02 1.687486704766639201e-01
6.450000000000000000e+02 1.715852000783080478e-01
6.452000000000000455e+02 1.744800465623277119e-01
6.453999999999999773e+02 1.774184444044055731e-01
6.456000000000000227e+02 1.803937886650432143e-01
6.457999999999999545e+02 1.834151192671882591e-01
6.460000000000000000e+02 1.864913727719829661e-01
6.462000000000000455e+02 1.896105545804203096e-01
6.463999999999999773e+02 1.927621698349991364e-01
6.466000000000000227e+02 1.959667992519503743e-01
6.467999999999999545e+02 1.992125252786871581e-01
6.470000000000000000e+02 2.024907715203657366e-01
6.472000000000000455e+02 2.058238684438640220e-01
6.473999999999999773e+02 2.091954953184081700e-01
6.476000000000000227e+02 2.126005250654237344e-01
6.477999999999999545e+02 2.160588748137316495e-01
6.480000000000000000e+02 2.195493138188345239e-01
6.482000000000000455e+02 2.230706675815442019e-01
6.483999999999999773e+02 2.266394302403756389e-01
6.486000000000000227e+02 2.302307645872155306e-01
6.487999999999999545e+02 2.338496651382509506e-01
6.490000000000000000e+02 2.375128341787342279e-01
6.492000000000000455e+02 2.411992067885970759e-01
6.493999999999999773e+02 2.449072621329738686e-01
6.496000000000000227e+02 2.486493349222607119e-01
6.497999999999999545e+02 2.524330472595413544e-01
6.500000000000000000e+02 2.562370929301415745e-01
6.502000000000000455e+02 2.600556228695340977e-01
6.503999999999999773e+02 2.639109413418118666e-01
6.506000000000000227e+02 2.677809732130178033e-01
6.507999999999999545e+02 2.716656762369521472e-01
6.510000000000000000e+02 2.755898518768855610e-01
6.512000000000000455e+02 2.795335023176880318e-01
6.513999999999999773e+02 2.835052835607143606e-01
6.516000000000000227e+02 2.875255953192867864e-01
6.517999999999999545e+02 2.915681891654844926e-01
6.520000000000000000e+02 2.956458233706170668e-01
6.522000000000000455e+02 2.997745503522644683e-01
6.523999999999999773e+02 3.039277883635332356e-01
6.526000000000000227e+02 3.081219320942094053e-01
6.527999999999999545e+02 3.123667681235755000e-01
6.530000000000000000e+02 3.166354938963631405e-01
6.532000000000000455e+02 3.209292044722004689e-01
6.533999999999999773e+02 3.252601927356799649e-01
6.536000000000000227e+02 3.296332327452484723e-01
6.537999999999999545e+02 3.340221456893506802e-01
6.540000000000000000e+02 3.384322327047273871e-01
6.542000000000000455e+02 3.428831749837071841e-01
6.543999999999999773e+02 3.473435271927934331e-01
6.546000000000000227e+02 3.518207906040990984e-01
6.547999999999999545e+02 3.563296931086552544e-01
6.550000000000000000e+02 3.608397456097865996e-01
6.552000000000000455e+02 3.653702445225230355e-01
6.553999999999999773e+02 3.699360092854707127e-01
6.556000000000000227e+02 3.745102182118090206e-01
6.557999999999999545e+02 3.791187806685570316e-01
6.560000000000000000e+02 3.837685596051594872e-01
6.562000000000000455e+02 3.884312502741285589e-01
6.563999999999999773e+02 3.931320762496235965e-01
6.566000000000000227e+02 3.978709841453053064e-01
6.567999999999999545e+02 4.026221921233056333e-01
6.570000000000000000e+02 4.073958408592296965e-01
6.572000000000000455e+02 4.122096441264425648e-01
6.573999999999999773e+02 4.170653391533652443e-01
6.576000000000000227e+02 4.219325522807030326e-01
6.577999999999999545e+02 4.268268553918342367e-01
6.580000000000000000e+02 4.317597248566746315e-01
6.582000000000000455e+02 4.366976393955654956e-01
6.583999999999999773e+02 4.416616011927743668e-01
6.586000000000000227e+02 4.466548243879729929e-01
6.587999999999999545e+02 4.516399167232014733e-01
6.590000000000000000e+02 4.566409563205559574e-01
6.592000000000000455e+02 4.616554966249253322e-01
6.593999999999999773e+02 4.666530072226234283e-01
6.596000000000000227e+02 4.716587001140367663e-01
6.597999999999999545e+02 4.766637481296817636e-01
6.600000000000000000e+02 4.816402599324106637e-01
6.602000000000000455e+02 4.866011734188938620e-01
6.603999999999999773e+02 4.915670537623623160e-01
6.606000000000000227e+02 4.965398791161303449e-01
6.607999999999999545e+02 5.014928157980413914e-01
6.610000000000000000e+02 5.064494094901894616e-01
6.612000000000000455e+02 5.114196581493078986e-01
6.613999999999999773e+02 5.163732802149059165e-01
6.616000000000000227e+02 5.213390746196659986e-01
6.617999999999999545e+02 5.263212244920614236e-01
6.620000000000000000e+02 5.312923003970091429e-01
6.622000000000000455e+02 5.362833401660774824e-01
6.623999999999999773e+02 5.412885738913724154e-01
6.626000000000000227e+02 5.462826820892990876e-01
6.627999999999999545e+02 5.512963784209008455e-01
6.630000000000000000e+02 5.563136951747187364e-01
6.632000000000000455e+02 5.613131230488384027e-01
6.633999999999999773e+02 5.663267083978099636e-01
6.636000000000000227e+02 5.713395183556755352e-01
6.637999999999999545e+02 5.763318129650167876e-01
6.640000000000000000e+02 5.813154837895384563e-01
6.642000000000000455e+02 5.863050975862972303e-01
6.643999999999999773e+02 5.912903968146907552e-01
6.646000000000000227e+02 5.962459589958351014e-01
6.647999999999999545e+02 6.011998457094517301e-01
6.650000000000000000e+02 6.061472460529883088e-01
6.652000000000000455e+02 6.110625459720643304e-01
6.653999999999999773e+02 6.159780353701680422e-01
6.656000000000000227e+02 6.208838135477467990e-01
6.657999999999999545e+02 6.257609699954502780e-01
6.660000000000000000e+02 6.306433200489267588e-01
6.662000000000000455e+02 6.355126997468578676e-01
6.663999999999999773e+02 6.403553006600229969e-01
6.666000000000000227e+02 6.452048481887633358e-01
6.667999999999999545e+02 6.500396135691933752e-01
6.670000000000000000e+02 6.548531955126415394e-01
6.672000000000000455e+02 6.596750091836580676e-01
6.673999999999999773e+02 6.644831792215866173e-01
6.676000000000000227e+02 6.692680730710619530e-01
6.677999999999999545e+02 6.740460437674111738e-01
6.680000000000000000e+02 6.788312429181523333e-01
6.682000000000000455e+02 6.836063772768000701e-01
6.683999999999999773e+02 6.883540896525277564e-01
6.686000000000000227e+02 6.931050600879418155e-01
6.687999999999999545e+02 6.978410124681423410e-01
6.690000000000000000e+02 7.025430323423128565e-01
6.692000000000000455e+02 7.072385968876705453e-01
6.693999999999999773e+02 7.119036407835138691e-01
6.696000000000000227e+02 7.165273414486860171e-01
6.697999999999999545e+02 7.211366410921006276e-01
6.700000000000000000e+02 7.257034081912909773e-01
6.702000000000000455e+02 7.302248425992295955e-01
6.703999999999999773e+02 7.347268763380945256e-01
6.706000000000000227e+02 7.391832756202693089e-01
6.707999999999999545e+02 7.435997455716204518e-01
6.710000000000000000e+02 7.479977531844426153e-01
6.712000000000000455e+02 7.523529382611148231e-01
6.713999999999999773e+02 7.566634783729248026e-01
6.716000000000000227e+02 7.609448387538452208e-01
6.717999999999999545e+02 7.652073525117815134e-01
6.720000000000000000e+02 7.694325807428489261e-01
6.722000000000000455e+02 7.736164154249250968e-01
6.723999999999999773e+02 7.777848634770134773e-01
6.726000000000000227e+02 7.819157131474007150e-01
6.727999999999999545e+02 7.860064894806148006e-01
6.730000000000000000e+02 7.900817639089725564e-01
6.732000000000000455e+02 7.941153651938843705e-01
6.733999999999999773e+02 7.981103754598238842e-01
6.736000000000000227e+02 8.020883177907288664e-01
6.737999999999999545e+02 8.060255094425536893e-01
6.740000000000000000e+02 8.099319328971534837e-01
6.742000000000000455e+02 8.138214941543974179e-01
6.743999999999999773e+02 8.176654981867528260e-01
6.746000000000000227e+02 8.214783707680126668e-01
6.747999999999999545e+02 8.252721252233269356e-01
6.750000000000000000e+02 8.290224708353899352e-01
6.752000000000000455e+02 8.327318165848728304e-01
6.753999999999999773e+02 8.364139348154721043e-01
6.756000000000000227e+02 8.400761651498760418e-01
6.757999999999999545e+02 8.436974337803709867e-01
6.760000000000000000e+02 8.472800868100519578e-01
6.762000000000000455e+02 8.508398928330088706e-01
6.763999999999999773e+02 8.543494822976204217e-01
6.766000000000000227e+02 8.578124582843792423e-01
6.767999999999999545e+02 8.612423091937746467e-01
6.770000000000000000e+02 8.646167109008492391e-01
6.772000000000000455e+02 8.679501807975562588e-01
6.773999999999999773e+02 8.712564576504976399e-01
6.776000000000000227e+02 8.745154743829989252e-01
6.777999999999999545e+02 8.777392598620921138e-01
6.780000000000000000e+02 8.809312128239262796e-01
6.782000000000000455e+02 8.840708702647905870e-01
6.783999999999999773e+02 8.871623439094999952e-01
6.786000000000000227e+02 8.902158500823231790e-01
6.787999999999999545e+02 8.932328779088880566e-01
6.790000000000000000e+02 8.961924209582075029e-01
6.792000000000000455e+02 8.990987727110218986e-01
6.793999999999999773e+02 9.019657227225238438e-01
6.796000000000000227e+02 9.047775671692457333e-01
6.797999999999999545e+02 9.075469481419600193e-01
6.800000000000000000e+02 9.102884532118394878e-01
6.802000000000000455e+02 9.129897632117673911e-01
6.803999999999999773e+02 9.156678005660335851e-01
6.806000000000000227e+02 9.183328300199865568e-01
6.807999999999999545e+02 9.209716972744157459e-01
6.810000000000000000e+02 9.235964315376972156e-01
6.812000000000000455e+02 9.262031036629763125e-01
6.813999999999999773e+02 9.287706124319583534e-01
6.816000000000000227e+02 9.313091419971727403e-01
6.817999999999999545e+02 9.338127643726180649e-01
6.820000000000000000e+02 9.362634922514336822e-01
6.822000000000000455e+02 9.386623049538402874e-01
6.823999999999999773e+02 9.410116507036482281e-01
6.826000000000000227e+02 9.433060788057319179e-01
6.827999999999999545e+02 9.455291596819968003e-01
6.830000000000000000e+02 9.476842602005337568e-01
6.832000000000000455e+02 9.497695100257831369e-01
6.833999999999999773e+02 9.517655032281518990e-01
6.836000000000000227e+02 9.536813480592344350e-01
6.837999999999999545e+02 9.555218478834694995e-01
6.840000000000000000e+02 9.572810808252402159e-01
6.842000000000000455e+02 9.589770218310230687e-01
6.843999999999999773e+02 9.606174290037456931e-01
6.846000000000000227e+02 9.622032522268094690e-01
6.847999999999999545e+02 9.637561002603483029e-01
6.850000000000000000e+02 9.652807849749726055e-01
6.852000000000000455e+02 9.667748310332191508e-01
6.853999999999999773e+02 9.682480394942944990e-01
6.856000000000000227e+02 9.696954960302438531e-01
6.857999999999999545e+02 9.711095866565785384e-01
6.860000000000000000e+02 9.724914194977739568e-01
6.862000000000000455e+02 9.738401443222129972e-01
6.863999999999999773e+02 9.751480519121697998e-01
6.866000000000000227e+02 9.764043946200052781e-01
6.867999999999999545e+02 9.776162332024392887e-01
6.870000000000000000e+02 9.787842155616157669e-01
6.872000000000000455e+02 9.799024466414875123e-01
6.873999999999999773e+02 9.809780431247436816e-01
6.876000000000000227e+02 9.820111079526071540e-01
6.877999999999999545e+02 9.830009892212712153e-01
6.880000000000000000e+02 9.839605014500059088e-01
6.882000000000000455e+02 9.848918783465462345e-01
6.883999999999999773e+02 9.857944249313594920e-01
6.886000000000000227e+02 9.866731104196475588e-01
6.887999999999999545e+02 9.875247285965232935e-01
6.890000000000000000e+02 9.883503235288739752e-01
6.892000000000000455e+02 9.891615692506755542e-01
6.893999999999999773e+02 9.899707484411880420e-01
6.896000000000000227e+02 9.907815892012565850e-01
6.897999999999999545e+02 9.915904831110214923e-01
6.900000000000000000e+02 9.923981475208900616e-01
6.902000000000000455e+02 9.931978126855359745e-01
6.903999999999999773e+02 9.939796989717016862e-01
6.906000000000000227e+02 9.947424557717454707e-01
6.907999999999999545e+02 9.954759373896886476e-01
6.910000000000000000e+02 9.961685496242332905e-01
6.912000000000000455e+02 9.968167265883922656e-01
6.913999999999999773e+02 9.974120065268100577e-01
6.916000000000000227e+02 9.979479416518809431e-01
6.917999999999999545e+02 9.984240791474517929e-01
6.920000000000000000e+02 9.988367958678080472e-01
6.922000000000000455e+02 9.991847064794202593e-01
6.923999999999999773e+02 9.994696122724597842e-01
6.926000000000000227e+02 9.996912051478716865e-01
6.927999999999999545e+02 9.998506022381011826e-01
6.930000000000000000e+02 9.999512133005060699e-01
6.932000000000000455e+02 9.999984283034833998e-01
6.933999999999999773e+02 1.000000000000000000e+00
6.936000000000000227e+02 9.999631448238823772e-01
6.937999999999999545e+02 9.998912983381029740e-01
6.940000000000000000e+02 9.997879595658757390e-01
6.942000000000000455e+02 9.996567079413017920e-01
6.943999999999999773e+02 9.995011367095957278e-01
6.946000000000000227e+02 9.993263719111530330e-01
6.947999999999999545e+02 9.991329386819022274e-01
6.950000000000000000e+02 9.989156464126637269e-01
6.952000000000000455e+02 9.986709213305148269e-01
6.953999999999999773e+02 9.983963898761522016e-01
6.956000000000000227e+02 9.980917388534761292e-01
6.957999999999999545e+02 9.977608883897879366e-01
6.960000000000000000e+02 9.974062705970215825e-01
6.962000000000000455e+02 9.970288344407443049e-01
6.963999999999999773e+02 9.966307202128672493e-01
6.966000000000000227e+02 9.962225201244956363e-01
6.967999999999999545e+02 9.958104296445240422e-01
6.970000000000000000e+02 9.953867888635721251e-01
6.972000000000000455e+02 9.949498182252303202e-01
6.973999999999999773e+02 9.945004787706334115e-01
6.976000000000000227e+02 9.940388323093251044e-01
6.977999999999999545e+02 9.935642311375080249e-01
6.980000000000000000e+02 9.930757842342420316e-01
6.982000000000000455e+02 9.925726217817568697e-01
6.983999999999999773e+02 9.920537053806587346e-01
6.986000000000000227e+02 9.915172741807186663e-01
6.987999999999999545e+02 9.909609037220097338e-01
6.990000000000000000e+02 9.903844123189269322e-01
6.992000000000000455e+02 9.897856839946899132e-01
6.993999999999999773e+02 9.891593276128411993e-01
6.996000000000000227e+02 9.885064611237841525e-01
6.997999999999999545e+02 9.878326644599146888e-01
7.000000000000000000e+02 9.871460374964466933e-01
7.002000000000000455e+02 9.864540926673828203e-01
7.003999999999999773e+02 9.857625197644629411e-01
7.006000000000000227e+02 9.850751727085462761e-01
7.007999999999999545e+02 9.843977767214582286e-01
7.010000000000000000e+02 9.837352982940402724e-01
7.012000000000000455e+02 9.830899811253532850e-01
7.013999999999999773e+02 9.824604063027769785e-01
7.016000000000000227e+02 9.818452234473428186e-01
7.017999999999999545e+02 9.812448861317074611e-01
7.020000000000000000e+02 9.806599925639415405e-01
7.022000000000000455e+02 9.800902964849049770e-01
7.023999999999999773e+02 9.795342670491845594e-01
7.026000000000000227e+02 9.789894496393771739e-01
7.027999999999999545e+02 9.784528853362329803e-01
7.030000000000000000e+02 9.779221129822609493e-01
7.032000000000000455e+02 9.773986238800316251e-01
7.033999999999999773e+02 9.768807456462933470e-01
7.036000000000000227e+02 9.763617085608491397e-01
7.037999999999999545e+02 9.758367017728871717e-01
7.040000000000000000e+02 9.753025741548746463e-01
7.042000000000000455e+02 9.747571593184998218e-01
7.043999999999999773e+02 9.741976388984265878e-01
7.046000000000000227e+02 9.736220603846972299e-01
7.047999999999999545e+02 9.730297860435298540e-01
7.050000000000000000e+02 9.724203989719715224e-01
7.052000000000000455e+02 9.717931484373264484e-01
7.053999999999999773e+02 9.711471207241677561e-01
7.056000000000000227e+02 9.704825144717210694e-01
7.057999999999999545e+02 9.697968890579441448e-01
7.060000000000000000e+02 9.690844851672616445e-01
7.062000000000000455e+02 9.683395010486282040e-01
7.063999999999999773e+02 9.675589501487060762e-01
7.066000000000000227e+02 9.667428653322847065e-01
7.067999999999999545e+02 9.658912782590766133e-01
7.070000000000000000e+02 9.650022421540502826e-01
7.072000000000000455e+02 9.640733256481629487e-01
7.073999999999999773e+02 9.631083606986340362e-01
7.076000000000000227e+02 9.621071891666741482e-01
7.077999999999999545e+02 9.610652506295705999e-01
7.080000000000000000e+02 9.599833287081972477e-01
7.082000000000000455e+02 9.588645407019965594e-01
7.083999999999999773e+02 9.577124743644770399e-01
7.086000000000000227e+02 9.565288862724969920e-01
7.087999999999999545e+02 9.553133590647954199e-01
7.090000000000000000e+02 9.540643844427169062e-01
7.092000000000000455e+02 9.527826445319393933e-01
7.093999999999999773e+02 9.514706804484096558e-01
7.096000000000000227e+02 9.501326244584336056e-01
7.097999999999999545e+02 9.487738078730609814e-01
7.100000000000000000e+02 9.473985134082885118e-01
7.102000000000000455e+02 9.460097539736948002e-01
7.103999999999999773e+02 9.446102640458621247e-01
7.106000000000000227e+02 9.432022499218462031e-01
7.107999999999999545e+02 9.417884604825370598e-01
7.110000000000000000e+02 9.403746930109756486e-01
7.112000000000000455e+02 9.389623932150426011e-01
7.113999999999999773e+02 9.375499496623749263e-01
7.116000000000000227e+02 9.361396800284383923e-01
7.117999999999999545e+02 9.347282111626533663e-01
7.120000000000000000e+02 9.333082702862979252e-01
7.122000000000000455e+02 9.318773594564609963e-01
7.123999999999999773e+02 9.304303085484704194e-01
7.126000000000000227e+02 9.289593286180782838e-01
7.127999999999999545e+02 9.274578545692070408e-01
7.130000000000000000e+02 9.259212808644315951e-01
7.132000000000000455e+02 9.243464831564677242e-01
7.133999999999999773e+02 9.227307904423134310e-01
7.136000000000000227e+02 9.210725874044242145e-01
7.137999999999999545e+02 9.193714913883991313e-01
7.140000000000000000e+02 9.176283772480339218e-01
7.142000000000000455e+02 9.158423426272179757e-01
7.143999999999999773e+02 9.140104287045632825e-01
7.146000000000000227e+02 9.121286285116498860e-01
7.147999999999999545e+02 9.101997700213859677e-01
7.150000000000000000e+02 9.082305283427367648e-01
7.152000000000000455e+02 9.062249218685852759e-01
7.153999999999999773e+02 9.041987531805211198e-01
7.156000000000000227e+02 9.021707350053237429e-01
7.157999999999999545e+02 9.001444564432853346e-01
7.160000000000000000e+02 8.981256891492818140e-01
7.162000000000000455e+02 8.961227132449286481e-01
7.163999999999999773e+02 8.941419976375684087e-01
7.166000000000000227e+02 8.921899712502591173e-01
7.167999999999999545e+02 8.902706446379540228e-01
7.170000000000000000e+02 8.883812312280994217e-01
7.172000000000000455e+02 8.865142799083155500e-01
7.173999999999999773e+02 8.846608040209220647e-01
7.176000000000000227e+02 8.828140183384317607e-01
7.177999999999999545e+02 8.809696291277181457e-01
7.180000000000000000e+02 8.791246589214873897e-01
7.182000000000000455e+02 8.772758855872363482e-01
7.183999999999999773e+02 8.754188005551528651e-01
7.186000000000000227e+02 8.735483222084006183e-01
7.187999999999999545e+02 8.716599327423345533e-01
7.190000000000000000e+02 8.697503012163513292e-01
7.192000000000000455e+02 8.678180944198029545e-01
7.193999999999999773e+02 8.658640267502563104e-01
7.196000000000000227e+02 8.638798070620601344e-01
7.197999999999999545e+02 8.618586040200486575e-01
7.200000000000000000e+02 8.598079235906370688e-01
7.202000000000000455e+02 8.577306514775263624e-01
7.203999999999999773e+02 8.556305571582287772e-01
7.206000000000000227e+02 8.535202118252795955e-01
7.207999999999999545e+02 8.514068200268369857e-01
7.210000000000000000e+02 8.492927403907413186e-01
7.212000000000000455e+02 8.471777458840723529e-01
7.213999999999999773e+02 8.450617426218256512e-01
7.216000000000000227e+02 8.429448818242585295e-01
7.217999999999999545e+02 8.408271159984077592e-01
7.220000000000000000e+02 8.387064914876493082e-01
7.222000000000000455e+02 8.365785447714784162e-01
7.223999999999999773e+02 8.344360713735009538e-01
7.226000000000000227e+02 8.322732967952992666e-01
7.227999999999999545e+02 8.300880209711787305e-01
7.230000000000000000e+02 8.278834233313508983e-01
7.232000000000000455e+02 8.256658968677327293e-01
7.233999999999999773e+02 8.234395671512714232e-01
7.236000000000000227e+02 8.212036474578289225e-01
7.237999999999999545e+02 8.189690057688778779e-01
7.240000000000000000e+02 8.167438267498102755e-01
7.242000000000000455e+02 8.145226641347844687e-01
7.243999999999999773e+02 8.123081319617780904e-01
7.246000000000000227e+02 8.101048745092102044e-01
7.247999999999999545e+02 8.079136403721486337e-01
7.250000000000000000e+02 8.057349953789624264e-01
7.252000000000000455e+02 8.035688145741569643e-01
7.253999999999999773e+02 8.014137437843456002e-01
7.256000000000000227e+02 7.992687419919642933e-01
7.257999999999999545e+02 7.971320053253844184e-01
7.260000000000000000e+02 7.949998833923440644e-01
7.262000000000000455e+02 7.928664797392975805e-01
7.263999999999999773e+02 7.907264788122501109e-01
7.266000000000000227e+02 7.885770271673432363e-01
7.267999999999999545e+02 7.864165379805798661e-01
7.270000000000000000e+02 7.842427133094214131e-01
7.272000000000000455e+02 7.820516905830996457e-01
7.273999999999999773e+02 7.798407026398843644e-01
7.276000000000000227e+02 7.776092839427046766e-01
7.277999999999999545e+02 7.753588489905790526e-01
7.280000000000000000e+02 7.730861661842178822e-01
7.282000000000000455e+02 7.707995265290599196e-01
7.283999999999999773e+02 7.685231300416931477e-01
7.286000000000000227e+02 7.662615872803411055e-01
7.287999999999999545e+02 7.640136288216492488e-01
7.290000000000000000e+02 7.617804754910320053e-01
7.292000000000000455e+02 7.595628839149025646e-01
7.293999999999999773e+02 7.573618108655065795e-01
7.296000000000000227e+02 7.551787710915670582e-01
7.297999999999999545e+02 7.530151032935962219e-01
7.300000000000000000e+02 7.508709300298299638e-01
7.302000000000000455e+02 7.487444012331269105e-01
7.303999999999999773e+02 7.466311195045853832e-01
7.306000000000000227e+02 7.445271356121873074e-01
7.307999999999999545e+02 7.424298432020587368e-01
7.310000000000000000e+02 7.403351320378444012e-01
7.312000000000000455e+02 7.382370902390906764e-01
7.313999999999999773e+02 7.361291402119517491e-01
7.316000000000000227e+02 7.340092819643716515e-01
7.317999999999999545e+02 7.318732281061690603e-01
7.320000000000000000e+02 7.297148084486622110e-01
7.322000000000000455e+02 7.275407820765981137e-01
7.323999999999999773e+02 7.253507741435772926e-01
7.326000000000000227e+02 7.231340334549554161e-01
7.327999999999999545e+02 7.208925831632554404e-01
7.330000000000000000e+02 7.186335724489949506e-01
7.332000000000000455e+02 7.163654189423440677e-01
7.333999999999999773e+02 7.140963622683760281e-01
7.336000000000000227e+02 7.118332840703748277e-01
7.337999999999999545e+02 7.095812662962633910e-01
7.340000000000000000e+02 7.073435687616821399e-01
7.342000000000000455e+02 7.051187017824757097e-01
7.343999999999999773e+02 7.029012610504400405e-01
7.346000000000000227e+02 7.006888982945523869e-01
7.347999999999999545e+02 6.984819771903814090e-01
7.350000000000000000e+02 6.962821092621579444e-01
7.352000000000000455e+02 6.940881289164599899e-01
7.353999999999999773e+02 6.918991835047353378e-01
7.356000000000000227e+02 6.897150815826674775e-01
7.357999999999999545e+02 6.875339501089647865e-01
7.360000000000000000e+02 6.853549320329069827e-01
7.362000000000000455e+02 6.831778523469718145e-01
7.363999999999999773e+02 6.809999569045163126e-01
7.366000000000000227e+02 6.788280137450133367e-01
7.367999999999999545e+02 6.766739069268127293e-01
7.370000000000000000e+02 6.745318944730949173e-01
7.372000000000000455e+02 6.724010322759881308e-01
7.373999999999999773e+02 6.702880743522244833e-01
7.376000000000000227e+02 6.681968528212928193e-01
7.377999999999999545e+02 6.661293995725849904e-01
7.380000000000000000e+02 6.640876828961712608e-01
7.382000000000000455e+02 6.620767675578357325e-01
7.383999999999999773e+02 6.601004382269310966e-01
7.386000000000000227e+02 6.581586894869132509e-01
7.387999999999999545e+02 6.562444855506107677e-01
7.390000000000000000e+02 6.543487005250634425e-01
7.392000000000000455e+02 6.524611326427214308e-01
7.393999999999999773e+02 6.505696577109448819e-01
7.396000000000000227e+02 6.486610683968387914e-01
7.397999999999999545e+02 6.467227662246215480e-01
7.400000000000000000e+02 6.447460075181574712e-01
7.402000000000000455e+02 6.427227665162122960e-01
7.403999999999999773e+02 6.406509653730463327e-01
7.406000000000000227e+02 6.385467244084325200e-01
7.407999999999999545e+02 6.364186107513205570e-01
7.410000000000000000e+02 6.342690358730016520e-01
7.412000000000000455e+02 6.321081292706911547e-01
7.413999999999999773e+02 6.299424650112157575e-01
7.416000000000000227e+02 6.277760551697163516e-01
7.417999999999999545e+02 6.256167892765586158e-01
7.420000000000000000e+02 6.234725723334845204e-01
7.422000000000000455e+02 6.213490107556184361e-01
7.423999999999999773e+02 6.192467597337922847e-01
7.426000000000000227e+02 6.171665892742835835e-01
7.427999999999999545e+02 6.151108882270196476e-01
7.430000000000000000e+02 6.130842929324105128e-01
7.432000000000000455e+02 6.110888305751364102e-01
7.433999999999999773e+02 6.091231121001348114e-01
7.436000000000000227e+02 6.071822171310143901e-01
7.437999999999999545e+02 6.052594281084009431e-01
7.440000000000000000e+02 6.033462982806657715e-01
7.442000000000000455e+02 6.014324298027842186e-01
7.443999999999999773e+02 5.995113658443097515e-01
7.446000000000000227e+02 5.975775945175441084e-01
7.447999999999999545e+02 5.956216859002310127e-01
7.450000000000000000e+02 5.936453930211820218e-01
7.452000000000000455e+02 5.916537562176902298e-01
7.453999999999999773e+02 5.896416854164495680e-01
7.456000000000000227e+02 5.876119637889307690e-01
7.457999999999999545e+02 5.855732723921180938e-01
7.460000000000000000e+02 5.835340400910735692e-01
7.462000000000000455e+02 5.815017968660374237e-01
7.463999999999999773e+02 5.794817650852940316e-01
7.466000000000000227e+02 5.774747407344155148e-01
7.467999999999999545e+02 5.754775309379911441e-01
7.470000000000000000e+02 5.734856583610741243e-01
7.472000000000000455e+02 5.714965711309016871e-01
7.473999999999999773e+02 5.695105349290312535e-01
7.476000000000000227e+02 5.675288818606341046e-01
7.477999999999999545e+02 5.655519775621434819e-01
7.480000000000000000e+02 5.635797926920015355e-01
7.482000000000000455e+02 5.616129864012184836e-01
7.483999999999999773e+02 5.596532294180098788e-01
7.486000000000000227e+02 5.576951882829113138e-01
7.487999999999999545e+02 5.557353452161688523e-01
7.490000000000000000e+02 5.537806390721335958e-01
7.492000000000000455e+02 5.518264392720486633e-01
7.493999999999999773e+02 5.498656104586505666e-01
7.496000000000000227e+02 5.478995878877745973e-01
7.497999999999999545e+02 5.459303406827550331e-01
7.500000000000000000e+02 5.439590553667281725e-01
7.502000000000000455e+02 5.419856599157233390e-01
7.503999999999999773e+02 5.400080589771752981e-01
7.506000000000000227e+02 5.380238724736797762e-01
7.507999999999999545e+02 5.360323417182460970e-01
7.510000000000000000e+02 5.340358734659929052e-01
7.512000000000000455e+02 5.320376241314604959e-01
7.513999999999999773e+02 5.300391778995455772e-01
7.516000000000000227e+02 5.280399383173857153e-01
7.517999999999999545e+02 5.260382612937913871e-01
7.520000000000000000e+02 5.240324629621563313e-01
7.522000000000000455e+02 5.220216732061295772e-01
7.523999999999999773e+02 5.200052898586438044e-01
7.526000000000000227e+02 5.179828866271626309e-01
7.527999999999999545e+02 5.159566922181210158e-01
7.530000000000000000e+02 5.139253982346975169e-01
7.532000000000000455e+02 5.118815623584610508e-01
7.533999999999999773e+02 5.098299834574886447e-01
7.536000000000000227e+02 5.077753870738278552e-01
7.537999999999999545e+02 5.057141922842864901e-01
7.540000000000000000e+02 5.036484455134233595e-01
7.542000000000000455e+02 5.015823190627558548e-01
7.543999999999999773e+02 4.995192839074095170e-01
7.546000000000000227e+02 4.974639753612830062e-01
7.547999999999999545e+02 4.954191806709269952e-01
7.550000000000000000e+02 4.933839761731429463e-01
7.552000000000000455e+02 4.913564890208352853e-01
7.553999999999999773e+02 4.893357686637799242e-01
7.556000000000000227e+02 4.873225721026557822e-01
7.557999999999999545e+02 4.853174706532992766e-01
7.560000000000000000e+02 4.833201570091774646e-01
7.562000000000000455e+02 4.813292213754576387e-01
7.563999999999999773e+02 4.793431631243924573e-01
7.566000000000000227e+02 4.773621435484873832e-01
7.567999999999999545e+02 4.753871516885526116e-01
7.570000000000000000e+02 4.734106156932879617e-01
7.572000000000000455e+02 4.714305161944750133e-01
7.573999999999999773e+02 4.694547749057859654e-01
7.576000000000000227e+02 4.674806622489139363e-01
7.577999999999999545e+02 4.655063481764384337e-01
7.580000000000000000e+02 4.635356274648941843e-01
7.582000000000000455e+02 4.615680674712497877e-01
7.583999999999999773e+02 4.596022138100075982e-01
7.586000000000000227e+02 4.576373599270221471e-01
7.587999999999999545e+02 4.556730654391175639e-01
7.590000000000000000e+02 4.537097530182648275e-01
7.592000000000000455e+02 4.517491004404263211e-01
7.593999999999999773e+02 4.497940774277556231e-01
7.596000000000000227e+02 4.478452888194496828e-01
7.597999999999999545e+02 4.459003580223734331e-01
7.600000000000000000e+02 4.439586931218721388e-01
7.602000000000000455e+02 4.420205035324176190e-01
7.603999999999999773e+02 4.400860161302662110e-01
7.606000000000000227e+02 4.381545182949044270e-01
7.607999999999999545e+02 4.362263622245606820e-01
7.610000000000000000e+02 4.343035622882584490e-01
7.612000000000000455e+02 4.323884190347041523e-01
7.613999999999999773e+02 4.304772508669842956e-01
7.616000000000000227e+02 4.285631464572043914e-01
7.617999999999999545e+02 4.266549234038638505e-01
7.620000000000000000e+02 4.247583252479891214e-01
7.622000000000000455e+02 4.228716630812138777e-01
7.623999999999999773e+02 4.209964986378508800e-01
7.626000000000000227e+02 4.191316433738953018e-01
7.627999999999999545e+02 4.172725134271844660e-01
7.630000000000000000e+02 4.154166222785274365e-01
7.632000000000000455e+02 4.135582314168529394e-01
7.633999999999999773e+02 4.116937725042573715e-01
7.636000000000000227e+02 4.098432775450929766e-01
7.637999999999999545e+02 4.080043418702744562e-01
7.640000000000000000e+02 4.061513842216692427e-01
7.642000000000000455e+02 4.042812535896652681e-01
7.643999999999999773e+02 4.023926671570986491e-01
7.646000000000000227e+02 4.004804941854291922e-01
7.647999999999999545e+02 3.985446675141301465e-01
7.650000000000000000e+02 3.965879273155921703e-01
7.652000000000000455e+02 3.946147005411769215e-01
7.653999999999999773e+02 3.926304327366788582e-01
7.656000000000000227e+02 3.906399316346191308e-01
7.657999999999999545e+02 3.886468161255475784e-01
7.660000000000000000e+02 3.866553466881931800e-01
7.662000000000000455e+02 3.846699020421822102e-01
7.663999999999999773e+02 3.826945050140532212e-01
7.666000000000000227e+02 3.807323972966680792e-01
7.667999999999999545e+02 3.787872554627590982e-01
7.670000000000000000e+02 3.768638344922577432e-01
7.672000000000000455e+02 3.749653530909368704e-01
7.673999999999999773e+02 3.730943309424206711e-01
7.676000000000000227e+02 3.712533306347270412e-01
7.677999999999999545e+02 3.694438415168549983e-01
7.680000000000000000e+02 3.676647672272223000e-01
7.682000000000000455e+02 3.659109121837598733e-01
7.683999999999999773e+02 3.641781585039697289e-01
7.686000000000000227e+02 3.624647495178520140e-01
7.687999999999999545e+02 3.607721355596901214e-01
7.690000000000000000e+02 3.591006446221192694e-01
7.692000000000000455e+02 3.574484531510015994e-01
7.693999999999999773e+02 3.558108056031619171e-01
7.696000000000000227e+02 3.541824416482259319e-01
7.697999999999999545e+02 3.525581819500657188e-01
7.700000000000000000e+02 3.509333373642624099e-01
7.702000000000000455e+02 3.493063129806631695e-01
7.703999999999999773e+02 3.476785915973406027e-01
7.706000000000000227e+02 3.460537200042710926e-01
7.707999999999999545e+02 3.444345956974835254e-01
7.710000000000000000e+02 3.428234591764681705e-01
7.712000000000000455e+02 3.412236880936521111e-01
7.713999999999999773e+02 3.396387500623572198e-01
7.716000000000000227e+02 3.380718569317390232e-01
7.717999999999999545e+02 3.365258899662451619e-01
7.720000000000000000e+02 3.350027031283293044e-01
7.722000000000000455e+02 3.335027112590258080e-01
7.723999999999999773e+02 3.320244277350430373e-01
7.726000000000000227e+02 3.305655389046334158e-01
7.727999999999999545e+02 3.291233710843035065e-01
7.730000000000000000e+02 3.276951532138639989e-01
7.732000000000000455e+02 3.262790894394183572e-01
7.733999999999999773e+02 3.248745052630822583e-01
7.736000000000000227e+02 3.234792227383891383e-01
7.737999999999999545e+02 3.220896508133549996e-01
7.740000000000000000e+02 3.207014176157721441e-01
7.742000000000000455e+02 3.193132156087197804e-01
7.743999999999999773e+02 3.179248012897109010e-01
7.746000000000000227e+02 3.165349905602606873e-01
7.747999999999999545e+02 3.151388527099229786e-01
7.750000000000000000e+02 3.137313191643085752e-01
7.752000000000000455e+02 3.123102169666696626e-01
7.753999999999999773e+02 3.108722972311277477e-01
7.756000000000000227e+02 3.094185426110472314e-01
7.757999999999999545e+02 3.079596616996467251e-01
7.760000000000000000e+02 3.064994806265924354e-01
7.762000000000000455e+02 3.050390001394938100e-01
7.763999999999999773e+02 3.035835148899251879e-01
7.766000000000000227e+02 3.021364454152677959e-01
7.767999999999999545e+02 3.006993034531517672e-01
7.770000000000000000e+02 2.992728098511279189e-01
7.772000000000000455e+02 2.978569215060413167e-01
7.773999999999999773e+02 2.964510509761575374e-01
7.776000000000000227e+02 2.950543703287140107e-01
7.777999999999999545e+02 2.936659278453235822e-01
7.780000000000000000e+02 2.922842671716226470e-01
7.782000000000000455e+02 2.909066416488249041e-01
7.783999999999999773e+02 2.895329314078635696e-01
7.786000000000000227e+02 2.881654691199702634e-01
7.787999999999999545e+02 2.868060303537499078e-01
7.790000000000000000e+02 2.854539822606210753e-01
7.792000000000000455e+02 2.841069727626113761e-01
7.793999999999999773e+02 2.827647699654861624e-01
7.796000000000000227e+02 2.814273396436294816e-01
7.797999999999999545e+02 2.800939878709022279e-01
7.800000000000000000e+02 2.787628909211977146e-01
7.802000000000000455e+02 2.774322935345548968e-01
7.803999999999999773e+02 2.761016263267361825e-01
7.806000000000000227e+02 2.747741181798852295e-01
7.807999999999999545e+02 2.734556975401419288e-01
7.810000000000000000e+02 2.721539205668536687e-01
7.812000000000000455e+02 2.708743727550991243e-01
7.813999999999999773e+02 2.696208650386244798e-01
7.816000000000000227e+02 2.683960221965935866e-01
7.817999999999999545e+02 2.672044437586901244e-01
7.820000000000000000e+02 2.660502652655816758e-01
7.822000000000000455e+02 2.649345244193524462e-01
7.823999999999999773e+02 2.638514774257393891e-01
7.826000000000000227e+02 2.627923412872760767e-01
7.827999999999999545e+02 2.617482435497454074e-01
7.830000000000000000e+02 2.607091769796816005e-01
7.832000000000000455e+02 2.596638790869356672e-01
7.833999999999999773e+02 2.585998602463851492e-01
7.836000000000000227e+02 2.575060432903131802e-01
7.837999999999999545e+02 2.563745248280645539e-01
7.840000000000000000e+02 2.552029903705950731e-01
7.842000000000000455e+02 2.539936789021791652e-01
7.843999999999999773e+02 2.527516608910078122e-01
7.846000000000000227e+02 2.514831199259218164e-01
7.847999999999999545e+02 2.501960422447248034e-01
7.850000000000000000e+02 2.488992520091793115e-01
7.852000000000000455e+02 2.476004475157966289e-01
7.853999999999999773e+02 2.463051755402812792e-01
7.856000000000000227e+02 2.450175195377753412e-01
7.857999999999999545e+02 2.437418628797849707e-01
7.860000000000000000e+02 2.424823454104781950e-01
7.862000000000000455e+02 2.412425442115787300e-01
7.863999999999999773e+02 2.400248708412879850e-01
7.866000000000000227e+02 2.388288963822654820e-01
7.867999999999999545e+02 2.376513203218263148e-01
7.870000000000000000e+02 2.364875462059291000e-01
7.872000000000000455e+02 2.353351896573049606e-01
7.873999999999999773e+02 2.341945480319544970e-01
7.876000000000000227e+02 2.330654465920051488e-01
7.877999999999999545e+02 2.319441511006091750e-01
7.880000000000000000e+02 2.308229043086907073e-01
7.882000000000000455e+02 2.296944588805751308e-01
7.883999999999999773e+02 2.285562312174318211e-01
7.886000000000000227e+02 2.274118526610888480e-01
7.887999999999999545e+02 2.262666066243755325e-01
7.890000000000000000e+02 2.251253734056773703e-01
7.892000000000000455e+02 2.239917324408495503e-01
7.893999999999999773e+02 2.228691607972577982e-01
7.896000000000000227e+02 2.217618845104142034e-01
7.897999999999999545e+02 2.206751514104366430e-01
7.900000000000000000e+02 2.196124914963086538e-01
7.902000000000000455e+02 2.185745958886283480e-01
7.903999999999999773e+02 2.175579100708059654e-01
7.906000000000000227e+02 2.165537570345548168e-01
7.907999999999999545e+02 2.155515438880701018e-01
7.910000000000000000e+02 2.145421744601539171e-01
7.912000000000000455e+02 2.135205156741512844e-01
7.913999999999999773e+02 2.124831802032872696e-01
7.916000000000000227e+02 2.114259180494500734e-01
7.917999999999999545e+02 2.103469486029496682e-01
7.920000000000000000e+02 2.092459669665475142e-01
7.922000000000000455e+02 2.081217345519231487e-01
7.923999999999999773e+02 2.069679049904993573e-01
7.926000000000000227e+02 2.057766420707505262e-01
7.927999999999999545e+02 2.045466716720876210e-01
7.930000000000000000e+02 2.032845724845953328e-01
7.932000000000000455e+02 2.020020451802846950e-01
7.933999999999999773e+02 2.007101225836071257e-01
7.936000000000000227e+02 1.994203372193404933e-01
7.937999999999999545e+02 1.981440624193802347e-01
7.940000000000000000e+02 1.968898146686289818e-01
7.942000000000000455e+02 1.956641530903543147e-01
7.943999999999999773e+02 1.944716197757953013e-01
7.946000000000000227e+02 1.933136035360415450e-01
7.947999999999999545e+02 1.921895500750615271e-01
7.950000000000000000e+02 1.910986525727498553e-01
7.952000000000000455e+02 1.900447283943106636e-01
7.953999999999999773e+02 1.890318457486347414e-01
7.956000000000000227e+02 1.880616922740030728e-01
7.957999999999999545e+02 1.871305515425167598e-01
7.960000000000000000e+02 1.862316842239941372e-01
7.962000000000000455e+02 1.853565135344941994e-01
7.963999999999999773e+02 1.844956311346464539e-01
7.966000000000000227e+02 1.836408162349336681e-01
7.967999999999999545e+02 1.827861686290972454e-01
7.970000000000000000e+02 1.819268197239232721e-01
7.972000000000000455e+02 1.810583550704411571e-01
7.973999999999999773e+02 1.801769653899509827e-01
7.976000000000000227e+02 1.792822461936254275e-01
7.977999999999999545e+02 1.783747039595008910e-01
7.980000000000000000e+02 1.774536597096665613e-01
7.982000000000000455e+02 1.765188944898928580e-01
7.983999999999999773e+02 1.755731473670933962e-01
7.986000000000000227e+02 1.746244663235325401e-01
7.987999999999999545e+02 1.736793713449270304e-01
7.990000000000000000e+02 1.727419654034642038e-01
7.992000000000000455e+02 1.718133772800296277e-01
7.993999999999999773e+02 1.708904967796005814e-01
7.996000000000000227e+02 1.699689034739378934e-01
7.997999999999999545e+02 1.690471208356278954e-01
8.000000000000000000e+02 1.681223833194026573e-01
8.002000000000000455e+02 1.671928918995606583e-01
8.003999999999999773e+02 1.662633827364752293e-01
8.006000000000000227e+02 1.653411858509362120e-01
8.007999999999999545e+02 1.644342226830573239e-01
8.010000000000000000e+02 1.635484436437737998e-01
8.012000000000000455e+02 1.626849618302979028e-01
8.013999999999999773e+02 1.618413561090352448e-01
8.016000000000000227e+02 1.610165921757313878e-01
8.017999999999999545e+02 1.602113483054973531e-01
8.020000000000000000e+02 1.594274602304963928e-01
8.022000000000000455e+02 1.586660206934548956e-01
8.023999999999999773e+02 1.579271370599665547e-01
8.026000000000000227e+02 1.572096405080839199e-01
8.027999999999999545e+02 1.565103057965621103e-01
8.030000000000000000e+02 1.558240507138544950e-01
8.032000000000000455e+02 1.551443235948156418e-01
8.033999999999999773e+02 1.544648925041015863e-01
8.036000000000000227e+02 1.537810695398815486e-01
8.037999999999999545e+02 1.530902386630626499e-01
8.040000000000000000e+02 1.523909775397228050e-01
8.042000000000000455e+02 1.516830217382155177e-01
8.043999999999999773e+02 1.509677512791151310e-01
8.046000000000000227e+02 1.502499816121157794e-01
8.047999999999999545e+02 1.495359699421979216e-01
8.050000000000000000e+02 1.488312447520801218e-01
8.052000000000000455e+02 1.481349140408182996e-01
8.053999999999999773e+02 1.474420795812319829e-01
8.056000000000000227e+02 1.467463824273410600e-01
8.057999999999999545e+02 1.460454397562706008e-01
8.060000000000000000e+02 1.453393172992449300e-01
8.062000000000000455e+02 1.446284789100812374e-01
8.064000000000000909e+02 1.439111985853975262e-01
8.066000000000000227e+02 1.431836091260363097e-01
8.067999999999999545e+02 1.424401742906322987e-01
8.070000000000000000e+02 1.416783148072818799e-01
8.072000000000000455e+02 1.408987866009737133e-01
8.074000000000000909e+02 1.401056423314912813e-01
8.076000000000000227e+02 1.393033137062635873e-01
8.077999999999999545e+02 1.384958628536609171e-01
8.080000000000000000e+02 1.376864093478222251e-01
8.082000000000000455e+02 1.368754384107349065e-01
8.084000000000000909e+02 1.360617902188571149e-01
8.086000000000000227e+02 1.352453703955052156e-01
8.087999999999999545e+02 1.344273983416159890e-01
8.090000000000000000e+02 1.336091688887274809e-01
8.092000000000000455e+02 1.327888335332190195e-01
8.094000000000000909e+02 1.319654528950622852e-01
8.096000000000000227e+02 1.311398364220116852e-01
8.097999999999999545e+02 1.303133836915165156e-01
8.100000000000000000e+02 1.294862804678445500e-01
8.102000000000000455e+02 1.286579619556625365e-01
8.104000000000000909e+02 1.278311279050437232e-01
8.106000000000000227e+02 1.270088326943333012e-01
8.107999999999999545e+02 1.261930014952800660e-01
8.110000000000000000e+02 1.253835367669587086e-01
8.112000000000000455e+02 1.245813575575787230e-01
8.114000000000000909e+02 1.237912178675523028e-01
8.116000000000000227e+02 1.230273774420387461e-01
8.117999999999999545e+02 1.223004042480350939e-01
8.120000000000000000e+02 1.216109178557518156e-01
8.122000000000000455e+02 1.209634500982887939e-01
8.124000000000000909e+02 1.203603373389170450e-01
8.126000000000000227e+02 1.197967547534462551e-01
8.127999999999999545e+02 1.192712639623001170e-01
8.130000000000000000e+02 1.187832934354597358e-01
8.132000000000000455e+02 1.183292286074082850e-01
8.134000000000000909e+02 1.179039440765186630e-01
8.136000000000000227e+02 1.174998351586089007e-01
8.137999999999999545e+02 1.171047631055871091e-01
8.140000000000000000e+02 1.167091897187842037e-01
8.142000000000000455e+02 1.163049712774882061e-01
8.144000000000000909e+02 1.158794171200951684e-01
8.146000000000000227e+02 1.154098866683703623e-01
8.147999999999999545e+02 1.148693354127417604e-01
8.150000000000000000e+02 1.142476174284026008e-01
8.152000000000000455e+02 1.135481646592547966e-01
8.154000000000000909e+02 1.127847121976523065e-01
8.156000000000000227e+02 1.119711390159178616e-01
8.157999999999999545e+02 1.111189959718246328e-01
8.160000000000000000e+02 1.102377427990334363e-01
8.162000000000000455e+02 1.093426011563172900e-01
8.164000000000000909e+02 1.084484510872503471e-01
8.166000000000000227e+02 1.075663162861764527e-01
8.167999999999999545e+02 1.067118360126596416e-01
8.170000000000000000e+02 1.059004387042410261e-01
8.172000000000000455e+02 1.051420489950254944e-01
8.174000000000000909e+02 1.044448016980519256e-01
8.176000000000000227e+02 1.038134124496739447e-01
8.177999999999999545e+02 1.032458824898327271e-01
8.180000000000000000e+02 1.027402157050682913e-01
8.182000000000000455e+02 1.022933433584312518e-01
8.184000000000000909e+02 1.018967004969371926e-01
8.186000000000000227e+02 1.015413616371605432e-01
8.187999999999999545e+02 1.012190256826642903e-01
8.190000000000000000e+02 1.009213758200253191e-01
8.192000000000000455e+02 1.006373586573298534e-01
8.194000000000000909e+02 1.003539426252310907e-01
8.196000000000000227e+02 1.000621626678174919e-01
8.197999999999999545e+02 9.975495420263587321e-02
8.200000000000000000e+02 9.942599509050899231e-02
8.202000000000000455e+02 9.906845054478438661e-02
8.204000000000000909e+02 9.867728754744949093e-02
8.206000000000000227e+02 9.825283481770709371e-02
8.207999999999999545e+02 9.781252137447517259e-02
8.210000000000000000e+02 9.737532799882767098e-02
8.212000000000000455e+02 9.694784299950955087e-02
8.214000000000000909e+02 9.652425202416467509e-02
8.216000000000000227e+02 9.609591628699828969e-02
8.217999999999999545e+02 9.566130624091498391e-02
8.220000000000000000e+02 9.521740840266111616e-02
8.222000000000000455e+02 9.476101235295487923e-02
8.224000000000000909e+02 9.429282864309382339e-02
8.226000000000000227e+02 9.381266189666298549e-02
8.227999999999999545e+02 9.331906396037452367e-02
8.230000000000000000e+02 9.281057231022982190e-02
8.232000000000000455e+02 9.228350319094347221e-02
8.234000000000000909e+02 9.173327716056009495e-02
8.236000000000000227e+02 9.116071299394268301e-02
8.237999999999999545e+02 9.056887939247607044e-02
8.240000000000000000e+02 8.996226076477299716e-02
8.242000000000000455e+02 8.934810261196310388e-02
8.244000000000000909e+02 8.873541685111460686e-02
8.246000000000000227e+02 8.813391923338441403e-02
8.247999999999999545e+02 8.754995208118651617e-02
8.250000000000000000e+02 8.698931480812990835e-02
8.252000000000000455e+02 8.645841781510624213e-02
8.254000000000000909e+02 8.595643248340520404e-02
8.256000000000000227e+02 8.547881618697479589e-02
8.257999999999999545e+02 8.502070721594340297e-02
8.260000000000000000e+02 8.457444522528466402e-02
8.262000000000000455e+02 8.413305109224883394e-02
8.264000000000000909e+02 8.369562844913960853e-02
8.266000000000000227e+02 8.326214168754565714e-02
8.267999999999999545e+02 8.283226096143912753e-02
8.270000000000000000e+02 8.240488985115244913e-02
8.272000000000000455e+02 8.197711628911430459e-02
8.274000000000000909e+02 8.154584929523359116e-02
8.276000000000000227e+02 8.111305596225623638e-02
8.277999999999999545e+02 8.067981115536061731e-02
8.280000000000000000e+02 8.024470503098564411e-02
8.282000000000000455e+02 7.980557817856566427e-02
8.284000000000000909e+02 7.936139727341046113e-02
8.286000000000000227e+02 7.891246614378147339e-02
8.287999999999999545e+02 7.845690056845859572e-02
8.290000000000000000e+02 7.799428487380533070e-02
8.292000000000000455e+02 7.752783784473986362e-02
8.294000000000000909e+02 7.706055917843948611e-02
8.296000000000000227e+02 7.659663086208699789e-02
8.297999999999999545e+02 7.614237071630626519e-02
8.300000000000000000e+02 7.569841288574033489e-02
8.302000000000000455e+02 7.526237812399891314e-02
8.304000000000000909e+02 7.483281747562724184e-02
8.306000000000000227e+02 7.441052784091838068e-02
8.307999999999999545e+02 7.399713869827111157e-02
8.310000000000000000e+02 7.359251273675825045e-02
8.312000000000000455e+02 7.319629552280948470e-02
8.314000000000000909e+02 7.280828318405732635e-02
8.316000000000000227e+02 7.242851119413233618e-02
8.317999999999999545e+02 7.205732742199912055e-02
8.320000000000000000e+02 7.169501372250332294e-02
8.322000000000000455e+02 7.134041882666368461e-02
8.324000000000000909e+02 7.099247194927293947e-02
8.326000000000000227e+02 7.065007154928971966e-02
8.327999999999999545e+02 7.030883023580705715e-02
8.330000000000000000e+02 6.996583508627220171e-02
8.332000000000000455e+02 6.962171785295800941e-02
8.334000000000000909e+02 6.927535222345262977e-02
8.336000000000000227e+02 6.892382126885090998e-02
8.337999999999999545e+02 6.856291212108783784e-02
8.340000000000000000e+02 6.819114369108000839e-02
8.342000000000000455e+02 6.780855325688139867e-02
8.344000000000000909e+02 6.741549423062878632e-02
8.346000000000000227e+02 6.701511525959175097e-02
8.347999999999999545e+02 6.661197097384483068e-02
8.350000000000000000e+02 6.620987969550273800e-02
8.352000000000000455e+02 6.581501870861536374e-02
8.354000000000000909e+02 6.543368396656594477e-02
8.356000000000000227e+02 6.506639854029651338e-02
8.357999999999999545e+02 6.471229558632279888e-02
8.360000000000000000e+02 6.437111031963907437e-02
8.362000000000000455e+02 6.404574728851135379e-02
8.364000000000000909e+02 6.373801549531790678e-02
8.366000000000000227e+02 6.344713288404060791e-02
8.367999999999999545e+02 6.316991739344510193e-02
8.370000000000000000e+02 6.290331491374628881e-02
8.372000000000000455e+02 6.264560205006546034e-02
8.374000000000000909e+02 6.239636095004256339e-02
8.376000000000000227e+02 6.215448369315129673e-02
8.377999999999999545e+02 6.191694399007357380e-02
8.380000000000000000e+02 6.168045456816678013e-02
8.382000000000000455e+02 6.143921683133458239e-02
8.384000000000000909e+02 6.118305660763085491e-02
8.386000000000000227e+02 6.090638885631322746e-02
8.387999999999999545e+02 6.060860448508525317e-02
8.390000000000000000e+02 6.029402068052606978e-02
8.392000000000000455e+02 5.996884297889436277e-02
8.394000000000000909e+02 5.963985760987647322e-02
8.396000000000000227e+02 5.931324274648505646e-02
8.397999999999999545e+02 5.899677155482564023e-02
8.400000000000000000e+02 5.869827117688538459e-02
8.402000000000000455e+02 5.842018969453335875e-02
8.404000000000000909e+02 5.816033005714255077e-02
8.406000000000000227e+02 5.791320700597032273e-02
8.407999999999999545e+02 5.767418128100491870e-02
8.410000000000000000e+02 5.743860083502920488e-02
8.412000000000000455e+02 5.720144571032335229e-02
8.414000000000000909e+02 5.695773475214861020e-02
8.416000000000000227e+02 5.670415244808170441e-02
8.417999999999999545e+02 5.644022450166509552e-02
8.420000000000000000e+02 5.616818225256971220e-02
8.422000000000000455e+02 5.588707417946670031e-02
8.424000000000000909e+02 5.558893901368523738e-02
8.426000000000000227e+02 5.527204974049374636e-02
8.427999999999999545e+02 5.493807123877950810e-02
8.430000000000000000e+02 5.458754548354628755e-02
8.432000000000000455e+02 5.421764482902557969e-02
8.434000000000000909e+02 5.382604986471478670e-02
8.436000000000000227e+02 5.341735974792072988e-02
8.437999999999999545e+02 5.299473767196897361e-02
8.440000000000000000e+02 5.256118774128088617e-02
8.442000000000000455e+02 5.212624484693511445e-02
8.444000000000000909e+02 5.170380691416746888e-02
8.446000000000000227e+02 5.131030068037782665e-02
8.447999999999999545e+02 5.096067767575937490e-02
8.450000000000000000e+02 5.066179730846689239e-02
8.452000000000000455e+02 5.041129520470712805e-02
8.454000000000000909e+02 5.020423567469724235e-02
8.456000000000000227e+02 5.003487585849585029e-02
8.457999999999999545e+02 4.989757921087437098e-02
8.460000000000000000e+02 4.978854255930877104e-02
8.462000000000000455e+02 4.970660005649456259e-02
8.464000000000000909e+02 4.965354148489208724e-02
8.466000000000000227e+02 4.962950632029933251e-02
8.467999999999999545e+02 4.963178058932508213e-02
8.470000000000000000e+02 4.965371089575185137e-02
8.472000000000000455e+02 4.968797432315825297e-02
8.474000000000000909e+02 4.972867166463772193e-02
8.476000000000000227e+02 4.977352267293763677e-02
8.477999999999999545e+02 4.981778565003310705e-02
8.480000000000000000e+02 4.985345997693155923e-02
8.482000000000000455e+02 4.986951751464932525e-02
8.484000000000000909e+02 4.986001932193986907e-02
8.486000000000000227e+02 4.982397516006267096e-02
8.487999999999999545e+02 4.976028879506681768e-02
8.490000000000000000e+02 4.966820656266518474e-02
8.492000000000000455e+02 4.954764063542718006e-02
8.494000000000000909e+02 4.939956547590684810e-02
8.496000000000000227e+02 4.922280030894424924e-02
8.497999999999999545e+02 4.901406816675298039e-02
8.500000000000000000e+02 4.877637032548239743e-02
8.502000000000000455e+02 4.851589463241579719e-02
8.504000000000000909e+02 4.823966902274869073e-02
8.506000000000000227e+02 4.795179941754649372e-02
8.507999999999999545e+02 4.765714333170230355e-02
8.510000000000000000e+02 4.736425808631666845e-02
8.512000000000000455e+02 4.707934038372138530e-02
8.514000000000000909e+02 4.680541130412765177e-02
8.516000000000000227e+02 4.654174196855994511e-02
8.517999999999999545e+02 4.628723563547401665e-02
8.520000000000000000e+02 4.603991332244321277e-02
8.522000000000000455e+02 4.579394204854821820e-02
8.524000000000000909e+02 4.552596530534178121e-02
8.526000000000000227e+02 4.520269152069376906e-02
8.527999999999999545e+02 4.480475653245771794e-02
8.530000000000000000e+02 4.433244817264023196e-02
8.532000000000000455e+02 4.380072280471254687e-02
8.534000000000000909e+02 4.321836562240962548e-02
8.536000000000000227e+02 4.259277112011998490e-02
8.537999999999999545e+02 4.193228802761323620e-02
8.540000000000000000e+02 4.124765400868078691e-02
8.542000000000000455e+02 4.055662262839158233e-02
8.544000000000000909e+02 3.988482056566817341e-02
8.546000000000000227e+02 3.925146094294060944e-02
8.547999999999999545e+02 3.867229955013925385e-02
8.550000000000000000e+02 3.816141399284051633e-02
8.552000000000000455e+02 3.772650680082788310e-02
8.554000000000000909e+02 3.737133842435062803e-02
8.556000000000000227e+02 3.709822662037660229e-02
8.557999999999999545e+02 3.691117932426152964e-02
8.560000000000000000e+02 3.681415852037846909e-02
8.562000000000000455e+02 3.680752727860810147e-02
8.564000000000000909e+02 3.688388016218172027e-02
8.566000000000000227e+02 3.702760047167958507e-02
8.567999999999999545e+02 3.721391185576640448e-02
8.570000000000000000e+02 3.741222400672606502e-02
8.572000000000000455e+02 3.759002047267055030e-02
8.574000000000000909e+02 3.772166965938487937e-02
8.576000000000000227e+02 3.778893865451075917e-02
8.577999999999999545e+02 3.777984313283204443e-02
8.580000000000000000e+02 3.768274766339217013e-02
8.582000000000000455e+02 3.749137384721892147e-02
8.584000000000000909e+02 3.720956078797541672e-02
8.586000000000000227e+02 3.686009074572969835e-02
8.587999999999999545e+02 3.647038837167198427e-02
8.590000000000000000e+02 3.606253862364624391e-02
8.592000000000000455e+02 3.564603198531974410e-02
8.594000000000000909e+02 3.522550401081880889e-02
8.596000000000000227e+02 3.480716418552241148e-02
8.597999999999999545e+02 3.439648403310201913e-02
8.600000000000000000e+02 3.399671640782876009e-02
8.602000000000000455e+02 3.360710998169928049e-02
8.604000000000000909e+02 3.322632160757802572e-02
8.606000000000000227e+02 3.285355889872779156e-02
8.607999999999999545e+02 3.248981465862894186e-02
8.610000000000000000e+02 3.213875481163015052e-02
8.612000000000000455e+02 3.180513561448191501e-02
8.614000000000000909e+02 3.149065032737091013e-02
8.616000000000000227e+02 3.119792542376111089e-02
8.617999999999999545e+02 3.092913970756131295e-02
8.620000000000000000e+02 3.067688613648973314e-02
8.622000000000000455e+02 3.042795418341591798e-02
8.624000000000000909e+02 3.016712446673727732e-02
8.626000000000000227e+02 2.988888530530062898e-02
8.627999999999999545e+02 2.959423343592418321e-02
8.630000000000000000e+02 2.928921723255701118e-02
8.632000000000000455e+02 2.898399213595582308e-02
8.634000000000000909e+02 2.868969482186079639e-02
8.636000000000000227e+02 2.841586145779421285e-02
8.637999999999999545e+02 2.816768986034939512e-02
8.640000000000000000e+02 2.794531720490560714e-02
8.642000000000000455e+02 2.774291670786730238e-02
8.644000000000000909e+02 2.755696776387383043e-02
8.646000000000000227e+02 2.738657571548771055e-02
8.647999999999999545e+02 2.723243104899979519e-02
8.650000000000000000e+02 2.709338959761678836e-02
8.652000000000000455e+02 2.696551039593950150e-02
8.654000000000000909e+02 2.684106522044962112e-02
8.656000000000000227e+02 2.671359332096095648e-02
8.657999999999999545e+02 2.658003096108883107e-02
8.660000000000000000e+02 2.644352909940800300e-02
8.662000000000000455e+02 2.630847299409314055e-02
8.664000000000000909e+02 2.617857654815934285e-02
8.666000000000000227e+02 2.605606614561245191e-02
8.667999999999999545e+02 2.594012796368114215e-02
8.670000000000000000e+02 2.582653358297361604e-02
8.672000000000000455e+02 2.571139422797501586e-02
8.674000000000000909e+02 2.559123278275883887e-02
8.676000000000000227e+02 2.546311570545497713e-02
8.677999999999999545e+02 2.532611448678595209e-02
8.680000000000000000e+02 2.518204040421525083e-02
8.682000000000000455e+02 2.503621142299557525e-02
8.684000000000000909e+02 2.489348811021855831e-02
8.686000000000000227e+02 2.475578943764002171e-02
8.687999999999999545e+02 2.461907032695951833e-02
8.690000000000000000e+02 2.447857493529294673e-02
8.692000000000000455e+02 2.432982434699348245e-02
8.694000000000000909e+02 2.416874593435658358e-02
8.696000000000000227e+02 2.399100158113903758e-02
8.697999999999999545e+02 2.379340388641769735e-02
8.700000000000000000e+02 2.357827199303594301e-02
8.702000000000000455e+02 2.335094282449581490e-02
8.704000000000000909e+02 2.311895998846089442e-02
8.706000000000000227e+02 2.289174663564451026e-02
8.707999999999999545e+02 2.267669554364883100e-02
8.710000000000000000e+02 2.247801282443120940e-02
8.712000000000000455e+02 2.229985735326611013e-02
8.714000000000000909e+02 2.214661400152763762e-02
8.716000000000000227e+02 2.202247276776821486e-02
8.717999999999999545e+02 2.192831181804054744e-02
8.720000000000000000e+02 2.186132657375404117e-02
8.722000000000000455e+02 2.181432226508252942e-02
8.724000000000000909e+02 2.177689364733176661e-02
8.726000000000000227e+02 2.173791264453306393e-02
8.727999999999999545e+02 2.168819046963779695e-02
8.730000000000000000e+02 2.162139603800120047e-02
8.732000000000000455e+02 2.153377344640312538e-02
8.734000000000000909e+02 2.142405689232421487e-02
8.736000000000000227e+02 2.129287838069667330e-02
8.737999999999999545e+02 2.114274479802037005e-02
8.740000000000000000e+02 2.097853822458541420e-02
8.742000000000000455e+02 2.080456466500725521e-02
8.744000000000000909e+02 2.062402750436885188e-02
8.746000000000000227e+02 2.043994122836624919e-02
8.747999999999999545e+02 2.025769359444199932e-02
8.750000000000000000e+02 2.008466582828691283e-02
8.752000000000000455e+02 1.992408743703380850e-02
8.754000000000000909e+02 1.977649842549290826e-02
8.756000000000000227e+02 1.964054483767165016e-02
8.757999999999999545e+02 1.951422740161785907e-02
8.760000000000000000e+02 1.939610625976029290e-02
8.762000000000000455e+02 1.928605267626170433e-02
8.764000000000000909e+02 1.918410757739589384e-02
8.766000000000000227e+02 1.908895906002551837e-02
8.767999999999999545e+02 1.899636364061679100e-02
8.770000000000000000e+02 1.890104642184352313e-02
8.772000000000000455e+02 1.879846558856751448e-02
8.774000000000000909e+02 1.868678159024150798e-02
8.776000000000000227e+02 1.856199818369588805e-02
8.777999999999999545e+02 1.841784722939714819e-02
8.780000000000000000e+02 1.824717741276063801e-02
8.782000000000000455e+02 1.804855951827678828e-02
8.784000000000000909e+02 1.782731609004852003e-02
8.786000000000000227e+02 1.759458594913495405e-02
8.787999999999999545e+02 1.736178811113135018e-02
8.790000000000000000e+02 1.713850947401729385e-02
8.792000000000000455e+02 1.693110144063721470e-02
8.794000000000000909e+02 1.674465353983232985e-02
8.796000000000000227e+02 1.658354059300036140e-02
8.797999999999999545e+02 1.645021985475646556e-02
8.800000000000000000e+02 1.634397488376072849e-02
8.802000000000000455e+02 1.625986128647281120e-02
8.804000000000000909e+02 1.619005921866957173e-02
8.806000000000000227e+02 1.612868489163677907e-02
8.807999999999999545e+02 1.607589731187550330e-02
8.810000000000000000e+02 1.603355726058937336e-02
8.812000000000000455e+02 1.600361501560966168e-02
8.814000000000000909e+02 1.598686030857848425e-02
8.816000000000000227e+02 1.598351969909352424e-02
8.817999999999999545e+02 1.599268920327766991e-02
8.820000000000000000e+02 1.601096127706273103e-02
8.822000000000000455e+02 1.603362441742791841e-02
8.824000000000000909e+02 1.605543186897153557e-02
8.826000000000000227e+02 1.607178392992705124e-02
8.827999999999999545e+02 1.607876020742647280e-02
8.830000000000000000e+02 1.607290696984266243e-02
8.832000000000000455e+02 1.605049009544295274e-02
8.834000000000000909e+02 1.600678472728615451e-02
8.836000000000000227e+02 1.593661809579869498e-02
8.837999999999999545e+02 1.583840732303115964e-02
8.840000000000000000e+02 1.571567663250376251e-02
8.842000000000000455e+02 1.557710560648252994e-02
8.844000000000000909e+02 1.542867496772803992e-02
8.846000000000000227e+02 1.527281633894877859e-02
8.847999999999999545e+02 1.510827846235429477e-02
8.850000000000000000e+02 1.493550449026626384e-02
8.852000000000000455e+02 1.475531243806723486e-02
8.854000000000000909e+02 1.456718111209395587e-02
8.856000000000000227e+02 1.437209963301737566e-02
8.857999999999999545e+02 1.417174956526472823e-02
8.860000000000000000e+02 1.396703933810642360e-02
8.862000000000000455e+02 1.376125559871944383e-02
8.864000000000000909e+02 1.356031078566935673e-02
8.866000000000000227e+02 1.337231945742109809e-02
8.867999999999999545e+02 1.320344869102010009e-02
8.870000000000000000e+02 1.305641341432750048e-02
8.872000000000000455e+02 1.292883013371537090e-02
8.874000000000000909e+02 1.281698977023963508e-02
8.876000000000000227e+02 1.271755887122042253e-02
8.877999999999999545e+02 1.262947654393325840e-02
8.880000000000000000e+02 1.255236401835966263e-02
8.882000000000000455e+02 1.248552950015191336e-02
8.884000000000000909e+02 1.242655255030895335e-02
8.886000000000000227e+02 1.237050845257285821e-02
8.887999999999999545e+02 1.230963332182449972e-02
8.890000000000000000e+02 1.223700833966410301e-02
8.892000000000000455e+02 1.214848281902001711e-02
8.894000000000000909e+02 1.204454933045530189e-02
8.896000000000000227e+02 1.192833093320144755e-02
8.897999999999999545e+02 1.180268341450370177e-02
8.900000000000000000e+02 1.166707558364451537e-02
8.902000000000000455e+02 1.152242073315741175e-02
8.904000000000000909e+02 1.137237402038973090e-02
8.906000000000000227e+02 1.122462117768983220e-02
8.907999999999999545e+02 1.108674369684411673e-02
8.910000000000000000e+02 1.096508167331610231e-02
8.912000000000000455e+02 1.086407409620066163e-02
8.914000000000000909e+02 1.078837276746696591e-02
8.916000000000000227e+02 1.074298398440774911e-02
8.917999999999999545e+02 1.073144070742663991e-02
8.920000000000000000e+02 1.075278033293437102e-02
8.922000000000000455e+02 1.080117832034639160e-02
8.924000000000000909e+02 1.087160989782564105e-02
8.926000000000000227e+02 1.096100902283566811e-02
8.927999999999999545e+02 1.106809454663287492e-02
8.930000000000000000e+02 1.118780530044597050e-02
8.932000000000000455e+02 1.131413381408632318e-02
8.934000000000000909e+02 1.144258176622777769e-02
8.936000000000000227e+02 1.156959391803412222e-02
8.937999999999999545e+02 1.169094184820208999e-02
8.940000000000000000e+02 1.180001699472255430e-02
8.942000000000000455e+02 1.189019032820418098e-02
8.944000000000000909e+02 1.195622219308517878e-02
8.946000000000000227e+02 1.199616567970987306e-02
8.947999999999999545e+02 1.200902351720909561e-02
8.950000000000000000e+02 1.199369430739240759e-02
8.952000000000000455e+02 1.194773304827752639e-02
8.954000000000000909e+02 1.186918118729386393e-02
8.956000000000000227e+02 1.175717121697388359e-02
8.957999999999999545e+02 1.161250148247068049e-02
8.960000000000000000e+02 1.143980547907714682e-02
8.962000000000000455e+02 1.124779742072000779e-02
8.964000000000000909e+02 1.104622156456112891e-02
8.966000000000000227e+02 1.084374257148856997e-02
8.967999999999999545e+02 1.064702518593910706e-02
8.970000000000000000e+02 1.046166005016809994e-02
8.972000000000000455e+02 1.029339302509904575e-02
8.974000000000000909e+02 1.014826291194758159e-02
8.976000000000000227e+02 1.002757353429099829e-02
8.977999999999999545e+02 9.929526101566001420e-03
8.980000000000000000e+02 9.851032330673248349e-03
8.982000000000000455e+02 9.791485227148391188e-03
8.984000000000000909e+02 9.751119665921891347e-03
8.986000000000000227e+02 9.728288446292145467e-03
8.987999999999999545e+02 9.720072382470770073e-03
8.990000000000000000e+02 9.723360461459920959e-03
8.992000000000000455e+02 9.736556832453857960e-03
8.994000000000000909e+02 9.757146407926180209e-03
8.996000000000000227e+02 9.781484085603198153e-03
8.997999999999999545e+02 9.805691110389751219e-03
9.000000000000000000e+02 9.827549160844472817e-03
