5.500000000000000000e+02 1.675416989167689830e-02
5.502000000000000455e+02 1.637158723527169443e-02
5.503999999999999773e+02 1.599132009106147417e-02
5.506000000000000227e+02 1.561388184872438724e-02
5.507999999999999545e+02 1.523759487365073176e-02
5.510000000000000000e+02 1.486103344502103310e-02
5.512000000000000455e+02 1.448472420636439696e-02
5.513999999999999773e+02 1.411257100736042908e-02
5.516000000000000227e+02 1.374673405358433319e-02
5.517999999999999545e+02 1.338850318961248842e-02
5.520000000000000000e+02 1.304028975818055311e-02
5.522000000000000455e+02 1.270298392733038885e-02
5.523999999999999773e+02 1.237824230988990998e-02
5.526000000000000227e+02 1.206962251624022105e-02
5.527999999999999545e+02 1.177795081260594491e-02
5.530000000000000000e+02 1.150273186037535471e-02
5.532000000000000455e+02 1.124343191925985391e-02
5.533999999999999773e+02 1.100069247107364305e-02
5.536000000000000227e+02 1.077375322538500109e-02
5.537999999999999545e+02 1.056055714678707548e-02
5.540000000000000000e+02 1.035954199833778906e-02
5.542000000000000455e+02 1.017039677609024237e-02
5.543999999999999773e+02 9.992831621506152728e-03
5.546000000000000227e+02 9.825101485058449283e-03
5.547999999999999545e+02 9.665286326540864156e-03
5.550000000000000000e+02 9.512389054583394662e-03
5.552000000000000455e+02 9.366672547111648886e-03
5.553999999999999773e+02 9.227796594837942706e-03
5.556000000000000227e+02 9.095513554900725578e-03
5.557999999999999545e+02 8.969829936834551251e-03
5.560000000000000000e+02 8.850407357329757169e-03
5.562000000000000455e+02 8.738222041144036445e-03
5.563999999999999773e+02 8.634948865711575272e-03
5.566000000000000227e+02 8.540873978236216899e-03
5.567999999999999545e+02 8.454961679722421131e-03
5.570000000000000000e+02 8.375696977403377166e-03
5.572000000000000455e+02 8.301891037885960473e-03
5.573999999999999773e+02 8.231991744073378567e-03
5.576000000000000227e+02 8.164532110619836594e-03
5.577999999999999545e+02 8.098587352328307995e-03
5.580000000000000000e+02 8.034010226978680058e-03
5.582000000000000455e+02 7.970330973308003067e-03
5.583999999999999773e+02 7.906459168739934582e-03
5.586000000000000227e+02 7.841313165870680835e-03
5.587999999999999545e+02 7.774498294104664579e-03
5.590000000000000000e+02 7.706125788809457290e-03
5.592000000000000455e+02 7.636229060929673219e-03
5.593999999999999773e+02 7.565277078743696919e-03
5.596000000000000227e+02 7.493789464085965669e-03
5.597999999999999545e+02 7.421977205616951158e-03
5.600000000000000000e+02 7.350889708517380390e-03
5.602000000000000455e+02 7.281535377212954886e-03
5.603999999999999773e+02 7.214216410517314444e-03
5.606000000000000227e+02 7.148766618227352099e-03
5.607999999999999545e+02 7.085109109041253482e-03
5.610000000000000000e+02 7.023287525399565454e-03
5.612000000000000455e+02 6.962919112528248577e-03
5.613999999999999773e+02 6.903441462039215659e-03
5.616000000000000227e+02 6.844286912971188873e-03
5.617999999999999545e+02 6.785052726761745152e-03
5.620000000000000000e+02 6.725469599716218938e-03
5.622000000000000455e+02 6.665358840534070864e-03
5.623999999999999773e+02 6.604693006530418589e-03
5.626000000000000227e+02 6.544138300617949495e-03
5.627999999999999545e+02 6.484510855128913613e-03
5.630000000000000000e+02 6.426320355174087312e-03
5.632000000000000455e+02 6.369559148272814497e-03
5.633999999999999773e+02 6.314289773220932434e-03
5.636000000000000227e+02 6.260616444932279485e-03
5.637999999999999545e+02 6.207986882543850039e-03
5.640000000000000000e+02 6.155921222235733251e-03
5.642000000000000455e+02 6.104084080104783989e-03
5.643999999999999773e+02 6.052109885459719396e-03
5.646000000000000227e+02 5.999935383643773511e-03
5.647999999999999545e+02 5.947634242247801933e-03
5.650000000000000000e+02 5.895234798348868849e-03
5.652000000000000455e+02 5.842968855977742279e-03
5.653999999999999773e+02 5.791088731393416109e-03
5.656000000000000227e+02 5.739562808752244998e-03
5.657999999999999545e+02 5.687448077360595690e-03
5.660000000000000000e+02 5.633684545888068169e-03
5.662000000000000455e+02 5.577741588511117218e-03
5.663999999999999773e+02 5.520354921761680758e-03
5.666000000000000227e+02 5.462227743480754447e-03
5.667999999999999545e+02 5.403728247921272057e-03
5.670000000000000000e+02 5.345028314818653717e-03
5.672000000000000455e+02 5.286893752278547590e-03
5.673999999999999773e+02 5.230108966485519026e-03
5.676000000000000227e+02 5.174853730794519609e-03
5.677999999999999545e+02 5.121211237776010332e-03
5.680000000000000000e+02 5.069310431460763433e-03
5.682000000000000455e+02 5.019370791392556083e-03
5.683999999999999773e+02 4.971635709964574400e-03
5.686000000000000227e+02 4.925674824060882577e-03
5.687999999999999545e+02 4.880429283941006488e-03
5.690000000000000000e+02 4.835017024969101053e-03
5.692000000000000455e+02 4.789096724302038983e-03
5.693999999999999773e+02 4.742634572985526993e-03
5.696000000000000227e+02 4.695429119911428972e-03
5.697999999999999545e+02 4.647099839625181035e-03
5.700000000000000000e+02 4.597479070608027039e-03
5.702000000000000455e+02 4.546898431431298411e-03
5.703999999999999773e+02 4.495557447604150644e-03
5.706000000000000227e+02 4.443427600015819809e-03
5.707999999999999545e+02 4.390352247641151652e-03
5.710000000000000000e+02 4.336493028799346013e-03
5.712000000000000455e+02 4.281861965438874332e-03
5.713999999999999773e+02 4.226396040723647864e-03
5.716000000000000227e+02 4.170558893776635592e-03
5.717999999999999545e+02 4.115005584363930213e-03
5.720000000000000000e+02 4.060460356873910742e-03
5.722000000000000455e+02 4.007608592132459562e-03
5.723999999999999773e+02 3.956594799003570681e-03
5.726000000000000227e+02 3.907378637277834216e-03
5.727999999999999545e+02 3.860115060199194054e-03
5.730000000000000000e+02 3.815099852415140824e-03
5.732000000000000455e+02 3.772594851314836541e-03
5.733999999999999773e+02 3.732807168032913851e-03
5.736000000000000227e+02 3.696153004420533583e-03
5.737999999999999545e+02 3.662985458138796543e-03
5.740000000000000000e+02 3.633340348570235703e-03
5.742000000000000455e+02 3.606604955100187106e-03
5.743999999999999773e+02 3.581825827255295368e-03
5.746000000000000227e+02 3.558102114210706917e-03
5.747999999999999545e+02 3.534977461831680448e-03
5.750000000000000000e+02 3.511845687883374378e-03
5.752000000000000455e+02 3.487930104176120618e-03
5.753999999999999773e+02 3.462347047298002922e-03
5.756000000000000227e+02 3.434172077392886463e-03
5.757999999999999545e+02 3.402673963253443744e-03
5.760000000000000000e+02 3.367436080260841503e-03
5.762000000000000455e+02 3.328297190627235811e-03
5.763999999999999773e+02 3.285126772690780909e-03
5.766000000000000227e+02 3.237854477504174735e-03
5.767999999999999545e+02 3.186719266349591004e-03
5.770000000000000000e+02 3.132334874973331709e-03
5.772000000000000455e+02 3.075451270828471508e-03
5.773999999999999773e+02 3.016692523646901953e-03
5.776000000000000227e+02 2.957123550633464909e-03
5.777999999999999545e+02 2.897808196260578083e-03
5.780000000000000000e+02 2.839538864293078037e-03
5.782000000000000455e+02 2.783874219434474915e-03
5.783999999999999773e+02 2.732081003826703630e-03
5.786000000000000227e+02 2.684650692435212697e-03
5.787999999999999545e+02 2.641949191916804270e-03
5.790000000000000000e+02 2.603469419521020102e-03
5.792000000000000455e+02 2.567959386450788771e-03
5.793999999999999773e+02 2.534389933483572731e-03
5.796000000000000227e+02 2.501472420048633273e-03
5.797999999999999545e+02 2.468253139543609420e-03
5.800000000000000000e+02 2.435173258124861875e-03
5.802000000000000455e+02 2.403083009917341556e-03
5.803999999999999773e+02 2.372750055966323449e-03
5.806000000000000227e+02 2.344470538101671268e-03
5.807999999999999545e+02 2.317717696821293763e-03
5.810000000000000000e+02 2.291668910148772064e-03
5.812000000000000455e+02 2.265566067616160174e-03
5.813999999999999773e+02 2.238777162955445533e-03
5.816000000000000227e+02 2.210414426042876714e-03
5.817999999999999545e+02 2.179474354680585937e-03
5.820000000000000000e+02 2.145649874709355635e-03
5.822000000000000455e+02 2.109001139494090862e-03
5.823999999999999773e+02 2.069947089771706061e-03
5.826000000000000227e+02 2.029315928583543677e-03
5.827999999999999545e+02 1.986912735018546428e-03
5.830000000000000000e+02 1.942224562987367002e-03
5.832000000000000455e+02 1.895401314164431349e-03
5.833999999999999773e+02 1.846617650433688730e-03
5.836000000000000227e+02 1.796284376002934505e-03
5.837999999999999545e+02 1.745098617869645253e-03
5.840000000000000000e+02 1.693257157098537833e-03
5.842000000000000455e+02 1.641296789554577088e-03
5.843999999999999773e+02 1.590204202839689933e-03
5.846000000000000227e+02 1.540467174266331625e-03
5.847999999999999545e+02 1.492510722209654337e-03
5.850000000000000000e+02 1.447049855882790153e-03
5.852000000000000455e+02 1.405396153023037546e-03
5.853999999999999773e+02 1.368069325506865355e-03
5.856000000000000227e+02 1.334759862211576690e-03
5.857999999999999545e+02 1.304603730982713912e-03
5.860000000000000000e+02 1.276402236743676361e-03
5.862000000000000455e+02 1.249196631398088704e-03
5.863999999999999773e+02 1.222636491044591309e-03
5.866000000000000227e+02 1.196488443572650724e-03
5.867999999999999545e+02 1.170889503038619918e-03
5.870000000000000000e+02 1.146220862471908656e-03
5.872000000000000455e+02 1.122131733016518964e-03
5.873999999999999773e+02 1.098482633447981586e-03
5.876000000000000227e+02 1.075456519859611980e-03
5.877999999999999545e+02 1.053002874255604257e-03
5.880000000000000000e+02 1.030393844841043368e-03
5.882000000000000455e+02 1.006587980154348503e-03
5.883999999999999773e+02 9.809471787315504187e-04
5.886000000000000227e+02 9.537657331137805927e-04
5.887999999999999545e+02 9.261470955006707341e-04
5.890000000000000000e+02 8.995403990881581336e-04
5.892000000000000455e+02 8.738313796656635348e-04
5.893999999999999773e+02 8.482846880900043931e-04
5.896000000000000227e+02 8.222183949440153112e-04
5.897999999999999545e+02 7.951006422689115309e-04
5.900000000000000000e+02 7.667234061767601652e-04
5.902000000000000455e+02 7.372106831414748911e-04
5.903999999999999773e+02 7.068952261341961401e-04
5.906000000000000227e+02 6.766512818998132901e-04
5.907999999999999545e+02 6.472661523180515833e-04
5.910000000000000000e+02 6.184416319370609040e-04
5.912000000000000455e+02 5.905726358431672178e-04
5.913999999999999773e+02 5.651264615506494757e-04
5.916000000000000227e+02 5.444346019367860045e-04
5.917999999999999545e+02 5.294491519146352554e-04
5.920000000000000000e+02 5.197636461645029982e-04
5.922000000000000455e+02 5.139533940784596876e-04
5.923999999999999773e+02 5.105778746117718009e-04
5.926000000000000227e+02 5.081182520406962591e-04
5.927999999999999545e+02 5.050569796025936335e-04
5.930000000000000000e+02 5.002813193205904669e-04
5.932000000000000455e+02 4.928755862564062002e-04
5.933999999999999773e+02 4.819640160123713152e-04
5.936000000000000227e+02 4.665849354661277142e-04
5.937999999999999545e+02 4.461390964568926767e-04
5.940000000000000000e+02 4.205292926258483556e-04
5.942000000000000455e+02 3.902828445455909468e-04
5.943999999999999773e+02 3.566410533161522094e-04
5.946000000000000227e+02 3.204912368224370998e-04
5.947999999999999545e+02 2.818861091466669830e-04
5.950000000000000000e+02 2.417597900333114764e-04
5.952000000000000455e+02 2.014266998937976408e-04
5.953999999999999773e+02 1.621776064660051305e-04
5.956000000000000227e+02 1.250023368442306295e-04
5.957999999999999545e+02 9.098548683601286556e-05
5.960000000000000000e+02 6.128550475075561705e-05
5.962000000000000455e+02 3.684789936261899309e-05
5.963999999999999773e+02 1.885331798367264082e-05
5.966000000000000227e+02 8.396159798318754842e-06
5.967999999999999545e+02 5.878640645125566580e-06
5.970000000000000000e+02 1.085333464461074613e-05
5.972000000000000455e+02 2.190141502814799354e-05
5.973999999999999773e+02 3.670104362027084053e-05
5.976000000000000227e+02 5.325348722627952443e-05
5.977999999999999545e+02 7.017803796109476223e-05
5.980000000000000000e+02 8.657201640979821360e-05
5.982000000000000455e+02 1.011175777582111338e-04
5.983999999999999773e+02 1.126854780978257429e-04
5.986000000000000227e+02 1.206144662993100311e-04
5.987999999999999545e+02 1.248037334664816873e-04
5.990000000000000000e+02 1.253979915525807031e-04
5.992000000000000455e+02 1.226413613766288372e-04
5.993999999999999773e+02 1.168300888352064888e-04
5.996000000000000227e+02 1.087348380690124008e-04
5.997999999999999545e+02 9.914676784713899634e-05
6.000000000000000000e+02 8.837108995049187726e-05
6.002000000000000455e+02 7.630754638891006840e-05
6.003999999999999773e+02 6.299548808940457563e-05
6.006000000000000227e+02 4.901552701083987948e-05
6.007999999999999545e+02 3.568105758482206232e-05
6.010000000000000000e+02 2.408697271906622334e-05
6.012000000000000455e+02 1.477576578189302802e-05
6.013999999999999773e+02 7.889468973935774489e-06
6.016000000000000227e+02 3.260909140417657651e-06
6.017999999999999545e+02 6.321911035096742059e-07
6.020000000000000000e+02 0.000000000000000000e+00
6.022000000000000455e+02 1.719425296123459996e-06
6.023999999999999773e+02 6.314665063613328804e-06
6.026000000000000227e+02 1.420978078408025346e-05
6.027999999999999545e+02 2.535800192774259298e-05
6.030000000000000000e+02 3.919142297665813870e-05
6.032000000000000455e+02 5.467413426234929744e-05
6.033999999999999773e+02 7.072650771978933402e-05
6.036000000000000227e+02 8.699402889386288913e-05
6.037999999999999545e+02 1.039326033417845263e-04
6.040000000000000000e+02 1.220403893797250138e-04
6.042000000000000455e+02 1.422580127293636572e-04
6.043999999999999773e+02 1.658059028694180796e-04
6.046000000000000227e+02 1.936172232513846232e-04
6.047999999999999545e+02 2.263722653764272340e-04
6.050000000000000000e+02 2.640765589856318408e-04
6.052000000000000455e+02 3.056287855262882305e-04
6.053999999999999773e+02 3.501754015954514879e-04
6.056000000000000227e+02 3.969676834337562796e-04
6.057999999999999545e+02 4.452309612632798764e-04
6.060000000000000000e+02 4.947964157511912158e-04
6.062000000000000455e+02 5.456213936687547526e-04
6.063999999999999773e+02 5.974019007891554064e-04
6.066000000000000227e+02 6.492556985035337173e-04
6.067999999999999545e+02 7.011903928458955437e-04
6.070000000000000000e+02 7.540818664250724000e-04
6.072000000000000455e+02 8.085856937570165808e-04
6.073999999999999773e+02 8.658191536190144129e-04
6.076000000000000227e+02 9.266083813174091693e-04
6.077999999999999545e+02 9.903075663453104419e-04
6.080000000000000000e+02 1.056219924549855246e-03
6.082000000000000455e+02 1.123542555368572471e-03
6.083999999999999773e+02 1.191331601422236132e-03
6.086000000000000227e+02 1.259770439563587035e-03
6.087999999999999545e+02 1.329273889141919986e-03
6.090000000000000000e+02 1.400192281200612248e-03
6.092000000000000455e+02 1.473817901851722303e-03
6.093999999999999773e+02 1.550432098646370611e-03
6.096000000000000227e+02 1.629038385368170071e-03
6.097999999999999545e+02 1.708604003110032049e-03
6.100000000000000000e+02 1.787992306414746841e-03
6.102000000000000455e+02 1.865763029896304066e-03
6.103999999999999773e+02 1.940062562649413165e-03
6.106000000000000227e+02 2.010360490210381934e-03
6.107999999999999545e+02 2.077095529260496697e-03
6.110000000000000000e+02 2.141227727730457813e-03
6.112000000000000455e+02 2.205069589464251755e-03
6.113999999999999773e+02 2.271082160616545893e-03
6.116000000000000227e+02 2.341277584214851524e-03
6.117999999999999545e+02 2.418227785679920219e-03
6.120000000000000000e+02 2.503425768683273812e-03
6.122000000000000455e+02 2.597299025623763056e-03
6.123999999999999773e+02 2.701269460933177109e-03
6.126000000000000227e+02 2.816199929025821683e-03
6.127999999999999545e+02 2.942729431885700644e-03
6.130000000000000000e+02 3.082450304382930786e-03
6.132000000000000455e+02 3.234989070196473814e-03
6.133999999999999773e+02 3.399041333034421002e-03
6.136000000000000227e+02 3.574086509511983142e-03
6.137999999999999545e+02 3.759749686088486101e-03
6.140000000000000000e+02 3.954737416773155753e-03
6.142000000000000455e+02 4.156748361416463637e-03
6.143999999999999773e+02 4.365688907778093528e-03
6.146000000000000227e+02 4.579939150648995767e-03
6.147999999999999545e+02 4.795943202575871436e-03
6.150000000000000000e+02 5.013026120716843927e-03
6.152000000000000455e+02 5.230092341577483733e-03
6.153999999999999773e+02 5.446077377690166157e-03
6.156000000000000227e+02 5.662841771762028471e-03
6.157999999999999545e+02 5.880362085065564057e-03
6.160000000000000000e+02 6.097960763311053613e-03
6.162000000000000455e+02 6.316784362961584166e-03
6.163999999999999773e+02 6.535860594933718716e-03
6.166000000000000227e+02 6.754116650968568225e-03
6.167999999999999545e+02 6.972207112430679581e-03
6.170000000000000000e+02 7.190510248586108946e-03
6.172000000000000455e+02 7.408450144919626230e-03
6.173999999999999773e+02 7.625495574424235971e-03
6.176000000000000227e+02 7.845504295056208305e-03
6.177999999999999545e+02 8.071366405705684283e-03
6.180000000000000000e+02 8.304548906509032907e-03
6.182000000000000455e+02 8.548365425826152594e-03
6.183999999999999773e+02 8.803297557920589794e-03
6.186000000000000227e+02 9.068424100891363249e-03
6.187999999999999545e+02 9.344689270937643621e-03
6.190000000000000000e+02 9.630299520997960203e-03
6.192000000000000455e+02 9.923742743718716106e-03
6.193999999999999773e+02 1.022633448582230785e-02
6.196000000000000227e+02 1.053574053705826422e-02
6.197999999999999545e+02 1.085025135709224466e-02
6.200000000000000000e+02 1.117044099063945785e-02
6.202000000000000455e+02 1.149364004947851271e-02
6.203999999999999773e+02 1.181848774017742014e-02
6.206000000000000227e+02 1.214612952700691410e-02
6.207999999999999545e+02 1.247802234914319706e-02
6.210000000000000000e+02 1.281330628508325561e-02
6.212000000000000455e+02 1.315072602774008427e-02
6.213999999999999773e+02 1.349242796953976052e-02
6.216000000000000227e+02 1.383764334172089133e-02
6.217999999999999545e+02 1.418639461940621876e-02
6.220000000000000000e+02 1.454357292671395845e-02
6.222000000000000455e+02 1.491020870743364583e-02
6.223999999999999773e+02 1.528750748715572080e-02
6.226000000000000227e+02 1.567894470174041599e-02
6.227999999999999545e+02 1.608383252529649657e-02
6.230000000000000000e+02 1.650328885846556737e-02
6.232000000000000455e+02 1.694008329092800899e-02
6.233999999999999773e+02 1.739002710331437676e-02
6.236000000000000227e+02 1.785231337995224488e-02
6.237999999999999545e+02 1.832872619021837582e-02
6.240000000000000000e+02 1.881662086662554134e-02
6.242000000000000455e+02 1.931514925927079254e-02
6.243999999999999773e+02 1.982541186110466785e-02
6.246000000000000227e+02 2.034868956543795307e-02
6.247999999999999545e+02 2.088278875640849075e-02
6.250000000000000000e+02 2.142722421428776974e-02
6.252000000000000455e+02 2.198559069765949545e-02
6.253999999999999773e+02 2.255468643241734933e-02
6.256000000000000227e+02 2.313366941635712493e-02
6.257999999999999545e+02 2.372563202469234189e-02
6.260000000000000000e+02 2.432595598668849807e-02
6.262000000000000455e+02 2.493357680860272194e-02
6.263999999999999773e+02 2.555031238429104554e-02
6.266000000000000227e+02 2.617172383025202081e-02
6.267999999999999545e+02 2.679907067437420701e-02
6.270000000000000000e+02 2.743515577566838642e-02
6.272000000000000455e+02 2.807634430183692659e-02
6.273999999999999773e+02 2.872554864279152839e-02
6.276000000000000227e+02 2.938526479078565692e-02
6.277999999999999545e+02 3.005159585136021536e-02
6.280000000000000000e+02 3.072573791587211028e-02
6.282000000000000455e+02 3.141156528574548523e-02
6.283999999999999773e+02 3.211212632740444856e-02
6.286000000000000227e+02 3.282430358250364860e-02
6.287999999999999545e+02 3.354925569793354434e-02
6.290000000000000000e+02 3.429150075765970834e-02
6.292000000000000455e+02 3.504761688964096872e-02
6.293999999999999773e+02 3.582011673536567714e-02
6.296000000000000227e+02 3.661295410325181993e-02
6.297999999999999545e+02 3.742053979912703110e-02
6.300000000000000000e+02 3.824463567449484097e-02
6.302000000000000455e+02 3.908682408314277656e-02
6.303999999999999773e+02 3.994068652662434438e-02
6.306000000000000227e+02 4.080908909122300809e-02
6.307999999999999545e+02 4.169326254834625906e-02
6.310000000000000000e+02 4.258780182744732745e-02
6.312000000000000455e+02 4.349496503449312712e-02
6.313999999999999773e+02 4.441987589344559978e-02
6.316000000000000227e+02 4.536592393466641615e-02
6.317999999999999545e+02 4.632950099375538616e-02
6.320000000000000000e+02 4.731416188954737367e-02
6.322000000000000455e+02 4.832560559655525723e-02
6.323999999999999773e+02 4.935753364555819922e-02
6.326000000000000227e+02 5.041399159807768982e-02
6.327999999999999545e+02 5.149961484306449233e-02
6.330000000000000000e+02 5.260671026985074689e-02
6.332000000000000455e+02 5.373817733771035776e-02
6.333999999999999773e+02 5.489426366179734479e-02
6.336000000000000227e+02 5.606557099011075240e-02
6.337999999999999545e+02 5.725642884236947783e-02
6.340000000000000000e+02 5.846644234200278761e-02
6.342000000000000455e+02 5.968806944981825541e-02
6.343999999999999773e+02 6.092839510974450840e-02
6.346000000000000227e+02 6.218764868708186871e-02
6.347999999999999545e+02 6.346001407641156666e-02
6.350000000000000000e+02 6.474882289084941955e-02
6.352000000000000455e+02 6.605918855262443712e-02
6.353999999999999773e+02 6.739180334346016321e-02
6.356000000000000227e+02 6.873946911979081364e-02
6.357999999999999545e+02 7.010897756240498657e-02
6.360000000000000000e+02 7.150551724551679200e-02
6.362000000000000455e+02 7.292224074817196811e-02
6.363999999999999773e+02 7.436780196236565665e-02
6.366000000000000227e+02 7.584458055219668593e-02
6.367999999999999545e+02 7.734389526676883897e-02
6.370000000000000000e+02 7.887464531472206108e-02
6.372000000000000455e+02 8.043609280239147341e-02
6.373999999999999773e+02 8.201993830711391820e-02
6.376000000000000227e+02 8.363594426499006140e-02
6.377999999999999545e+02 8.527977452680840509e-02
6.380000000000000000e+02 8.694299876250512205e-02
6.382000000000000455e+02 8.863528733345502064e-02
6.383999999999999773e+02 9.035118741144200494e-02
6.386000000000000227e+02 9.208269541082129972e-02
6.387999999999999545e+02 9.383446512520397798e-02
6.390000000000000000e+02 9.561403909502791398e-02
6.392000000000000455e+02 9.742102026882405730e-02
6.393999999999999773e+02 9.924789398899036552e-02
6.396000000000000227e+02 1.011066312854358440e-01
6.397999999999999545e+02 1.029979955128368513e-01
6.400000000000000000e+02 1.049123717806942635e-01
6.402000000000000455e+02 1.068629591831227743e-01
6.403999999999999773e+02 1.088475687978467388e-01
6.406000000000000227e+02 1.108580722532584717e-01
6.407999999999999545e+02 1.129090470725093998e-01
6.410000000000000000e+02 1.149949635237456358e-01
6.412000000000000455e+02 1.171089813757913989e-01
6.413999999999999773e+02 1.192645760020057816e-01
6.416000000000000227e+02 1.214521074897177144e-01
6.417999999999999545e+02 1.236671730351019544e-01
6.420000000000000000e+02 1.259242032833515490e-01
6.422000000000000455e+02 1.282150421315318423e-01
6.423999999999999773e+02 1.305360233518253199e-01
6.426000000000000227e+02 1.328966856420467357e-01
6.427999999999999545e+02 1.353051189467298632e-01
6.430000000000000000e+02 1.377528993569887006e-01
6.432000000000000455e+02 1.402286169145166850e-01
6.433999999999999773e+02 1.427471712943466087e-01
6.436000000000000227e+02 1.453011303894318762e-01
6.437999999999999545e+02 1.478811111422726754e-01
6.440000000000000000e+02 1.505049718224839295e-01
6.442000000000000455e+02 1.531632541152925520e-01
6.443999999999999773e+02 1.558515076159241453e-01
6.446000000000000227e+02 1.585897388907445416e-01
6.447999999999999545e+02 1.613660192796460835e-01
6.450000000000000000e+02 1.641787891928030707e-01
6.452000000000000455e+02 1.670450255921065164e-01
6.453999999999999773e+02 1.699507590186779826e-01
6.456000000000000227e+02 1.728904547279206672e-01
6.457999999999999545e+02 1.758740703401844296e-01
6.460000000000000000e+02 1.789114739987826552e-01
6.462000000000000455e+02 1.819917558560464610e-01
6.463999999999999773e+02 1.851046744239075725e-01
6.466000000000000227e+02 1.882691183735683560e-01
6.467999999999999545e+02 1.914724698524316593e-01
6.470000000000000000e+02 1.947065516895733761e-01
6.472000000000000455e+02 1.979949878298061794e-01
6.473999999999999773e+02 2.013236838631859704e-01
6.476000000000000227e+02 2.046891622270089472e-01
6.477999999999999545e+02 2.081114774418683366e-01
6.480000000000000000e+02 2.115678990294942718e-01
6.482000000000000455e+02 2.150559096541109771e-01
6.483999999999999773e+02 2.185917873386299670e-01
6.486000000000000227e+02 2.221522407171564184e-01
6.487999999999999545e+02 2.257433974156770051e-01
6.490000000000000000e+02 2.293824209262084468e-01
6.492000000000000455e+02 2.330483634222758893e-01
6.493999999999999773e+02 2.367389798818854696e-01
6.496000000000000227e+02 2.404657432077212387e-01
6.497999999999999545e+02 2.442359689699350467e-01
6.500000000000000000e+02 2.480281007326197718e-01
6.502000000000000455e+02 2.518354354274769946e-01
6.503999999999999773e+02 2.556785278633447178e-01
6.506000000000000227e+02 2.595331656951747612e-01
6.507999999999999545e+02 2.633965769160389048e-01
6.510000000000000000e+02 2.672904151431212405e-01
6.512000000000000455e+02 2.711919343742075772e-01
6.513999999999999773e+02 2.751081344365538528e-01
6.516000000000000227e+02 2.790592666011545431e-01
6.517999999999999545e+02 2.830207151210133443e-01
6.520000000000000000e+02 2.870059472199448791e-01
6.522000000000000455e+02 2.910321249874802119e-01
6.523999999999999773e+02 2.950759937006020572e-01
6.526000000000000227e+02 2.991573867442788304e-01
6.527999999999999545e+02 3.032897679259513590e-01
6.530000000000000000e+02 3.074503202621098885e-01
6.532000000000000455e+02 3.116433598005759475e-01
6.533999999999999773e+02 3.158839373462346556e-01
6.536000000000000227e+02 3.201791289142730257e-01
6.537999999999999545e+02 3.245040506694583660e-01
6.540000000000000000e+02 3.288636093514130110e-01
6.542000000000000455e+02 3.332760103394978857e-01
6.543999999999999773e+02 3.377088337076187829e-01
6.546000000000000227e+02 3.421692502801184643e-01
6.547999999999999545e+02 3.466713798347439979e-01
6.550000000000000000e+02 3.511825956715773911e-01
6.552000000000000455e+02 3.557185276220631298e-01
6.553999999999999773e+02 3.602897346992108840e-01
6.556000000000000227e+02 3.648652713159477590e-01
6.557999999999999545e+02 3.694671684192644134e-01
6.560000000000000000e+02 3.740994488298409748e-01
6.562000000000000455e+02 3.787328767743090019e-01
6.563999999999999773e+02 3.833949795166199381e-01
6.566000000000000227e+02 3.880894913470506191e-01
6.567999999999999545e+02 3.927942414120709214e-01
6.570000000000000000e+02 3.975205687468135740e-01
6.572000000000000455e+02 4.022867699007434128e-01
6.573999999999999773e+02 4.070953862870902995e-01
6.576000000000000227e+02 4.119175277772099131e-01
6.577999999999999545e+02 4.167696748158720710e-01
6.580000000000000000e+02 4.216633081590531185e-01
6.582000000000000455e+02 4.265638300028791741e-01
6.583999999999999773e+02 4.314903133620034414e-01
6.586000000000000227e+02 4.364457191428490201e-01
6.587999999999999545e+02 4.413946832595234127e-01
6.590000000000000000e+02 4.463618475554533283e-01
6.592000000000000455e+02 4.513437285636099361e-01
6.593999999999999773e+02 4.563080466422674841e-01
6.596000000000000227e+02 4.612797230397172599e-01
6.597999999999999545e+02 4.662508780525358998e-01
6.600000000000000000e+02 4.711950261262098927e-01
6.602000000000000455e+02 4.761258379891382120e-01
6.603999999999999773e+02 4.810638676876255460e-01
6.606000000000000227e+02 4.860108932723148367e-01
6.607999999999999545e+02 4.909403078342928217e-01
6.610000000000000000e+02 4.958765145112933870e-01
6.612000000000000455e+02 5.008307708798812596e-01
6.613999999999999773e+02 5.057743311744000714e-01
6.616000000000000227e+02 5.107378503214111687e-01
6.617999999999999545e+02 5.157270559607665117e-01
6.620000000000000000e+02 5.207148023583982877e-01
6.622000000000000455e+02 5.257293698133167492e-01
6.623999999999999773e+02 5.307615870211801479e-01
6.626000000000000227e+02 5.357839202170033843e-01
6.627999999999999545e+02 5.408278501932838322e-01
6.630000000000000000e+02 5.458772698188570915e-01
6.632000000000000455e+02 5.509088792015147673e-01
6.633999999999999773e+02 5.559513424109219226e-01
6.636000000000000227e+02 5.609859219495292315e-01
6.637999999999999545e+02 5.659897810512782845e-01
6.640000000000000000e+02 5.709730957898078163e-01
6.642000000000000455e+02 5.759495409528350152e-01
6.643999999999999773e+02 5.809086502028497634e-01
6.646000000000000227e+02 5.858252216742770857e-01
6.647999999999999545e+02 5.907273114795311697e-01
6.650000000000000000e+02 5.956116723483159126e-01
6.652000000000000455e+02 6.004559184619957524e-01
6.653999999999999773e+02 6.052961454920567919e-01
6.656000000000000227e+02 6.101258099948588809e-01
6.657999999999999545e+02 6.149278682971355270e-01
6.660000000000000000e+02 6.197356506157903899e-01
6.662000000000000455e+02 6.245312101810165384e-01
6.663999999999999773e+02 6.293015199133353832e-01
6.666000000000000227e+02 6.340813944816782177e-01
6.667999999999999545e+02 6.388516069533691777e-01
6.670000000000000000e+02 6.436074609787751921e-01
6.672000000000000455e+02 6.483781270685855525e-01
6.673999999999999773e+02 6.531401902670923576e-01
6.676000000000000227e+02 6.578827167678323873e-01
6.677999999999999545e+02 6.626217746782603335e-01
6.680000000000000000e+02 6.673726317878034830e-01
6.682000000000000455e+02 6.721174172566609650e-01
6.683999999999999773e+02 6.768360468649424755e-01
6.686000000000000227e+02 6.815551035262025215e-01
6.687999999999999545e+02 6.862549217542790458e-01
6.690000000000000000e+02 6.909161960204220909e-01
6.692000000000000455e+02 6.955648719809773839e-01
6.693999999999999773e+02 7.001750827556448842e-01
6.696000000000000227e+02 7.047354726032839523e-01
6.697999999999999545e+02 7.092744584338614988e-01
6.700000000000000000e+02 7.137663727045878703e-01
6.702000000000000455e+02 7.182094651683226250e-01
6.703999999999999773e+02 7.226294715857451978e-01
6.706000000000000227e+02 7.270016853447384131e-01
6.707999999999999545e+02 7.313344183677981114e-01
6.710000000000000000e+02 7.356525350341343028e-01
6.712000000000000455e+02 7.399357491129080477e-01
6.713999999999999773e+02 7.441864495514737277e-01
6.716000000000000227e+02 7.484244149409685631e-01
6.717999999999999545e+02 7.526641717706864521e-01
6.720000000000000000e+02 7.568893773877433118e-01
6.722000000000000455e+02 7.610959164222961260e-01
6.723999999999999773e+02 7.653073368427416590e-01
6.726000000000000227e+02 7.694949148062686373e-01
6.727999999999999545e+02 7.736493453203825421e-01
6.730000000000000000e+02 7.777899023651260180e-01
6.732000000000000455e+02 7.818868133613826599e-01
6.733999999999999773e+02 7.859393702601917830e-01
6.736000000000000227e+02 7.899642520137625246e-01
6.737999999999999545e+02 7.939316798968779620e-01
6.740000000000000000e+02 7.978491241189910044e-01
6.742000000000000455e+02 8.017317520388150820e-01
6.743999999999999773e+02 8.055548435600936585e-01
6.746000000000000227e+02 8.093364630414332517e-01
6.747999999999999545e+02 8.130940136058993906e-01
6.750000000000000000e+02 8.168116632255317811e-01
6.752000000000000455e+02 8.204990360106988456e-01
6.753999999999999773e+02 8.241738000727351077e-01
6.756000000000000227e+02 8.278437835621329510e-01
6.757999999999999545e+02 8.314880246312340573e-01
6.760000000000000000e+02 8.351090700030163738e-01
6.762000000000000455e+02 8.387225924961730916e-01
6.763999999999999773e+02 8.422996589336704254e-01
6.766000000000000227e+02 8.458399819796768027e-01
6.767999999999999545e+02 8.493511584591566521e-01
6.770000000000000000e+02 8.528037052140907681e-01
6.772000000000000455e+02 8.562053520086022607e-01
6.773999999999999773e+02 8.595635351366071042e-01
6.776000000000000227e+02 8.628530089775383605e-01
6.777999999999999545e+02 8.660856193775324785e-01
6.780000000000000000e+02 8.692676265472775166e-01
6.782000000000000455e+02 8.723835326280199309e-01
6.783999999999999773e+02 8.754454523327017679e-01
6.786000000000000227e+02 8.784729443504116775e-01
6.787999999999999545e+02 8.814765579377156213e-01
6.790000000000000000e+02 8.844415122198328039e-01
6.792000000000000455e+02 8.873747914142181559e-01
6.793999999999999773e+02 8.902907884927595550e-01
6.796000000000000227e+02 8.931745887063481382e-01
6.797999999999999545e+02 8.960385167371885951e-01
6.800000000000000000e+02 8.988938390187922733e-01
6.802000000000000455e+02 9.017206980083757317e-01
6.803999999999999773e+02 9.045292523325236811e-01
6.806000000000000227e+02 9.073216971137577636e-01
6.807999999999999545e+02 9.100754215165142158e-01
6.810000000000000000e+02 9.127989402909690853e-01
6.812000000000000455e+02 9.154875099523496207e-01
6.813999999999999773e+02 9.181199838762166276e-01
6.816000000000000227e+02 9.207062716148354253e-01
6.817999999999999545e+02 9.232401957745665078e-01
6.820000000000000000e+02 9.257046412874586627e-01
6.822000000000000455e+02 9.281044316800852734e-01
6.823999999999999773e+02 9.304479298957416544e-01
6.826000000000000227e+02 9.327360587088860955e-01
6.827999999999999545e+02 9.349578344012966502e-01
6.830000000000000000e+02 9.371228942419012053e-01
6.832000000000000455e+02 9.392357140402283200e-01
6.833999999999999773e+02 9.412820845423692795e-01
6.836000000000000227e+02 9.432729167679839710e-01
6.837999999999999545e+02 9.452110570406542234e-01
6.840000000000000000e+02 9.470857296214709731e-01
6.842000000000000455e+02 9.489104809049694333e-01
6.843999999999999773e+02 9.506880091533085331e-01
6.846000000000000227e+02 9.524137886541920173e-01
6.847999999999999545e+02 9.541047399475548474e-01
6.850000000000000000e+02 9.557610870948534121e-01
6.852000000000000455e+02 9.573771591686117688e-01
6.853999999999999773e+02 9.589629168324110831e-01
6.856000000000000227e+02 9.605161627913932909e-01
6.857999999999999545e+02 9.620334374736856375e-01
6.860000000000000000e+02 9.635203881145085747e-01
6.862000000000000455e+02 9.649794632799223448e-01
6.863999999999999773e+02 9.664054502729234608e-01
6.866000000000000227e+02 9.677889593001790525e-01
6.867999999999999545e+02 9.691351638591156892e-01
6.870000000000000000e+02 9.704418025737788778e-01
6.872000000000000455e+02 9.717017635833664624e-01
6.873999999999999773e+02 9.729265868285074115e-01
6.876000000000000227e+02 9.741191971718772269e-01
6.877999999999999545e+02 9.752798087603973265e-01
6.880000000000000000e+02 9.764220010085102874e-01
6.882000000000000455e+02 9.775474156503866086e-01
6.883999999999999773e+02 9.786560480221295766e-01
6.886000000000000227e+02 9.797565092590468927e-01
6.887999999999999545e+02 9.808453411732490634e-01
6.890000000000000000e+02 9.819210178359617514e-01
6.892000000000000455e+02 9.829923277264218662e-01
6.893999999999999773e+02 9.840708868690144495e-01
6.896000000000000227e+02 9.851596909432385196e-01
6.897999999999999545e+02 9.862536475001614233e-01
6.900000000000000000e+02 9.873517968182509152e-01
6.902000000000000455e+02 9.884420529930336707e-01
6.903999999999999773e+02 9.895087088436468337e-01
6.906000000000000227e+02 9.905500212716374930e-01
6.907999999999999545e+02 9.915547159156842261e-01
6.910000000000000000e+02 9.925099830574395376e-01
6.912000000000000455e+02 9.934120467703665414e-01
6.913999999999999773e+02 9.942474770872469225e-01
6.916000000000000227e+02 9.950059677553467763e-01
6.917999999999999545e+02 9.956876289781144695e-01
6.920000000000000000e+02 9.962879414827888747e-01
6.922000000000000455e+02 9.968073210362754510e-01
6.923999999999999773e+02 9.972534589926725923e-01
6.926000000000000227e+02 9.976338330113428965e-01
6.927999999999999545e+02 9.979585978040165228e-01
6.930000000000000000e+02 9.982389761836389930e-01
6.932000000000000455e+02 9.984824526712612336e-01
6.933999999999999773e+02 9.986944401296232732e-01
6.936000000000000227e+02 9.988799900180034275e-01
6.937999999999999545e+02 9.990450318377124272e-01
6.940000000000000000e+02 9.991935419024635667e-01
6.942000000000000455e+02 9.993292685363627248e-01
6.943999999999999773e+02 9.994569155102320801e-01
6.946000000000000227e+02 9.995796905401743704e-01
6.947999999999999545e+02 9.996981845325401128e-01
6.950000000000000000e+02 9.998088699230368581e-01
6.952000000000000455e+02 9.999012693541776686e-01
6.953999999999999773e+02 9.999662994536254734e-01
6.956000000000000227e+02 9.999992440103739888e-01
6.957999999999999545e+02 1.000000000000000000e+00
6.960000000000000000e+02 9.999695070176344291e-01
6.962000000000000455e+02 9.999076617594743199e-01
6.963999999999999773e+02 9.998124336826501590e-01
6.966000000000000227e+02 9.996877069436668206e-01
6.967999999999999545e+02 9.995378761712926385e-01
6.970000000000000000e+02 9.993625845900137028e-01
6.972000000000000455e+02 9.991600731460962281e-01
6.973999999999999773e+02 9.989285978010534750e-01
6.976000000000000227e+02 9.986673502607877895e-01
6.977999999999999545e+02 9.983770985328490610e-01
6.980000000000000000e+02 9.980593322279353030e-01
6.982000000000000455e+02 9.977157213777612110e-01
6.983999999999999773e+02 9.973483493549160084e-01
6.986000000000000227e+02 9.969593378531599326e-01
6.987999999999999545e+02 9.965511437367917669e-01
6.990000000000000000e+02 9.961297409404749059e-01
6.992000000000000455e+02 9.957008809424902074e-01
6.993999999999999773e+02 9.952681958297183717e-01
6.996000000000000227e+02 9.948375338266366441e-01
6.997999999999999545e+02 9.944151812102516308e-01
7.000000000000000000e+02 9.940064690063420416e-01
7.002000000000000455e+02 9.936153263319591478e-01
7.003999999999999773e+02 9.932434674585982615e-01
7.006000000000000227e+02 9.928902287334885335e-01
7.007999999999999545e+02 9.925552274423600219e-01
7.010000000000000000e+02 9.922393993277358604e-01
7.012000000000000455e+02 9.919448319358131760e-01
7.013999999999999773e+02 9.916711008813275940e-01
7.016000000000000227e+02 9.914155807485977023e-01
7.017999999999999545e+02 9.911742798535218002e-01
7.020000000000000000e+02 9.909450917492846900e-01
7.022000000000000455e+02 9.907275179814971633e-01
7.023999999999999773e+02 9.905220710329618594e-01
7.026000000000000227e+02 9.903282608511917440e-01
7.027999999999999545e+02 9.901453553869611346e-01
7.030000000000000000e+02 9.899732359913046009e-01
7.032000000000000455e+02 9.898141140239345992e-01
7.033999999999999773e+02 9.896687634345634477e-01
7.036000000000000227e+02 9.895351345097911366e-01
7.037999999999999545e+02 9.894105348021909885e-01
7.040000000000000000e+02 9.892917464618385948e-01
7.042000000000000455e+02 9.891746966345532632e-01
7.043999999999999773e+02 9.890533631808692272e-01
7.046000000000000227e+02 9.889215280725013324e-01
7.047999999999999545e+02 9.887735870905434155e-01
7.050000000000000000e+02 9.886046843199819412e-01
7.052000000000000455e+02 9.884097648302345718e-01
7.053999999999999773e+02 9.881838501078279435e-01
7.056000000000000227e+02 9.879244524502178715e-01
7.057999999999999545e+02 9.876296995919437993e-01
7.060000000000000000e+02 9.872977109997059797e-01
7.062000000000000455e+02 9.869271587236468912e-01
7.063999999999999773e+02 9.865188508579503246e-01
7.066000000000000227e+02 9.860754017442612263e-01
7.067999999999999545e+02 9.855978671727246843e-01
7.070000000000000000e+02 9.850838393916782065e-01
7.072000000000000455e+02 9.845288709432259422e-01
7.073999999999999773e+02 9.839331385379253003e-01
7.076000000000000227e+02 9.832952718568163109e-01
7.077999999999999545e+02 9.826113305613853877e-01
7.080000000000000000e+02 9.818784545571360711e-01
7.082000000000000455e+02 9.810947209045324247e-01
7.083999999999999773e+02 9.802592635477743732e-01
7.086000000000000227e+02 9.793729000716047128e-01
7.087999999999999545e+02 9.784371751749070256e-01
7.090000000000000000e+02 9.774544585693609733e-01
7.092000000000000455e+02 9.764291348818273653e-01
7.093999999999999773e+02 9.753677954398848327e-01
7.096000000000000227e+02 9.742790778663044104e-01
7.097999999999999545e+02 9.731730848644393195e-01
7.100000000000000000e+02 9.720589426364036889e-01
7.102000000000000455e+02 9.709444709669283746e-01
7.103999999999999773e+02 9.698369464267272422e-01
7.106000000000000227e+02 9.687414412292163490e-01
7.107999999999999545e+02 9.676607960704802780e-01
7.110000000000000000e+02 9.665964302927124718e-01
7.112000000000000455e+02 9.655466585622959341e-01
7.113999999999999773e+02 9.645080595609835106e-01
7.116000000000000227e+02 9.634792204429898366e-01
7.117999999999999545e+02 9.624532956426312680e-01
7.120000000000000000e+02 9.614200719398102724e-01
7.122000000000000455e+02 9.603741298195312970e-01
7.123999999999999773e+02 9.593091958530335361e-01
7.126000000000000227e+02 9.582179410882279980e-01
7.127999999999999545e+02 9.570945044082863618e-01
7.130000000000000000e+02 9.559347700560657524e-01
7.132000000000000455e+02 9.547357473172566333e-01
7.133999999999999773e+02 9.534943689573055492e-01
7.136000000000000227e+02 9.522076260868336250e-01
7.137999999999999545e+02 9.508740408532706523e-01
7.140000000000000000e+02 9.494964516809757393e-01
7.142000000000000455e+02 9.480785968947835762e-01
7.143999999999999773e+02 9.466228856439740103e-01
7.146000000000000227e+02 9.451280142003053442e-01
7.147999999999999545e+02 9.435963320670042176e-01
7.150000000000000000e+02 9.420324907339993059e-01
7.152000000000000455e+02 9.404394026220389557e-01
7.153999999999999773e+02 9.388280430952489208e-01
7.156000000000000227e+02 9.372104996390162590e-01
7.157999999999999545e+02 9.355863260431105388e-01
7.160000000000000000e+02 9.339576377573614030e-01
7.162000000000000455e+02 9.323292525748713144e-01
7.163999999999999773e+02 9.307048660487707847e-01
7.166000000000000227e+02 9.290893735126974917e-01
7.167999999999999545e+02 9.274876234645473838e-01
7.170000000000000000e+02 9.259016912916065989e-01
7.172000000000000455e+02 9.243294037349800707e-01
7.173999999999999773e+02 9.227664934421815346e-01
7.176000000000000227e+02 9.212098093387449671e-01
7.177999999999999545e+02 9.196580415976870482e-01
7.180000000000000000e+02 9.181098857728652307e-01
7.182000000000000455e+02 9.165614404456595699e-01
7.183999999999999773e+02 9.150073320085706507e-01
7.186000000000000227e+02 9.134420159948155593e-01
7.187999999999999545e+02 9.118611161557579337e-01
7.190000000000000000e+02 9.102604563608093224e-01
7.192000000000000455e+02 9.086374512963859562e-01
7.193999999999999773e+02 9.069925731791966816e-01
7.196000000000000227e+02 9.053221865699647708e-01
7.197999999999999545e+02 9.036243601906408518e-01
7.200000000000000000e+02 9.019057040440414674e-01
7.202000000000000455e+02 9.001650532292336804e-01
7.203999999999999773e+02 8.984004660847998425e-01
7.206000000000000227e+02 8.966184703935976552e-01
7.207999999999999545e+02 8.948231515532499847e-01
7.210000000000000000e+02 8.930166664421094191e-01
7.212000000000000455e+02 8.912010980327816911e-01
7.213999999999999773e+02 8.893779600550634212e-01
7.216000000000000227e+02 8.875481849164122972e-01
7.217999999999999545e+02 8.857123270361233480e-01
7.220000000000000000e+02 8.838724145969100165e-01
7.222000000000000455e+02 8.820305575496735218e-01
7.223999999999999773e+02 8.801873687082585329e-01
7.226000000000000227e+02 8.783421566973522721e-01
7.227999999999999545e+02 8.764939267253364363e-01
7.230000000000000000e+02 8.746424670069614660e-01
7.232000000000000455e+02 8.727898519985786141e-01
7.233999999999999773e+02 8.709368282843156228e-01
7.236000000000000227e+02 8.690809565447599194e-01
7.237999999999999545e+02 8.672287875701328863e-01
7.240000000000000000e+02 8.653848466084697044e-01
7.242000000000000455e+02 8.635430680488581645e-01
7.243999999999999773e+02 8.617020667293577851e-01
7.246000000000000227e+02 8.598618301576628209e-01
7.247999999999999545e+02 8.580204204483883323e-01
7.250000000000000000e+02 8.561773771161006463e-01
7.252000000000000455e+02 8.543320549125226204e-01
7.253999999999999773e+02 8.524825452116900903e-01
7.256000000000000227e+02 8.506287500572295990e-01
7.257999999999999545e+02 8.487709355518247012e-01
7.260000000000000000e+02 8.469087372803817404e-01
7.262000000000000455e+02 8.450426695622287321e-01
7.263999999999999773e+02 8.431748985724615286e-01
7.266000000000000227e+02 8.413091331062743095e-01
7.267999999999999545e+02 8.394463426340061929e-01
7.270000000000000000e+02 8.375847160833345129e-01
7.272000000000000455e+02 8.357203148015561744e-01
7.273999999999999773e+02 8.338511168905463622e-01
7.276000000000000227e+02 8.319773275313571137e-01
7.277999999999999545e+02 8.300998086680047017e-01
7.280000000000000000e+02 8.282109498096535960e-01
7.282000000000000455e+02 8.263090581612503316e-01
7.283999999999999773e+02 8.244037411827043194e-01
7.286000000000000227e+02 8.224931718433150518e-01
7.287999999999999545e+02 8.205759497181971396e-01
7.290000000000000000e+02 8.186573176472571323e-01
7.292000000000000455e+02 8.167409483058937214e-01
7.293999999999999773e+02 8.148287301615977363e-01
7.296000000000000227e+02 8.129210498539422014e-01
7.297999999999999545e+02 8.110176838021594392e-01
7.300000000000000000e+02 8.091165341264618949e-01
7.302000000000000455e+02 8.072132823320338213e-01
7.303999999999999773e+02 8.053036944132510033e-01
7.306000000000000227e+02 8.033857318581394402e-01
7.307999999999999545e+02 8.014601208405218724e-01
7.310000000000000000e+02 7.995279215530578520e-01
7.312000000000000455e+02 7.975904791328406462e-01
7.313999999999999773e+02 7.956497097071373314e-01
7.316000000000000227e+02 7.937088000267018550e-01
7.317999999999999545e+02 7.917663125090691478e-01
7.320000000000000000e+02 7.898168642959862984e-01
7.322000000000000455e+02 7.878653240762827359e-01
7.323999999999999773e+02 7.859092444339059735e-01
7.326000000000000227e+02 7.839364015041466738e-01
7.327999999999999545e+02 7.819467749308421922e-01
7.330000000000000000e+02 7.799447195770894403e-01
7.332000000000000455e+02 7.779349319101842575e-01
7.333999999999999773e+02 7.759206694080702515e-01
7.336000000000000227e+02 7.739038202141170775e-01
7.337999999999999545e+02 7.718854137941880689e-01
7.340000000000000000e+02 7.698672740106519141e-01
7.342000000000000455e+02 7.678499703348192762e-01
7.343999999999999773e+02 7.658323665529046531e-01
7.346000000000000227e+02 7.638128782022459706e-01
7.347999999999999545e+02 7.617889468112856166e-01
7.350000000000000000e+02 7.597574543428458060e-01
7.352000000000000455e+02 7.577169256146106813e-01
7.353999999999999773e+02 7.556694130109167240e-01
7.356000000000000227e+02 7.536198633328901053e-01
7.357999999999999545e+02 7.515721660491869738e-01
7.360000000000000000e+02 7.495310042553386953e-01
7.362000000000000455e+02 7.475010267011780174e-01
7.363999999999999773e+02 7.454827795302477744e-01
7.366000000000000227e+02 7.434836708101886238e-01
7.367999999999999545e+02 7.415138354928154651e-01
7.370000000000000000e+02 7.395650615252633564e-01
7.372000000000000455e+02 7.376312889915253024e-01
7.373999999999999773e+02 7.357118648872952305e-01
7.376000000000000227e+02 7.338035657188640704e-01
7.377999999999999545e+02 7.319046482983356805e-01
7.380000000000000000e+02 7.300163922714508757e-01
7.382000000000000455e+02 7.281438239033014570e-01
7.383999999999999773e+02 7.262909745056617128e-01
7.386000000000000227e+02 7.244589555151540461e-01
7.387999999999999545e+02 7.226443254123892102e-01
7.390000000000000000e+02 7.208418315718845282e-01
7.392000000000000455e+02 7.190454252690496872e-01
7.393999999999999773e+02 7.172488436641376586e-01
7.396000000000000227e+02 7.154457608327544627e-01
7.397999999999999545e+02 7.136304017819214973e-01
7.400000000000000000e+02 7.117986791853637696e-01
7.402000000000000455e+02 7.099441451776523637e-01
7.403999999999999773e+02 7.080631792760533338e-01
7.406000000000000227e+02 7.061674601655815176e-01
7.407999999999999545e+02 7.042619045262240585e-01
7.410000000000000000e+02 7.023455434190059021e-01
7.412000000000000455e+02 7.004226735651508662e-01
7.413999999999999773e+02 6.984929571311951912e-01
7.416000000000000227e+02 6.965527177983467100e-01
7.417999999999999545e+02 6.946014253750875111e-01
7.420000000000000000e+02 6.926406429379501350e-01
7.422000000000000455e+02 6.906722109534577658e-01
7.423999999999999773e+02 6.886956428252037909e-01
7.426000000000000227e+02 6.867113715943924390e-01
7.427999999999999545e+02 6.847219532285747645e-01
7.430000000000000000e+02 6.827330115602336935e-01
7.432000000000000455e+02 6.807494589083296077e-01
7.433999999999999773e+02 6.787753396719629073e-01
7.436000000000000227e+02 6.768146054506599674e-01
7.437999999999999545e+02 6.748695617010981307e-01
7.440000000000000000e+02 6.729393524442512931e-01
7.442000000000000455e+02 6.710180713143767406e-01
7.443999999999999773e+02 6.691018633282276307e-01
7.446000000000000227e+02 6.671872746219426054e-01
7.447999999999999545e+02 6.652680172636992184e-01
7.450000000000000000e+02 6.633499567809086894e-01
7.452000000000000455e+02 6.614421523060746155e-01
7.453999999999999773e+02 6.595417623527342066e-01
7.456000000000000227e+02 6.576506719335288853e-01
7.457999999999999545e+02 6.557733121859234959e-01
7.460000000000000000e+02 6.539103146141471701e-01
7.462000000000000455e+02 6.520614647945025544e-01
7.463999999999999773e+02 6.502256264828103483e-01
7.466000000000000227e+02 6.483996991759021222e-01
7.467999999999999545e+02 6.465776792026595166e-01
7.470000000000000000e+02 6.447530154563696492e-01
7.472000000000000455e+02 6.429218214518652719e-01
7.473999999999999773e+02 6.410840378937238127e-01
7.476000000000000227e+02 6.392416794819074655e-01
7.477999999999999545e+02 6.373966467984080175e-01
7.480000000000000000e+02 6.355488300319197537e-01
7.482000000000000455e+02 6.336974594132328553e-01
7.483999999999999773e+02 6.318422364222946452e-01
7.486000000000000227e+02 6.299779188663353624e-01
7.487999999999999545e+02 6.281025909113941985e-01
7.490000000000000000e+02 6.262254275410996662e-01
7.492000000000000455e+02 6.243437351773817312e-01
7.493999999999999773e+02 6.224507607851016422e-01
7.496000000000000227e+02 6.205457038769429667e-01
7.497999999999999545e+02 6.186285224756105094e-01
7.500000000000000000e+02 6.167008192839463776e-01
7.502000000000000455e+02 6.147671845722412209e-01
7.503999999999999773e+02 6.128315215539595906e-01
7.506000000000000227e+02 6.108959077446111108e-01
7.507999999999999545e+02 6.089600491356227385e-01
7.510000000000000000e+02 6.070240193912870286e-01
7.512000000000000455e+02 6.050884943253591608e-01
7.513999999999999773e+02 6.031543931840861461e-01
7.516000000000000227e+02 6.012203917708084377e-01
7.517999999999999545e+02 5.992846277244323616e-01
7.520000000000000000e+02 5.973463929996239985e-01
7.522000000000000455e+02 5.954064482877368114e-01
7.523999999999999773e+02 5.934648557050474782e-01
7.526000000000000227e+02 5.915198774927805658e-01
7.527999999999999545e+02 5.895731370245335112e-01
7.530000000000000000e+02 5.876231586163049858e-01
7.532000000000000455e+02 5.856619325363928708e-01
7.533999999999999773e+02 5.836904737426545919e-01
7.536000000000000227e+02 5.817085177260756801e-01
7.537999999999999545e+02 5.797080381079601219e-01
7.540000000000000000e+02 5.776882556801473667e-01
7.542000000000000455e+02 5.756520853269914140e-01
7.543999999999999773e+02 5.736032179826638933e-01
7.546000000000000227e+02 5.715469792102140234e-01
7.547999999999999545e+02 5.694870096653992242e-01
7.550000000000000000e+02 5.674232974866902923e-01
7.552000000000000455e+02 5.653550360614173487e-01
7.553999999999999773e+02 5.632824623825729571e-01
7.556000000000000227e+02 5.612077104641125525e-01
7.557999999999999545e+02 5.591333295746574450e-01
7.560000000000000000e+02 5.570606308884076263e-01
7.562000000000000455e+02 5.549889398892352554e-01
7.563999999999999773e+02 5.529172497486914972e-01
7.566000000000000227e+02 5.508462886862467434e-01
7.567999999999999545e+02 5.487775907013118237e-01
7.570000000000000000e+02 5.467028786009965335e-01
7.572000000000000455e+02 5.446192820135586921e-01
7.573999999999999773e+02 5.425342664476061616e-01
7.576000000000000227e+02 5.404444841014953704e-01
7.577999999999999545e+02 5.383476461964723514e-01
7.580000000000000000e+02 5.362474355706399187e-01
7.582000000000000455e+02 5.341435876683409134e-01
7.583999999999999773e+02 5.320352599085684808e-01
7.586000000000000227e+02 5.299230270894420558e-01
7.587999999999999545e+02 5.278088488678213119e-01
7.590000000000000000e+02 5.256957160978981136e-01
7.592000000000000455e+02 5.235874684410893876e-01
7.593999999999999773e+02 5.214883387809280402e-01
7.596000000000000227e+02 5.193993022498157863e-01
7.597999999999999545e+02 5.173174823301348590e-01
7.600000000000000000e+02 5.152411557895504313e-01
7.602000000000000455e+02 5.131691245638988486e-01
7.603999999999999773e+02 5.110998411111472572e-01
7.606000000000000227e+02 5.090296107926691738e-01
7.607999999999999545e+02 5.069556991070948149e-01
7.610000000000000000e+02 5.048778645223064299e-01
7.612000000000000455e+02 5.027986539295046242e-01
7.613999999999999773e+02 5.007154425283026900e-01
7.616000000000000227e+02 4.986224014226466883e-01
7.617999999999999545e+02 4.965291071523096345e-01
7.620000000000000000e+02 4.944422480112387053e-01
7.622000000000000455e+02 4.923619979308171413e-01
7.623999999999999773e+02 4.902944018703072615e-01
7.626000000000000227e+02 4.882424332130886890e-01
7.627999999999999545e+02 4.862045210105809256e-01
7.630000000000000000e+02 4.841808409722521689e-01
7.632000000000000455e+02 4.821670335815851915e-01
7.633999999999999773e+02 4.801602032744556880e-01
7.636000000000000227e+02 4.781831326909704583e-01
7.637999999999999545e+02 4.762349966664153333e-01
7.640000000000000000e+02 4.742903322222354334e-01
7.642000000000000455e+02 4.723471885455671204e-01
7.643999999999999773e+02 4.704059862408710435e-01
7.646000000000000227e+02 4.684627438630740714e-01
7.647999999999999545e+02 4.665147908303780566e-01
7.650000000000000000e+02 4.645591793978730566e-01
7.652000000000000455e+02 4.625925824099242911e-01
7.653999999999999773e+02 4.606145641289334236e-01
7.656000000000000227e+02 4.586258868049182258e-01
7.657999999999999545e+02 4.566275983110058556e-01
7.660000000000000000e+02 4.546207808244576154e-01
7.662000000000000455e+02 4.526069602353495758e-01
7.663999999999999773e+02 4.505883906482593959e-01
7.666000000000000227e+02 4.485677794488208137e-01
7.667999999999999545e+02 4.465486180747031408e-01
7.670000000000000000e+02 4.445353054541862914e-01
7.672000000000000455e+02 4.425312082133698866e-01
7.673999999999999773e+02 4.405383386391491518e-01
7.676000000000000227e+02 4.385571865030333250e-01
7.677999999999999545e+02 4.365883425464678891e-01
7.680000000000000000e+02 4.346315481200450637e-01
7.682000000000000455e+02 4.326843891121510688e-01
7.683999999999999773e+02 4.307436441264709259e-01
7.686000000000000227e+02 4.288071635243571045e-01
7.687999999999999545e+02 4.268761995535567122e-01
7.690000000000000000e+02 4.249538672299508768e-01
7.692000000000000455e+02 4.230428759681577056e-01
7.693999999999999773e+02 4.211423572073686450e-01
7.696000000000000227e+02 4.192494301440812254e-01
7.697999999999999545e+02 4.173610383288576808e-01
7.700000000000000000e+02 4.154768097392062542e-01
7.702000000000000455e+02 4.135984840450379063e-01
7.703999999999999773e+02 4.117288728886859261e-01
7.706000000000000227e+02 4.098699525452196846e-01
7.707999999999999545e+02 4.080228105481136236e-01
7.710000000000000000e+02 4.061880755374067675e-01
7.712000000000000455e+02 4.043670549799240344e-01
7.713999999999999773e+02 4.025613777480112621e-01
7.716000000000000227e+02 4.007730530828736426e-01
7.717999999999999545e+02 3.990050319835181103e-01
7.720000000000000000e+02 3.972602224142461891e-01
7.722000000000000455e+02 3.955407234957297180e-01
7.723999999999999773e+02 3.938463028124692955e-01
7.726000000000000227e+02 3.921759312156437027e-01
7.727999999999999545e+02 3.905284489548794258e-01
7.730000000000000000e+02 3.889026963008417326e-01
7.732000000000000455e+02 3.872980123798483998e-01
7.733999999999999773e+02 3.857145146320651308e-01
7.736000000000000227e+02 3.841529255758401873e-01
7.737999999999999545e+02 3.826131970784432679e-01
7.740000000000000000e+02 3.810937262464153541e-01
7.742000000000000455e+02 3.795924140287478821e-01
7.743999999999999773e+02 3.781062919182544002e-01
7.746000000000000227e+02 3.766309065502225217e-01
7.747999999999999545e+02 3.751595749206670938e-01
7.750000000000000000e+02 3.736860609178442871e-01
7.752000000000000455e+02 3.722065712843438678e-01
7.753999999999999773e+02 3.707149561192937259e-01
7.756000000000000227e+02 3.692082417345401990e-01
7.757999999999999545e+02 3.676921850819657722e-01
7.760000000000000000e+02 3.661640318066446409e-01
7.762000000000000455e+02 3.646181367911932591e-01
7.763999999999999773e+02 3.630552880691090278e-01
7.766000000000000227e+02 3.614774315955823769e-01
7.767999999999999545e+02 3.598870525395282405e-01
7.770000000000000000e+02 3.582876361606544546e-01
7.772000000000000455e+02 3.566827145128636523e-01
7.773999999999999773e+02 3.550756152886420658e-01
7.776000000000000227e+02 3.534693315118770385e-01
7.777999999999999545e+02 3.518671540933436814e-01
7.780000000000000000e+02 3.502719401013246747e-01
7.782000000000000455e+02 3.486842591147734094e-01
7.783999999999999773e+02 3.471058896420483597e-01
7.786000000000000227e+02 3.455401146253070377e-01
7.787999999999999545e+02 3.439901667629509663e-01
7.790000000000000000e+02 3.424575245834943216e-01
7.792000000000000455e+02 3.409420377822598436e-01
7.793999999999999773e+02 3.394438693049243172e-01
7.796000000000000227e+02 3.379627766590280191e-01
7.797999999999999545e+02 3.364977641499869443e-01
7.800000000000000000e+02 3.350468504735991671e-01
7.802000000000000455e+02 3.336062055466335607e-01
7.803999999999999773e+02 3.321708216821676052e-01
7.806000000000000227e+02 3.307395799821718496e-01
7.807999999999999545e+02 3.293141863688472393e-01
7.810000000000000000e+02 3.278978197710956111e-01
7.812000000000000455e+02 3.264904040472134672e-01
7.813999999999999773e+02 3.250911781019715785e-01
7.816000000000000227e+02 3.237008192220800495e-01
7.817999999999999545e+02 3.223238945503738573e-01
7.820000000000000000e+02 3.209658639441069217e-01
7.822000000000000455e+02 3.196303404574796780e-01
7.823999999999999773e+02 3.183156026498143443e-01
7.826000000000000227e+02 3.170163737030242124e-01
7.827999999999999545e+02 3.157251021234216415e-01
7.830000000000000000e+02 3.144324711240771841e-01
7.832000000000000455e+02 3.131287274309789148e-01
7.833999999999999773e+02 3.118050427733725649e-01
7.836000000000000227e+02 3.104543927734972897e-01
7.837999999999999545e+02 3.090722070840285496e-01
7.840000000000000000e+02 3.076576415730594150e-01
7.842000000000000455e+02 3.062139547600755130e-01
7.843999999999999773e+02 3.047471800926367380e-01
7.846000000000000227e+02 3.032645419537418618e-01
7.847999999999999545e+02 3.017738521017418463e-01
7.850000000000000000e+02 3.002829573165545218e-01
7.852000000000000455e+02 2.987989144058160740e-01
7.853999999999999773e+02 2.973280083358367798e-01
7.856000000000000227e+02 2.958755094313660350e-01
7.857999999999999545e+02 2.944449045992674208e-01
7.860000000000000000e+02 2.930374757512225758e-01
7.862000000000000455e+02 2.916531928589647382e-01
7.863999999999999773e+02 2.902931495563063069e-01
7.866000000000000227e+02 2.889566464070030261e-01
7.867999999999999545e+02 2.876406031958366194e-01
7.870000000000000000e+02 2.863406072770132149e-01
7.872000000000000455e+02 2.850543732351700776e-01
7.873999999999999773e+02 2.837818344491183087e-01
7.876000000000000227e+02 2.825206244477283524e-01
7.877999999999999545e+02 2.812641749519391721e-01
7.880000000000000000e+02 2.800018201348649649e-01
7.882000000000000455e+02 2.787236884392072511e-01
7.883999999999999773e+02 2.774248129046606448e-01
7.886000000000000227e+02 2.761069354572834866e-01
7.887999999999999545e+02 2.747752769893427871e-01
7.890000000000000000e+02 2.734364004903270806e-01
7.892000000000000455e+02 2.720972488347583873e-01
7.893999999999999773e+02 2.707652022594553287e-01
7.896000000000000227e+02 2.694476213731093472e-01
7.897999999999999545e+02 2.681510458452293078e-01
7.900000000000000000e+02 2.668780938243427436e-01
7.902000000000000455e+02 2.656279873124582913e-01
7.903999999999999773e+02 2.643966857012078897e-01
7.906000000000000227e+02 2.631771847148466903e-01
7.907999999999999545e+02 2.619613319891982983e-01
7.910000000000000000e+02 2.607417129045892512e-01
7.912000000000000455e+02 2.595136968536790323e-01
7.913999999999999773e+02 2.582743766374880345e-01
7.916000000000000227e+02 2.570213709948570568e-01
7.917999999999999545e+02 2.557545003095512137e-01
7.920000000000000000e+02 2.544743106006470690e-01
7.922000000000000455e+02 2.531794344768369398e-01
7.923999999999999773e+02 2.518657337828280607e-01
7.926000000000000227e+02 2.505290960393932176e-01
7.927999999999999545e+02 2.491708949563105902e-01
7.930000000000000000e+02 2.477965848578308761e-01
7.932000000000000455e+02 2.464137563922361440e-01
7.933999999999999773e+02 2.450290090950074939e-01
7.936000000000000227e+02 2.436506872860009221e-01
7.937999999999999545e+02 2.422885311698936561e-01
7.940000000000000000e+02 2.409508693244114819e-01
7.942000000000000455e+02 2.396433692334122012e-01
7.943999999999999773e+02 2.383687846186874904e-01
7.946000000000000227e+02 2.371272401695328769e-01
7.947999999999999545e+02 2.359177071206465248e-01
7.950000000000000000e+02 2.347391565130833024e-01
7.952000000000000455e+02 2.335930472124096435e-01
7.953999999999999773e+02 2.324799074213117211e-01
7.956000000000000227e+02 2.313975502719491373e-01
7.957999999999999545e+02 2.303401338478960614e-01
7.960000000000000000e+02 2.293007380008493523e-01
7.962000000000000455e+02 2.282726669351438364e-01
7.963999999999999773e+02 2.272498417431831341e-01
7.966000000000000227e+02 2.262271672761648478e-01
7.967999999999999545e+02 2.252009057619847321e-01
7.970000000000000000e+02 2.241688520873022228e-01
7.972000000000000455e+02 2.231290268565906676e-01
7.973999999999999773e+02 2.220788718569582099e-01
7.976000000000000227e+02 2.210161611779866975e-01
7.977999999999999545e+02 2.199393813467025727e-01
7.980000000000000000e+02 2.188483393503090069e-01
7.982000000000000455e+02 2.177458690069127012e-01
7.983999999999999773e+02 2.166376024947441470e-01
7.986000000000000227e+02 2.155314719588405370e-01
7.987999999999999545e+02 2.144319389136547516e-01
7.990000000000000000e+02 2.133412270339440087e-01
7.992000000000000455e+02 2.122611345231422697e-01
7.993999999999999773e+02 2.111894678857290930e-01
7.996000000000000227e+02 2.101228310628221463e-01
7.997999999999999545e+02 2.090612047382111593e-01
8.000000000000000000e+02 2.080027449251673488e-01
8.002000000000000455e+02 2.069459119984018158e-01
8.003999999999999773e+02 2.058948096278161999e-01
8.006000000000000227e+02 2.048524482102176136e-01
8.007999999999999545e+02 2.038198124538498635e-01
8.010000000000000000e+02 2.027966439119311959e-01
8.012000000000000455e+02 2.017805846681957616e-01
8.013999999999999773e+02 2.007681289198723906e-01
8.016000000000000227e+02 1.997576090340193455e-01
8.017999999999999545e+02 1.987492211241718154e-01
8.020000000000000000e+02 1.977449141494042051e-01
8.022000000000000455e+02 1.967481280777009789e-01
8.023999999999999773e+02 1.957630543933778777e-01
8.026000000000000227e+02 1.947936026760183625e-01
8.027999999999999545e+02 1.938404102014703589e-01
8.030000000000000000e+02 1.929018146128839428e-01
8.032000000000000455e+02 1.919748822513678288e-01
8.033999999999999773e+02 1.910584558807505162e-01
8.036000000000000227e+02 1.901521324588063555e-01
8.037999999999999545e+02 1.892553763166493763e-01
8.040000000000000000e+02 1.883657476615282766e-01
8.042000000000000455e+02 1.874803361244772593e-01
8.043999999999999773e+02 1.865969315745179269e-01
8.046000000000000227e+02 1.857157320992113558e-01
8.047999999999999545e+02 1.848386935467317971e-01
8.050000000000000000e+02 1.839683718515597310e-01
8.052000000000000455e+02 1.831021466610288917e-01
8.053999999999999773e+02 1.822345540127165708e-01
8.056000000000000227e+02 1.813598258118974960e-01
8.057999999999999545e+02 1.804760415104626481e-01
8.060000000000000000e+02 1.795826352178992447e-01
8.062000000000000455e+02 1.786777071487137825e-01
8.064000000000000909e+02 1.777594311683734773e-01
8.066000000000000227e+02 1.768268259731334557e-01
8.067999999999999545e+02 1.758806167626191796e-01
8.070000000000000000e+02 1.749226950768501265e-01
8.072000000000000455e+02 1.739557456690308812e-01
8.074000000000000909e+02 1.729830126400843660e-01
8.076000000000000227e+02 1.720085408865366372e-01
8.077999999999999545e+02 1.710367898439173195e-01
8.080000000000000000e+02 1.700718080554198819e-01
8.082000000000000455e+02 1.691154827264674532e-01
8.084000000000000909e+02 1.681681309877936237e-01
8.086000000000000227e+02 1.672303441361610576e-01
8.087999999999999545e+02 1.663028368396078926e-01
8.090000000000000000e+02 1.653853788063063268e-01
8.092000000000000455e+02 1.644741507221929855e-01
8.094000000000000909e+02 1.635656939745101512e-01
8.096000000000000227e+02 1.626581312005949687e-01
8.097999999999999545e+02 1.617513397573848433e-01
8.100000000000000000e+02 1.608451535219365958e-01
8.102000000000000455e+02 1.599392447735797917e-01
8.104000000000000909e+02 1.590349335013717669e-01
8.106000000000000227e+02 1.581331474675951032e-01
8.107999999999999545e+02 1.572337925024539784e-01
8.110000000000000000e+02 1.563369548868588088e-01
8.112000000000000455e+02 1.554437599582926544e-01
8.114000000000000909e+02 1.545579367169850338e-01
8.116000000000000227e+02 1.536909556765131413e-01
8.117999999999999545e+02 1.528497259506469697e-01
8.120000000000000000e+02 1.520313268701343756e-01
8.122000000000000455e+02 1.512401461484080833e-01
8.124000000000000909e+02 1.504796093665460577e-01
8.126000000000000227e+02 1.497456020819246669e-01
8.127999999999999545e+02 1.490377520898852060e-01
8.130000000000000000e+02 1.483565335154596598e-01
8.132000000000000455e+02 1.476990137813014026e-01
8.134000000000000909e+02 1.470623689962436142e-01
8.136000000000000227e+02 1.464418369248381424e-01
8.137999999999999545e+02 1.458267616431764002e-01
8.140000000000000000e+02 1.452099036303393098e-01
8.142000000000000455e+02 1.445863145006157091e-01
8.144000000000000909e+02 1.439468356592301101e-01
8.146000000000000227e+02 1.432738631961620324e-01
8.147999999999999545e+02 1.425461718925674359e-01
8.150000000000000000e+02 1.417570146211287740e-01
8.152000000000000455e+02 1.409101547809908928e-01
8.154000000000000909e+02 1.400170620039886682e-01
8.156000000000000227e+02 1.390900073396113823e-01
8.157999999999999545e+02 1.381379895578839501e-01
8.160000000000000000e+02 1.371663252970082569e-01
8.162000000000000455e+02 1.361864130286593033e-01
8.164000000000000909e+02 1.352094622919326750e-01
8.166000000000000227e+02 1.342428002107780571e-01
8.167999999999999545e+02 1.332984335475679849e-01
8.170000000000000000e+02 1.323883199986064796e-01
8.172000000000000455e+02 1.315194834597767093e-01
8.174000000000000909e+02 1.307003662418550760e-01
8.176000000000000227e+02 1.299372900646657281e-01
8.177999999999999545e+02 1.292284953566822381e-01
8.180000000000000000e+02 1.285723986994835033e-01
8.182000000000000455e+02 1.279669059117953256e-01
8.184000000000000909e+02 1.274052046680070882e-01
8.186000000000000227e+02 1.268786378929116221e-01
8.187999999999999545e+02 1.263779617259626620e-01
8.190000000000000000e+02 1.258947175888783243e-01
8.192000000000000455e+02 1.254186551903945512e-01
8.194000000000000909e+02 1.249386444916683464e-01
8.196000000000000227e+02 1.244491408629731233e-01
8.197999999999999545e+02 1.239466057665572774e-01
8.200000000000000000e+02 1.234280136333429090e-01
8.202000000000000455e+02 1.228908867448963299e-01
8.204000000000000909e+02 1.223327034798189217e-01
8.206000000000000227e+02 1.217525582923473793e-01
8.207999999999999545e+02 1.211640454291069841e-01
8.210000000000000000e+02 1.205826989233393792e-01
8.212000000000000455e+02 1.200146368405286268e-01
8.214000000000000909e+02 1.194567942494361990e-01
8.216000000000000227e+02 1.189042138634636286e-01
8.217999999999999545e+02 1.183574790344103927e-01
8.220000000000000000e+02 1.178144533264281202e-01
8.222000000000000455e+02 1.172715708390847794e-01
8.224000000000000909e+02 1.167275816385489329e-01
8.226000000000000227e+02 1.161795354998152036e-01
8.227999999999999545e+02 1.156236128765273929e-01
8.230000000000000000e+02 1.150586697589015411e-01
8.232000000000000455e+02 1.144806096283155772e-01
8.234000000000000909e+02 1.138828068932909998e-01
8.236000000000000227e+02 1.132624639500093289e-01
8.237999999999999545e+02 1.126194565652999524e-01
8.240000000000000000e+02 1.119559481437688020e-01
8.242000000000000455e+02 1.112763085107126848e-01
8.244000000000000909e+02 1.105854524768443981e-01
8.246000000000000227e+02 1.098877313609484957e-01
8.247999999999999545e+02 1.091852034258142951e-01
8.250000000000000000e+02 1.084819770957280022e-01
8.252000000000000455e+02 1.077866775746930544e-01
8.254000000000000909e+02 1.071032465336982653e-01
8.256000000000000227e+02 1.064340048251208037e-01
8.257999999999999545e+02 1.057828692244094648e-01
8.260000000000000000e+02 1.051494373867976756e-01
8.262000000000000455e+02 1.045319927298901386e-01
8.264000000000000909e+02 1.039324246987420319e-01
8.266000000000000227e+02 1.033516909241739140e-01
8.267999999999999545e+02 1.027898503957501847e-01
8.270000000000000000e+02 1.022474903824655695e-01
8.272000000000000455e+02 1.017220862616695087e-01
8.274000000000000909e+02 1.012088228194158168e-01
8.276000000000000227e+02 1.007050765792966845e-01
8.277999999999999545e+02 1.002065219894912457e-01
8.280000000000000000e+02 9.970669732463477430e-02
8.282000000000000455e+02 9.920070647204712322e-02
8.284000000000000909e+02 9.868590622949188762e-02
8.286000000000000227e+02 9.816159307242594556e-02
8.287999999999999545e+02 9.762521525456341331e-02
8.290000000000000000e+02 9.707600843689132009e-02
8.292000000000000455e+02 9.651709907140754163e-02
8.294000000000000909e+02 9.595087105375327274e-02
8.296000000000000227e+02 9.538053809563215579e-02
8.297999999999999545e+02 9.481120780357250866e-02
8.300000000000000000e+02 9.424178068332306202e-02
8.302000000000000455e+02 9.366888952045435146e-02
8.304000000000000909e+02 9.309267983403911317e-02
8.306000000000000227e+02 9.251788452793190121e-02
8.307999999999999545e+02 9.195173923153328321e-02
8.310000000000000000e+02 9.140050832828752747e-02
8.312000000000000455e+02 9.086835993577249693e-02
8.314000000000000909e+02 9.035680690950531613e-02
8.316000000000000227e+02 8.986354220749048771e-02
8.317999999999999545e+02 8.938565593940550613e-02
8.320000000000000000e+02 8.891990515144522489e-02
8.322000000000000455e+02 8.846059612863757526e-02
8.324000000000000909e+02 8.800352343596738736e-02
8.326000000000000227e+02 8.754647782225810637e-02
8.327999999999999545e+02 8.708396650176021547e-02
8.330000000000000000e+02 8.661133058773752558e-02
8.332000000000000455e+02 8.612687069617119828e-02
8.334000000000000909e+02 8.562915040770266439e-02
8.336000000000000227e+02 8.511766661229031028e-02
8.337999999999999545e+02 8.459382670325844844e-02
8.340000000000000000e+02 8.406159730156048671e-02
8.342000000000000455e+02 8.352447339151086725e-02
8.344000000000000909e+02 8.298263879620179639e-02
8.346000000000000227e+02 8.243957208426362648e-02
8.347999999999999545e+02 8.190037619993872919e-02
8.350000000000000000e+02 8.136832443879173093e-02
8.352000000000000455e+02 8.084818710855740109e-02
8.354000000000000909e+02 8.034475998750532921e-02
8.356000000000000227e+02 7.985854384166457542e-02
8.357999999999999545e+02 7.939080628770091297e-02
8.360000000000000000e+02 7.894434138076945884e-02
8.362000000000000455e+02 7.852187569317153892e-02
8.364000000000000909e+02 7.812364680747435619e-02
8.366000000000000227e+02 7.774663413170999904e-02
8.367999999999999545e+02 7.738515336968375402e-02
8.370000000000000000e+02 7.703331548640113269e-02
8.372000000000000455e+02 7.668651809065422931e-02
8.374000000000000909e+02 7.634337401503359100e-02
8.376000000000000227e+02 7.600283365097940114e-02
8.377999999999999545e+02 7.566255858138659640e-02
8.380000000000000000e+02 7.532138728718025533e-02
8.382000000000000455e+02 7.497632463461571806e-02
8.384000000000000909e+02 7.461998393951005393e-02
8.386000000000000227e+02 7.424904759843922730e-02
8.387999999999999545e+02 7.386387492545343214e-02
8.390000000000000000e+02 7.346740224855330403e-02
8.392000000000000455e+02 7.306504824952030075e-02
8.394000000000000909e+02 7.266297294916587712e-02
8.396000000000000227e+02 7.226518940080810249e-02
8.397999999999999545e+02 7.187632545399734452e-02
8.400000000000000000e+02 7.150097351780033972e-02
8.402000000000000455e+02 7.114030489579427352e-02
8.404000000000000909e+02 7.079337083519415819e-02
8.406000000000000227e+02 7.045822593948362911e-02
8.407999999999999545e+02 7.013450943061068366e-02
8.410000000000000000e+02 6.982048187529024674e-02
8.412000000000000455e+02 6.951215387563934589e-02
8.414000000000000909e+02 6.920567319904245840e-02
8.416000000000000227e+02 6.889716663961643894e-02
8.417999999999999545e+02 6.858261959815704911e-02
8.420000000000000000e+02 6.825827216179629342e-02
8.422000000000000455e+02 6.791843230080854554e-02
8.424000000000000909e+02 6.755459224241616711e-02
8.426000000000000227e+02 6.716625453563643267e-02
8.427999999999999545e+02 6.675683586016108173e-02
8.430000000000000000e+02 6.632817313710315243e-02
8.432000000000000455e+02 6.587851019994389601e-02
8.434000000000000909e+02 6.540659283042907224e-02
8.436000000000000227e+02 6.491842367226503818e-02
8.437999999999999545e+02 6.441968316759295876e-02
8.440000000000000000e+02 6.391609550308131882e-02
8.442000000000000455e+02 6.341772889862846985e-02
8.444000000000000909e+02 6.293710291821519309e-02
8.446000000000000227e+02 6.248818112400360281e-02
8.447999999999999545e+02 6.208468229281814688e-02
8.450000000000000000e+02 6.173351590762232027e-02
8.452000000000000455e+02 6.143334832940494650e-02
8.454000000000000909e+02 6.117973305145447266e-02
8.456000000000000227e+02 6.096563301277049818e-02
8.457999999999999545e+02 6.078194342412782114e-02
8.460000000000000000e+02 6.062152623869853513e-02
8.462000000000000455e+02 6.048066457417403119e-02
8.464000000000000909e+02 6.035949820190244369e-02
8.466000000000000227e+02 6.025485301287451800e-02
8.467999999999999545e+02 6.016014500631724354e-02
8.470000000000000000e+02 6.006573208353770815e-02
8.472000000000000455e+02 5.996407997980725268e-02
8.474000000000000909e+02 5.985059821643178013e-02
8.476000000000000227e+02 5.972409316308008309e-02
8.477999999999999545e+02 5.958077089170377844e-02
8.480000000000000000e+02 5.941545358711185221e-02
8.482000000000000455e+02 5.922591429668361274e-02
8.484000000000000909e+02 5.901483069001597914e-02
8.486000000000000227e+02 5.878843318645303462e-02
8.487999999999999545e+02 5.855194778966849034e-02
8.490000000000000000e+02 5.830895449701241351e-02
8.492000000000000455e+02 5.806171157689362511e-02
8.494000000000000909e+02 5.781298340522335322e-02
8.496000000000000227e+02 5.756205365264800700e-02
8.497999999999999545e+02 5.730400801695876428e-02
8.500000000000000000e+02 5.703674833295246938e-02
8.502000000000000455e+02 5.676083552300967283e-02
8.504000000000000909e+02 5.647881490620554334e-02
8.506000000000000227e+02 5.619075112812892819e-02
8.507999999999999545e+02 5.589651645719343614e-02
8.510000000000000000e+02 5.559788912821325008e-02
8.512000000000000455e+02 5.529682826503357074e-02
8.514000000000000909e+02 5.499570288193773165e-02
8.516000000000000227e+02 5.469769753298254350e-02
8.517999999999999545e+02 5.440410130642326508e-02
8.520000000000000000e+02 5.411353137293257315e-02
8.522000000000000455e+02 5.382003364079479546e-02
8.524000000000000909e+02 5.350413700267510342e-02
8.526000000000000227e+02 5.313907023254155204e-02
8.527999999999999545e+02 5.270931120948063597e-02
8.530000000000000000e+02 5.221515286528298494e-02
8.532000000000000455e+02 5.166856932679557424e-02
8.534000000000000909e+02 5.107612033111359057e-02
8.536000000000000227e+02 5.044516836445175206e-02
8.537999999999999545e+02 4.978645667317127543e-02
8.540000000000000000e+02 4.911366625560361493e-02
8.542000000000000455e+02 4.844379743864030141e-02
8.544000000000000909e+02 4.779593089986588356e-02
8.546000000000000227e+02 4.718038179924979869e-02
8.547999999999999545e+02 4.660436168133982177e-02
8.550000000000000000e+02 4.607571715641916449e-02
8.552000000000000455e+02 4.559873535859675781e-02
8.554000000000000909e+02 4.517551957167123544e-02
8.556000000000000227e+02 4.480771227795991157e-02
8.557999999999999545e+02 4.449941463222058247e-02
8.560000000000000000e+02 4.425543630851586779e-02
8.562000000000000455e+02 4.407799834527934696e-02
8.564000000000000909e+02 4.396305838025150320e-02
8.566000000000000227e+02 4.389982959872772150e-02
8.567999999999999545e+02 4.387003376544676425e-02
8.570000000000000000e+02 4.385400028683662799e-02
8.572000000000000455e+02 4.383249966544722903e-02
8.574000000000000909e+02 4.378782318215242858e-02
8.576000000000000227e+02 4.370450736533517538e-02
8.577999999999999545e+02 4.356965870960905624e-02
8.580000000000000000e+02 4.337306650945482733e-02
8.582000000000000455e+02 4.310944033694350669e-02
8.584000000000000909e+02 4.278088027863037601e-02
8.586000000000000227e+02 4.240159061979402455e-02
8.587999999999999545e+02 4.199050780570957181e-02
8.590000000000000000e+02 4.156572355226784143e-02
8.592000000000000455e+02 4.113501709479071983e-02
8.594000000000000909e+02 4.070089289303521068e-02
8.596000000000000227e+02 4.026506263679432290e-02
8.597999999999999545e+02 3.982993880226163436e-02
8.600000000000000000e+02 3.939732187431058130e-02
8.602000000000000455e+02 3.896663071537691259e-02
8.604000000000000909e+02 3.853858910907231872e-02
8.606000000000000227e+02 3.811495156211760355e-02
8.607999999999999545e+02 3.769721628307431266e-02
8.610000000000000000e+02 3.728825667329345450e-02
8.612000000000000455e+02 3.689136050025706992e-02
8.614000000000000909e+02 3.650711041479803853e-02
8.616000000000000227e+02 3.613758341641217647e-02
8.617999999999999545e+02 3.578536506585541788e-02
8.620000000000000000e+02 3.544560274843983061e-02
8.622000000000000455e+02 3.510843062585466273e-02
8.624000000000000909e+02 3.476203037345119290e-02
8.626000000000000227e+02 3.440328958294186501e-02
8.627999999999999545e+02 3.403409054066536960e-02
8.630000000000000000e+02 3.365952201367089502e-02
8.632000000000000455e+02 3.328769901975773410e-02
8.634000000000000909e+02 3.292703405855142845e-02
8.636000000000000227e+02 3.258415320820726852e-02
8.637999999999999545e+02 3.226408541505388500e-02
8.640000000000000000e+02 3.196925680504087569e-02
8.642000000000000455e+02 3.169834995059475635e-02
8.644000000000000909e+02 3.145300989458921226e-02
8.646000000000000227e+02 3.123659093296801692e-02
8.647999999999999545e+02 3.105086326016690337e-02
8.650000000000000000e+02 3.089416940641456430e-02
8.652000000000000455e+02 3.076189646252534826e-02
8.654000000000000909e+02 3.064777987268819948e-02
8.656000000000000227e+02 3.054617930050482905e-02
8.657999999999999545e+02 3.045275026389809153e-02
8.660000000000000000e+02 3.036479303220076045e-02
8.662000000000000455e+02 3.027807719514507070e-02
8.664000000000000909e+02 3.018602733110833936e-02
8.666000000000000227e+02 3.008126720512542540e-02
8.667999999999999545e+02 2.995677247689752451e-02
8.670000000000000000e+02 2.980678669786483020e-02
8.672000000000000455e+02 2.962877475915404873e-02
8.674000000000000909e+02 2.942163542368018622e-02
8.676000000000000227e+02 2.918494962571612297e-02
8.677999999999999545e+02 2.892132588611526570e-02
8.680000000000000000e+02 2.863594125264927459e-02
8.682000000000000455e+02 2.833633178794122548e-02
8.684000000000000909e+02 2.803123707449695773e-02
8.686000000000000227e+02 2.772760253291509450e-02
8.687999999999999545e+02 2.742658916594286483e-02
8.690000000000000000e+02 2.712843129408794990e-02
8.692000000000000455e+02 2.683318587391989030e-02
8.694000000000000909e+02 2.654044490669347361e-02
8.696000000000000227e+02 2.624902220432732275e-02
8.697999999999999545e+02 2.595854734921116888e-02
8.700000000000000000e+02 2.567391121939022886e-02
8.702000000000000455e+02 2.540021090656305672e-02
8.704000000000000909e+02 2.514163142159551306e-02
8.706000000000000227e+02 2.490308063584282042e-02
8.707999999999999545e+02 2.468800209496913728e-02
8.710000000000000000e+02 2.449776812115923852e-02
8.712000000000000455e+02 2.433394914165329728e-02
8.714000000000000909e+02 2.419876230766167605e-02
8.716000000000000227e+02 2.409494012846516084e-02
8.717999999999999545e+02 2.402312794343114399e-02
8.720000000000000000e+02 2.397970350208478152e-02
8.722000000000000455e+02 2.395474109027392884e-02
8.724000000000000909e+02 2.393605142616134565e-02
8.726000000000000227e+02 2.391280009102241672e-02
8.727999999999999545e+02 2.387929102699008072e-02
8.730000000000000000e+02 2.383194517624039055e-02
8.732000000000000455e+02 2.376777116029422585e-02
8.734000000000000909e+02 2.368286573913420262e-02
8.736000000000000227e+02 2.357372273251635841e-02
8.737999999999999545e+02 2.343829896271511226e-02
8.740000000000000000e+02 2.327811109642652365e-02
8.742000000000000455e+02 2.309626402293043015e-02
8.744000000000000909e+02 2.289667477645611349e-02
8.746000000000000227e+02 2.268337890424947795e-02
8.747999999999999545e+02 2.246164320051330029e-02
8.750000000000000000e+02 2.223752892590064034e-02
8.752000000000000455e+02 2.201398235856548771e-02
8.754000000000000909e+02 2.179394357553796763e-02
8.756000000000000227e+02 2.158162896315032539e-02
8.757999999999999545e+02 2.138009710878296249e-02
8.760000000000000000e+02 2.119201767750704055e-02
8.762000000000000455e+02 2.102013894702378649e-02
8.764000000000000909e+02 2.086610554415390881e-02
8.766000000000000227e+02 2.072934334242096735e-02
8.767999999999999545e+02 2.060569940543835465e-02
8.770000000000000000e+02 2.048948803382232703e-02
8.772000000000000455e+02 2.037522940760521858e-02
8.774000000000000909e+02 2.025937992765010007e-02
8.776000000000000227e+02 2.013502912886290519e-02
8.777999999999999545e+02 1.999202780341052463e-02
8.780000000000000000e+02 1.981890943261510954e-02
8.782000000000000455e+02 1.961154552163538525e-02
8.784000000000000909e+02 1.937430794648199034e-02
8.786000000000000227e+02 1.911823090849743001e-02
8.787999999999999545e+02 1.885293443165761418e-02
8.790000000000000000e+02 1.858420615285596295e-02
8.792000000000000455e+02 1.831472797854627119e-02
8.794000000000000909e+02 1.804878360127980599e-02
8.796000000000000227e+02 1.779371950705555677e-02
8.797999999999999545e+02 1.755593483193789231e-02
8.800000000000000000e+02 1.733973887696691613e-02
8.802000000000000455e+02 1.714628502971086987e-02
8.804000000000000909e+02 1.697238933695950983e-02
8.806000000000000227e+02 1.681513085310361311e-02
8.807999999999999545e+02 1.667588797722113769e-02
8.810000000000000000e+02 1.655851790015308578e-02
8.812000000000000455e+02 1.646697862191040182e-02
8.814000000000000909e+02 1.640261672825200218e-02
8.816000000000000227e+02 1.636357608417653153e-02
8.817999999999999545e+02 1.634536975446205381e-02
8.820000000000000000e+02 1.634140178892329667e-02
8.822000000000000455e+02 1.634337845857258137e-02
8.824000000000000909e+02 1.634231293745781396e-02
8.826000000000000227e+02 1.633076433064115096e-02
8.827999999999999545e+02 1.630412517530695563e-02
8.830000000000000000e+02 1.626000120261715184e-02
8.832000000000000455e+02 1.619495639213166388e-02
8.834000000000000909e+02 1.610530244805680883e-02
8.836000000000000227e+02 1.598810491827229105e-02
8.837999999999999545e+02 1.584425227804702949e-02
8.840000000000000000e+02 1.568023776342251929e-02
8.842000000000000455e+02 1.550829912149007464e-02
8.844000000000000909e+02 1.533764555836332824e-02
8.846000000000000227e+02 1.517235911884116245e-02
8.847999999999999545e+02 1.501030183541440105e-02
8.850000000000000000e+02 1.485032492691503239e-02
8.852000000000000455e+02 1.469131067881632169e-02
8.854000000000000909e+02 1.453059470093834987e-02
8.856000000000000227e+02 1.436730750198778224e-02
8.857999999999999545e+02 1.420198953847723322e-02
8.860000000000000000e+02 1.403562673585574162e-02
8.862000000000000455e+02 1.386965620514645121e-02
8.864000000000000909e+02 1.370626490134710905e-02
8.866000000000000227e+02 1.354907787156281462e-02
8.867999999999999545e+02 1.340104757415729216e-02
8.870000000000000000e+02 1.326335049627963558e-02
8.872000000000000455e+02 1.313360252999568566e-02
8.874000000000000909e+02 1.300923430545685225e-02
8.876000000000000227e+02 1.288879469976976846e-02
8.877999999999999545e+02 1.277260514003592841e-02
8.880000000000000000e+02 1.266111073782077989e-02
8.882000000000000455e+02 1.255430676835987344e-02
8.884000000000000909e+02 1.245282071501310414e-02
8.886000000000000227e+02 1.235587439438127176e-02
8.887999999999999545e+02 1.226002228237000821e-02
8.890000000000000000e+02 1.216173944981673201e-02
8.892000000000000455e+02 1.205919179357219616e-02
8.894000000000000909e+02 1.195369812654619411e-02
8.896000000000000227e+02 1.184658071997032359e-02
8.897999999999999545e+02 1.173733137709642889e-02
8.900000000000000000e+02 1.162168552198511277e-02
8.902000000000000455e+02 1.149648829718732772e-02
8.904000000000000909e+02 1.136092335998101742e-02
8.906000000000000227e+02 1.121766110486038630e-02
8.907999999999999545e+02 1.107022602823454216e-02
8.910000000000000000e+02 1.092277605552302230e-02
8.912000000000000455e+02 1.078116172435485999e-02
8.914000000000000909e+02 1.065251159373297590e-02
8.916000000000000227e+02 1.054422123477299564e-02
8.917999999999999545e+02 1.046065754643661985e-02
8.920000000000000000e+02 1.040151130069983006e-02
8.922000000000000455e+02 1.036182316673165370e-02
8.924000000000000909e+02 1.033673878021474334e-02
8.926000000000000227e+02 1.032142706900535632e-02
8.927999999999999545e+02 1.031076827708929562e-02
8.930000000000000000e+02 1.029881928487968133e-02
8.932000000000000455e+02 1.028111661825814420e-02
8.934000000000000909e+02 1.025663774116597655e-02
8.936000000000000227e+02 1.022564371276131132e-02
8.937999999999999545e+02 1.018861380321650287e-02
8.940000000000000000e+02 1.014538415646025135e-02
8.942000000000000455e+02 1.009522737533207447e-02
8.944000000000000909e+02 1.003765712938766569e-02
8.946000000000000227e+02 9.973621514570353563e-03
8.947999999999999545e+02 9.903415644587298949e-03
8.950000000000000000e+02 9.826270606682780198e-03
8.952000000000000455e+02 9.740288023333791220e-03
8.954000000000000909e+02 9.645061380221323089e-03
8.956000000000000227e+02 9.542213902041534260e-03
8.957999999999999545e+02 9.435127891828133662e-03
8.960000000000000000e+02 9.328499519141848079e-03
8.962000000000000455e+02 9.227630055743752183e-03
8.964000000000000909e+02 9.135786276299929023e-03
8.966000000000000227e+02 9.053576235871423766e-03
8.967999999999999545e+02 8.979079897703070787e-03
8.970000000000000000e+02 8.911545401951222189e-03
8.972000000000000455e+02 8.851378685336291213e-03
8.974000000000000909e+02 8.799663277858409127e-03
8.976000000000000227e+02 8.754613849147097754e-03
8.977999999999999545e+02 8.712610200857087012e-03
8.980000000000000000e+02 8.669490004271291836e-03
8.982000000000000455e+02 8.623650937859011004e-03
8.984000000000000909e+02 8.575526708805994783e-03
8.986000000000000227e+02 8.526770038977357288e-03
8.987999999999999545e+02 8.479538908004395636e-03
8.990000000000000000e+02 8.436086982213283555e-03
8.992000000000000455e+02 8.398145584132385780e-03
8.994000000000000909e+02 8.365495738360225961e-03
8.996000000000000227e+02 8.336651122632245114e-03
8.997999999999999545e+02 8.311469887893720501e-03
9.000000000000000000e+02 8.291435790908015940e-03
