3.030000000000000000e+02 2.720464537725412746e-01
3.031999999999999886e+02 2.660058256187941006e-01
3.033999999999999773e+02 2.604895118987272662e-01
3.036000000000000227e+02 2.554959731532792655e-01
3.038000000000000114e+02 2.510255507586139356e-01
3.040000000000000000e+02 2.470786690220117543e-01
3.041999999999999886e+02 2.436600159258038856e-01
3.043999999999999773e+02 2.407838032651328231e-01
3.046000000000000227e+02 2.384746538762808343e-01
3.048000000000000114e+02 2.367649070471731509e-01
3.050000000000000000e+02 2.356899652556454228e-01
3.051999999999999886e+02 2.352862744300958375e-01
3.053999999999999773e+02 2.355988414835949729e-01
3.056000000000000227e+02 2.366740939862379267e-01
3.058000000000000114e+02 2.385564337814828073e-01
3.060000000000000000e+02 2.413109919522190838e-01
3.061999999999999886e+02 2.449867229779207345e-01
3.063999999999999773e+02 2.496196597565920605e-01
3.066000000000000227e+02 2.552425326995790833e-01
3.068000000000000114e+02 2.618768645448416033e-01
3.070000000000000000e+02 2.695375840403695933e-01
3.071999999999999886e+02 2.782371547570076653e-01
3.073999999999999773e+02 2.879821214557715670e-01
3.076000000000000227e+02 2.987631563257029388e-01
3.078000000000000114e+02 3.105544197824607333e-01
3.080000000000000000e+02 3.233143565043780088e-01
3.081999999999999886e+02 3.369865780541327349e-01
3.083999999999999773e+02 3.515033650806566046e-01
3.086000000000000227e+02 3.667967947172044996e-01
3.088000000000000114e+02 3.828019827009205289e-01
3.090000000000000000e+02 3.994570009004364541e-01
3.091999999999999886e+02 4.167021117890624127e-01
3.093999999999999773e+02 4.344793650961958908e-01
3.096000000000000227e+02 4.527284513287920809e-01
3.098000000000000114e+02 4.713860433526873006e-01
3.100000000000000000e+02 4.903859381295239128e-01
3.101999999999999886e+02 5.096650050612335781e-01
3.103999999999999773e+02 5.291983787088803126e-01
3.106000000000000227e+02 5.488993584878066878e-01
3.108000000000000114e+02 5.686928421224729524e-01
3.110000000000000000e+02 5.886605307979041468e-01
3.111999999999999886e+02 6.087076950759804372e-01
3.113999999999999773e+02 6.287511336478633917e-01
3.116000000000000227e+02 6.487603481660424443e-01
3.118000000000000114e+02 6.686867602966267699e-01
3.120000000000000000e+02 6.884893576177648633e-01
3.121999999999999886e+02 7.081247859528865263e-01
3.123999999999999773e+02 7.275479670793255638e-01
3.126000000000000227e+02 7.467086003541156813e-01
3.128000000000000114e+02 7.655430055604561801e-01
3.130000000000000000e+02 7.840617159417656579e-01
3.131999999999999886e+02 8.020679939196556640e-01
3.133999999999999773e+02 8.193290441980098926e-01
3.136000000000000227e+02 8.361538452910652897e-01
3.138000000000000114e+02 8.524232445060876406e-01
3.140000000000000000e+02 8.680406731173373469e-01
3.141999999999999886e+02 8.830532250710423359e-01
3.143999999999999773e+02 8.972854304919699597e-01
3.146000000000000227e+02 9.107578898187509431e-01
3.148000000000000114e+02 9.234208740960522244e-01
3.150000000000000000e+02 9.351504151487544103e-01
3.151999999999999886e+02 9.459975421048977262e-01
3.153999999999999773e+02 9.558801331821529246e-01
3.156000000000000227e+02 9.647782224780405702e-01
3.158000000000000114e+02 9.727283558787709339e-01
3.160000000000000000e+02 9.796554333976706941e-01
3.161999999999999886e+02 9.855801273829800646e-01
3.163999999999999773e+02 9.904946288449194558e-01
3.166000000000000227e+02 9.943681650806872607e-01
3.168000000000000114e+02 9.972428228364705882e-01
3.170000000000000000e+02 9.991157161495946015e-01
3.171999999999999886e+02 1.000000000000000000e+00
3.173999999999999773e+02 9.999284752744969085e-01
3.176000000000000227e+02 9.989191506110436380e-01
3.178000000000000114e+02 9.970192741910248735e-01
3.180000000000000000e+02 9.942646242428629932e-01
3.181999999999999886e+02 9.906942632788892089e-01
3.183999999999999773e+02 9.863728414044206083e-01
3.186000000000000227e+02 9.812939164316626384e-01
3.188000000000000114e+02 9.754908350947700812e-01
3.190000000000000000e+02 9.689985707300341478e-01
3.191999999999999886e+02 9.617869277835865427e-01
3.193999999999999773e+02 9.539247295904418333e-01
3.196000000000000227e+02 9.454139556975276193e-01
3.198000000000000114e+02 9.362580648383548310e-01
3.200000000000000000e+02 9.265588667399613509e-01
3.201999999999999886e+02 9.162787238810714552e-01
3.203999999999999773e+02 9.054685416577101797e-01
3.206000000000000227e+02 8.941807038424886001e-01
3.208000000000000114e+02 8.823511182534474750e-01
3.210000000000000000e+02 8.700690878961948593e-01
3.211999999999999886e+02 8.573883510168527344e-01
3.213999999999999773e+02 8.443094898375006485e-01
3.216000000000000227e+02 8.308698334676449804e-01
3.218000000000000114e+02 8.172295046924746842e-01
3.220000000000000000e+02 8.034056530807711649e-01
3.221999999999999886e+02 7.894290806568255991e-01
3.223999999999999773e+02 7.754687603017967890e-01
3.226000000000000227e+02 7.614898695150885688e-01
3.228000000000000114e+02 7.475975232759650702e-01
3.230000000000000000e+02 7.338772681083088889e-01
3.231999999999999886e+02 7.202637324981323586e-01
3.233999999999999773e+02 7.068726284275063110e-01
3.236000000000000227e+02 6.936675029911215651e-01
3.238000000000000114e+02 6.806293160658000163e-01
3.240000000000000000e+02 6.678713202682460270e-01
3.241999999999999886e+02 6.553259175439222206e-01
3.243999999999999773e+02 6.430569008694217992e-01
3.246000000000000227e+02 6.311025990065805003e-01
3.248000000000000114e+02 6.193853863708234098e-01
3.250000000000000000e+02 6.079835167167745302e-01
3.251999999999999886e+02 5.969030725304743656e-01
3.253999999999999773e+02 5.861043756584047859e-01
3.256000000000000227e+02 5.755981330995081358e-01
3.258000000000000114e+02 5.654882343836711289e-01
3.260000000000000000e+02 5.557597860419950520e-01
3.261999999999999886e+02 5.464241109348690895e-01
3.263999999999999773e+02 5.375594812089662389e-01
3.266000000000000227e+02 5.290997186327636159e-01
3.268000000000000114e+02 5.210772928154878691e-01
3.270000000000000000e+02 5.135044521046233656e-01
3.271999999999999886e+02 5.063341206209747147e-01
3.273999999999999773e+02 4.996171394242354680e-01
3.276000000000000227e+02 4.933197673430294028e-01
3.278000000000000114e+02 4.874350595891908111e-01
3.280000000000000000e+02 4.820078485494506126e-01
3.281999999999999886e+02 4.770038414690684347e-01
3.283999999999999773e+02 4.724580800191170438e-01
3.286000000000000227e+02 4.683984843765520156e-01
3.288000000000000114e+02 4.648311001331534298e-01
3.290000000000000000e+02 4.618228194701026190e-01
3.291999999999999886e+02 4.593962548732118956e-01
3.293999999999999773e+02 4.575493173956662885e-01
3.296000000000000227e+02 4.562812159596419392e-01
3.298000000000000114e+02 4.555948922401331092e-01
3.300000000000000000e+02 4.554775583740891531e-01
3.301999999999999886e+02 4.559071176358239219e-01
3.303999999999999773e+02 4.568578464971720932e-01
3.306000000000000227e+02 4.582952559117877689e-01
3.308000000000000114e+02 4.601465369878639522e-01
3.310000000000000000e+02 4.623394633445472302e-01
3.311999999999999886e+02 4.648012903377094496e-01
3.313999999999999773e+02 4.674329616808921561e-01
3.316000000000000227e+02 4.701739398927676228e-01
3.318000000000000114e+02 4.729539083077938799e-01
3.320000000000000000e+02 4.757030035777571331e-01
3.321999999999999886e+02 4.783961640784576974e-01
3.323999999999999773e+02 4.809837135152933429e-01
3.326000000000000227e+02 4.834479586484101143e-01
3.328000000000000114e+02 4.857939589785537082e-01
3.330000000000000000e+02 4.880026788465211540e-01
3.331999999999999886e+02 4.900785741016489006e-01
3.333999999999999773e+02 4.920363727490366657e-01
3.336000000000000227e+02 4.938849273209523494e-01
3.338000000000000114e+02 4.956234519627070179e-01
3.340000000000000000e+02 4.972683074603622133e-01
3.341999999999999886e+02 4.988132056317075569e-01
3.343999999999999773e+02 5.002435660505775150e-01
3.346000000000000227e+02 5.015692415681607397e-01
3.348000000000000114e+02 5.027907982884342042e-01
3.350000000000000000e+02 5.039158975359385728e-01
3.351999999999999886e+02 5.049490524239991229e-01
3.353999999999999773e+02 5.058769997191957524e-01
3.356000000000000227e+02 5.066957079452225621e-01
3.358000000000000114e+02 5.073929422513210330e-01
3.360000000000000000e+02 5.079589441838170405e-01
3.361999999999999886e+02 5.084014329548367517e-01
3.363999999999999773e+02 5.087260135251229221e-01
3.366000000000000227e+02 5.089430802342694848e-01
3.368000000000000114e+02 5.090619379790739529e-01
3.370000000000000000e+02 5.090839869749114177e-01
3.371999999999999886e+02 5.090118631747989619e-01
3.373999999999999773e+02 5.088461447977780105e-01
3.376000000000000227e+02 5.085845364068070085e-01
3.378000000000000114e+02 5.082227687665791249e-01
3.380000000000000000e+02 5.077567346621326694e-01
3.381999999999999886e+02 5.071917052846113272e-01
3.383999999999999773e+02 5.065311778821411925e-01
3.386000000000000227e+02 5.057700785956530387e-01
3.388000000000000114e+02 5.049119649959530332e-01
3.390000000000000000e+02 5.039451904806678817e-01
3.391999999999999886e+02 5.028571802182005834e-01
3.393999999999999773e+02 5.016454710399889105e-01
3.396000000000000227e+02 5.002973614674484093e-01
3.398000000000000114e+02 4.988189182667178145e-01
3.400000000000000000e+02 4.972141001182253661e-01
3.401999999999999886e+02 4.954759632051215501e-01
3.403999999999999773e+02 4.936230610399769403e-01
3.406000000000000227e+02 4.916484251996269816e-01
3.408000000000000114e+02 4.895466571982228232e-01
3.410000000000000000e+02 4.873319133584017027e-01
3.411999999999999886e+02 4.850020483500250834e-01
3.413999999999999773e+02 4.825414583134134960e-01
3.416000000000000227e+02 4.799486606220116913e-01
3.418000000000000114e+02 4.772322925378114644e-01
3.420000000000000000e+02 4.743637159849594109e-01
3.421999999999999886e+02 4.713498192345661475e-01
3.423999999999999773e+02 4.681900547172945237e-01
3.426000000000000227e+02 4.648660495164709805e-01
3.428000000000000114e+02 4.614015703588185136e-01
3.430000000000000000e+02 4.577760200978674976e-01
3.431999999999999886e+02 4.539832178366507986e-01
3.433999999999999773e+02 4.500388911345811760e-01
3.436000000000000227e+02 4.459036135921203847e-01
3.438000000000000114e+02 4.415923291514357030e-01
3.440000000000000000e+02 4.371019388118178584e-01
3.441999999999999886e+02 4.324070298269588886e-01
3.443999999999999773e+02 4.275491482904171248e-01
3.446000000000000227e+02 4.225101029405212150e-01
3.448000000000000114e+02 4.172995701241641320e-01
3.450000000000000000e+02 4.119549976308498618e-01
3.451999999999999886e+02 4.064415375532782204e-01
3.453999999999999773e+02 4.007887043412115546e-01
3.456000000000000227e+02 3.950250814412661904e-01
3.458000000000000114e+02 3.891460906604088388e-01
3.460000000000000000e+02 3.831542053106956613e-01
3.461999999999999886e+02 3.771049889367064645e-01
3.463999999999999773e+02 3.710082781031835419e-01
3.466000000000000227e+02 3.648531763499849867e-01
3.468000000000000114e+02 3.587089493932947848e-01
3.470000000000000000e+02 3.525542048011049978e-01
3.471999999999999886e+02 3.464031239626552683e-01
3.473999999999999773e+02 3.402940444538963827e-01
3.476000000000000227e+02 3.341857877916417641e-01
3.478000000000000114e+02 3.281144385671538877e-01
3.480000000000000000e+02 3.220720417109832479e-01
3.481999999999999886e+02 3.160310614076408120e-01
3.483999999999999773e+02 3.100425709733572455e-01
3.486000000000000227e+02 3.040720101296172095e-01
3.488000000000000114e+02 2.981312827487755945e-01
3.490000000000000000e+02 2.922546195121924484e-01
3.491999999999999886e+02 2.864056216163793356e-01
3.493999999999999773e+02 2.806216953869086206e-01
3.496000000000000227e+02 2.749227044096397843e-01
3.498000000000000114e+02 2.692935367154090098e-01
3.500000000000000000e+02 2.637310010237404190e-01
3.501999999999999886e+02 2.582812416660781318e-01
3.503999999999999773e+02 2.529404947312738905e-01
3.506000000000000227e+02 2.476956615169467746e-01
3.508000000000000114e+02 2.425877186041631717e-01
3.510000000000000000e+02 2.375782132047671302e-01
3.511999999999999886e+02 2.326707665848336548e-01
3.513999999999999773e+02 2.278771908396302059e-01
3.516000000000000227e+02 2.231556804264880622e-01
3.518000000000000114e+02 2.185329343803334434e-01
3.520000000000000000e+02 2.139893134202333069e-01
3.521999999999999886e+02 2.095011568832983451e-01
3.523999999999999773e+02 2.051002988600814370e-01
3.526000000000000227e+02 2.007623992154436987e-01
3.528000000000000114e+02 1.965082505674734525e-01
3.530000000000000000e+02 1.923610346668074844e-01
3.531999999999999886e+02 1.882972980725355350e-01
3.533999999999999773e+02 1.843451827824290623e-01
3.536000000000000227e+02 1.805107786676267700e-01
3.538000000000000114e+02 1.767802710977139646e-01
3.540000000000000000e+02 1.731531356763590379e-01
3.541999999999999886e+02 1.696562887413414211e-01
3.543999999999999773e+02 1.662742431676039190e-01
3.546000000000000227e+02 1.629946859539554704e-01
3.548000000000000114e+02 1.598380713841865974e-01
3.550000000000000000e+02 1.567764591252969186e-01
3.551999999999999886e+02 1.538132798541115287e-01
3.553999999999999773e+02 1.509470747773366539e-01
3.556000000000000227e+02 1.481482686149708239e-01
3.558000000000000114e+02 1.454281461560129329e-01
3.560000000000000000e+02 1.427690416425875797e-01
3.561999999999999886e+02 1.401599182152811207e-01
3.563999999999999773e+02 1.376151395734453720e-01
3.566000000000000227e+02 1.351165328982846525e-01
3.568000000000000114e+02 1.326759149789178416e-01
3.570000000000000000e+02 1.302984048711110232e-01
3.571999999999999886e+02 1.279693570812667491e-01
3.573999999999999773e+02 1.257127856507092578e-01
3.576000000000000227e+02 1.235379489451830654e-01
3.578000000000000114e+02 1.214386880234979288e-01
3.580000000000000000e+02 1.194099351684984600e-01
3.581999999999999886e+02 1.174604731829582832e-01
3.583999999999999773e+02 1.155775286455534706e-01
3.586000000000000227e+02 1.137572434424357071e-01
3.588000000000000114e+02 1.120071269588227003e-01
3.590000000000000000e+02 1.103027465161837972e-01
3.591999999999999886e+02 1.086364001638802784e-01
3.593999999999999773e+02 1.069940496436128929e-01
3.596000000000000227e+02 1.053552777810360663e-01
3.598000000000000114e+02 1.037286762170567950e-01
3.600000000000000000e+02 1.021036936300746684e-01
3.601999999999999886e+02 1.004783951773193795e-01
3.603999999999999773e+02 9.886265194697939351e-02
3.606000000000000227e+02 9.724880784376509213e-02
3.608000000000000114e+02 9.565324692890907199e-02
3.610000000000000000e+02 9.408406058840490527e-02
3.611999999999999886e+02 9.253837290284430694e-02
3.613999999999999773e+02 9.103250741635758592e-02
3.616000000000000227e+02 8.957158513553074852e-02
3.618000000000000114e+02 8.815483498747926638e-02
3.620000000000000000e+02 8.678680909593503023e-02
3.621999999999999886e+02 8.548149389861445235e-02
3.623999999999999773e+02 8.423442758268223640e-02
3.626000000000000227e+02 8.304275769395333406e-02
3.628000000000000114e+02 8.190229179092757550e-02
3.630000000000000000e+02 8.079061121303586501e-02
3.631999999999999886e+02 7.970320216022924731e-02
3.633999999999999773e+02 7.863106649486889532e-02
3.636000000000000227e+02 7.756235557088946020e-02
3.638000000000000114e+02 7.649823375726109986e-02
3.640000000000000000e+02 7.542443742352571145e-02
3.641999999999999886e+02 7.434051743492045561e-02
3.643999999999999773e+02 7.325669088953781771e-02
3.646000000000000227e+02 7.217382276793396501e-02
3.648000000000000114e+02 7.110576501010999750e-02
3.650000000000000000e+02 7.005718322116256946e-02
3.651999999999999886e+02 6.902899267175420517e-02
3.653999999999999773e+02 6.803554632316724526e-02
3.656000000000000227e+02 6.708792604177828134e-02
3.658000000000000114e+02 6.619360016268871494e-02
3.660000000000000000e+02 6.535587013979159143e-02
3.661999999999999886e+02 6.457434633421456349e-02
3.663999999999999773e+02 6.385379602407048605e-02
3.666000000000000227e+02 6.319671368370689823e-02
3.668000000000000114e+02 6.259755590234647449e-02
3.670000000000000000e+02 6.204239995504388233e-02
3.671999999999999886e+02 6.152226797797265279e-02
3.673999999999999773e+02 6.103097114940749662e-02
3.676000000000000227e+02 6.056212744975300599e-02
3.678000000000000114e+02 6.010890203889333178e-02
3.680000000000000000e+02 5.967177144482906093e-02
3.681999999999999886e+02 5.924999615379304002e-02
3.683999999999999773e+02 5.884046028779402193e-02
3.686000000000000227e+02 5.844301593327207167e-02
3.688000000000000114e+02 5.805572841646861743e-02
3.690000000000000000e+02 5.767446801641134407e-02
3.691999999999999886e+02 5.729673593441995255e-02
3.693999999999999773e+02 5.692717055527354852e-02
3.696000000000000227e+02 5.656948689379252132e-02
3.698000000000000114e+02 5.622095120874238267e-02
3.700000000000000000e+02 5.587439908486464130e-02
3.701999999999999886e+02 5.552751621564919193e-02
3.703999999999999773e+02 5.518466055284787508e-02
3.706000000000000227e+02 5.485148245954799689e-02
3.708000000000000114e+02 5.453103127710450665e-02
3.710000000000000000e+02 5.422326070754467792e-02
3.711999999999999886e+02 5.392562162015615557e-02
3.713999999999999773e+02 5.363347052500810203e-02
3.716000000000000227e+02 5.334306299424759062e-02
3.718000000000000114e+02 5.305761180666478116e-02
3.720000000000000000e+02 5.278066334069948795e-02
3.721999999999999886e+02 5.251700237677094790e-02
3.723999999999999773e+02 5.227341440227441932e-02
3.726000000000000227e+02 5.205481130275177448e-02
3.728000000000000114e+02 5.185925843061423707e-02
3.730000000000000000e+02 5.168018526522943218e-02
3.731999999999999886e+02 5.151079628577593522e-02
3.733999999999999773e+02 5.134823806344540609e-02
3.736000000000000227e+02 5.118963641124747027e-02
3.738000000000000114e+02 5.103073560036856804e-02
3.740000000000000000e+02 5.086604237722895661e-02
3.741999999999999886e+02 5.069012368673859320e-02
3.743999999999999773e+02 5.050028750294937446e-02
3.746000000000000227e+02 5.029816077820492559e-02
3.748000000000000114e+02 5.008860060944271553e-02
3.750000000000000000e+02 4.987296818086296019e-02
3.751999999999999886e+02 4.965136384710355788e-02
3.753999999999999773e+02 4.942548303515753583e-02
3.756000000000000227e+02 4.919807123244127750e-02
3.758000000000000114e+02 4.896321637336979032e-02
3.760000000000000000e+02 4.871518760720652819e-02
3.761999999999999886e+02 4.845321147214494417e-02
3.763999999999999773e+02 4.818137386788980819e-02
3.766000000000000227e+02 4.790197083567955538e-02
3.768000000000000114e+02 4.761733044323415709e-02
3.770000000000000000e+02 4.732977978097220595e-02
3.771999999999999886e+02 4.704031118317853616e-02
3.773999999999999773e+02 4.674933351760773848e-02
3.776000000000000227e+02 4.646081235869048420e-02
3.778000000000000114e+02 4.618135319466525751e-02
3.780000000000000000e+02 4.591631058000592708e-02
3.781999999999999886e+02 4.567022505320567777e-02
3.783999999999999773e+02 4.544709221249950554e-02
3.786000000000000227e+02 4.524966176651813027e-02
3.788000000000000114e+02 4.507856794581975579e-02
3.790000000000000000e+02 4.493465435375284395e-02
3.791999999999999886e+02 4.482073624393254074e-02
3.793999999999999773e+02 4.474071014712912436e-02
3.796000000000000227e+02 4.469640104198101260e-02
3.798000000000000114e+02 4.468589350575988967e-02
3.800000000000000000e+02 4.470158241361137791e-02
3.801999999999999886e+02 4.473278316977403329e-02
3.803999999999999773e+02 4.477246515616269129e-02
3.806000000000000227e+02 4.481576908966264372e-02
3.808000000000000114e+02 4.486070904254414737e-02
3.810000000000000000e+02 4.490797316161858344e-02
3.811999999999999886e+02 4.495827804265507821e-02
3.813999999999999773e+02 4.500648786053651484e-02
3.816000000000000227e+02 4.504426144756712436e-02
3.818000000000000114e+02 4.506405120021881455e-02
3.820000000000000000e+02 4.506235569049194672e-02
3.821999999999999886e+02 4.503976856296729864e-02
3.823999999999999773e+02 4.499917661344545600e-02
3.826000000000000227e+02 4.494335010511786577e-02
3.828000000000000114e+02 4.487226284702432871e-02
3.830000000000000000e+02 4.478375575410013798e-02
3.831999999999999886e+02 4.467327905776490027e-02
3.833999999999999773e+02 4.453512748631512086e-02
3.836000000000000227e+02 4.436720494191625369e-02
3.838000000000000114e+02 4.417296000211970441e-02
3.840000000000000000e+02 4.395673411476200970e-02
3.841999999999999886e+02 4.372018282897543323e-02
3.843999999999999773e+02 4.346558922955801735e-02
3.846000000000000227e+02 4.319957560782745898e-02
3.848000000000000114e+02 4.293067855220084744e-02
3.850000000000000000e+02 4.266595786424786513e-02
3.851999999999999886e+02 4.241090257609370084e-02
3.853999999999999773e+02 4.217007728227660512e-02
3.856000000000000227e+02 4.194798223248210473e-02
3.858000000000000114e+02 4.174952983330781908e-02
3.860000000000000000e+02 4.157872574068369187e-02
3.861999999999999886e+02 4.143249235852892315e-02
3.863999999999999773e+02 4.130217188328203642e-02
3.866000000000000227e+02 4.117964542121477223e-02
3.868000000000000114e+02 4.106453846060831997e-02
3.870000000000000000e+02 4.095771793041540904e-02
3.871999999999999886e+02 4.085805751847984557e-02
3.873999999999999773e+02 4.076288839942231873e-02
3.876000000000000227e+02 4.067237636652000499e-02
3.878000000000000114e+02 4.058544075989063693e-02
3.880000000000000000e+02 4.049830896187928825e-02
3.881999999999999886e+02 4.040595780594682246e-02
3.883999999999999773e+02 4.030611550249483394e-02
3.886000000000000227e+02 4.020130192014873677e-02
3.888000000000000114e+02 4.009676217668960152e-02
3.890000000000000000e+02 3.999627356138819867e-02
3.891999999999999886e+02 3.990240323873429917e-02
3.893999999999999773e+02 3.981587760657938346e-02
3.896000000000000227e+02 3.973518676707341740e-02
3.898000000000000114e+02 3.965684332411428814e-02
3.900000000000000000e+02 3.957758687222653893e-02
3.901999999999999886e+02 3.949563413636082015e-02
3.903999999999999773e+02 3.941219790563357112e-02
3.906000000000000227e+02 3.933248991827190816e-02
3.908000000000000114e+02 3.925957529074193542e-02
3.910000000000000000e+02 3.919179617545148070e-02
3.911999999999999886e+02 3.912429514701626365e-02
3.913999999999999773e+02 3.905412404742265170e-02
3.916000000000000227e+02 3.898184847329688729e-02
3.918000000000000114e+02 3.891101214184235213e-02
3.920000000000000000e+02 3.884561449273103012e-02
3.921999999999999886e+02 3.878591140451040364e-02
3.923999999999999773e+02 3.873118380419999368e-02
3.926000000000000227e+02 3.868136797506743774e-02
3.928000000000000114e+02 3.863688038580203460e-02
3.930000000000000000e+02 3.859673941296008770e-02
3.931999999999999886e+02 3.856108405434566927e-02
3.933999999999999773e+02 3.853189154255651921e-02
3.936000000000000227e+02 3.851209670792519330e-02
3.938000000000000114e+02 3.850299034342652416e-02
3.940000000000000000e+02 3.850463777181371838e-02
3.941999999999999886e+02 3.851804582779389668e-02
3.943999999999999773e+02 3.854535028972166238e-02
3.946000000000000227e+02 3.858573327821541998e-02
3.948000000000000114e+02 3.864003063298122181e-02
3.950000000000000000e+02 3.871087767502427723e-02
3.951999999999999886e+02 3.880022163935453045e-02
3.953999999999999773e+02 3.890527221825072074e-02
3.956000000000000227e+02 3.902234048352157258e-02
3.958000000000000114e+02 3.914904221350770652e-02
3.960000000000000000e+02 3.928546968561037050e-02
3.961999999999999886e+02 3.943476433610632048e-02
3.963999999999999773e+02 3.960192784991983100e-02
3.966000000000000227e+02 3.979305058139240292e-02
3.968000000000000114e+02 4.001498407085844755e-02
3.970000000000000000e+02 4.027544364468230165e-02
3.971999999999999886e+02 4.057980859026081438e-02
3.973999999999999773e+02 4.093000755385690220e-02
3.976000000000000227e+02 4.132565624601850646e-02
3.978000000000000114e+02 4.176831278121814067e-02
3.980000000000000000e+02 4.225756383965396934e-02
3.981999999999999886e+02 4.278916753565807640e-02
3.983999999999999773e+02 4.335716453304463980e-02
3.986000000000000227e+02 4.396362566894072843e-02
3.988000000000000114e+02 4.460926272366483314e-02
3.990000000000000000e+02 4.529348724557057809e-02
3.991999999999999886e+02 4.601941257631791959e-02
3.993999999999999773e+02 4.678452785641053213e-02
3.996000000000000227e+02 4.758621277841088015e-02
3.998000000000000114e+02 4.842658669509425362e-02
4.000000000000000000e+02 4.931299921257906865e-02
4.001999999999999886e+02 5.024693100289226444e-02
4.003999999999999773e+02 5.122822010569547807e-02
4.006000000000000227e+02 5.226189475040884935e-02
4.008000000000000114e+02 5.336164172031632180e-02
4.010000000000000000e+02 5.453106897196399738e-02
4.011999999999999886e+02 5.576625971398130321e-02
4.013999999999999773e+02 5.706502891755253770e-02
4.016000000000000227e+02 5.843516400838129343e-02
4.018000000000000114e+02 5.987262843356103148e-02
4.020000000000000000e+02 6.136636732441393127e-02
4.021999999999999886e+02 6.291173617003457952e-02
4.023999999999999773e+02 6.452227323491165067e-02
4.026000000000000227e+02 6.619525106038931517e-02
4.028000000000000114e+02 6.793633791634345886e-02
4.030000000000000000e+02 6.976760669177478613e-02
4.031999999999999886e+02 7.169614340960538124e-02
4.033999999999999773e+02 7.372169205679739157e-02
4.036000000000000227e+02 7.585272963189387818e-02
4.038000000000000114e+02 7.810669100170970769e-02
4.040000000000000000e+02 8.048413116563457592e-02
4.041999999999999886e+02 8.297360398400870085e-02
4.043999999999999773e+02 8.558523810304789758e-02
4.046000000000000227e+02 8.833717621278472376e-02
4.048000000000000114e+02 9.116158574743878085e-02
4.050000000000000000e+02 9.407682529714853081e-02
4.051999999999999886e+02 9.711459437545737206e-02
4.053999999999999773e+02 1.002411393805540257e-01
4.056000000000000227e+02 1.034723529956828730e-01
4.058000000000000114e+02 1.067954710039386995e-01
4.060000000000000000e+02 1.101879904708141511e-01
4.061999999999999886e+02 1.136710437528165724e-01
4.063999999999999773e+02 1.172246528105668900e-01
4.066000000000000227e+02 1.208504117423820773e-01
4.068000000000000114e+02 1.245698894460613854e-01
4.070000000000000000e+02 1.283561042136492081e-01
4.071999999999999886e+02 1.322299003320323019e-01
4.073999999999999773e+02 1.362051241347191910e-01
4.076000000000000227e+02 1.402636559941232430e-01
4.078000000000000114e+02 1.444395334223592675e-01
4.080000000000000000e+02 1.487233658484328203e-01
4.081999999999999886e+02 1.530990738166566056e-01
4.083999999999999773e+02 1.575918292273649768e-01
4.086000000000000227e+02 1.621673714873299310e-01
4.088000000000000114e+02 1.668261336355040536e-01
4.090000000000000000e+02 1.715866056527750594e-01
4.091999999999999886e+02 1.764076307675854771e-01
4.093999999999999773e+02 1.813085546400028392e-01
4.096000000000000227e+02 1.862867861077174558e-01
4.098000000000000114e+02 1.913026888900559996e-01
4.100000000000000000e+02 1.963774414401273649e-01
4.101999999999999886e+02 2.014798649956306975e-01
4.103999999999999773e+02 2.065864300040308743e-01
4.106000000000000227e+02 2.117217090174145777e-01
4.108000000000000114e+02 2.168399397687320873e-01
4.110000000000000000e+02 2.219442095085152333e-01
4.111999999999999886e+02 2.270523106693611848e-01
4.113999999999999773e+02 2.321228366527496589e-01
4.116000000000000227e+02 2.371806497547966353e-01
4.118000000000000114e+02 2.422214109011925076e-01
4.120000000000000000e+02 2.472127126630438987e-01
4.121999999999999886e+02 2.521817643956381083e-01
4.123999999999999773e+02 2.570935167976265978e-01
4.126000000000000227e+02 2.619274516263736530e-01
4.128000000000000114e+02 2.667056980603379479e-01
4.130000000000000000e+02 2.713849303868995366e-01
4.131999999999999886e+02 2.759679285669612292e-01
4.133999999999999773e+02 2.804611824829479905e-01
4.136000000000000227e+02 2.848258548746808727e-01
4.138000000000000114e+02 2.890841766617241460e-01
4.140000000000000000e+02 2.932274293158517731e-01
4.141999999999999886e+02 2.972316585898707175e-01
4.143999999999999773e+02 3.011250684614645845e-01
4.146000000000000227e+02 3.048908033942314688e-01
4.148000000000000114e+02 3.085287946516501179e-01
4.150000000000000000e+02 3.120619512361954562e-01
4.151999999999999886e+02 3.154639324404703848e-01
4.153999999999999773e+02 3.187484539128499494e-01
4.156000000000000227e+02 3.219251653539454416e-01
4.158000000000000114e+02 3.249715664137206583e-01
4.160000000000000000e+02 3.279090291703470328e-01
4.161999999999999886e+02 3.307333777376146866e-01
4.163999999999999773e+02 3.334339809791244114e-01
4.166000000000000227e+02 3.360309748967067467e-01
4.168000000000000114e+02 3.385094125801940135e-01
4.170000000000000000e+02 3.408651732273443313e-01
4.171999999999999886e+02 3.431017879150138339e-01
4.173999999999999773e+02 3.451908256183584545e-01
4.176000000000000227e+02 3.471360636737546024e-01
4.178000000000000114e+02 3.489436211856874470e-01
4.180000000000000000e+02 3.506081013059448859e-01
4.181999999999999886e+02 3.521436687152388334e-01
4.183999999999999773e+02 3.535463571744465461e-01
4.186000000000000227e+02 3.548085914009533881e-01
4.188000000000000114e+02 3.559350403774439453e-01
4.190000000000000000e+02 3.569145926488995202e-01
4.191999999999999886e+02 3.577469440510868126e-01
4.193999999999999773e+02 3.584388102082798899e-01
4.196000000000000227e+02 3.589864278482271520e-01
4.198000000000000114e+02 3.593915171300250400e-01
4.200000000000000000e+02 3.596542992407922856e-01
4.201999999999999886e+02 3.597732677800458134e-01
4.203999999999999773e+02 3.597540976159530612e-01
4.206000000000000227e+02 3.596025438839284827e-01
4.208000000000000114e+02 3.593281801393302666e-01
4.210000000000000000e+02 3.589455053587589650e-01
4.211999999999999886e+02 3.584651198700860020e-01
4.213999999999999773e+02 3.579013414373240498e-01
4.216000000000000227e+02 3.572664282123082513e-01
4.218000000000000114e+02 3.565638678953171881e-01
4.220000000000000000e+02 3.558001275618096759e-01
4.221999999999999886e+02 3.549739971187931831e-01
4.223999999999999773e+02 3.540830777660393114e-01
4.226000000000000227e+02 3.531399092634485704e-01
4.228000000000000114e+02 3.521494571451126432e-01
4.230000000000000000e+02 3.511198790595340125e-01
4.231999999999999886e+02 3.500612216536138632e-01
4.233999999999999773e+02 3.489630196112044613e-01
4.236000000000000227e+02 3.478259403072025968e-01
4.238000000000000114e+02 3.466518974204831349e-01
4.240000000000000000e+02 3.454365587369063739e-01
4.241999999999999886e+02 3.441985590387693361e-01
4.243999999999999773e+02 3.429477752922800438e-01
4.246000000000000227e+02 3.416889309416415443e-01
4.248000000000000114e+02 3.404369639130651604e-01
4.250000000000000000e+02 3.391904575212593143e-01
4.251999999999999886e+02 3.379545220934386252e-01
4.253999999999999773e+02 3.367394450575720843e-01
4.256000000000000227e+02 3.355358042953281439e-01
4.258000000000000114e+02 3.343439492770241550e-01
4.260000000000000000e+02 3.331585416216795714e-01
4.261999999999999886e+02 3.319630679519414151e-01
4.263999999999999773e+02 3.307568116624584054e-01
4.266000000000000227e+02 3.295277576372501183e-01
4.268000000000000114e+02 3.282659300251217216e-01
4.270000000000000000e+02 3.269782161468405834e-01
4.271999999999999886e+02 3.256554662028863789e-01
4.273999999999999773e+02 3.242988277882085102e-01
4.276000000000000227e+02 3.229145222410352289e-01
4.278000000000000114e+02 3.214922209080213755e-01
4.280000000000000000e+02 3.200377553959034005e-01
4.281999999999999886e+02 3.185495020180771908e-01
4.283999999999999773e+02 3.170173877617881164e-01
4.286000000000000227e+02 3.154556173831307708e-01
4.288000000000000114e+02 3.138666487676237682e-01
4.290000000000000000e+02 3.122573064908112928e-01
4.291999999999999886e+02 3.106470112238046699e-01
4.293999999999999773e+02 3.090271884525257473e-01
4.296000000000000227e+02 3.074013048033161777e-01
4.298000000000000114e+02 3.057757767483263445e-01
4.300000000000000000e+02 3.041388216526584309e-01
4.301999999999999886e+02 3.024977110912581146e-01
4.303999999999999773e+02 3.008461561893116532e-01
4.306000000000000227e+02 2.991680541009618111e-01
4.308000000000000114e+02 2.974709497129078839e-01
4.310000000000000000e+02 2.957450925271615239e-01
4.312000000000000455e+02 2.939880475264866067e-01
4.313999999999999773e+02 2.922116413331558582e-01
4.316000000000000227e+02 2.904046054884592554e-01
4.318000000000000114e+02 2.885733014039513766e-01
4.320000000000000000e+02 2.867221602631253585e-01
4.322000000000000455e+02 2.848345066305028039e-01
4.323999999999999773e+02 2.829168230117340421e-01
4.326000000000000227e+02 2.809610569180021611e-01
4.328000000000000114e+02 2.789544769618420017e-01
4.330000000000000000e+02 2.769094400139673340e-01
4.332000000000000455e+02 2.748178370958757610e-01
4.333999999999999773e+02 2.726896758699637879e-01
4.336000000000000227e+02 2.705519752311149606e-01
4.338000000000000114e+02 2.683984972234023103e-01
4.340000000000000000e+02 2.662416044731465425e-01
4.342000000000000455e+02 2.640864778459063311e-01
4.343999999999999773e+02 2.619182150857439773e-01
4.346000000000000227e+02 2.597521041449248891e-01
4.348000000000000114e+02 2.575866711888162297e-01
4.350000000000000000e+02 2.554170399829070459e-01
4.352000000000000455e+02 2.532583038442607348e-01
4.353999999999999773e+02 2.510987507184517242e-01
4.356000000000000227e+02 2.489322220931019514e-01
4.358000000000000114e+02 2.467762758837811210e-01
4.360000000000000000e+02 2.446646332832131399e-01
4.362000000000000455e+02 2.425803498422287319e-01
4.363999999999999773e+02 2.404991347567208004e-01
4.366000000000000227e+02 2.384201946805230288e-01
4.368000000000000114e+02 2.363490098999260491e-01
4.370000000000000000e+02 2.342802630768904271e-01
4.372000000000000455e+02 2.322042744660572089e-01
4.373999999999999773e+02 2.301207350018417697e-01
4.376000000000000227e+02 2.280220762080660268e-01
4.378000000000000114e+02 2.259083730436688975e-01
4.380000000000000000e+02 2.237893069742594165e-01
4.382000000000000455e+02 2.216560796939477107e-01
4.383999999999999773e+02 2.195098977407801688e-01
4.386000000000000227e+02 2.173569421132722224e-01
4.388000000000000114e+02 2.151919683170906150e-01
4.390000000000000000e+02 2.130215323003769035e-01
4.392000000000000455e+02 2.108501373819676172e-01
4.393999999999999773e+02 2.086749846396000474e-01
4.396000000000000227e+02 2.065032069282098093e-01
4.398000000000000114e+02 2.043449650056846922e-01
4.400000000000000000e+02 2.022071576517341929e-01
4.402000000000000455e+02 2.000911938624724551e-01
4.403999999999999773e+02 1.980134719822552736e-01
4.406000000000000227e+02 1.959847154684004888e-01
4.408000000000000114e+02 1.940017979525217595e-01
4.410000000000000000e+02 1.920666142045978075e-01
4.412000000000000455e+02 1.901725122709871096e-01
4.413999999999999773e+02 1.883124354220258312e-01
4.416000000000000227e+02 1.864916193840450986e-01
4.418000000000000114e+02 1.847012497970214884e-01
4.420000000000000000e+02 1.829310928708735573e-01
4.422000000000000455e+02 1.811767924253949447e-01
4.423999999999999773e+02 1.794319990151281574e-01
4.426000000000000227e+02 1.776851830948486255e-01
4.428000000000000114e+02 1.759297406070116920e-01
4.430000000000000000e+02 1.741744132736063044e-01
4.432000000000000455e+02 1.724171250131688038e-01
4.433999999999999773e+02 1.706582524384105126e-01
4.436000000000000227e+02 1.689048803472401328e-01
4.438000000000000114e+02 1.671554003992978543e-01
4.440000000000000000e+02 1.654170381873777129e-01
4.442000000000000455e+02 1.636987830451677450e-01
4.443999999999999773e+02 1.619986317340519899e-01
4.446000000000000227e+02 1.603218516349705636e-01
4.448000000000000114e+02 1.586691112811717819e-01
4.450000000000000000e+02 1.570360789669568435e-01
4.452000000000000455e+02 1.554341284204921181e-01
4.453999999999999773e+02 1.538659656021894861e-01
4.456000000000000227e+02 1.523274308932742183e-01
4.458000000000000114e+02 1.508178684665823222e-01
4.460000000000000000e+02 1.493370193534170332e-01
4.462000000000000455e+02 1.478811889607797303e-01
4.463999999999999773e+02 1.464460697508508935e-01
4.466000000000000227e+02 1.450384255489720609e-01
4.468000000000000114e+02 1.436563721752564526e-01
4.470000000000000000e+02 1.422939949375700563e-01
4.472000000000000455e+02 1.409513445048920233e-01
4.473999999999999773e+02 1.396214798336013196e-01
4.476000000000000227e+02 1.383024339456920271e-01
4.478000000000000114e+02 1.369991627614289276e-01
4.480000000000000000e+02 1.357089662639583416e-01
4.482000000000000455e+02 1.344331195730489314e-01
4.483999999999999773e+02 1.331741913834379454e-01
4.486000000000000227e+02 1.319310526284818430e-01
4.488000000000000114e+02 1.307103733117385702e-01
4.490000000000000000e+02 1.295112434554623326e-01
4.492000000000000455e+02 1.283227042443026988e-01
4.493999999999999773e+02 1.271410221016179287e-01
4.496000000000000227e+02 1.259647421791428024e-01
4.498000000000000114e+02 1.247896946485288622e-01
4.500000000000000000e+02 1.236071861053107818e-01
4.502000000000000455e+02 1.224169106270462104e-01
4.503999999999999773e+02 1.212161180694125429e-01
4.506000000000000227e+02 1.199982069316878619e-01
4.508000000000000114e+02 1.187654087483251686e-01
4.510000000000000000e+02 1.175195609646271927e-01
4.512000000000000455e+02 1.162669960841208605e-01
4.513999999999999773e+02 1.150229786817919542e-01
4.516000000000000227e+02 1.137889394500110063e-01
4.518000000000000114e+02 1.125629100818075629e-01
4.520000000000000000e+02 1.113461914084683396e-01
4.522000000000000455e+02 1.101425969393497045e-01
4.523999999999999773e+02 1.089535666189686697e-01
4.526000000000000227e+02 1.077834823313204987e-01
4.528000000000000114e+02 1.066437663078814296e-01
4.530000000000000000e+02 1.055351331441430340e-01
4.532000000000000455e+02 1.044566867880294542e-01
4.533999999999999773e+02 1.034081571115934017e-01
4.536000000000000227e+02 1.023825564295758883e-01
4.538000000000000114e+02 1.013786951497117894e-01
4.540000000000000000e+02 1.003954221323261342e-01
4.542000000000000455e+02 9.942412219527561879e-02
4.543999999999999773e+02 9.846066507895895326e-02
4.546000000000000227e+02 9.750092639739280087e-02
4.548000000000000114e+02 9.654111124012790257e-02
4.550000000000000000e+02 9.558432391253429694e-02
4.552000000000000455e+02 9.462674862367924378e-02
4.553999999999999773e+02 9.366196667359638628e-02
4.556000000000000227e+02 9.268909874255849835e-02
4.558000000000000114e+02 9.171234124258333120e-02
4.560000000000000000e+02 9.073562698123810444e-02
4.562000000000000455e+02 8.976192405940172647e-02
4.563999999999999773e+02 8.879654094847082291e-02
4.566000000000000227e+02 8.783565176766774951e-02
4.568000000000000114e+02 8.687309476042548440e-02
4.570000000000000000e+02 8.590889897624698346e-02
4.572000000000000455e+02 8.494257634319071770e-02
4.573999999999999773e+02 8.398021636524502509e-02
4.576000000000000227e+02 8.303198322280247456e-02
4.578000000000000114e+02 8.209852758646929427e-02
4.580000000000000000e+02 8.118129510614607858e-02
4.582000000000000455e+02 8.028334237374828986e-02
4.583999999999999773e+02 7.940709107249208087e-02
4.586000000000000227e+02 7.855185173946660493e-02
4.588000000000000114e+02 7.772023047342427327e-02
4.590000000000000000e+02 7.691685567698190729e-02
4.592000000000000455e+02 7.613923396818113309e-02
4.593999999999999773e+02 7.538656082638200973e-02
4.596000000000000227e+02 7.465676098172956132e-02
4.598000000000000114e+02 7.394340829630455247e-02
4.600000000000000000e+02 7.324515535980383185e-02
4.602000000000000455e+02 7.255863686347947816e-02
4.603999999999999773e+02 7.187883489047174057e-02
4.606000000000000227e+02 7.120715027463921099e-02
4.608000000000000114e+02 7.054252493885299069e-02
4.610000000000000000e+02 6.988426493231718328e-02
4.612000000000000455e+02 6.923471882020260093e-02
4.613999999999999773e+02 6.858965313664543151e-02
4.616000000000000227e+02 6.794360730300487428e-02
4.618000000000000114e+02 6.729308138907216796e-02
4.620000000000000000e+02 6.663702729487330778e-02
4.622000000000000455e+02 6.597363786242584072e-02
4.623999999999999773e+02 6.530351948688811747e-02
4.626000000000000227e+02 6.463171819118322670e-02
4.628000000000000114e+02 6.395964768392850552e-02
4.630000000000000000e+02 6.329056749454092801e-02
4.632000000000000455e+02 6.262913511349813001e-02
4.633999999999999773e+02 6.197553207556332627e-02
4.636000000000000227e+02 6.133380103934477773e-02
4.638000000000000114e+02 6.070675163618044490e-02
4.640000000000000000e+02 6.009113441659859334e-02
4.642000000000000455e+02 5.948525063249141681e-02
4.643999999999999773e+02 5.888627755520678408e-02
4.646000000000000227e+02 5.829235225305859358e-02
4.648000000000000114e+02 5.770893333511913775e-02
4.650000000000000000e+02 5.713911739477286339e-02
4.652000000000000455e+02 5.658360819355947452e-02
4.653999999999999773e+02 5.604247149077110079e-02
4.656000000000000227e+02 5.551498255670535981e-02
4.658000000000000114e+02 5.499751908754636071e-02
4.660000000000000000e+02 5.448449967275338646e-02
4.662000000000000455e+02 5.397193237706002233e-02
4.663999999999999773e+02 5.345608944042001126e-02
4.666000000000000227e+02 5.293608724476153021e-02
4.668000000000000114e+02 5.241486835141093842e-02
4.670000000000000000e+02 5.189223763072672163e-02
4.672000000000000455e+02 5.137105969511280429e-02
4.673999999999999773e+02 5.085630802580295984e-02
4.676000000000000227e+02 5.034819857404745219e-02
4.678000000000000114e+02 4.984746485977935987e-02
4.680000000000000000e+02 4.935397825208300004e-02
4.682000000000000455e+02 4.886589301875609442e-02
4.683999999999999773e+02 4.838497778543014716e-02
4.686000000000000227e+02 4.791082102539276355e-02
4.688000000000000114e+02 4.744099473291289032e-02
4.690000000000000000e+02 4.697598180872584323e-02
4.692000000000000455e+02 4.651734616723929988e-02
4.693999999999999773e+02 4.606564566805776417e-02
4.696000000000000227e+02 4.561983002294978801e-02
4.698000000000000114e+02 4.518071244476577070e-02
4.700000000000000000e+02 4.474708596992052478e-02
4.702000000000000455e+02 4.431581569022249173e-02
4.703999999999999773e+02 4.388468344155591061e-02
4.706000000000000227e+02 4.344914018810724227e-02
4.708000000000000114e+02 4.300696515913600415e-02
4.710000000000000000e+02 4.256106953918494668e-02
4.712000000000000455e+02 4.211263281941607373e-02
4.713999999999999773e+02 4.166514884141302860e-02
4.716000000000000227e+02 4.122442870948948845e-02
4.718000000000000114e+02 4.079482244337278435e-02
4.720000000000000000e+02 4.037514851978031560e-02
4.722000000000000455e+02 3.996367544558670354e-02
4.723999999999999773e+02 3.956139155772085692e-02
4.726000000000000227e+02 3.916647402128840827e-02
4.728000000000000114e+02 3.877752417287629733e-02
4.730000000000000000e+02 3.839424324849279729e-02
4.732000000000000455e+02 3.801655304549299980e-02
4.733999999999999773e+02 3.764763960378821744e-02
4.736000000000000227e+02 3.728984741501342737e-02
4.738000000000000114e+02 3.694186085573871597e-02
4.740000000000000000e+02 3.660230417566993216e-02
4.742000000000000455e+02 3.626778185850896424e-02
4.743999999999999773e+02 3.593469996058740873e-02
4.746000000000000227e+02 3.560333321865329775e-02
4.748000000000000114e+02 3.527266835804061113e-02
4.750000000000000000e+02 3.494224925880620725e-02
4.752000000000000455e+02 3.461411986593405238e-02
4.753999999999999773e+02 3.429165368432364469e-02
4.756000000000000227e+02 3.397674711631954586e-02
4.758000000000000114e+02 3.367006812636903768e-02
4.760000000000000000e+02 3.337266431646076364e-02
4.762000000000000455e+02 3.308228403404273044e-02
4.763999999999999773e+02 3.279582595022743907e-02
4.766000000000000227e+02 3.251126131070172787e-02
4.768000000000000114e+02 3.222618816545097520e-02
4.770000000000000000e+02 3.194004612838775847e-02
4.772000000000000455e+02 3.165289772931632190e-02
4.773999999999999773e+02 3.136271178560001011e-02
4.776000000000000227e+02 3.107074923462644495e-02
4.778000000000000114e+02 3.077979913842978851e-02
4.780000000000000000e+02 3.049164789773112227e-02
4.782000000000000455e+02 3.020541514928406363e-02
4.783999999999999773e+02 2.992211491853297850e-02
4.786000000000000227e+02 2.964363240057156859e-02
4.788000000000000114e+02 2.936876950691144628e-02
4.790000000000000000e+02 2.909646255726022063e-02
4.792000000000000455e+02 2.882633971184169960e-02
4.793999999999999773e+02 2.855916344603384380e-02
4.796000000000000227e+02 2.829804474416972374e-02
4.798000000000000114e+02 2.804422872663874314e-02
4.800000000000000000e+02 2.779783750233081469e-02
4.802000000000000455e+02 2.756079652164188445e-02
4.803999999999999773e+02 2.733270242404335984e-02
4.806000000000000227e+02 2.711250070326362907e-02
4.808000000000000114e+02 2.689941220118379633e-02
4.810000000000000000e+02 2.669047855325085150e-02
4.812000000000000455e+02 2.648323776370583443e-02
4.813999999999999773e+02 2.627702218052295480e-02
4.816000000000000227e+02 2.607321320550612040e-02
4.818000000000000114e+02 2.587266973950232835e-02
4.820000000000000000e+02 2.567641688501778874e-02
4.822000000000000455e+02 2.548548035099978959e-02
4.823999999999999773e+02 2.529787007575140523e-02
4.826000000000000227e+02 2.511123025782925275e-02
4.828000000000000114e+02 2.492463764685355979e-02
4.830000000000000000e+02 2.473967862449180655e-02
4.832000000000000455e+02 2.455814265732154597e-02
4.833999999999999773e+02 2.437941025201404918e-02
4.836000000000000227e+02 2.420071279467543926e-02
4.838000000000000114e+02 2.402291226975683883e-02
4.840000000000000000e+02 2.384653336593525394e-02
4.842000000000000455e+02 2.367175333875925700e-02
4.843999999999999773e+02 2.350022326198399764e-02
4.846000000000000227e+02 2.333324881085363164e-02
4.848000000000000114e+02 2.317119824130589242e-02
4.850000000000000000e+02 2.301366888861219526e-02
4.852000000000000455e+02 2.286072263139759392e-02
4.853999999999999773e+02 2.271255162008537984e-02
4.856000000000000227e+02 2.256887621253055032e-02
4.858000000000000114e+02 2.242799889075864500e-02
4.860000000000000000e+02 2.228547867808203936e-02
4.862000000000000455e+02 2.213718955083107676e-02
4.863999999999999773e+02 2.198097124864212271e-02
4.866000000000000227e+02 2.181511577356377504e-02
4.868000000000000114e+02 2.163867089129016541e-02
4.870000000000000000e+02 2.145082272706834783e-02
4.872000000000000455e+02 2.125000316841230141e-02
4.873999999999999773e+02 2.103501246217219164e-02
4.876000000000000227e+02 2.080463133286642244e-02
4.878000000000000114e+02 2.055746578471486993e-02
4.880000000000000000e+02 2.029283289901554974e-02
4.882000000000000455e+02 2.001417196335296064e-02
4.883999999999999773e+02 1.972660529558734749e-02
4.886000000000000227e+02 1.943300015142491663e-02
4.888000000000000114e+02 1.913949864359314537e-02
4.890000000000000000e+02 1.885288078759283018e-02
4.892000000000000455e+02 1.857837618707108146e-02
4.893999999999999773e+02 1.831968913749872085e-02
4.896000000000000227e+02 1.808043987543679273e-02
4.898000000000000114e+02 1.786453774584252988e-02
4.900000000000000000e+02 1.767553523938727306e-02
4.902000000000000455e+02 1.751312120054496907e-02
4.903999999999999773e+02 1.737514634756093246e-02
4.906000000000000227e+02 1.725815501054098547e-02
4.908000000000000114e+02 1.715476980586686656e-02
4.910000000000000000e+02 1.705720841665392395e-02
4.912000000000000455e+02 1.695962784989691122e-02
4.913999999999999773e+02 1.685992538163553003e-02
4.916000000000000227e+02 1.675944827206271581e-02
4.918000000000000114e+02 1.666063005512442158e-02
4.920000000000000000e+02 1.656522623413992160e-02
4.922000000000000455e+02 1.647326956692031150e-02
4.923999999999999773e+02 1.638385129537108312e-02
4.926000000000000227e+02 1.629370666075089999e-02
4.928000000000000114e+02 1.619604990357953814e-02
4.930000000000000000e+02 1.608716828399183937e-02
4.932000000000000455e+02 1.596639430585548511e-02
4.933999999999999773e+02 1.583488610986394374e-02
4.936000000000000227e+02 1.569360372379750498e-02
4.938000000000000114e+02 1.554275043789098490e-02
4.940000000000000000e+02 1.538273093044998166e-02
4.942000000000000455e+02 1.521523010668697148e-02
4.943999999999999773e+02 1.504140099403161734e-02
4.946000000000000227e+02 1.486415335944248767e-02
4.948000000000000114e+02 1.468911049770513233e-02
4.950000000000000000e+02 1.452274481898698649e-02
4.952000000000000455e+02 1.436724998189836330e-02
4.953999999999999773e+02 1.422179212647947492e-02
4.956000000000000227e+02 1.408574383695750977e-02
4.958000000000000114e+02 1.395893561680972006e-02
4.960000000000000000e+02 1.384101571923460582e-02
4.962000000000000455e+02 1.373121676806641871e-02
4.963999999999999773e+02 1.362889057888287160e-02
4.966000000000000227e+02 1.353527040525827341e-02
4.968000000000000114e+02 1.345106576481328899e-02
4.970000000000000000e+02 1.337297644345153587e-02
4.972000000000000455e+02 1.329415893583043087e-02
4.973999999999999773e+02 1.320666201451997125e-02
4.976000000000000227e+02 1.310356164265443976e-02
4.978000000000000114e+02 1.298141481222936551e-02
4.980000000000000000e+02 1.284207536362503080e-02
4.982000000000000455e+02 1.269191637324498800e-02
4.983999999999999773e+02 1.253983646255592971e-02
4.986000000000000227e+02 1.239355738199543824e-02
4.988000000000000114e+02 1.225768641992896861e-02
4.990000000000000000e+02 1.213500201896406706e-02
4.992000000000000455e+02 1.203160260510965224e-02
4.993999999999999773e+02 1.195228240118054869e-02
4.996000000000000227e+02 1.189991991467466426e-02
4.998000000000000114e+02 1.187570166024241695e-02
5.000000000000000000e+02 1.187681106813280769e-02
5.002000000000000455e+02 1.189635607988337451e-02
5.003999999999999773e+02 1.192480446513770852e-02
5.006000000000000227e+02 1.195354641347663206e-02
5.008000000000000114e+02 1.197537332127039320e-02
5.010000000000000000e+02 1.198475678400720383e-02
5.012000000000000455e+02 1.197812740626045917e-02
5.013999999999999773e+02 1.195372670047138708e-02
5.016000000000000227e+02 1.191291341975168894e-02
5.018000000000000114e+02 1.185917992020368503e-02
5.020000000000000000e+02 1.179365469206467877e-02
5.022000000000000455e+02 1.171276549926458278e-02
5.023999999999999773e+02 1.161152991524852518e-02
5.026000000000000227e+02 1.148858754588013599e-02
5.028000000000000114e+02 1.135005787506144018e-02
5.030000000000000000e+02 1.120350524729695797e-02
5.032000000000000455e+02 1.105402705201089485e-02
5.033999999999999773e+02 1.090295782489295214e-02
5.036000000000000227e+02 1.075123973530662559e-02
5.038000000000000114e+02 1.060144531897858414e-02
5.040000000000000000e+02 1.045904173360650766e-02
5.042000000000000455e+02 1.033160597614268643e-02
5.043999999999999773e+02 1.022741233746077109e-02
5.046000000000000227e+02 1.015210154547544277e-02
5.048000000000000114e+02 1.010292679801940915e-02
5.050000000000000000e+02 1.007610069220359235e-02
5.052000000000000455e+02 1.006891388211657648e-02
5.053999999999999773e+02 1.007949363198970549e-02
5.056000000000000227e+02 1.010377260272857930e-02
5.058000000000000114e+02 1.013784051285493946e-02
5.060000000000000000e+02 1.017901815462156703e-02
5.062000000000000455e+02 1.022534218733355676e-02
5.063999999999999773e+02 1.027534156936788651e-02
5.066000000000000227e+02 1.032818869580315671e-02
5.068000000000000114e+02 1.038324129073754654e-02
5.070000000000000000e+02 1.043682445208093425e-02
5.072000000000000455e+02 1.048307396022240753e-02
5.073999999999999773e+02 1.051642201569637572e-02
5.076000000000000227e+02 1.053594300090759592e-02
5.078000000000000114e+02 1.054406271278938642e-02
5.080000000000000000e+02 1.054333772537412693e-02
5.082000000000000455e+02 1.053382410838206613e-02
5.083999999999999773e+02 1.051471103862938218e-02
5.086000000000000227e+02 1.048612929340176150e-02
5.088000000000000114e+02 1.045026699993049403e-02
5.090000000000000000e+02 1.041172961225334329e-02
5.092000000000000455e+02 1.037296501941859829e-02
5.093999999999999773e+02 1.033365529361793961e-02
5.096000000000000227e+02 1.029107594135482591e-02
5.098000000000000114e+02 1.024056558494217291e-02
5.100000000000000000e+02 1.017817611500365128e-02
5.102000000000000455e+02 1.010298795245862837e-02
5.103999999999999773e+02 1.001898338283128444e-02
5.106000000000000227e+02 9.929301852933846567e-03
5.108000000000000114e+02 9.834949221218284091e-03
5.110000000000000000e+02 9.735558516252287506e-03
5.112000000000000455e+02 9.633335881709672102e-03
5.113999999999999773e+02 9.531800426837442122e-03
5.116000000000000227e+02 9.433927456830195138e-03
5.118000000000000114e+02 9.339961746816822716e-03
5.120000000000000000e+02 9.249479196279422957e-03
5.122000000000000455e+02 9.160670371202260867e-03
5.123999999999999773e+02 9.070083090259034239e-03
5.126000000000000227e+02 8.976689220809113551e-03
5.127999999999999545e+02 8.881249532056286963e-03
5.130000000000000000e+02 8.784975846136768712e-03
5.132000000000000455e+02 8.688002751877461557e-03
5.133999999999999773e+02 8.592139145328060723e-03
5.136000000000000227e+02 8.501348018172847493e-03
5.137999999999999545e+02 8.420199571606152775e-03
5.140000000000000000e+02 8.347407265606543100e-03
5.142000000000000455e+02 8.278392851228571006e-03
5.143999999999999773e+02 8.208707769008253760e-03
5.146000000000000227e+02 8.138250615485643005e-03
5.147999999999999545e+02 8.070470705538491940e-03
5.150000000000000000e+02 8.009036267399207570e-03
5.152000000000000455e+02 7.954738603898382082e-03
5.153999999999999773e+02 7.904756625838754713e-03
5.156000000000000227e+02 7.855166149457935842e-03
5.157999999999999545e+02 7.801731019940092229e-03
5.160000000000000000e+02 7.739655943075384945e-03
5.162000000000000455e+02 7.666017246536110767e-03
5.163999999999999773e+02 7.580205532348140846e-03
5.166000000000000227e+02 7.483505603474179153e-03
5.167999999999999545e+02 7.377250743920565033e-03
5.170000000000000000e+02 7.263009985393331994e-03
5.172000000000000455e+02 7.143652396556818100e-03
5.173999999999999773e+02 7.024782896564441860e-03
5.176000000000000227e+02 6.911327049727500858e-03
5.177999999999999545e+02 6.806317446173363109e-03
5.180000000000000000e+02 6.710888200762872395e-03
5.182000000000000455e+02 6.626323663962881139e-03
5.183999999999999773e+02 6.553242598342015612e-03
5.186000000000000227e+02 6.492418299673972937e-03
5.187999999999999545e+02 6.446497520137403452e-03
5.190000000000000000e+02 6.414755146393676978e-03
5.192000000000000455e+02 6.393555439804501396e-03
5.193999999999999773e+02 6.378136376049498360e-03
5.196000000000000227e+02 6.365209999501555450e-03
5.197999999999999545e+02 6.354005218578477610e-03
5.200000000000000000e+02 6.344992208215788181e-03
5.202000000000000455e+02 6.336719166621521473e-03
5.203999999999999773e+02 6.324374497713674756e-03
5.206000000000000227e+02 6.303123883981536293e-03
5.207999999999999545e+02 6.270720897272067003e-03
5.210000000000000000e+02 6.226046648456574732e-03
5.212000000000000455e+02 6.169306561376152430e-03
5.213999999999999773e+02 6.102040023812736920e-03
5.216000000000000227e+02 6.026696580054832081e-03
5.217999999999999545e+02 5.944872429778153521e-03
5.220000000000000000e+02 5.856654870638167663e-03
5.222000000000000455e+02 5.760803942213441053e-03
5.223999999999999773e+02 5.656699992111218975e-03
5.226000000000000227e+02 5.544116403270583568e-03
5.227999999999999545e+02 5.423708312042235975e-03
5.230000000000000000e+02 5.298356095196247312e-03
5.232000000000000455e+02 5.174474909772208177e-03
5.233999999999999773e+02 5.060237997470507648e-03
5.236000000000000227e+02 4.963593831002348182e-03
5.237999999999999545e+02 4.890464498831632000e-03
5.240000000000000000e+02 4.842464703217692727e-03
5.242000000000000455e+02 4.816842553537937707e-03
5.243999999999999773e+02 4.808137595243394159e-03
5.246000000000000227e+02 4.812361506881181368e-03
5.247999999999999545e+02 4.827007058956119846e-03
5.250000000000000000e+02 4.850816709194524269e-03
5.252000000000000455e+02 4.884666928589968121e-03
5.253999999999999773e+02 4.929350794978600188e-03
5.256000000000000227e+02 4.983782133693758290e-03
5.257999999999999545e+02 5.043613415073516966e-03
5.260000000000000000e+02 5.104026649512954060e-03
5.262000000000000455e+02 5.161052014378201061e-03
5.263999999999999773e+02 5.212476258464038108e-03
5.266000000000000227e+02 5.258679380017303694e-03
5.267999999999999545e+02 5.301211495376053663e-03
5.270000000000000000e+02 5.341414189411296601e-03
5.272000000000000455e+02 5.379079959808997190e-03
5.273999999999999773e+02 5.413349985633502358e-03
5.276000000000000227e+02 5.443642652744954714e-03
5.277999999999999545e+02 5.470207417971205757e-03
5.280000000000000000e+02 5.493856455571289113e-03
5.282000000000000455e+02 5.513217326671277646e-03
5.283999999999999773e+02 5.524108631456957699e-03
5.286000000000000227e+02 5.520448510048470321e-03
5.287999999999999545e+02 5.497772754694699691e-03
5.290000000000000000e+02 5.453559438444748574e-03
5.292000000000000455e+02 5.387331797142142636e-03
5.293999999999999773e+02 5.301574399035162422e-03
5.296000000000000227e+02 5.203614052927526580e-03
5.297999999999999545e+02 5.104239377018642866e-03
5.300000000000000000e+02 5.014201968791025081e-03
5.302000000000000455e+02 4.941490677593899164e-03
5.303999999999999773e+02 4.890361967584904747e-03
5.306000000000000227e+02 4.861181827311735620e-03
5.307999999999999545e+02 4.851570088073389221e-03
5.310000000000000000e+02 4.856354008320770514e-03
5.312000000000000455e+02 4.868855601751036211e-03
5.313999999999999773e+02 4.883156633552586737e-03
5.316000000000000227e+02 4.895487742546272315e-03
5.317999999999999545e+02 4.903415324033983183e-03
5.320000000000000000e+02 4.905194934601530589e-03
5.322000000000000455e+02 4.899790591546984361e-03
5.323999999999999773e+02 4.885822660727115983e-03
5.326000000000000227e+02 4.861755595291157236e-03
5.327999999999999545e+02 4.826756706323868072e-03
5.330000000000000000e+02 4.781083526473135260e-03
5.332000000000000455e+02 4.724905180972182282e-03
5.333999999999999773e+02 4.658606744252361161e-03
5.336000000000000227e+02 4.586574859885097534e-03
5.337999999999999545e+02 4.517487526526995333e-03
5.340000000000000000e+02 4.461315819946552914e-03
5.342000000000000455e+02 4.424783225388824633e-03
5.343999999999999773e+02 4.410607641016171983e-03
5.346000000000000227e+02 4.418863791734651235e-03
5.347999999999999545e+02 4.447592071159089250e-03
5.350000000000000000e+02 4.491928929558641932e-03
5.352000000000000455e+02 4.544781128234726998e-03
5.353999999999999773e+02 4.598005892406002021e-03
5.356000000000000227e+02 4.643727509670312302e-03
5.357999999999999545e+02 4.674097242015521660e-03
5.360000000000000000e+02 4.682767035798089325e-03
5.362000000000000455e+02 4.666661500683701863e-03
5.363999999999999773e+02 4.628206805571701520e-03
5.366000000000000227e+02 4.573449625218101514e-03
5.367999999999999545e+02 4.509377068409419799e-03
5.370000000000000000e+02 4.441000815062549206e-03
5.372000000000000455e+02 4.371486300455932651e-03
5.373999999999999773e+02 4.301896701626463891e-03
5.376000000000000227e+02 4.231615788070218660e-03
5.377999999999999545e+02 4.160352027425450773e-03
5.380000000000000000e+02 4.088990934435512287e-03
5.382000000000000455e+02 4.020142118477654757e-03
5.383999999999999773e+02 3.958404145674433022e-03
5.386000000000000227e+02 3.908597387969300549e-03
5.387999999999999545e+02 3.874278524366903727e-03
5.390000000000000000e+02 3.856304298742840864e-03
5.392000000000000455e+02 3.851179765605802861e-03
5.393999999999999773e+02 3.854953375562472986e-03
5.396000000000000227e+02 3.865672065046596700e-03
5.397999999999999545e+02 3.884504133119877529e-03
5.400000000000000000e+02 3.911528957371116465e-03
5.402000000000000455e+02 3.945881844408882268e-03
5.403999999999999773e+02 3.986296539370690756e-03
5.406000000000000227e+02 4.031409900592542936e-03
5.407999999999999545e+02 4.079401300093509798e-03
5.410000000000000000e+02 4.129109491570753451e-03
5.412000000000000455e+02 4.181421517560124368e-03
5.413999999999999773e+02 4.237642101651156908e-03
5.416000000000000227e+02 4.298189283589612733e-03
5.417999999999999545e+02 4.361485253788566566e-03
5.420000000000000000e+02 4.422968547803976871e-03
5.422000000000000455e+02 4.479104283926759952e-03
5.423999999999999773e+02 4.527242314706462177e-03
5.426000000000000227e+02 4.564325358004880234e-03
5.427999999999999545e+02 4.588788990809749245e-03
5.430000000000000000e+02 4.601827984977342051e-03
5.432000000000000455e+02 4.606365677825143522e-03
5.433999999999999773e+02 4.602536490801621520e-03
5.436000000000000227e+02 4.589967124585449081e-03
5.437999999999999545e+02 4.567701425697323278e-03
5.440000000000000000e+02 4.532762249220901804e-03
5.442000000000000455e+02 4.477956828987032616e-03
5.443999999999999773e+02 4.397373954296766169e-03
5.446000000000000227e+02 4.290202934277531112e-03
5.447999999999999545e+02 4.161562484375016385e-03
5.450000000000000000e+02 4.016725650383736954e-03
5.452000000000000455e+02 3.858240530325866748e-03
5.453999999999999773e+02 3.685493174722887389e-03
5.456000000000000227e+02 3.502126466634583775e-03
5.457999999999999545e+02 3.313535246022655638e-03
5.460000000000000000e+02 3.127189009490035764e-03
5.462000000000000455e+02 2.957412296251456067e-03
5.463999999999999773e+02 2.811585723260416527e-03
5.466000000000000227e+02 2.691985025818737377e-03
5.467999999999999545e+02 2.601823095645029293e-03
5.470000000000000000e+02 2.540872039327720343e-03
5.472000000000000455e+02 2.509736130354493951e-03
5.473999999999999773e+02 2.512830343383218312e-03
5.476000000000000227e+02 2.552310339682301293e-03
5.477999999999999545e+02 2.625736126209934039e-03
5.480000000000000000e+02 2.726682648212302648e-03
5.482000000000000455e+02 2.849974890735741152e-03
5.483999999999999773e+02 2.989814078196915016e-03
5.486000000000000227e+02 3.137556573231105490e-03
5.487999999999999545e+02 3.279048110096507550e-03
5.490000000000000000e+02 3.402290534870029866e-03
5.492000000000000455e+02 3.497824523780327776e-03
5.493999999999999773e+02 3.557675255413073230e-03
5.496000000000000227e+02 3.578404992200182998e-03
5.497999999999999545e+02 3.562277511437966608e-03
5.500000000000000000e+02 3.516632468213529584e-03
5.502000000000000455e+02 3.446264782028930426e-03
5.503999999999999773e+02 3.354212529672507756e-03
5.506000000000000227e+02 3.242869162899775920e-03
5.507999999999999545e+02 3.115294211702879408e-03
5.510000000000000000e+02 2.975026545963981028e-03
5.512000000000000455e+02 2.826350332429228718e-03
5.513999999999999773e+02 2.674611618221017697e-03
5.516000000000000227e+02 2.521552259945693264e-03
5.517999999999999545e+02 2.366032070327065036e-03
5.520000000000000000e+02 2.206181266810775497e-03
5.522000000000000455e+02 2.041516906030270070e-03
5.523999999999999773e+02 1.874824710720241318e-03
5.526000000000000227e+02 1.712869742315517325e-03
5.527999999999999545e+02 1.562643803603576756e-03
5.530000000000000000e+02 1.428840242150341026e-03
5.532000000000000455e+02 1.313258833577544103e-03
5.533999999999999773e+02 1.216449898384731713e-03
5.536000000000000227e+02 1.139195745779115728e-03
5.537999999999999545e+02 1.081613511615868743e-03
5.540000000000000000e+02 1.040758105515847930e-03
5.542000000000000455e+02 1.013199799472893270e-03
5.543999999999999773e+02 9.973541444344025814e-04
5.546000000000000227e+02 9.953555002124359931e-04
5.547999999999999545e+02 1.010006626070569010e-03
5.550000000000000000e+02 1.043113058159625796e-03
5.552000000000000455e+02 1.094263373887883811e-03
5.553999999999999773e+02 1.159936714090258579e-03
5.556000000000000227e+02 1.234563098374459123e-03
5.557999999999999545e+02 1.311963905883277437e-03
5.560000000000000000e+02 1.388051041859226110e-03
5.562000000000000455e+02 1.457744087379793689e-03
5.563999999999999773e+02 1.515123558967160049e-03
5.566000000000000227e+02 1.555581394381835890e-03
5.567999999999999545e+02 1.576530378267992482e-03
5.570000000000000000e+02 1.576895234204733331e-03
5.572000000000000455e+02 1.556850202556833750e-03
5.573999999999999773e+02 1.519958835805893969e-03
5.576000000000000227e+02 1.471714253544582516e-03
5.577999999999999545e+02 1.417957761688491865e-03
5.580000000000000000e+02 1.362784500318141865e-03
5.582000000000000455e+02 1.307440446678296122e-03
5.583999999999999773e+02 1.250996960418876034e-03
5.586000000000000227e+02 1.193673257780837388e-03
5.587999999999999545e+02 1.138423879274065402e-03
5.590000000000000000e+02 1.089350111818493481e-03
5.592000000000000455e+02 1.048323132554943677e-03
5.594000000000000909e+02 1.016806162002200807e-03
5.596000000000000227e+02 9.971639565798467129e-04
5.597999999999999545e+02 9.933291810243802082e-04
5.600000000000000000e+02 1.007714496822580304e-03
5.602000000000000455e+02 1.039969386985402236e-03
5.604000000000000909e+02 1.086300128068401266e-03
5.606000000000000227e+02 1.139767927772017712e-03
5.607999999999999545e+02 1.191110417519823834e-03
5.610000000000000000e+02 1.230992246343802759e-03
5.612000000000000455e+02 1.255294299117269913e-03
5.614000000000000909e+02 1.262930961617750271e-03
5.616000000000000227e+02 1.254107208559285041e-03
5.617999999999999545e+02 1.228792155566314423e-03
5.620000000000000000e+02 1.189039751360189152e-03
5.622000000000000455e+02 1.138395937887077408e-03
5.624000000000000909e+02 1.081057151069751395e-03
5.626000000000000227e+02 1.022616349626893906e-03
5.627999999999999545e+02 9.687599674193818258e-04
5.630000000000000000e+02 9.239478403674650101e-04
5.632000000000000455e+02 8.898179541524431401e-04
5.634000000000000909e+02 8.656363537762518144e-04
5.636000000000000227e+02 8.487113879347149906e-04
5.637999999999999545e+02 8.351822095986950224e-04
5.640000000000000000e+02 8.233150811932644876e-04
5.642000000000000455e+02 8.136730853051870683e-04
5.644000000000000909e+02 8.078633188215952367e-04
5.646000000000000227e+02 8.062486594210279507e-04
5.647999999999999545e+02 8.076804544312290481e-04
5.650000000000000000e+02 8.095738568137509803e-04
5.652000000000000455e+02 8.082636065403721098e-04
5.654000000000000909e+02 8.005813697763794088e-04
5.656000000000000227e+02 7.853193632189409612e-04
5.657999999999999545e+02 7.648384620041395873e-04
5.660000000000000000e+02 7.420556547520387562e-04
5.662000000000000455e+02 7.190974248486212660e-04
5.664000000000000909e+02 6.972713967044986364e-04
5.666000000000000227e+02 6.807380641175876093e-04
5.667999999999999545e+02 6.745737233119336032e-04
5.670000000000000000e+02 6.801590231508735295e-04
5.672000000000000455e+02 6.952017255642513674e-04
5.674000000000000909e+02 7.176227627413984782e-04
5.676000000000000227e+02 7.484949585664621473e-04
5.677999999999999545e+02 7.866577197716899091e-04
5.680000000000000000e+02 8.282152489264701326e-04
5.682000000000000455e+02 8.670634616804497865e-04
5.684000000000000909e+02 8.972524092972378879e-04
5.686000000000000227e+02 9.140246039036123817e-04
5.687999999999999545e+02 9.144931015326209075e-04
5.690000000000000000e+02 8.986649553389005176e-04
5.692000000000000455e+02 8.709485053954122303e-04
5.694000000000000909e+02 8.394678000220397087e-04
5.696000000000000227e+02 8.142741413279526268e-04
5.697999999999999545e+02 8.038797466688436897e-04
5.700000000000000000e+02 8.138046549073020032e-04
5.702000000000000455e+02 8.455619774581417608e-04
5.704000000000000909e+02 8.974173486630868633e-04
5.706000000000000227e+02 9.688364243002595784e-04
5.707999999999999545e+02 1.062676867463793751e-03
5.710000000000000000e+02 1.183480534432739375e-03
5.712000000000000455e+02 1.335999589933008951e-03
5.714000000000000909e+02 1.523139335032993062e-03
5.716000000000000227e+02 1.742422725219340074e-03
5.717999999999999545e+02 1.989599642671911663e-03
5.720000000000000000e+02 2.259760325103700451e-03
5.722000000000000455e+02 2.547092027537128760e-03
5.724000000000000909e+02 2.841068359773985322e-03
5.726000000000000227e+02 3.127698496857597536e-03
5.727999999999999545e+02 3.391935246120898837e-03
5.730000000000000000e+02 3.622971821722865970e-03
5.732000000000000455e+02 3.813062883321281446e-03
5.734000000000000909e+02 3.956293636654066755e-03
5.736000000000000227e+02 4.047529957090303075e-03
5.737999999999999545e+02 4.085978147981062826e-03
5.740000000000000000e+02 4.075169276380541730e-03
5.742000000000000455e+02 4.019723246434825890e-03
5.744000000000000909e+02 3.923089803508586319e-03
5.746000000000000227e+02 3.788245262448599292e-03
5.747999999999999545e+02 3.619140470295944406e-03
5.750000000000000000e+02 3.418717394104357592e-03
5.752000000000000455e+02 3.189866188222417222e-03
5.754000000000000909e+02 2.936298828652508103e-03
5.756000000000000227e+02 2.661333571753928592e-03
5.757999999999999545e+02 2.372160741538257775e-03
5.760000000000000000e+02 2.080717292518908992e-03
5.762000000000000455e+02 1.797542441299397912e-03
5.764000000000000909e+02 1.530259489939932768e-03
5.766000000000000227e+02 1.284622527479970530e-03
5.767999999999999545e+02 1.067403009554470901e-03
5.770000000000000000e+02 8.827228835044910937e-04
5.772000000000000455e+02 7.314443220523829566e-04
5.774000000000000909e+02 6.117071051292110716e-04
5.776000000000000227e+02 5.226839402377906436e-04
5.777999999999999545e+02 4.635524214919439366e-04
5.780000000000000000e+02 4.325446877602015842e-04
5.782000000000000455e+02 4.294447643463359158e-04
5.784000000000000909e+02 4.543330992722892435e-04
5.786000000000000227e+02 5.057137141261147705e-04
5.787999999999999545e+02 5.769197813643004748e-04
5.790000000000000000e+02 6.597111243105732280e-04
5.792000000000000455e+02 7.463330698748005644e-04
5.794000000000000909e+02 8.309836460278668176e-04
5.796000000000000227e+02 9.077086923252379548e-04
5.797999999999999545e+02 9.699788648716562009e-04
5.800000000000000000e+02 1.011167488034741407e-03
5.802000000000000455e+02 1.027547747385881231e-03
5.804000000000000909e+02 1.018223034542951140e-03
5.806000000000000227e+02 9.849235854429035358e-04
5.807999999999999545e+02 9.324376723296141185e-04
5.810000000000000000e+02 8.660961706077351975e-04
5.812000000000000455e+02 7.903913641354128918e-04
5.814000000000000909e+02 7.097561451601754100e-04
5.816000000000000227e+02 6.266278303192445017e-04
5.817999999999999545e+02 5.420744614853209055e-04
5.820000000000000000e+02 4.597389919510366189e-04
5.822000000000000455e+02 3.843645641752464455e-04
5.824000000000000909e+02 3.203576798317376803e-04
5.826000000000000227e+02 2.701000989982320897e-04
5.827999999999999545e+02 2.347757536485975773e-04
5.830000000000000000e+02 2.158736455783357420e-04
5.832000000000000455e+02 2.162171149379515651e-04
5.834000000000000909e+02 2.365550704912896456e-04
5.836000000000000227e+02 2.746599071024699752e-04
5.837999999999999545e+02 3.255408148904404757e-04
5.840000000000000000e+02 3.849329718864092894e-04
5.842000000000000455e+02 4.500434653527029464e-04
5.844000000000000909e+02 5.193046958938577840e-04
5.846000000000000227e+02 5.908858489290473711e-04
5.847999999999999545e+02 6.628986137298313683e-04
5.850000000000000000e+02 7.341195213881590836e-04
5.852000000000000455e+02 8.051507941080678511e-04
5.854000000000000909e+02 8.764910348926220705e-04
5.856000000000000227e+02 9.472128212290271748e-04
5.857999999999999545e+02 1.014175791059395045e-03
5.860000000000000000e+02 1.075915194197510708e-03
5.862000000000000455e+02 1.131546563405202033e-03
5.864000000000000909e+02 1.179561019911836914e-03
5.866000000000000227e+02 1.218413739865595660e-03
5.867999999999999545e+02 1.247143578135979014e-03
5.870000000000000000e+02 1.265978107703559898e-03
5.872000000000000455e+02 1.277204745208212729e-03
5.874000000000000909e+02 1.283188032001199861e-03
5.876000000000000227e+02 1.285671257044454681e-03
5.877999999999999545e+02 1.285766819200871670e-03
5.880000000000000000e+02 1.284220771750904698e-03
5.882000000000000455e+02 1.280853095420962781e-03
5.884000000000000909e+02 1.273565334778724431e-03
5.886000000000000227e+02 1.258530942047895963e-03
5.887999999999999545e+02 1.231541570250219500e-03
5.890000000000000000e+02 1.189540455830917932e-03
5.892000000000000455e+02 1.132525281122840830e-03
5.894000000000000909e+02 1.064226264390803886e-03
5.896000000000000227e+02 9.915190543515969585e-04
5.897999999999999545e+02 9.203171540909105275e-04
5.900000000000000000e+02 8.558913607991266949e-04
5.902000000000000455e+02 8.032732646702569210e-04
5.904000000000000909e+02 7.676421727308913511e-04
5.906000000000000227e+02 7.535481149362721317e-04
5.907999999999999545e+02 7.624976446490476858e-04
5.910000000000000000e+02 7.893935132215034855e-04
5.912000000000000455e+02 8.256704982639494423e-04
5.914000000000000909e+02 8.633859419898151860e-04
5.916000000000000227e+02 8.988750058755195149e-04
5.917999999999999545e+02 9.320146585399876216e-04
5.920000000000000000e+02 9.637856845617184982e-04
5.922000000000000455e+02 9.943984923768164723e-04
5.924000000000000909e+02 1.021814019322291826e-03
5.926000000000000227e+02 1.042969557303290249e-03
5.927999999999999545e+02 1.055043762647488864e-03
5.930000000000000000e+02 1.057443782608731434e-03
5.932000000000000455e+02 1.051027177622614701e-03
5.934000000000000909e+02 1.036705986246068065e-03
5.936000000000000227e+02 1.013577313163180815e-03
5.937999999999999545e+02 9.818147216014698909e-04
5.940000000000000000e+02 9.433127565862552046e-04
5.942000000000000455e+02 9.014977571867216532e-04
5.944000000000000909e+02 8.584683368129727293e-04
5.946000000000000227e+02 8.158863432368043634e-04
5.947999999999999545e+02 7.760401882501529640e-04
5.950000000000000000e+02 7.423468316734457796e-04
5.952000000000000455e+02 7.179661170603511078e-04
5.954000000000000909e+02 7.053964222182529343e-04
5.956000000000000227e+02 7.072928109364152310e-04
5.957999999999999545e+02 7.239735036817110739e-04
5.960000000000000000e+02 7.526569649424038515e-04
5.962000000000000455e+02 7.876950643268112789e-04
5.964000000000000909e+02 8.232649718666035623e-04
5.966000000000000227e+02 8.549255881934654825e-04
5.967999999999999545e+02 8.808266049263916656e-04
5.970000000000000000e+02 8.998916501410095985e-04
5.972000000000000455e+02 9.105591509440958938e-04
5.974000000000000909e+02 9.097232028989099984e-04
5.976000000000000227e+02 8.919456917280112413e-04
5.977999999999999545e+02 8.526906789221368492e-04
5.980000000000000000e+02 7.910384078456291065e-04
5.982000000000000455e+02 7.125232495458211357e-04
5.984000000000000909e+02 6.246764070323960766e-04
5.986000000000000227e+02 5.341374641816865358e-04
5.987999999999999545e+02 4.438657843509921891e-04
5.990000000000000000e+02 3.556029957938540605e-04
5.992000000000000455e+02 2.713628340535691923e-04
5.994000000000000909e+02 1.946069372103823264e-04
5.996000000000000227e+02 1.286833564143775453e-04
5.997999999999999545e+02 7.590425744594690900e-05
6.000000000000000000e+02 3.743114638988732148e-05
6.002000000000000455e+02 1.682358173869793206e-05
6.004000000000000909e+02 1.701380498709552418e-05
6.006000000000000227e+02 3.770380991734685410e-05
6.007999999999999545e+02 7.390519490850565396e-05
6.010000000000000000e+02 1.203339834328432588e-04
6.012000000000000455e+02 1.732790566480042456e-04
6.014000000000000909e+02 2.306264816394086375e-04
6.016000000000000227e+02 2.897575388310208422e-04
6.017999999999999545e+02 3.475293505501223629e-04
6.020000000000000000e+02 4.012630259721792787e-04
6.022000000000000455e+02 4.493626536489793693e-04
6.024000000000000909e+02 4.912288391656032373e-04
6.026000000000000227e+02 5.274299461309413283e-04
6.027999999999999545e+02 5.615028458754535217e-04
6.030000000000000000e+02 5.977715903535276527e-04
6.032000000000000455e+02 6.395636173756206804e-04
6.034000000000000909e+02 6.887375625464017435e-04
6.036000000000000227e+02 7.458955806845035197e-04
6.037999999999999545e+02 8.093682197514747009e-04
6.040000000000000000e+02 8.720963200373775060e-04
6.042000000000000455e+02 9.262860713715524545e-04
6.044000000000000909e+02 9.657502690360758894e-04
6.046000000000000227e+02 9.875865038139737626e-04
6.047999999999999545e+02 9.902074077066272493e-04
6.050000000000000000e+02 9.733118679287242579e-04
6.052000000000000455e+02 9.384004805869424620e-04
6.054000000000000909e+02 8.878627534816715917e-04
6.056000000000000227e+02 8.242970857034687213e-04
6.057999999999999545e+02 7.504960676197954157e-04
6.060000000000000000e+02 6.714565763015958172e-04
6.062000000000000455e+02 5.951744388359432418e-04
6.064000000000000909e+02 5.324681174000772069e-04
6.066000000000000227e+02 4.947479416405417161e-04
6.067999999999999545e+02 4.901773749967203685e-04
6.070000000000000000e+02 5.220013125601414162e-04
6.072000000000000455e+02 5.877521779922593656e-04
6.074000000000000909e+02 6.841080083636426811e-04
6.076000000000000227e+02 8.075687733075943278e-04
6.077999999999999545e+02 9.538005021859119774e-04
6.080000000000000000e+02 1.117837913108420903e-03
6.082000000000000455e+02 1.292804274724171192e-03
6.084000000000000909e+02 1.469344570814221226e-03
6.086000000000000227e+02 1.640081914762400207e-03
6.087999999999999545e+02 1.798455824713336270e-03
6.090000000000000000e+02 1.938012230417027930e-03
6.092000000000000455e+02 2.053118550402536525e-03
6.094000000000000909e+02 2.137886544649840286e-03
6.096000000000000227e+02 2.187463875515235998e-03
6.097999999999999545e+02 2.202123026449696441e-03
6.100000000000000000e+02 2.183728465287511442e-03
6.102000000000000455e+02 2.135505689752831022e-03
6.104000000000000909e+02 2.063327942382641323e-03
6.106000000000000227e+02 1.975567170842949718e-03
6.107999999999999545e+02 1.881384217398193682e-03
6.110000000000000000e+02 1.788902190485986993e-03
6.112000000000000455e+02 1.704296365431093481e-03
6.114000000000000909e+02 1.634020302070971452e-03
6.116000000000000227e+02 1.585288922907735496e-03
6.117999999999999545e+02 1.561586950032838213e-03
6.120000000000000000e+02 1.563082175994265095e-03
6.122000000000000455e+02 1.587084945710817490e-03
6.124000000000000909e+02 1.628601302946225318e-03
6.126000000000000227e+02 1.680513049234705954e-03
6.127999999999999545e+02 1.735401792529772409e-03
6.130000000000000000e+02 1.788758179296343715e-03
6.132000000000000455e+02 1.838321414306803023e-03
6.134000000000000909e+02 1.882896088177707329e-03
6.136000000000000227e+02 1.921306627837527639e-03
6.137999999999999545e+02 1.952872472276840059e-03
6.140000000000000000e+02 1.976268203954863623e-03
6.142000000000000455e+02 1.988995441698655862e-03
6.144000000000000909e+02 1.989440411728359611e-03
6.146000000000000227e+02 1.978036095687091787e-03
6.147999999999999545e+02 1.957533764590377139e-03
6.150000000000000000e+02 1.932188212973301586e-03
6.152000000000000455e+02 1.908214887514749067e-03
6.154000000000000909e+02 1.892841046443649849e-03
6.156000000000000227e+02 1.891837426691818326e-03
6.157999999999999545e+02 1.907512958651091549e-03
6.160000000000000000e+02 1.938589494986722077e-03
6.162000000000000455e+02 1.980459390207829108e-03
6.164000000000000909e+02 2.026691674014606450e-03
6.166000000000000227e+02 2.071288723434551969e-03
6.167999999999999545e+02 2.110083355371279723e-03
6.170000000000000000e+02 2.138851858014366360e-03
6.172000000000000455e+02 2.153047444325385026e-03
6.174000000000000909e+02 2.148306334851784755e-03
6.176000000000000227e+02 2.122394010648285308e-03
6.177999999999999545e+02 2.074333506738698998e-03
6.180000000000000000e+02 2.003536632038235756e-03
6.182000000000000455e+02 1.908824942040663296e-03
6.184000000000000909e+02 1.791596967135836811e-03
6.186000000000000227e+02 1.655027576133417987e-03
6.187999999999999545e+02 1.502012832722231066e-03
6.190000000000000000e+02 1.336747509200667200e-03
6.192000000000000455e+02 1.163928312938518686e-03
6.194000000000000909e+02 9.884119306269719893e-04
6.196000000000000227e+02 8.187995954933693964e-04
6.197999999999999545e+02 6.630301138330961606e-04
6.200000000000000000e+02 5.256286851161207259e-04
6.202000000000000455e+02 4.087063855979266897e-04
6.204000000000000909e+02 3.129560895956826289e-04
6.206000000000000227e+02 2.384267560203682948e-04
6.207999999999999545e+02 1.854293147255249141e-04
6.210000000000000000e+02 1.517651224465245397e-04
6.212000000000000455e+02 1.333742064549642227e-04
6.214000000000000909e+02 1.271554881505169684e-04
6.216000000000000227e+02 1.358502301988781297e-04
6.217999999999999545e+02 1.642043491907016516e-04
6.220000000000000000e+02 2.136329542205312620e-04
6.222000000000000455e+02 2.803432673249102642e-04
6.224000000000000909e+02 3.603763281479291651e-04
6.226000000000000227e+02 4.520433782107977040e-04
6.227999999999999545e+02 5.505718199041643350e-04
6.230000000000000000e+02 6.506348176972220855e-04
6.232000000000000455e+02 7.476445175211096248e-04
6.234000000000000909e+02 8.376986308269851597e-04
6.236000000000000227e+02 9.181518021127099910e-04
6.237999999999999545e+02 9.873010953540125537e-04
6.240000000000000000e+02 1.043514957813189599e-03
6.242000000000000455e+02 1.085241959945360424e-03
6.244000000000000909e+02 1.110599129717507660e-03
6.246000000000000227e+02 1.117403321193147052e-03
6.247999999999999545e+02 1.107297788111252833e-03
6.250000000000000000e+02 1.084155588136894713e-03
6.252000000000000455e+02 1.051837893736766363e-03
6.254000000000000909e+02 1.011103080538714762e-03
6.256000000000000227e+02 9.647906058032249509e-04
6.257999999999999545e+02 9.200587008359037075e-04
6.260000000000000000e+02 8.857897954547669416e-04
6.262000000000000455e+02 8.617086509844456947e-04
6.264000000000000909e+02 8.392209970106826768e-04
6.266000000000000227e+02 8.110635825905093601e-04
6.267999999999999545e+02 7.753408242677845745e-04
6.270000000000000000e+02 7.330489421308565437e-04
6.272000000000000455e+02 6.837362771355608116e-04
6.274000000000000909e+02 6.257822169084747629e-04
6.276000000000000227e+02 5.607858612656479438e-04
6.277999999999999545e+02 4.968918315393069853e-04
6.280000000000000000e+02 4.439983145727497121e-04
6.282000000000000455e+02 4.091224205270875894e-04
6.284000000000000909e+02 3.957560179503779836e-04
6.286000000000000227e+02 4.106267064449491784e-04
6.287999999999999545e+02 4.612114939491661824e-04
6.290000000000000000e+02 5.523021567014960295e-04
6.292000000000000455e+02 6.805858108358167190e-04
6.294000000000000909e+02 8.415877027130119975e-04
6.296000000000000227e+02 1.031288141952045817e-03
6.297999999999999545e+02 1.246201163365665780e-03
6.300000000000000000e+02 1.486497354880396589e-03
6.302000000000000455e+02 1.752295310907711103e-03
6.304000000000000909e+02 2.039355998268358675e-03
6.306000000000000227e+02 2.339343182677353083e-03
6.307999999999999545e+02 2.638778410992829223e-03
6.310000000000000000e+02 2.920853894487303835e-03
6.312000000000000455e+02 3.176816974045182460e-03
6.314000000000000909e+02 3.398553559952752039e-03
6.316000000000000227e+02 3.575284432664274821e-03
6.317999999999999545e+02 3.694691627344033440e-03
6.320000000000000000e+02 3.754672564942531689e-03
6.322000000000000455e+02 3.761161242069211309e-03
6.324000000000000909e+02 3.718621370310973371e-03
6.326000000000000227e+02 3.628256881756563006e-03
6.327999999999999545e+02 3.494655854879970356e-03
6.330000000000000000e+02 3.332490883095058035e-03
6.332000000000000455e+02 3.155011433831111760e-03
6.334000000000000909e+02 2.972471503819094484e-03
6.336000000000000227e+02 2.791964714551570768e-03
6.337999999999999545e+02 2.617932140075779866e-03
6.340000000000000000e+02 2.454405611386416101e-03
6.342000000000000455e+02 2.304942270473092636e-03
6.344000000000000909e+02 2.169542060556472595e-03
6.346000000000000227e+02 2.049816409197302222e-03
6.347999999999999545e+02 1.950069720377351542e-03
6.350000000000000000e+02 1.876084039049851762e-03
6.352000000000000455e+02 1.833332416027491337e-03
6.354000000000000909e+02 1.824837196513735132e-03
6.356000000000000227e+02 1.848781752643470630e-03
6.357999999999999545e+02 1.900171386056057326e-03
6.360000000000000000e+02 1.972031390128755213e-03
6.362000000000000455e+02 2.056552400441727206e-03
6.364000000000000909e+02 2.147740968732965786e-03
6.366000000000000227e+02 2.239834264466388468e-03
6.367999999999999545e+02 2.325721630340700421e-03
6.370000000000000000e+02 2.394900767576169445e-03
6.372000000000000455e+02 2.434124192896975052e-03
6.374000000000000909e+02 2.431543786404152720e-03
6.376000000000000227e+02 2.385443397885735322e-03
6.377999999999999545e+02 2.299766561106458135e-03
6.380000000000000000e+02 2.182529677693043069e-03
6.382000000000000455e+02 2.045330078341195228e-03
6.384000000000000909e+02 1.901793941414746869e-03
6.386000000000000227e+02 1.760061786369796367e-03
6.387999999999999545e+02 1.617517521423854354e-03
6.390000000000000000e+02 1.472563672460929039e-03
6.392000000000000455e+02 1.328802443567221386e-03
6.394000000000000909e+02 1.195204444251521479e-03
6.396000000000000227e+02 1.078799801291655067e-03
6.397999999999999545e+02 9.849491978025154068e-04
6.400000000000000000e+02 9.173089678055838629e-04
6.402000000000000455e+02 8.771856361028127283e-04
6.404000000000000909e+02 8.670114008728002294e-04
6.406000000000000227e+02 8.890663310787541357e-04
6.407999999999999545e+02 9.416476082018764406e-04
6.410000000000000000e+02 1.018296039115154390e-03
6.412000000000000455e+02 1.110164009978223398e-03
6.414000000000000909e+02 1.208203798846775763e-03
6.416000000000000227e+02 1.301510104770637775e-03
6.417999999999999545e+02 1.381492867196947938e-03
6.420000000000000000e+02 1.444767509558832208e-03
6.422000000000000455e+02 1.491932443965216003e-03
6.424000000000000909e+02 1.524056007474272265e-03
6.426000000000000227e+02 1.541875636415332386e-03
6.427999999999999545e+02 1.548002460953326219e-03
6.430000000000000000e+02 1.549929518070454829e-03
6.432000000000000455e+02 1.558060717987504737e-03
6.434000000000000909e+02 1.580328964406818061e-03
6.436000000000000227e+02 1.621072344725462896e-03
6.437999999999999545e+02 1.681125258251628526e-03
6.440000000000000000e+02 1.757926023785863620e-03
6.442000000000000455e+02 1.846158825916778415e-03
6.444000000000000909e+02 1.941072269080031110e-03
6.446000000000000227e+02 2.040237228958225943e-03
6.447999999999999545e+02 2.139730546765217147e-03
6.450000000000000000e+02 2.234831198918167151e-03
6.452000000000000455e+02 2.320105235629219085e-03
6.454000000000000909e+02 2.388298401794715191e-03
6.456000000000000227e+02 2.435122207759736999e-03
6.457999999999999545e+02 2.459748923137852501e-03
6.460000000000000000e+02 2.462412467737171672e-03
6.462000000000000455e+02 2.441616623299701101e-03
6.464000000000000909e+02 2.394992274157045891e-03
6.466000000000000227e+02 2.321396582493571916e-03
6.467999999999999545e+02 2.221918767089341943e-03
6.470000000000000000e+02 2.098738230574461166e-03
6.472000000000000455e+02 1.954724245767546636e-03
6.474000000000000909e+02 1.796821253212001375e-03
6.476000000000000227e+02 1.632149297519261020e-03
6.477999999999999545e+02 1.465925190855833608e-03
6.480000000000000000e+02 1.302691392686155429e-03
6.482000000000000455e+02 1.147741501575231518e-03
6.484000000000000909e+02 1.009018399471746461e-03
6.486000000000000227e+02 8.997941744186452014e-04
6.487999999999999545e+02 8.273759807172005772e-04
6.490000000000000000e+02 7.917251608435221626e-04
6.492000000000000455e+02 7.874511067124501757e-04
6.494000000000000909e+02 8.076417387198277145e-04
6.496000000000000227e+02 8.450672322991794770e-04
6.497999999999999545e+02 8.928235581599721802e-04
6.500000000000000000e+02 9.450862631980346939e-04
6.502000000000000455e+02 9.977692817024722428e-04
6.504000000000000909e+02 1.048068335576786501e-03
6.506000000000000227e+02 1.090824877196150140e-03
6.507999999999999545e+02 1.121015355464246308e-03
6.510000000000000000e+02 1.135960531508383841e-03
6.512000000000000455e+02 1.138118219251106449e-03
6.514000000000000909e+02 1.132050081060510414e-03
6.516000000000000227e+02 1.121971900552176486e-03
6.517999999999999545e+02 1.108917468855701288e-03
6.520000000000000000e+02 1.090797466051174336e-03
6.522000000000000455e+02 1.064593366542092865e-03
6.524000000000000909e+02 1.028894261167872083e-03
6.526000000000000227e+02 9.849794990761033368e-04
6.527999999999999545e+02 9.353665285811872589e-04
6.530000000000000000e+02 8.825299722313976634e-04
6.532000000000000455e+02 8.278796097262243773e-04
6.534000000000000909e+02 7.717111292728537179e-04
6.536000000000000227e+02 7.145313910111979411e-04
6.537999999999999545e+02 6.610598519328305701e-04
6.540000000000000000e+02 6.176150177982423330e-04
6.542000000000000455e+02 5.887327855679529327e-04
6.544000000000000909e+02 5.724907320528588046e-04
6.546000000000000227e+02 5.664242721141933166e-04
6.547999999999999545e+02 5.697907965965728081e-04
6.550000000000000000e+02 5.848213515568666428e-04
6.552000000000000455e+02 6.152741924815334973e-04
6.554000000000000909e+02 6.652125851986562298e-04
6.556000000000000227e+02 7.379779218619193868e-04
6.557999999999999545e+02 8.350689891147076820e-04
6.560000000000000000e+02 9.559839985552725248e-04
6.562000000000000455e+02 1.098341029724613036e-03
6.564000000000000909e+02 1.258536900111186744e-03
6.566000000000000227e+02 1.429165691934048072e-03
6.567999999999999545e+02 1.599100991764205700e-03
6.570000000000000000e+02 1.755775667873283805e-03
6.572000000000000455e+02 1.886845648993205156e-03
6.574000000000000909e+02 1.981857604687739614e-03
6.576000000000000227e+02 2.034347543106134869e-03
6.577999999999999545e+02 2.041659093954990845e-03
6.580000000000000000e+02 2.003911760255742188e-03
6.582000000000000455e+02 1.922971519466367156e-03
6.584000000000000909e+02 1.800489840294136308e-03
6.586000000000000227e+02 1.642354240391237681e-03
6.587999999999999545e+02 1.460442771294149806e-03
6.590000000000000000e+02 1.267706570666734525e-03
6.592000000000000455e+02 1.076564807112893136e-03
6.594000000000000909e+02 8.961208260749689873e-04
6.596000000000000227e+02 7.267616217482814707e-04
6.597999999999999545e+02 5.680065129237421313e-04
6.600000000000000000e+02 4.221386279729909524e-04
6.602000000000000455e+02 2.964455016972638093e-04
6.604000000000000909e+02 1.984139222449111755e-04
6.606000000000000227e+02 1.335976274532461817e-04
6.607999999999999545e+02 1.038517081488938188e-04
6.610000000000000000e+02 1.061124184865546170e-04
6.612000000000000455e+02 1.353720939585755434e-04
6.614000000000000909e+02 1.863815954489979733e-04
6.616000000000000227e+02 2.524937395962194016e-04
6.617999999999999545e+02 3.257586259330194395e-04
6.620000000000000000e+02 3.987068674012023790e-04
6.622000000000000455e+02 4.689545752407104761e-04
6.624000000000000909e+02 5.330644678952861865e-04
6.626000000000000227e+02 5.868197452598656813e-04
6.627999999999999545e+02 6.291464048491521646e-04
6.630000000000000000e+02 6.619417188102456840e-04
6.632000000000000455e+02 6.879433320485170422e-04
6.634000000000000909e+02 7.081843479305755668e-04
6.636000000000000227e+02 7.211165632741062302e-04
6.637999999999999545e+02 7.240285955578180553e-04
6.640000000000000000e+02 7.148185551136552237e-04
6.642000000000000455e+02 6.951374946299377798e-04
6.644000000000000909e+02 6.682154385090181576e-04
6.646000000000000227e+02 6.378192396360697495e-04
6.647999999999999545e+02 6.086026918781453502e-04
6.650000000000000000e+02 5.858749774276958639e-04
6.652000000000000455e+02 5.758476068576079930e-04
6.654000000000000909e+02 5.860471846221126501e-04
6.656000000000000227e+02 6.215975306209732586e-04
6.657999999999999545e+02 6.821348447904642927e-04
6.660000000000000000e+02 7.595075163541321721e-04
6.662000000000000455e+02 8.476273053229519197e-04
6.664000000000000909e+02 9.433956241450214492e-04
6.666000000000000227e+02 1.045366750150684889e-03
6.667999999999999545e+02 1.148232461177465689e-03
6.670000000000000000e+02 1.246699412294371588e-03
6.672000000000000455e+02 1.337752788470109077e-03
6.674000000000000909e+02 1.419837242182461984e-03
6.676000000000000227e+02 1.490295850621489683e-03
6.677999999999999545e+02 1.544921707461853521e-03
6.680000000000000000e+02 1.579452226944240813e-03
6.682000000000000455e+02 1.595544406572088451e-03
6.684000000000000909e+02 1.598714961672899728e-03
6.686000000000000227e+02 1.592828119189338863e-03
6.687999999999999545e+02 1.576928115315179074e-03
6.690000000000000000e+02 1.545324889009668879e-03
6.692000000000000455e+02 1.488864890123944721e-03
6.694000000000000909e+02 1.401380166070718839e-03
6.696000000000000227e+02 1.283452176145486248e-03
6.697999999999999545e+02 1.143382855757340937e-03
6.700000000000000000e+02 9.918516477342412176e-04
6.702000000000000455e+02 8.365932009266266326e-04
6.704000000000000909e+02 6.816759842042486662e-04
6.706000000000000227e+02 5.309538907336799809e-04
6.707999999999999545e+02 3.885184382266936172e-04
6.710000000000000000e+02 2.599647105310897550e-04
6.712000000000000455e+02 1.538447417766260303e-04
6.714000000000000909e+02 7.448479906494509864e-05
6.716000000000000227e+02 2.301490478527924428e-05
6.717999999999999545e+02 0.000000000000000000e+00
6.720000000000000000e+02 7.476737439301793493e-06
6.722000000000000455e+02 4.799577084786874184e-05
6.724000000000000909e+02 1.229339112104626446e-04
6.726000000000000227e+02 2.288100170530828225e-04
6.727999999999999545e+02 3.602546874591943445e-04
6.730000000000000000e+02 5.116121429866815704e-04
6.732000000000000455e+02 6.774963462943209974e-04
6.734000000000000909e+02 8.552149837096317386e-04
6.736000000000000227e+02 1.041775698077908189e-03
6.737999999999999545e+02 1.226909591834190365e-03
6.740000000000000000e+02 1.397933462858792168e-03
6.742000000000000455e+02 1.541344607610481508e-03
6.744000000000000909e+02 1.644504430978662021e-03
6.746000000000000227e+02 1.703439789300016140e-03
6.747999999999999545e+02 1.722954653383816735e-03
6.750000000000000000e+02 1.714901285577193632e-03
6.752000000000000455e+02 1.689769994210122252e-03
6.754000000000000909e+02 1.652672933091938346e-03
6.756000000000000227e+02 1.603366727071249727e-03
6.757999999999999545e+02 1.542699944021897135e-03
6.760000000000000000e+02 1.474701968963050775e-03
6.762000000000000455e+02 1.406393274614930111e-03
6.764000000000000909e+02 1.345997183920317596e-03
6.766000000000000227e+02 1.300298219755070123e-03
6.767999999999999545e+02 1.272803030446698850e-03
6.770000000000000000e+02 1.261849845325499920e-03
6.772000000000000455e+02 1.262680898688356987e-03
6.774000000000000909e+02 1.272193175395905070e-03
6.776000000000000227e+02 1.292205700694428958e-03
6.777999999999999545e+02 1.324234656236276779e-03
6.780000000000000000e+02 1.365235501609384904e-03
6.782000000000000455e+02 1.407551315328567452e-03
6.784000000000000909e+02 1.447702398782429317e-03
6.786000000000000227e+02 1.486486242120131423e-03
6.787999999999999545e+02 1.526159610584199760e-03
6.790000000000000000e+02 1.563921385364360449e-03
6.792000000000000455e+02 1.595308998428797247e-03
6.794000000000000909e+02 1.615633770523060503e-03
6.796000000000000227e+02 1.620881345150032918e-03
6.797999999999999545e+02 1.608873594830807904e-03
6.800000000000000000e+02 1.579404942247586777e-03
6.802000000000000455e+02 1.533633991772587407e-03
6.804000000000000909e+02 1.469671733715862240e-03
6.806000000000000227e+02 1.387026962612097425e-03
6.807999999999999545e+02 1.289650123816084596e-03
6.810000000000000000e+02 1.184392733474198952e-03
6.812000000000000455e+02 1.080029550545717233e-03
6.814000000000000909e+02 9.863208068042973644e-04
6.816000000000000227e+02 9.120837774414609824e-04
6.817999999999999545e+02 8.623159766304948999e-04
6.820000000000000000e+02 8.391396592847833727e-04
6.822000000000000455e+02 8.449236524436701907e-04
6.824000000000000909e+02 8.833384914878273297e-04
6.826000000000000227e+02 9.573970316985908231e-04
6.827999999999999545e+02 1.067545042985055008e-03
6.830000000000000000e+02 1.216384315020437945e-03
6.832000000000000455e+02 1.402964711565299338e-03
6.834000000000000909e+02 1.618514832918187480e-03
6.836000000000000227e+02 1.850411764113722322e-03
6.837999999999999545e+02 2.086527957687182942e-03
6.840000000000000000e+02 2.317045151519724934e-03
6.842000000000000455e+02 2.533811393687383871e-03
6.844000000000000909e+02 2.725624081021592923e-03
6.846000000000000227e+02 2.880627611902753047e-03
6.847999999999999545e+02 2.994211108348411934e-03
6.850000000000000000e+02 3.066578683717111932e-03
6.852000000000000455e+02 3.102711198784004198e-03
6.854000000000000909e+02 3.112670130286178220e-03
6.856000000000000227e+02 3.105143908895617068e-03
6.857999999999999545e+02 3.088929699372948250e-03
6.860000000000000000e+02 3.074560092516890469e-03
6.862000000000000455e+02 3.071822903463628657e-03
6.864000000000000909e+02 3.085839628345036535e-03
6.866000000000000227e+02 3.117407540617685158e-03
6.867999999999999545e+02 3.171906974403289770e-03
6.870000000000000000e+02 3.255296875615691903e-03
6.872000000000000455e+02 3.371143366874711222e-03
6.874000000000000909e+02 3.517493182458361796e-03
6.876000000000000227e+02 3.688613819752685312e-03
6.877999999999999545e+02 3.877277908152990029e-03
6.880000000000000000e+02 4.076976574493681310e-03
6.882000000000000455e+02 4.278150871182937083e-03
6.884000000000000909e+02 4.470845956149354337e-03
6.886000000000000227e+02 4.647591768866560225e-03
6.887999999999999545e+02 4.801907718153294001e-03
6.890000000000000000e+02 4.929773544092194183e-03
6.892000000000000455e+02 5.029936870942002154e-03
6.894000000000000909e+02 5.100714611757364500e-03
6.896000000000000227e+02 5.141086723471948589e-03
6.897999999999999545e+02 5.151592276639041512e-03
6.900000000000000000e+02 5.135085401177359732e-03
6.902000000000000455e+02 5.093724220896270888e-03
6.904000000000000909e+02 5.029382084246118538e-03
6.906000000000000227e+02 4.945804390773789021e-03
6.907999999999999545e+02 4.849068253259427100e-03
6.910000000000000000e+02 4.746611139458461678e-03
6.912000000000000455e+02 4.646558946713888992e-03
6.914000000000000909e+02 4.559879440129614367e-03
6.916000000000000227e+02 4.495178500668749362e-03
6.917999999999999545e+02 4.456200676236574988e-03
6.920000000000000000e+02 4.448279847586362502e-03
6.922000000000000455e+02 4.477101957001372937e-03
6.924000000000000909e+02 4.545646862156655504e-03
6.926000000000000227e+02 4.647603720822258803e-03
6.927999999999999545e+02 4.771096656795958610e-03
6.930000000000000000e+02 4.901862052513697270e-03
6.932000000000000455e+02 5.027293913803811652e-03
6.934000000000000909e+02 5.140828346810298426e-03
6.936000000000000227e+02 5.242589286936992152e-03
6.937999999999999545e+02 5.338810257820473561e-03
6.940000000000000000e+02 5.435366363020870811e-03
6.942000000000000455e+02 5.536815022440282757e-03
6.944000000000000909e+02 5.645208047141585424e-03
6.946000000000000227e+02 5.755213679866984233e-03
6.947999999999999545e+02 5.861838312126970395e-03
6.950000000000000000e+02 5.964022852044421376e-03
6.952000000000000455e+02 6.062734181087438626e-03
6.954000000000000909e+02 6.160548852832493059e-03
6.956000000000000227e+02 6.261114037691117504e-03
6.957999999999999545e+02 6.367964721891602314e-03
6.960000000000000000e+02 6.481397910891133207e-03
6.962000000000000455e+02 6.598134401858714131e-03
6.964000000000000909e+02 6.711629093391151789e-03
6.966000000000000227e+02 6.813512443439102145e-03
6.967999999999999545e+02 6.894877645226173482e-03
6.970000000000000000e+02 6.947200851404314835e-03
6.972000000000000455e+02 6.962590659870532619e-03
6.974000000000000909e+02 6.938682298204321315e-03
6.976000000000000227e+02 6.881809212090255964e-03
6.977999999999999545e+02 6.798838927539631663e-03
6.980000000000000000e+02 6.695078217189352580e-03
6.982000000000000455e+02 6.573927912158840890e-03
6.984000000000000909e+02 6.441502965007567770e-03
6.986000000000000227e+02 6.308035207154440334e-03
6.987999999999999545e+02 6.188871421476060085e-03
6.990000000000000000e+02 6.103338858313980472e-03
6.992000000000000455e+02 6.068596235691736847e-03
6.994000000000000909e+02 6.094566730501078076e-03
6.996000000000000227e+02 6.179581406707233826e-03
6.997999999999999545e+02 6.314303979885936557e-03
7.000000000000000000e+02 6.485502949075187124e-03
