3.300000000000000000e+02 1.000000000000000000e+00
3.301999999999999886e+02 9.913337575576181004e-01
3.303999999999999773e+02 9.837874988442850688e-01
3.306000000000000227e+02 9.772594506939379366e-01
3.308000000000000114e+02 9.717245509096766876e-01
3.310000000000000000e+02 9.671167415223242969e-01
3.311999999999999886e+02 9.633239044622372571e-01
3.313999999999999773e+02 9.602871925826456101e-01
3.316000000000000227e+02 9.578963301115255291e-01
3.318000000000000114e+02 9.560513179384403371e-01
3.320000000000000000e+02 9.546730338474503919e-01
3.321999999999999886e+02 9.536704926683852168e-01
3.323999999999999773e+02 9.529861015420423298e-01
3.326000000000000227e+02 9.525735839108095959e-01
3.328000000000000114e+02 9.523915750530299595e-01
3.330000000000000000e+02 9.524110012807799341e-01
3.331999999999999886e+02 9.526040555960861855e-01
3.333999999999999773e+02 9.529490199413228613e-01
3.336000000000000227e+02 9.534272968014902983e-01
3.338000000000000114e+02 9.540188444164559023e-01
3.340000000000000000e+02 9.547153286711387299e-01
3.341999999999999886e+02 9.555053500752151985e-01
3.343999999999999773e+02 9.563791237114619426e-01
3.346000000000000227e+02 9.573374605829279016e-01
3.348000000000000114e+02 9.583701245733228236e-01
3.350000000000000000e+02 9.594772962188945487e-01
3.351999999999999886e+02 9.606582680702403509e-01
3.353999999999999773e+02 9.618943223230513873e-01
3.356000000000000227e+02 9.631767288599715204e-01
3.358000000000000114e+02 9.644813166292048878e-01
3.360000000000000000e+02 9.657829047958595980e-01
3.361999999999999886e+02 9.670743392306759834e-01
3.363999999999999773e+02 9.683356805257368194e-01
3.366000000000000227e+02 9.695628280647617947e-01
3.368000000000000114e+02 9.707561119799140714e-01
3.370000000000000000e+02 9.719046422049311129e-01
3.371999999999999886e+02 9.730131326452643448e-01
3.373999999999999773e+02 9.740915304704452771e-01
3.376000000000000227e+02 9.751416714063710911e-01
3.378000000000000114e+02 9.761546406039461887e-01
3.380000000000000000e+02 9.771307054671202197e-01
3.381999999999999886e+02 9.780586808627005357e-01
3.383999999999999773e+02 9.789262965921301518e-01
3.386000000000000227e+02 9.797296232692624951e-01
3.388000000000000114e+02 9.804537313876031668e-01
3.390000000000000000e+02 9.810912088260455022e-01
3.391999999999999886e+02 9.816322641226623569e-01
3.393999999999999773e+02 9.820559292806182450e-01
3.396000000000000227e+02 9.823444085264195769e-01
3.398000000000000114e+02 9.824764031636229467e-01
3.400000000000000000e+02 9.824280635282942598e-01
3.401999999999999886e+02 9.821764234866701138e-01
3.403999999999999773e+02 9.817007551737867432e-01
3.406000000000000227e+02 9.809749667827841746e-01
3.408000000000000114e+02 9.799773284858658284e-01
3.410000000000000000e+02 9.786965402574627770e-01
3.411999999999999886e+02 9.771225657127009523e-01
3.413999999999999773e+02 9.752390535863518783e-01
3.416000000000000227e+02 9.730412492857023476e-01
3.418000000000000114e+02 9.705321726177956743e-01
3.420000000000000000e+02 9.676870647905616574e-01
3.421999999999999886e+02 9.645195543945348504e-01
3.423999999999999773e+02 9.610299784025717607e-01
3.426000000000000227e+02 9.571954240036637529e-01
3.428000000000000114e+02 9.530398681155525242e-01
3.430000000000000000e+02 9.485339011476426885e-01
3.431999999999999886e+02 9.436693560407496406e-01
3.433999999999999773e+02 9.384669285111317816e-01
3.436000000000000227e+02 9.328773156100307329e-01
3.438000000000000114e+02 9.269202465368543420e-01
3.440000000000000000e+02 9.205827902541859897e-01
3.441999999999999886e+02 9.138155753114953761e-01
3.443999999999999773e+02 9.066584552511973705e-01
3.446000000000000227e+02 8.990616631341536991e-01
3.448000000000000114e+02 8.910213674451489263e-01
3.450000000000000000e+02 8.825802951403726171e-01
3.451999999999999886e+02 8.736778061414643970e-01
3.453999999999999773e+02 8.643598147162870893e-01
3.456000000000000227e+02 8.546660343207034272e-01
3.458000000000000114e+02 8.445758957170030889e-01
3.460000000000000000e+02 8.340791909613187727e-01
3.461999999999999886e+02 8.232723144416645988e-01
3.463999999999999773e+02 8.121724339334983611e-01
3.466000000000000227e+02 8.007569854698801670e-01
3.468000000000000114e+02 7.891466231494461692e-01
3.470000000000000000e+02 7.773061974474636537e-01
3.471999999999999886e+02 7.652780393344752463e-01
3.473999999999999773e+02 7.531499385866746721e-01
3.476000000000000227e+02 7.408557171011427300e-01
3.478000000000000114e+02 7.284990944123460599e-01
3.480000000000000000e+02 7.160946752149107697e-01
3.481999999999999886e+02 7.036097959632833243e-01
3.483999999999999773e+02 6.911624178564798049e-01
3.486000000000000227e+02 6.786918561543154871e-01
3.488000000000000114e+02 6.662298479961464848e-01
3.490000000000000000e+02 6.538495004812103772e-01
3.491999999999999886e+02 6.414753533131932750e-01
3.493999999999999773e+02 6.291886637822821093e-01
3.496000000000000227e+02 6.170278173787456799e-01
3.498000000000000114e+02 6.049509338460642427e-01
3.500000000000000000e+02 5.929392264687758374e-01
3.501999999999999886e+02 5.810819945249802165e-01
3.503999999999999773e+02 5.693609635625481724e-01
3.506000000000000227e+02 5.577440753562761255e-01
3.508000000000000114e+02 5.463287601477334610e-01
3.510000000000000000e+02 5.350453194136756130e-01
3.511999999999999886e+02 5.239243020009893836e-01
3.513999999999999773e+02 5.130145281805316149e-01
3.516000000000000227e+02 5.022415197868300707e-01
3.518000000000000114e+02 4.916877361095191024e-01
3.520000000000000000e+02 4.813349476991185538e-01
3.521999999999999886e+02 4.711526754641021109e-01
3.523999999999999773e+02 4.612229107468943101e-01
3.526000000000000227e+02 4.514837603720248671e-01
3.528000000000000114e+02 4.419664571681303222e-01
3.530000000000000000e+02 4.327062968181237812e-01
3.531999999999999886e+02 4.236367718849147757e-01
3.533999999999999773e+02 4.148111942772727545e-01
3.536000000000000227e+02 4.062338366048759974e-01
3.538000000000000114e+02 3.978612643800728543e-01
3.540000000000000000e+02 3.896780310797285374e-01
3.541999999999999886e+02 3.817390212944160033e-01
3.543999999999999773e+02 3.740100144713337516e-01
3.546000000000000227e+02 3.664658756011450191e-01
3.548000000000000114e+02 3.591543770451899320e-01
3.550000000000000000e+02 3.520152621972017504e-01
3.551999999999999886e+02 3.450654301485440167e-01
3.553999999999999773e+02 3.383143130859889713e-01
3.556000000000000227e+02 3.317090759982480597e-01
3.558000000000000114e+02 3.252922359441161038e-01
3.560000000000000000e+02 3.190324592021043792e-01
3.561999999999999886e+02 3.129104581144693809e-01
3.563999999999999773e+02 3.069635183360774899e-01
3.566000000000000227e+02 3.011440084513618554e-01
3.568000000000000114e+02 2.954732351945555946e-01
3.570000000000000000e+02 2.899601651835733707e-01
3.571999999999999886e+02 2.845661450832428496e-01
3.573999999999999773e+02 2.793271381809821485e-01
3.576000000000000227e+02 2.742430700895066020e-01
3.578000000000000114e+02 2.692888900579209488e-01
3.580000000000000000e+02 2.644571338003942063e-01
3.581999999999999886e+02 2.597798792538955071e-01
3.583999999999999773e+02 2.552319503202364892e-01
3.586000000000000227e+02 2.508052562459789914e-01
3.588000000000000114e+02 2.465228730699680348e-01
3.590000000000000000e+02 2.423467329056270547e-01
3.591999999999999886e+02 2.382890607689198692e-01
3.593999999999999773e+02 2.343440261380413669e-01
3.596000000000000227e+02 2.304783733263202627e-01
3.598000000000000114e+02 2.267142395844236047e-01
3.600000000000000000e+02 2.230234691824381499e-01
3.601999999999999886e+02 2.193953491303655967e-01
3.603999999999999773e+02 2.158436007590574524e-01
3.606000000000000227e+02 2.123347219090269411e-01
3.608000000000000114e+02 2.088826884418943375e-01
3.610000000000000000e+02 2.054860565560916452e-01
3.611999999999999886e+02 2.021244145041928564e-01
3.613999999999999773e+02 1.988207383939032957e-01
3.616000000000000227e+02 1.955715057866655449e-01
3.618000000000000114e+02 1.923614943447925496e-01
3.620000000000000000e+02 1.891903685154923964e-01
3.621999999999999886e+02 1.860813428514505874e-01
3.623999999999999773e+02 1.830184271768630910e-01
3.626000000000000227e+02 1.800063048303762736e-01
3.628000000000000114e+02 1.770629143473276823e-01
3.630000000000000000e+02 1.741677378225870432e-01
3.631999999999999886e+02 1.713399872861158246e-01
3.633999999999999773e+02 1.685786504963245613e-01
3.636000000000000227e+02 1.658708171872476655e-01
3.638000000000000114e+02 1.632391887829628963e-01
3.640000000000000000e+02 1.606697362528108908e-01
3.641999999999999886e+02 1.581676884128279115e-01
3.643999999999999773e+02 1.557479877410476443e-01
3.646000000000000227e+02 1.533950184774643399e-01
3.648000000000000114e+02 1.511252519551835594e-01
3.650000000000000000e+02 1.489382034242293651e-01
3.651999999999999886e+02 1.468243157709285263e-01
3.653999999999999773e+02 1.447988462770428142e-01
3.656000000000000227e+02 1.428668955336193647e-01
3.658000000000000114e+02 1.410269188975295240e-01
3.660000000000000000e+02 1.392726971512759371e-01
3.661999999999999886e+02 1.375949129826092021e-01
3.663999999999999773e+02 1.359942456549379508e-01
3.666000000000000227e+02 1.344739473419961362e-01
3.668000000000000114e+02 1.330312615651337571e-01
3.670000000000000000e+02 1.316546877965082407e-01
3.671999999999999886e+02 1.303430946234131194e-01
3.673999999999999773e+02 1.290988935934256621e-01
3.676000000000000227e+02 1.279196981470570593e-01
3.678000000000000114e+02 1.267962134376281191e-01
3.680000000000000000e+02 1.257329069216215622e-01
3.681999999999999886e+02 1.247274225717746460e-01
3.683999999999999773e+02 1.237697967653068470e-01
3.686000000000000227e+02 1.228595557876640265e-01
3.688000000000000114e+02 1.219970237635929766e-01
3.690000000000000000e+02 1.211774686072315255e-01
3.691999999999999886e+02 1.203939364885907998e-01
3.693999999999999773e+02 1.196459483256148704e-01
3.696000000000000227e+02 1.189333978170068751e-01
3.698000000000000114e+02 1.182517130358862328e-01
3.700000000000000000e+02 1.175936198307178798e-01
3.701999999999999886e+02 1.169566465385625531e-01
3.703999999999999773e+02 1.163393551170601586e-01
3.706000000000000227e+02 1.157373814573072202e-01
3.708000000000000114e+02 1.151441990456430892e-01
3.710000000000000000e+02 1.145569922579431077e-01
3.711999999999999886e+02 1.139736872597761630e-01
3.713999999999999773e+02 1.133902325585025850e-01
3.716000000000000227e+02 1.128032939720003403e-01
3.718000000000000114e+02 1.122184637967571091e-01
3.720000000000000000e+02 1.116348712168554608e-01
3.721999999999999886e+02 1.110509655303947435e-01
3.723999999999999773e+02 1.104702401055237398e-01
3.726000000000000227e+02 1.098961138562808276e-01
3.728000000000000114e+02 1.093266706418427880e-01
3.730000000000000000e+02 1.087595545345218240e-01
3.731999999999999886e+02 1.081962485353857722e-01
3.733999999999999773e+02 1.076389223218801316e-01
3.736000000000000227e+02 1.070874527242163254e-01
3.738000000000000114e+02 1.065425426570132256e-01
3.740000000000000000e+02 1.060078586722919269e-01
3.741999999999999886e+02 1.054850796332411633e-01
3.743999999999999773e+02 1.049725849583466042e-01
3.746000000000000227e+02 1.044692538154047695e-01
3.748000000000000114e+02 1.039771529127033189e-01
3.750000000000000000e+02 1.034961689822243430e-01
3.751999999999999886e+02 1.030224261661348006e-01
3.753999999999999773e+02 1.025537301458727679e-01
3.756000000000000227e+02 1.020928287346614394e-01
3.758000000000000114e+02 1.016355834710927358e-01
3.760000000000000000e+02 1.011803894685300992e-01
3.761999999999999886e+02 1.007296909757168374e-01
3.763999999999999773e+02 1.002863174422153891e-01
3.766000000000000227e+02 9.985064001958540714e-02
3.768000000000000114e+02 9.942506618735398594e-02
3.770000000000000000e+02 9.901378591364144721e-02
3.771999999999999886e+02 9.861954988174112535e-02
3.773999999999999773e+02 9.824260843101868812e-02
3.776000000000000227e+02 9.788459324823034491e-02
3.778000000000000114e+02 9.754839285343060162e-02
3.780000000000000000e+02 9.723527412452966090e-02
3.781999999999999886e+02 9.694443637987565365e-02
3.783999999999999773e+02 9.667529087092473217e-02
3.786000000000000227e+02 9.642770369551299792e-02
3.788000000000000114e+02 9.620031000304096747e-02
3.790000000000000000e+02 9.598910288202391894e-02
3.791999999999999886e+02 9.579085102975383459e-02
3.793999999999999773e+02 9.560354811629161176e-02
3.796000000000000227e+02 9.542422442197162624e-02
3.798000000000000114e+02 9.525098510451940337e-02
3.800000000000000000e+02 9.508165949513282256e-02
3.801999999999999886e+02 9.491347496376566217e-02
3.803999999999999773e+02 9.474452542306641134e-02
3.806000000000000227e+02 9.457500881893982081e-02
3.808000000000000114e+02 9.440623510610846036e-02
3.810000000000000000e+02 9.423921417568018044e-02
3.811999999999999886e+02 9.407350791332791395e-02
3.813999999999999773e+02 9.390899371458988343e-02
3.816000000000000227e+02 9.374552155686542709e-02
3.818000000000000114e+02 9.358183677555970137e-02
3.820000000000000000e+02 9.341457473606080975e-02
3.821999999999999886e+02 9.324113495116145844e-02
3.823999999999999773e+02 9.305988585861459106e-02
3.826000000000000227e+02 9.286937468550608699e-02
3.828000000000000114e+02 9.266755729907855121e-02
3.830000000000000000e+02 9.245516454457429478e-02
3.831999999999999886e+02 9.223298112683002425e-02
3.833999999999999773e+02 9.200012277266278460e-02
3.836000000000000227e+02 9.175727315800071004e-02
3.838000000000000114e+02 9.150571580583509446e-02
3.840000000000000000e+02 9.124515857878459646e-02
3.841999999999999886e+02 9.097325776276744824e-02
3.843999999999999773e+02 9.068932176581685767e-02
3.846000000000000227e+02 9.039482837576755248e-02
3.848000000000000114e+02 9.009112754967492365e-02
3.850000000000000000e+02 8.977819977747659996e-02
3.851999999999999886e+02 8.945818501303591519e-02
3.853999999999999773e+02 8.913450134526423874e-02
3.856000000000000227e+02 8.880948363705004622e-02
3.858000000000000114e+02 8.848311140522258089e-02
3.860000000000000000e+02 8.815605824411518188e-02
3.861999999999999886e+02 8.782870398068129414e-02
3.863999999999999773e+02 8.750002439135962096e-02
3.866000000000000227e+02 8.716789408798789052e-02
3.868000000000000114e+02 8.683330164775318605e-02
3.870000000000000000e+02 8.649860934750315533e-02
3.871999999999999886e+02 8.616521133105856101e-02
3.873999999999999773e+02 8.583295302918513003e-02
3.876000000000000227e+02 8.550561631836173238e-02
3.878000000000000114e+02 8.518393966613496682e-02
3.880000000000000000e+02 8.486588557726428006e-02
3.881999999999999886e+02 8.455102359610450202e-02
3.883999999999999773e+02 8.423818485678843948e-02
3.886000000000000227e+02 8.392469636773632058e-02
3.888000000000000114e+02 8.360812724610656999e-02
3.890000000000000000e+02 8.328891251378188476e-02
3.891999999999999886e+02 8.296812094004590854e-02
3.893999999999999773e+02 8.264523924317269954e-02
3.896000000000000227e+02 8.231948849447108529e-02
3.898000000000000114e+02 8.199316369374851088e-02
3.900000000000000000e+02 8.166875899099362845e-02
3.901999999999999886e+02 8.134648267978979164e-02
3.903999999999999773e+02 8.102520227266557518e-02
3.906000000000000227e+02 8.070584421667796604e-02
3.908000000000000114e+02 8.038902603506128952e-02
3.910000000000000000e+02 8.007322424773062608e-02
3.911999999999999886e+02 7.975667859190052611e-02
3.913999999999999773e+02 7.944183404227793399e-02
3.916000000000000227e+02 7.912780262286826793e-02
3.918000000000000114e+02 7.881410272893119018e-02
3.920000000000000000e+02 7.850280274639753753e-02
3.921999999999999886e+02 7.819535853922161828e-02
3.923999999999999773e+02 7.789072011280545604e-02
3.926000000000000227e+02 7.758773101208282785e-02
3.928000000000000114e+02 7.728643983628515068e-02
3.930000000000000000e+02 7.698644395079673464e-02
3.931999999999999886e+02 7.668669805721432808e-02
3.933999999999999773e+02 7.638778687605071727e-02
3.936000000000000227e+02 7.609297466814793354e-02
3.938000000000000114e+02 7.580584261851118499e-02
3.940000000000000000e+02 7.552750880514443044e-02
3.941999999999999886e+02 7.525918058007970146e-02
3.943999999999999773e+02 7.500406284861264872e-02
3.946000000000000227e+02 7.476472834344112528e-02
3.948000000000000114e+02 7.454169970141187596e-02
3.950000000000000000e+02 7.433599078091251977e-02
3.951999999999999886e+02 7.415013663413458356e-02
3.953999999999999773e+02 7.398324112735804592e-02
3.956000000000000227e+02 7.383552208461172106e-02
3.958000000000000114e+02 7.370860701539820592e-02
3.960000000000000000e+02 7.360428546155671492e-02
3.961999999999999886e+02 7.352455856531237011e-02
3.963999999999999773e+02 7.347200196442031650e-02
3.966000000000000227e+02 7.344939803304721682e-02
3.968000000000000114e+02 7.345914631936915906e-02
3.970000000000000000e+02 7.350313470336514166e-02
3.971999999999999886e+02 7.358289930317622740e-02
3.973999999999999773e+02 7.369963070945854955e-02
3.976000000000000227e+02 7.385443592424034698e-02
3.978000000000000114e+02 7.404961172721724605e-02
3.980000000000000000e+02 7.428709271677230719e-02
3.981999999999999886e+02 7.456770851794537747e-02
3.983999999999999773e+02 7.489196561172110911e-02
3.986000000000000227e+02 7.526366860633988687e-02
3.988000000000000114e+02 7.568358860608098704e-02
3.990000000000000000e+02 7.615138932172751951e-02
3.991999999999999886e+02 7.667131181418923580e-02
3.993999999999999773e+02 7.724443000982478269e-02
3.996000000000000227e+02 7.786995757873421686e-02
3.998000000000000114e+02 7.854931604535200784e-02
4.000000000000000000e+02 7.928912176489530395e-02
4.001999999999999886e+02 8.009172607631734331e-02
4.003999999999999773e+02 8.095641252127951104e-02
4.006000000000000227e+02 8.188485193265042372e-02
4.008000000000000114e+02 8.288602937409166038e-02
4.010000000000000000e+02 8.396268150104808925e-02
4.011999999999999886e+02 8.511325115105956851e-02
4.013999999999999773e+02 8.633885151954952264e-02
4.016000000000000227e+02 8.764936430347593233e-02
4.018000000000000114e+02 8.904603028419558197e-02
4.020000000000000000e+02 9.052368188767259682e-02
4.021999999999999886e+02 9.208142426725433871e-02
4.023999999999999773e+02 9.373331683839397632e-02
4.026000000000000227e+02 9.547544770961759186e-02
4.028000000000000114e+02 9.730960697541546356e-02
4.030000000000000000e+02 9.925110142192865303e-02
4.031999999999999886e+02 1.012994853935349354e-01
4.033999999999999773e+02 1.034500648932494132e-01
4.036000000000000227e+02 1.057087664490195950e-01
4.038000000000000114e+02 1.080906161872127041e-01
4.040000000000000000e+02 1.105935895448542233e-01
4.041999999999999886e+02 1.132057083470680292e-01
4.043999999999999773e+02 1.159377396120530729e-01
4.046000000000000227e+02 1.188083576994497376e-01
4.048000000000000114e+02 1.217506008833275366e-01
4.050000000000000000e+02 1.247911434649546930e-01
4.051999999999999886e+02 1.279698950321028761e-01
4.053999999999999773e+02 1.312552317273646685e-01
4.056000000000000227e+02 1.346691834937076560e-01
4.058000000000000114e+02 1.382062097565661396e-01
4.060000000000000000e+02 1.418505871598244039e-01
4.061999999999999886e+02 1.456283329937172744e-01
4.063999999999999773e+02 1.495164789653171677e-01
4.066000000000000227e+02 1.535143888313315885e-01
4.068000000000000114e+02 1.576433472011584958e-01
4.070000000000000000e+02 1.618714629252123449e-01
4.071999999999999886e+02 1.662167796650168561e-01
4.073999999999999773e+02 1.706862958402917685e-01
4.076000000000000227e+02 1.752499473334422631e-01
4.078000000000000114e+02 1.799377976596572559e-01
4.080000000000000000e+02 1.847344406401211503e-01
4.081999999999999886e+02 1.896212856365840083e-01
4.083999999999999773e+02 1.946299538820864816e-01
4.086000000000000227e+02 1.997242131195706427e-01
4.088000000000000114e+02 2.049039996032268607e-01
4.090000000000000000e+02 2.101889022185988998e-01
4.091999999999999886e+02 2.155345103674580209e-01
4.093999999999999773e+02 2.209631787616091469e-01
4.096000000000000227e+02 2.264729927141610200e-01
4.098000000000000114e+02 2.320229197192624215e-01
4.100000000000000000e+02 2.376439978369816186e-01
4.101999999999999886e+02 2.433072761606943357e-01
4.103999999999999773e+02 2.489905690237655123e-01
4.106000000000000227e+02 2.547248787215661836e-01
4.108000000000000114e+02 2.604628343190865669e-01
4.110000000000000000e+02 2.662063353095026619e-01
4.111999999999999886e+02 2.719684331426670543e-01
4.113999999999999773e+02 2.776938351513820180e-01
4.116000000000000227e+02 2.834028047585771537e-01
4.118000000000000114e+02 2.890837072947631259e-01
4.120000000000000000e+02 2.946955483823048283e-01
4.121999999999999886e+02 3.002693023458948840e-01
4.123999999999999773e+02 3.057699848432077205e-01
4.126000000000000227e+02 3.111783605739509850e-01
4.128000000000000114e+02 3.165209152856487407e-01
4.130000000000000000e+02 3.217523871667026247e-01
4.131999999999999886e+02 3.268802337907674715e-01
4.133999999999999773e+02 3.319149050830684788e-01
4.136000000000000227e+02 3.368132579583953956e-01
4.138000000000000114e+02 3.415998184707118024e-01
4.140000000000000000e+02 3.462655674829589469e-01
4.141999999999999886e+02 3.507857259256083049e-01
4.143999999999999773e+02 3.551935729806419695e-01
4.146000000000000227e+02 3.594659962290945865e-01
4.148000000000000114e+02 3.635978419231210013e-01
4.150000000000000000e+02 3.676120310980873218e-01
4.151999999999999886e+02 3.714780638522073297e-01
4.153999999999999773e+02 3.752094419941321424e-01
4.156000000000000227e+02 3.788144614837844482e-01
4.158000000000000114e+02 3.822653331950551236e-01
4.160000000000000000e+02 3.855832102625710300e-01
4.161999999999999886e+02 3.887607837286161105e-01
4.163999999999999773e+02 3.917845530626879458e-01
4.166000000000000227e+02 3.946775222539154471e-01
4.168000000000000114e+02 3.974257015098944246e-01
4.170000000000000000e+02 4.000300846819996314e-01
4.171999999999999886e+02 4.025028166633199400e-01
4.173999999999999773e+02 4.048207554547346154e-01
4.176000000000000227e+02 4.069894654415659452e-01
4.178000000000000114e+02 4.090099707145984365e-01
4.180000000000000000e+02 4.108669070651453370e-01
4.181999999999999886e+02 4.125704309675914394e-01
4.183999999999999773e+02 4.141131884888973325e-01
4.186000000000000227e+02 4.154875804829225583e-01
4.188000000000000114e+02 4.167040199842383386e-01
4.190000000000000000e+02 4.177561036270839856e-01
4.191999999999999886e+02 4.186454364012694995e-01
4.193999999999999773e+02 4.193787996086484893e-01
4.196000000000000227e+02 4.199529163331736648e-01
4.198000000000000114e+02 4.203723097916844953e-01
4.200000000000000000e+02 4.206406790450171740e-01
4.201999999999999886e+02 4.207594478258293580e-01
4.203999999999999773e+02 4.207360394373128032e-01
4.206000000000000227e+02 4.205756059953749126e-01
4.208000000000000114e+02 4.202844368743979819e-01
4.210000000000000000e+02 4.198715711242107518e-01
4.211999999999999886e+02 4.193420084691923400e-01
4.213999999999999773e+02 4.187053414383645200e-01
4.216000000000000227e+02 4.179699174315282817e-01
4.218000000000000114e+02 4.171369889014745480e-01
4.220000000000000000e+02 4.162175017558303880e-01
4.221999999999999886e+02 4.152151595880783086e-01
4.223999999999999773e+02 4.141311641772411067e-01
4.226000000000000227e+02 4.129816376323263150e-01
4.228000000000000114e+02 4.117710270892874780e-01
4.230000000000000000e+02 4.105088028546866052e-01
4.231999999999999886e+02 4.092109450293185402e-01
4.233999999999999773e+02 4.078745378249571396e-01
4.236000000000000227e+02 4.065124504638051306e-01
4.238000000000000114e+02 4.051370075027965756e-01
4.240000000000000000e+02 4.037461625519592756e-01
4.241999999999999886e+02 4.023540312547257969e-01
4.243999999999999773e+02 4.009628206632020464e-01
4.246000000000000227e+02 3.995710376128013830e-01
4.248000000000000114e+02 3.981917852614360598e-01
4.250000000000000000e+02 3.968175890425620911e-01
4.251999999999999886e+02 3.954464302353115079e-01
4.253999999999999773e+02 3.940825214716728864e-01
4.256000000000000227e+02 3.927119194440341077e-01
4.258000000000000114e+02 3.913357430736133513e-01
4.260000000000000000e+02 3.899506245236855073e-01
4.261999999999999886e+02 3.885411926479869771e-01
4.263999999999999773e+02 3.871108463418507228e-01
4.266000000000000227e+02 3.856494561235523366e-01
4.268000000000000114e+02 3.841474415876107162e-01
4.270000000000000000e+02 3.826121106048864240e-01
4.271999999999999886e+02 3.810314900143003114e-01
4.273999999999999773e+02 3.794071292069465806e-01
4.276000000000000227e+02 3.777473383711338895e-01
4.278000000000000114e+02 3.760402067826154049e-01
4.280000000000000000e+02 3.742945406935027641e-01
4.281999999999999886e+02 3.725111264743034556e-01
4.283999999999999773e+02 3.706803289351656150e-01
4.286000000000000227e+02 3.688190745561257811e-01
4.288000000000000114e+02 3.669245692829020133e-01
4.290000000000000000e+02 3.649957636721214427e-01
4.291999999999999886e+02 3.630475812766452703e-01
4.293999999999999773e+02 3.610687743728943633e-01
4.296000000000000227e+02 3.590661229842889157e-01
4.298000000000000114e+02 3.570491507905826922e-01
4.300000000000000000e+02 3.550023082173472955e-01
4.301999999999999886e+02 3.529361918591136793e-01
4.303999999999999773e+02 3.508488380102745552e-01
4.306000000000000227e+02 3.487282780917020375e-01
4.308000000000000114e+02 3.465890745375906357e-01
4.310000000000000000e+02 3.444208066775858446e-01
4.311999999999999886e+02 3.422213572680308236e-01
4.313999999999999773e+02 3.400068536912616568e-01
4.316000000000000227e+02 3.377638761205462026e-01
4.318000000000000114e+02 3.355020437450416670e-01
4.320000000000000000e+02 3.332310324622509978e-01
4.321999999999999886e+02 3.309372184401411232e-01
4.323999999999999773e+02 3.286371534950645601e-01
4.326000000000000227e+02 3.263282377164327674e-01
4.328000000000000114e+02 3.239987696641400960e-01
4.330000000000000000e+02 3.216632762405116086e-01
4.331999999999999886e+02 3.193078706083563589e-01
4.333999999999999773e+02 3.169326803745620147e-01
4.336000000000000227e+02 3.145537850693056470e-01
4.338000000000000114e+02 3.121543216034943224e-01
4.340000000000000000e+02 3.097430315673554979e-01
4.341999999999999886e+02 3.073239557874681283e-01
4.343999999999999773e+02 3.048800973470091047e-01
4.346000000000000227e+02 3.024271391028703349e-01
4.348000000000000114e+02 2.999585259236789980e-01
4.350000000000000000e+02 2.974639791357409080e-01
4.351999999999999886e+02 2.949599526206483913e-01
4.353999999999999773e+02 2.924339951013517624e-01
4.356000000000000227e+02 2.898799660948181978e-01
4.358000000000000114e+02 2.873186050342956266e-01
4.360000000000000000e+02 2.847894713211842066e-01
4.361999999999999886e+02 2.822731163876812110e-01
4.363999999999999773e+02 2.797438326153399157e-01
4.366000000000000227e+02 2.772064394798198772e-01
4.368000000000000114e+02 2.746737688479936046e-01
4.370000000000000000e+02 2.721454243991738853e-01
4.371999999999999886e+02 2.696151827577842330e-01
4.373999999999999773e+02 2.670870392667381021e-01
4.376000000000000227e+02 2.645538930456114435e-01
4.378000000000000114e+02 2.620172913455869890e-01
4.380000000000000000e+02 2.594913111346761614e-01
4.381999999999999886e+02 2.569689528799700140e-01
4.383999999999999773e+02 2.544499992394733678e-01
4.386000000000000227e+02 2.519374187498782391e-01
4.388000000000000114e+02 2.494239625689652906e-01
4.390000000000000000e+02 2.469207961091439973e-01
4.391999999999999886e+02 2.444345794137198769e-01
4.393999999999999773e+02 2.419578821909345590e-01
4.396000000000000227e+02 2.394924593693765202e-01
4.398000000000000114e+02 2.370426693313092137e-01
4.400000000000000000e+02 2.346087229939224639e-01
4.401999999999999886e+02 2.321844144695414391e-01
4.403999999999999773e+02 2.297812919002317211e-01
4.406000000000000227e+02 2.274057007119596463e-01
4.408000000000000114e+02 2.250508727124734820e-01
4.410000000000000000e+02 2.227214392453730207e-01
4.411999999999999886e+02 2.204146001280543332e-01
4.413999999999999773e+02 2.181287070377538884e-01
4.416000000000000227e+02 2.158776732531952347e-01
4.418000000000000114e+02 2.136574340205553424e-01
4.420000000000000000e+02 2.114619385600275403e-01
4.421999999999999886e+02 2.092932552590006379e-01
4.423999999999999773e+02 2.071537997160632916e-01
4.426000000000000227e+02 2.050381913780113252e-01
4.428000000000000114e+02 2.029433836587747064e-01
4.430000000000000000e+02 2.008803292004238128e-01
4.431999999999999886e+02 1.988444725584515571e-01
4.433999999999999773e+02 1.968316556974998299e-01
4.436000000000000227e+02 1.948439529816788085e-01
4.438000000000000114e+02 1.928739703132988370e-01
4.440000000000000000e+02 1.909264229826579673e-01
4.441999999999999886e+02 1.890083575540730532e-01
4.443999999999999773e+02 1.871120614455155373e-01
4.446000000000000227e+02 1.852373570907664690e-01
4.448000000000000114e+02 1.833812725833909862e-01
4.450000000000000000e+02 1.815376199536130886e-01
4.451999999999999886e+02 1.797158166920573841e-01
4.453999999999999773e+02 1.779150358557098632e-01
4.456000000000000227e+02 1.761283200148463790e-01
4.458000000000000114e+02 1.743559201436293282e-01
4.460000000000000000e+02 1.725994315154291137e-01
4.461999999999999886e+02 1.708559220869400042e-01
4.463999999999999773e+02 1.691211263642602158e-01
4.466000000000000227e+02 1.674045157159113340e-01
4.468000000000000114e+02 1.657057302458959658e-01
4.470000000000000000e+02 1.640197499555060001e-01
4.471999999999999886e+02 1.623487023160180565e-01
4.473999999999999773e+02 1.606878223763987812e-01
4.476000000000000227e+02 1.590393861955477772e-01
4.478000000000000114e+02 1.574130410691154947e-01
4.480000000000000000e+02 1.558042425972776812e-01
4.481999999999999886e+02 1.542131832558062965e-01
4.483999999999999773e+02 1.526419600725841819e-01
4.486000000000000227e+02 1.510878072305036901e-01
4.488000000000000114e+02 1.495591017071672968e-01
4.490000000000000000e+02 1.480585819268318004e-01
4.491999999999999886e+02 1.465792942237415242e-01
4.493999999999999773e+02 1.451204561065552734e-01
4.496000000000000227e+02 1.436819974387339438e-01
4.498000000000000114e+02 1.422604331785277676e-01
4.500000000000000000e+02 1.408486484997893418e-01
4.501999999999999886e+02 1.394510618889313602e-01
4.503999999999999773e+02 1.380680674934507968e-01
4.506000000000000227e+02 1.366925545907939910e-01
4.508000000000000114e+02 1.353240033116639429e-01
4.510000000000000000e+02 1.339578313663931097e-01
4.511999999999999886e+02 1.325918154872654242e-01
4.513999999999999773e+02 1.312332801327372456e-01
4.516000000000000227e+02 1.298794415861043994e-01
4.518000000000000114e+02 1.285276833592364221e-01
4.520000000000000000e+02 1.271804517210185503e-01
4.521999999999999886e+02 1.258406332364530034e-01
4.523999999999999773e+02 1.245069385231123843e-01
4.526000000000000227e+02 1.231813202373002597e-01
4.528000000000000114e+02 1.218749307353865219e-01
4.530000000000000000e+02 1.205881519593912238e-01
4.531999999999999886e+02 1.193209151088722442e-01
4.533999999999999773e+02 1.180752165702966539e-01
4.536000000000000227e+02 1.168466870854702050e-01
4.538000000000000114e+02 1.156383743708950390e-01
4.540000000000000000e+02 1.144531094176304137e-01
4.541999999999999886e+02 1.132841149776161460e-01
4.543999999999999773e+02 1.121297187287252500e-01
4.546000000000000227e+02 1.109865555461826414e-01
4.548000000000000114e+02 1.098500178136339878e-01
4.550000000000000000e+02 1.087242618228897312e-01
4.551999999999999886e+02 1.076072860883001137e-01
4.553999999999999773e+02 1.064946239857521432e-01
4.556000000000000227e+02 1.053864266718054915e-01
4.558000000000000114e+02 1.042835632616174873e-01
4.560000000000000000e+02 1.031846635164096054e-01
4.561999999999999886e+02 1.020886949722380060e-01
4.563999999999999773e+02 1.010026011923409739e-01
4.566000000000000227e+02 9.992642137432573846e-02
4.568000000000000114e+02 9.885827827431319104e-02
4.570000000000000000e+02 9.780131951155292269e-02
4.571999999999999886e+02 9.675426892245946042e-02
4.573999999999999773e+02 9.572067584627096115e-02
4.576000000000000227e+02 9.470793695658687172e-02
4.578000000000000114e+02 9.371448777962144983e-02
4.580000000000000000e+02 9.273948419575162028e-02
4.582000000000000455e+02 9.178298074068964862e-02
4.583999999999999773e+02 9.084336302144202513e-02
4.586000000000000227e+02 8.991595866748355870e-02
4.588000000000000114e+02 8.900078256346297123e-02
4.590000000000000000e+02 8.810108595736998449e-02
4.592000000000000455e+02 8.721264837803631431e-02
4.593999999999999773e+02 8.633414803300885898e-02
4.596000000000000227e+02 8.546449436680224332e-02
4.598000000000000114e+02 8.459988829192051363e-02
4.600000000000000000e+02 8.374379048480025400e-02
4.602000000000000455e+02 8.289663353049324390e-02
4.603999999999999773e+02 8.205497063432969085e-02
4.606000000000000227e+02 8.122018585022187931e-02
4.608000000000000114e+02 8.039033080217856952e-02
4.610000000000000000e+02 7.956453679075373153e-02
4.612000000000000455e+02 7.874688403389115687e-02
4.613999999999999773e+02 7.793552138776652094e-02
4.616000000000000227e+02 7.712865799115342647e-02
4.618000000000000114e+02 7.632690648333489980e-02
4.620000000000000000e+02 7.553125773723692871e-02
4.622000000000000455e+02 7.474056389794812849e-02
4.623999999999999773e+02 7.395586340921518620e-02
4.626000000000000227e+02 7.318271331479235531e-02
4.628000000000000114e+02 7.242032027010129880e-02
4.630000000000000000e+02 7.166814112423136596e-02
4.632000000000000455e+02 7.092662305806123058e-02
4.633999999999999773e+02 7.019263911048083393e-02
4.636000000000000227e+02 6.946845878625457216e-02
4.638000000000000114e+02 6.875601879172672792e-02
4.640000000000000000e+02 6.805168702980718409e-02
4.642000000000000455e+02 6.735501769582466491e-02
4.643999999999999773e+02 6.666463570663304361e-02
4.646000000000000227e+02 6.597928624879370596e-02
4.648000000000000114e+02 6.530337831019647488e-02
4.650000000000000000e+02 6.463714665029808570e-02
4.652000000000000455e+02 6.397902079994767510e-02
4.653999999999999773e+02 6.332920213531960385e-02
4.656000000000000227e+02 6.268766415256081526e-02
4.658000000000000114e+02 6.205212369909950815e-02
4.660000000000000000e+02 6.142008196704538264e-02
4.662000000000000455e+02 6.079369327278684454e-02
4.663999999999999773e+02 6.017202291193664981e-02
4.666000000000000227e+02 5.955391644075592322e-02
4.668000000000000114e+02 5.894070232478923477e-02
4.670000000000000000e+02 5.833091280391106137e-02
4.672000000000000455e+02 5.772639704309767694e-02
4.673999999999999773e+02 5.713121583869328057e-02
4.676000000000000227e+02 5.654478271786043259e-02
4.678000000000000114e+02 5.596808771138481881e-02
4.680000000000000000e+02 5.540137439880002401e-02
4.682000000000000455e+02 5.484266272717267660e-02
4.683999999999999773e+02 5.429456143285259218e-02
4.686000000000000227e+02 5.375735548678076126e-02
4.688000000000000114e+02 5.322859491938312926e-02
4.690000000000000000e+02 5.270792525653876515e-02
4.692000000000000455e+02 5.219573582431940445e-02
4.693999999999999773e+02 5.169144590587425314e-02
4.696000000000000227e+02 5.119337906516752135e-02
4.698000000000000114e+02 5.070307161031625126e-02
4.700000000000000000e+02 5.021951947409759864e-02
4.702000000000000455e+02 4.973963959495499715e-02
4.703999999999999773e+02 4.926311701607503923e-02
4.706000000000000227e+02 4.878795746771066866e-02
4.708000000000000114e+02 4.831356492647664175e-02
4.710000000000000000e+02 4.784259958575332039e-02
4.712000000000000455e+02 4.737500804112626529e-02
4.713999999999999773e+02 4.691153161251719605e-02
4.716000000000000227e+02 4.645407050140248212e-02
4.718000000000000114e+02 4.600332751677824183e-02
4.720000000000000000e+02 4.555736403877384821e-02
4.722000000000000455e+02 4.511547464441349048e-02
4.723999999999999773e+02 4.467999608430038572e-02
4.726000000000000227e+02 4.425001604573620961e-02
4.728000000000000114e+02 4.382513561648071487e-02
4.730000000000000000e+02 4.340548974005555005e-02
4.732000000000000455e+02 4.298947593881895929e-02
4.733999999999999773e+02 4.257856319555821528e-02
4.736000000000000227e+02 4.217387546130398762e-02
4.738000000000000114e+02 4.177381329612531169e-02
4.740000000000000000e+02 4.137815706990628783e-02
4.742000000000000455e+02 4.098579811672189294e-02
4.743999999999999773e+02 4.059585625520867325e-02
4.746000000000000227e+02 4.021054545775706174e-02
4.748000000000000114e+02 3.982867617470033095e-02
4.750000000000000000e+02 3.944838861369440869e-02
4.752000000000000455e+02 3.906992612378087232e-02
4.753999999999999773e+02 3.869450697533102779e-02
4.756000000000000227e+02 3.832241850072530542e-02
4.758000000000000114e+02 3.795384220578352369e-02
4.760000000000000000e+02 3.759079762637972805e-02
4.762000000000000455e+02 3.723239995158439397e-02
4.763999999999999773e+02 3.687735712654968689e-02
4.766000000000000227e+02 3.652553603336231025e-02
4.768000000000000114e+02 3.617463735045774870e-02
4.770000000000000000e+02 3.582467931682260798e-02
4.772000000000000455e+02 3.547730283904148435e-02
4.773999999999999773e+02 3.513219880451965565e-02
4.776000000000000227e+02 3.479028202419990473e-02
4.778000000000000114e+02 3.445296434244146666e-02
4.780000000000000000e+02 3.412077206902797838e-02
4.782000000000000455e+02 3.379205939306070827e-02
4.783999999999999773e+02 3.346682160542061718e-02
4.786000000000000227e+02 3.314580443300855356e-02
4.788000000000000114e+02 3.282733254362933673e-02
4.790000000000000000e+02 3.251129594018202507e-02
4.792000000000000455e+02 3.219778620128472407e-02
4.793999999999999773e+02 3.188655057575401353e-02
4.796000000000000227e+02 3.158009347484867779e-02
4.798000000000000114e+02 3.127935919353113520e-02
4.800000000000000000e+02 3.098395447247465073e-02
4.802000000000000455e+02 3.069469853161209058e-02
4.803999999999999773e+02 3.041181449085421026e-02
4.806000000000000227e+02 3.013637095308925595e-02
4.808000000000000114e+02 2.987016463236884939e-02
4.810000000000000000e+02 2.961114917365868446e-02
4.812000000000000455e+02 2.935710447811573989e-02
4.813999999999999773e+02 2.910691675295859829e-02
4.816000000000000227e+02 2.886035211987602461e-02
4.818000000000000114e+02 2.861669750938744192e-02
4.820000000000000000e+02 2.837588720625904698e-02
4.822000000000000455e+02 2.813851577704929580e-02
4.823999999999999773e+02 2.790280134991510869e-02
4.826000000000000227e+02 2.766730624331081856e-02
4.828000000000000114e+02 2.743113598087541447e-02
4.830000000000000000e+02 2.719317097043671624e-02
4.832000000000000455e+02 2.695458344670430273e-02
4.833999999999999773e+02 2.671619078325486105e-02
4.836000000000000227e+02 2.647734608630731082e-02
4.838000000000000114e+02 2.623906530266400389e-02
4.840000000000000000e+02 2.600189408789360321e-02
4.842000000000000455e+02 2.576632718231454053e-02
4.843999999999999773e+02 2.553411929120194546e-02
4.846000000000000227e+02 2.530524303278028353e-02
4.848000000000000114e+02 2.507933956204531217e-02
4.850000000000000000e+02 2.485669543765980233e-02
4.852000000000000455e+02 2.463724485732395053e-02
4.853999999999999773e+02 2.442021507753883158e-02
4.856000000000000227e+02 2.420518630208817051e-02
4.858000000000000114e+02 2.399322459840292493e-02
4.860000000000000000e+02 2.378308287158646672e-02
4.862000000000000455e+02 2.357319494419122044e-02
4.863999999999999773e+02 2.336297785836642313e-02
4.866000000000000227e+02 2.315175222130821941e-02
4.868000000000000114e+02 2.294025794973303736e-02
4.870000000000000000e+02 2.272948446408183665e-02
4.872000000000000455e+02 2.251856170123251247e-02
4.873999999999999773e+02 2.230656507772125693e-02
4.876000000000000227e+02 2.209286283350405528e-02
4.878000000000000114e+02 2.187713605222948304e-02
4.880000000000000000e+02 2.165940528691841574e-02
4.882000000000000455e+02 2.144173946323518071e-02
4.883999999999999773e+02 2.122666544812459519e-02
4.886000000000000227e+02 2.101462120452323931e-02
4.888000000000000114e+02 2.080658050225485042e-02
4.890000000000000000e+02 2.060334409260765332e-02
4.892000000000000455e+02 2.040540759747214508e-02
4.893999999999999773e+02 2.021449860230256287e-02
4.896000000000000227e+02 2.003123381222097002e-02
4.898000000000000114e+02 1.985539520762190369e-02
4.900000000000000000e+02 1.968697962737239043e-02
4.902000000000000455e+02 1.952453458882134202e-02
4.903999999999999773e+02 1.936684499065386214e-02
4.906000000000000227e+02 1.921338242632087204e-02
4.908000000000000114e+02 1.906221196660781020e-02
4.910000000000000000e+02 1.891140785288801529e-02
4.912000000000000455e+02 1.875969541257520995e-02
4.913999999999999773e+02 1.860675735536470449e-02
4.916000000000000227e+02 1.845327428593930563e-02
4.918000000000000114e+02 1.830087610200275064e-02
4.920000000000000000e+02 1.815131510322193567e-02
4.922000000000000455e+02 1.800427130911456258e-02
4.923999999999999773e+02 1.785937000891303292e-02
4.926000000000000227e+02 1.771594885859615470e-02
4.928000000000000114e+02 1.757238327768074690e-02
4.930000000000000000e+02 1.742865175748792295e-02
4.932000000000000455e+02 1.728490878885774462e-02
4.933999999999999773e+02 1.714091338013150681e-02
4.936000000000000227e+02 1.699727121746727118e-02
4.938000000000000114e+02 1.685420112294175321e-02
4.940000000000000000e+02 1.671190325562288762e-02
4.942000000000000455e+02 1.657120723443411547e-02
4.943999999999999773e+02 1.643191227491329690e-02
4.946000000000000227e+02 1.629373599989010143e-02
4.948000000000000114e+02 1.615682484879336564e-02
4.950000000000000000e+02 1.602127054768919326e-02
4.952000000000000455e+02 1.588653174064147064e-02
4.953999999999999773e+02 1.575223642093857498e-02
4.956000000000000227e+02 1.561908144762463174e-02
4.958000000000000114e+02 1.548707441348175576e-02
4.960000000000000000e+02 1.535642558457621203e-02
4.962000000000000455e+02 1.522771834672750034e-02
4.963999999999999773e+02 1.510079279900119857e-02
4.966000000000000227e+02 1.497640110053438493e-02
4.968000000000000114e+02 1.485542893265993751e-02
4.970000000000000000e+02 1.473743749501676970e-02
4.972000000000000455e+02 1.462103137834004293e-02
4.973999999999999773e+02 1.450456515002319924e-02
4.976000000000000227e+02 1.438667510540165943e-02
4.978000000000000114e+02 1.426679256746981629e-02
4.980000000000000000e+02 1.414558930600862130e-02
4.982000000000000455e+02 1.402399933393352546e-02
4.983999999999999773e+02 1.390221282835454528e-02
4.986000000000000227e+02 1.378124823087340488e-02
4.988000000000000114e+02 1.366196180370481822e-02
4.990000000000000000e+02 1.354483053472827110e-02
4.992000000000000455e+02 1.343090347459445846e-02
4.993999999999999773e+02 1.332001261699171032e-02
4.996000000000000227e+02 1.321156477615405105e-02
4.998000000000000114e+02 1.310575154928826300e-02
5.000000000000000000e+02 1.300226258593472316e-02
5.002000000000000455e+02 1.290096559551065503e-02
5.003999999999999773e+02 1.280192559069186567e-02
5.006000000000000227e+02 1.270440625958093456e-02
5.008000000000000114e+02 1.260781667468641176e-02
5.010000000000000000e+02 1.251190699691293907e-02
5.012000000000000455e+02 1.241663082038649626e-02
5.013999999999999773e+02 1.232169834357553680e-02
5.016000000000000227e+02 1.222754759059875226e-02
5.018000000000000114e+02 1.213540495955856002e-02
5.020000000000000000e+02 1.204606608972446855e-02
5.022000000000000455e+02 1.195966714814252624e-02
5.023999999999999773e+02 1.187531778699766130e-02
5.026000000000000227e+02 1.179121063025682058e-02
5.028000000000000114e+02 1.170723735812342035e-02
5.030000000000000000e+02 1.162363577618058356e-02
5.032000000000000455e+02 1.154015130616807550e-02
5.033999999999999773e+02 1.145609302216518861e-02
5.036000000000000227e+02 1.137102823585295526e-02
5.038000000000000114e+02 1.128551319106159412e-02
5.040000000000000000e+02 1.120141800373932774e-02
5.042000000000000455e+02 1.112021281534649603e-02
5.043999999999999773e+02 1.104303991664321895e-02
5.046000000000000227e+02 1.097031949449009912e-02
5.048000000000000114e+02 1.090065630356338439e-02
5.050000000000000000e+02 1.083254131857086522e-02
5.052000000000000455e+02 1.076527504290003719e-02
5.053999999999999773e+02 1.069911086135996899e-02
5.056000000000000227e+02 1.063312218428668320e-02
5.058000000000000114e+02 1.056620715412885138e-02
5.060000000000000000e+02 1.049771263745534998e-02
5.062000000000000455e+02 1.042756748819750195e-02
5.063999999999999773e+02 1.035686984219248361e-02
5.066000000000000227e+02 1.028725347971596628e-02
5.068000000000000114e+02 1.022002729286921284e-02
5.070000000000000000e+02 1.015580950356322239e-02
5.072000000000000455e+02 1.009394569736486204e-02
5.073999999999999773e+02 1.003276069657381246e-02
5.076000000000000227e+02 9.970867526196939765e-03
5.078000000000000114e+02 9.908438722976635471e-03
5.080000000000000000e+02 9.846095709722621839e-03
5.082000000000000455e+02 9.783596371885234719e-03
5.083999999999999773e+02 9.720316888824029680e-03
5.086000000000000227e+02 9.655728940514748254e-03
5.088000000000000114e+02 9.590020502927889753e-03
5.090000000000000000e+02 9.524860809758908808e-03
5.092000000000000455e+02 9.461439955537049099e-03
5.093999999999999773e+02 9.400372880494016828e-03
5.096000000000000227e+02 9.341816904957772963e-03
5.098000000000000114e+02 9.284604225064892191e-03
5.100000000000000000e+02 9.227550385109514752e-03
5.102000000000000455e+02 9.170331277359326794e-03
5.103999999999999773e+02 9.113864441973974079e-03
5.106000000000000227e+02 9.058857443670241191e-03
5.108000000000000114e+02 9.005178411081496068e-03
5.110000000000000000e+02 8.951809194201605993e-03
5.112000000000000455e+02 8.898201969563588817e-03
5.113999999999999773e+02 8.844722605566415763e-03
5.116000000000000227e+02 8.792102560037453468e-03
5.118000000000000114e+02 8.740017252992020660e-03
5.120000000000000000e+02 8.687552921882680732e-03
5.122000000000000455e+02 8.633187178425053010e-03
5.123999999999999773e+02 8.575077819912582666e-03
5.126000000000000227e+02 8.512981903235941963e-03
5.127999999999999545e+02 8.447659048591443093e-03
5.130000000000000000e+02 8.380441866612643384e-03
5.132000000000000455e+02 8.313007164645334554e-03
5.133999999999999773e+02 8.246866192151371469e-03
5.136000000000000227e+02 8.183789996456476701e-03
5.137999999999999545e+02 8.125938131198690018e-03
5.140000000000000000e+02 8.074237875688405203e-03
5.142000000000000455e+02 8.028597725396404566e-03
5.143999999999999773e+02 7.988233231796216735e-03
5.146000000000000227e+02 7.952030221683599118e-03
5.147999999999999545e+02 7.918729346276300388e-03
5.150000000000000000e+02 7.887075245786537292e-03
5.152000000000000455e+02 7.855831656459979009e-03
5.153999999999999773e+02 7.823424092397087207e-03
5.156000000000000227e+02 7.788411939786295084e-03
5.157999999999999545e+02 7.749459206539912985e-03
5.160000000000000000e+02 7.704979815749730607e-03
5.162000000000000455e+02 7.654174315149008152e-03
5.163999999999999773e+02 7.596953979362319580e-03
5.166000000000000227e+02 7.533737677964541697e-03
5.167999999999999545e+02 7.465560153646120557e-03
5.170000000000000000e+02 7.393689726208968992e-03
5.172000000000000455e+02 7.319378085819096269e-03
5.173999999999999773e+02 7.243754452133860551e-03
5.176000000000000227e+02 7.168470909524459790e-03
5.177999999999999545e+02 7.095311545933871006e-03
5.180000000000000000e+02 7.025871335095082264e-03
5.182000000000000455e+02 6.962024872006903134e-03
5.183999999999999773e+02 6.904862314903788267e-03
5.186000000000000227e+02 6.854529180032689108e-03
5.187999999999999545e+02 6.810666762917718525e-03
5.190000000000000000e+02 6.771797522886458497e-03
5.192000000000000455e+02 6.736259176059872927e-03
5.193999999999999773e+02 6.703027920717721105e-03
5.196000000000000227e+02 6.671452966137507261e-03
5.197999999999999545e+02 6.641169485693430505e-03
5.200000000000000000e+02 6.611879165921645540e-03
5.202000000000000455e+02 6.582997454257145942e-03
5.203999999999999773e+02 6.553763704776875525e-03
5.206000000000000227e+02 6.523171688544531638e-03
5.207999999999999545e+02 6.489952575710180270e-03
5.210000000000000000e+02 6.452893965441011334e-03
5.212000000000000455e+02 6.411693244948821202e-03
5.213999999999999773e+02 6.366876002438919338e-03
5.216000000000000227e+02 6.319081900675203520e-03
5.217999999999999545e+02 6.269095637579536612e-03
5.220000000000000000e+02 6.217508394643308546e-03
5.222000000000000455e+02 6.164541757966356290e-03
5.223999999999999773e+02 6.110479387679796509e-03
5.226000000000000227e+02 6.055422880843141023e-03
5.227999999999999545e+02 5.999670765913126674e-03
5.230000000000000000e+02 5.944556854538460972e-03
5.232000000000000455e+02 5.892184479632860301e-03
5.233999999999999773e+02 5.844547250966293170e-03
5.236000000000000227e+02 5.802836539305460985e-03
5.237999999999999545e+02 5.767352896863552070e-03
5.240000000000000000e+02 5.737744493749814823e-03
5.242000000000000455e+02 5.713330159199427917e-03
5.243999999999999773e+02 5.693446750148152373e-03
5.246000000000000227e+02 5.677085761282311613e-03
5.247999999999999545e+02 5.662910470269365282e-03
5.250000000000000000e+02 5.649405497270356541e-03
5.252000000000000455e+02 5.635248966986516721e-03
5.253999999999999773e+02 5.619657447234469201e-03
5.256000000000000227e+02 5.602187042022682001e-03
5.257999999999999545e+02 5.582259829101483654e-03
5.260000000000000000e+02 5.559528972236976035e-03
5.262000000000000455e+02 5.533769258664777979e-03
5.263999999999999773e+02 5.504880867300557083e-03
5.266000000000000227e+02 5.473352434442931187e-03
5.267999999999999545e+02 5.439963293950549582e-03
5.270000000000000000e+02 5.405483889967421796e-03
5.272000000000000455e+02 5.370436350202178154e-03
5.273999999999999773e+02 5.335597404757071692e-03
5.276000000000000227e+02 5.301700960117529220e-03
5.277999999999999545e+02 5.269249164530354773e-03
5.280000000000000000e+02 5.238806462415428362e-03
5.282000000000000455e+02 5.210133262142299659e-03
5.283999999999999773e+02 5.182125320307881013e-03
5.286000000000000227e+02 5.153237386487180549e-03
5.287999999999999545e+02 5.121854165652140779e-03
5.290000000000000000e+02 5.086635575920438884e-03
5.292000000000000455e+02 5.046764243517912023e-03
5.293999999999999773e+02 5.002094467680890874e-03
5.296000000000000227e+02 4.953701177187391086e-03
5.297999999999999545e+02 4.903438886028267663e-03
5.300000000000000000e+02 4.853007673880856826e-03
5.302000000000000455e+02 4.804243451614883219e-03
5.303999999999999773e+02 4.758792288481514254e-03
5.306000000000000227e+02 4.717768395308314516e-03
5.307999999999999545e+02 4.681540409265359109e-03
5.310000000000000000e+02 4.650017470316986958e-03
5.312000000000000455e+02 4.622415061785413101e-03
5.313999999999999773e+02 4.596861139125306590e-03
5.316000000000000227e+02 4.571396261941950041e-03
5.317999999999999545e+02 4.544485923478099564e-03
5.320000000000000000e+02 4.515468509032573817e-03
5.322000000000000455e+02 4.485091265101676800e-03
5.323999999999999773e+02 4.454020013659333588e-03
5.326000000000000227e+02 4.422401762156361743e-03
5.327999999999999545e+02 4.389983098414393901e-03
5.330000000000000000e+02 4.356478085819474357e-03
5.332000000000000455e+02 4.321455987171950175e-03
5.333999999999999773e+02 4.284575813550076800e-03
5.336000000000000227e+02 4.246727230786249106e-03
5.337999999999999545e+02 4.209767185660621101e-03
5.340000000000000000e+02 4.176014678833615650e-03
5.342000000000000455e+02 4.147594394068558274e-03
5.343999999999999773e+02 4.125869886987430443e-03
5.346000000000000227e+02 4.111535669331985166e-03
5.347999999999999545e+02 4.104666691200639997e-03
5.350000000000000000e+02 4.104566239779523090e-03
5.352000000000000455e+02 4.109792279503793506e-03
5.353999999999999773e+02 4.118262861665092714e-03
5.356000000000000227e+02 4.127444284848767915e-03
5.357999999999999545e+02 4.134845597271317313e-03
5.360000000000000000e+02 4.138483472683817527e-03
5.362000000000000455e+02 4.137106838484118712e-03
5.363999999999999773e+02 4.130072425433586186e-03
5.366000000000000227e+02 4.117232236891458889e-03
5.367999999999999545e+02 4.098814126401196037e-03
5.370000000000000000e+02 4.075304774912640211e-03
5.372000000000000455e+02 4.047411470534873108e-03
5.373999999999999773e+02 4.015936266515661435e-03
5.376000000000000227e+02 3.981592093227064033e-03
5.377999999999999545e+02 3.944691474145986532e-03
5.380000000000000000e+02 3.905404798926535078e-03
5.382000000000000455e+02 3.864423143613413773e-03
5.383999999999999773e+02 3.823586199148337490e-03
5.386000000000000227e+02 3.784581768240345007e-03
5.387999999999999545e+02 3.748961967561668246e-03
5.390000000000000000e+02 3.718011102572128974e-03
5.392000000000000455e+02 3.692011253390194495e-03
5.393999999999999773e+02 3.670688586489634277e-03
5.396000000000000227e+02 3.653516741391729140e-03
5.397999999999999545e+02 3.639901097035398454e-03
5.400000000000000000e+02 3.629028077776791806e-03
5.402000000000000455e+02 3.620105499360282923e-03
5.403999999999999773e+02 3.612484441950019557e-03
5.406000000000000227e+02 3.605544760428994536e-03
5.407999999999999545e+02 3.598621561718709939e-03
5.410000000000000000e+02 3.591179685347449264e-03
5.412000000000000455e+02 3.583049458546805170e-03
5.413999999999999773e+02 3.574248819583529437e-03
5.416000000000000227e+02 3.564372831109147328e-03
5.417999999999999545e+02 3.552419223205430937e-03
5.420000000000000000e+02 3.537399055718212695e-03
5.422000000000000455e+02 3.519442697249693108e-03
5.423999999999999773e+02 3.499506621511783763e-03
5.426000000000000227e+02 3.478571988977096144e-03
5.427999999999999545e+02 3.457226754702876024e-03
5.430000000000000000e+02 3.436083823460285569e-03
5.432000000000000455e+02 3.415912766223499260e-03
5.433999999999999773e+02 3.397224861561733752e-03
5.436000000000000227e+02 3.380160096244879363e-03
5.437999999999999545e+02 3.364394107433257321e-03
5.440000000000000000e+02 3.349014412127438930e-03
5.442000000000000455e+02 3.332478301597219684e-03
5.443999999999999773e+02 3.313604111506478905e-03
5.446000000000000227e+02 3.292019075662695055e-03
5.447999999999999545e+02 3.267779802442872302e-03
5.450000000000000000e+02 3.241062589428835017e-03
5.452000000000000455e+02 3.211680204708696352e-03
5.453999999999999773e+02 3.178734796315434933e-03
5.456000000000000227e+02 3.141602413528545891e-03
5.457999999999999545e+02 3.099894683276947348e-03
5.460000000000000000e+02 3.054006265519039649e-03
5.462000000000000455e+02 3.006510952615117430e-03
5.463999999999999773e+02 2.958556512848691238e-03
5.466000000000000227e+02 2.910652715415938847e-03
5.467999999999999545e+02 2.864632013347643506e-03
5.470000000000000000e+02 2.821583723525158526e-03
5.472000000000000455e+02 2.782526177537198494e-03
5.473999999999999773e+02 2.749094013015242633e-03
5.476000000000000227e+02 2.722844185661318223e-03
5.477999999999999545e+02 2.703834117573250193e-03
5.480000000000000000e+02 2.690566081255585298e-03
5.482000000000000455e+02 2.682217725566263949e-03
5.483999999999999773e+02 2.678515915653237930e-03
5.486000000000000227e+02 2.679027602448289663e-03
5.487999999999999545e+02 2.681916794329775901e-03
5.490000000000000000e+02 2.685061594793328177e-03
5.492000000000000455e+02 2.686524460521922709e-03
5.493999999999999773e+02 2.684890487304489402e-03
5.496000000000000227e+02 2.679554945885143872e-03
5.497999999999999545e+02 2.670634410832191039e-03
5.500000000000000000e+02 2.658728102296651144e-03
5.502000000000000455e+02 2.644036796495698172e-03
5.503999999999999773e+02 2.626305799028050975e-03
5.506000000000000227e+02 2.604901409678670073e-03
5.507999999999999545e+02 2.579094859883003001e-03
5.510000000000000000e+02 2.548647555161589681e-03
5.512000000000000455e+02 2.514046746290043901e-03
5.513999999999999773e+02 2.476543750031323828e-03
5.516000000000000227e+02 2.436892226987290907e-03
5.517999999999999545e+02 2.395462014191223395e-03
5.520000000000000000e+02 2.352699765497544889e-03
5.522000000000000455e+02 2.309280781583643652e-03
5.523999999999999773e+02 2.266197359359005837e-03
5.526000000000000227e+02 2.224672688405520977e-03
5.527999999999999545e+02 2.185407668401155058e-03
5.530000000000000000e+02 2.148782553912478507e-03
5.532000000000000455e+02 2.115123104435063899e-03
5.533999999999999773e+02 2.085141420315798650e-03
5.536000000000000227e+02 2.059751204160790126e-03
5.537999999999999545e+02 2.039567417806151164e-03
5.540000000000000000e+02 2.024108144303273047e-03
5.542000000000000455e+02 2.012585472402042726e-03
5.543999999999999773e+02 2.004553169002548131e-03
5.546000000000000227e+02 2.000417445669114020e-03
5.547999999999999545e+02 2.000749141584066536e-03
5.550000000000000000e+02 2.005667415440637660e-03
5.552000000000000455e+02 2.014435747234991515e-03
5.553999999999999773e+02 2.025577780729822131e-03
5.556000000000000227e+02 2.037405667161788867e-03
5.557999999999999545e+02 2.048319440064020214e-03
5.560000000000000000e+02 2.057007575858378363e-03
5.562000000000000455e+02 2.062410752272748633e-03
5.563999999999999773e+02 2.063728784032387541e-03
5.566000000000000227e+02 2.060454048186932501e-03
5.567999999999999545e+02 2.052171142949842705e-03
5.570000000000000000e+02 2.038779920916103470e-03
5.572000000000000455e+02 2.020796736555852818e-03
5.573999999999999773e+02 1.999088082768627015e-03
5.576000000000000227e+02 1.974495580432193784e-03
5.577999999999999545e+02 1.947616440858875118e-03
5.580000000000000000e+02 1.918901878386983359e-03
5.582000000000000455e+02 1.888432625074851906e-03
5.583999999999999773e+02 1.856093633859578823e-03
5.586000000000000227e+02 1.822386738415676102e-03
5.587999999999999545e+02 1.788380563735123474e-03
5.590000000000000000e+02 1.755221660968888731e-03
5.592000000000000455e+02 1.723386040241715053e-03
5.593999999999999773e+02 1.693529245268731147e-03
5.596000000000000227e+02 1.666558354830563861e-03
5.597999999999999545e+02 1.643480661205716595e-03
5.600000000000000000e+02 1.624956768291243659e-03
5.602000000000000455e+02 1.610929763496148125e-03
5.603999999999999773e+02 1.600481827937709879e-03
5.606000000000000227e+02 1.592327609810605810e-03
5.607999999999999545e+02 1.584992557466285935e-03
5.610000000000000000e+02 1.577160400787676027e-03
5.612000000000000455e+02 1.568462347958454002e-03
5.613999999999999773e+02 1.559110667152448356e-03
5.616000000000000227e+02 1.549364033389655096e-03
5.617999999999999545e+02 1.538863419389764359e-03
5.620000000000000000e+02 1.527362739211178370e-03
5.622000000000000455e+02 1.514927093993020078e-03
5.623999999999999773e+02 1.501994320136652416e-03
5.626000000000000227e+02 1.489178881347266725e-03
5.627999999999999545e+02 1.476994229242133442e-03
5.630000000000000000e+02 1.465682477164697564e-03
5.632000000000000455e+02 1.455225138982362606e-03
5.633999999999999773e+02 1.445263925486075379e-03
5.636000000000000227e+02 1.435143675607720862e-03
5.637999999999999545e+02 1.424175971189500746e-03
5.640000000000000000e+02 1.412307970987109742e-03
5.642000000000000455e+02 1.399977838711905431e-03
5.643999999999999773e+02 1.387625549426200686e-03
5.646000000000000227e+02 1.375802471973178176e-03
5.647999999999999545e+02 1.364933391049702200e-03
5.650000000000000000e+02 1.355004272992616941e-03
5.652000000000000455e+02 1.345396313586057083e-03
5.653999999999999773e+02 1.335387479511793716e-03
5.656000000000000227e+02 1.324650081594410181e-03
5.657999999999999545e+02 1.313886276193583199e-03
5.660000000000000000e+02 1.304267767672800775e-03
5.662000000000000455e+02 1.296938941219419111e-03
5.663999999999999773e+02 1.292373805520304628e-03
5.666000000000000227e+02 1.290918845566464994e-03
5.667999999999999545e+02 1.292608005021527026e-03
5.670000000000000000e+02 1.296617559040208348e-03
5.672000000000000455e+02 1.301508671380792372e-03
5.673999999999999773e+02 1.306378150326376096e-03
5.676000000000000227e+02 1.311789268583840552e-03
5.677999999999999545e+02 1.318501399678540182e-03
5.680000000000000000e+02 1.326705048059385536e-03
5.682000000000000455e+02 1.335692622240450224e-03
5.683999999999999773e+02 1.344197075355241027e-03
5.686000000000000227e+02 1.350875502602408556e-03
5.687999999999999545e+02 1.354607186503934985e-03
5.690000000000000000e+02 1.354814805689044535e-03
5.692000000000000455e+02 1.351601333022042252e-03
5.693999999999999773e+02 1.345664113631479981e-03
5.696000000000000227e+02 1.338105907526059100e-03
5.697999999999999545e+02 1.330011268053801245e-03
5.700000000000000000e+02 1.322252762249629190e-03
5.702000000000000455e+02 1.315402725172357514e-03
5.703999999999999773e+02 1.310024743547139351e-03
5.706000000000000227e+02 1.307041242945752163e-03
5.707999999999999545e+02 1.307821238341957308e-03
5.710000000000000000e+02 1.313718677186976810e-03
5.712000000000000455e+02 1.326358361125664666e-03
5.713999999999999773e+02 1.347256149962084868e-03
5.716000000000000227e+02 1.376616775346302564e-03
5.717999999999999545e+02 1.413438642645674891e-03
5.720000000000000000e+02 1.456113287258254925e-03
5.722000000000000455e+02 1.503162115921871439e-03
5.723999999999999773e+02 1.552736851195097136e-03
5.726000000000000227e+02 1.602490718260034166e-03
5.727999999999999545e+02 1.649599183386982106e-03
5.730000000000000000e+02 1.691336787789439683e-03
5.732000000000000455e+02 1.725146829627638391e-03
5.733999999999999773e+02 1.748657259102562572e-03
5.736000000000000227e+02 1.759747120419029223e-03
5.737999999999999545e+02 1.757466875409333627e-03
5.740000000000000000e+02 1.742249836494595564e-03
5.742000000000000455e+02 1.715575612117442236e-03
5.743999999999999773e+02 1.679036131489400167e-03
5.746000000000000227e+02 1.634220551916103778e-03
5.747999999999999545e+02 1.582870924285352142e-03
5.750000000000000000e+02 1.526931928397480672e-03
5.752000000000000455e+02 1.468466403265220781e-03
5.753999999999999773e+02 1.409455476595449300e-03
5.756000000000000227e+02 1.351159896727943417e-03
5.757999999999999545e+02 1.295324045106236496e-03
5.760000000000000000e+02 1.244343119836984488e-03
5.762000000000000455e+02 1.199334916530321289e-03
5.763999999999999773e+02 1.160575279683720472e-03
5.766000000000000227e+02 1.128048514869109788e-03
5.767999999999999545e+02 1.102138600881078304e-03
5.770000000000000000e+02 1.082320337893263613e-03
5.772000000000000455e+02 1.067240097066034796e-03
5.773999999999999773e+02 1.055310296585960927e-03
5.776000000000000227e+02 1.045733876057969520e-03
5.777999999999999545e+02 1.038138738230792550e-03
5.780000000000000000e+02 1.032171930847744067e-03
5.782000000000000455e+02 1.027623572403128880e-03
5.783999999999999773e+02 1.024476000343337847e-03
5.786000000000000227e+02 1.022883703510010268e-03
5.787999999999999545e+02 1.022983515225547218e-03
5.790000000000000000e+02 1.024604666505725317e-03
5.792000000000000455e+02 1.027198970467372479e-03
5.793999999999999773e+02 1.029936148780147666e-03
5.796000000000000227e+02 1.032091928346906030e-03
5.797999999999999545e+02 1.033141936946686476e-03
5.800000000000000000e+02 1.032752013023107828e-03
5.802000000000000455e+02 1.030549874284687143e-03
5.803999999999999773e+02 1.026517912098367114e-03
5.806000000000000227e+02 1.021390198791001297e-03
5.807999999999999545e+02 1.016222297424875095e-03
5.810000000000000000e+02 1.011915194884812881e-03
5.812000000000000455e+02 1.008989117403639828e-03
5.813999999999999773e+02 1.007791964299078157e-03
5.816000000000000227e+02 1.008340361820789623e-03
5.817999999999999545e+02 1.010389704655007730e-03
5.820000000000000000e+02 1.013815846416494344e-03
5.822000000000000455e+02 1.018377143294569133e-03
5.823999999999999773e+02 1.023526432650972420e-03
5.826000000000000227e+02 1.028264089592438807e-03
5.827999999999999545e+02 1.031996836265385367e-03
5.830000000000000000e+02 1.034532395112841433e-03
5.832000000000000455e+02 1.035862976620746754e-03
5.833999999999999773e+02 1.035738506136414053e-03
5.836000000000000227e+02 1.033791065055789365e-03
5.837999999999999545e+02 1.029648239892311506e-03
5.840000000000000000e+02 1.022909933823766592e-03
5.842000000000000455e+02 1.013442501697286828e-03
5.843999999999999773e+02 1.001352239597153373e-03
5.846000000000000227e+02 9.864801096283759042e-04
5.847999999999999545e+02 9.686734090056137473e-04
5.850000000000000000e+02 9.483408350024803441e-04
5.852000000000000455e+02 9.272792309562297641e-04
5.853999999999999773e+02 9.069770440129390184e-04
5.856000000000000227e+02 8.882650852020867668e-04
5.857999999999999545e+02 8.713808846309104581e-04
5.860000000000000000e+02 8.567883526985122520e-04
5.862000000000000455e+02 8.449166140891670217e-04
5.864000000000000909e+02 8.357701628401765668e-04
5.866000000000000227e+02 8.285950391852246223e-04
5.867999999999999545e+02 8.227691966196577257e-04
5.870000000000000000e+02 8.182028315242899320e-04
5.872000000000000455e+02 8.150191144316759921e-04
5.874000000000000909e+02 8.132558620550444598e-04
5.876000000000000227e+02 8.128752525068275257e-04
5.877999999999999545e+02 8.140059835011120631e-04
5.880000000000000000e+02 8.170140441616980829e-04
5.882000000000000455e+02 8.221332978728841927e-04
5.884000000000000909e+02 8.289194607564093816e-04
5.886000000000000227e+02 8.365341937764483350e-04
5.887999999999999545e+02 8.438719861086961625e-04
5.890000000000000000e+02 8.496560562133642159e-04
5.892000000000000455e+02 8.527147724101235681e-04
5.894000000000000909e+02 8.522126226662678087e-04
5.896000000000000227e+02 8.478019037997493656e-04
5.897999999999999545e+02 8.396575966704028114e-04
5.900000000000000000e+02 8.281959998037912926e-04
5.902000000000000455e+02 8.139808110788292715e-04
5.904000000000000909e+02 7.977482866879061956e-04
5.906000000000000227e+02 7.802964344396635899e-04
5.907999999999999545e+02 7.619571313025347726e-04
5.910000000000000000e+02 7.418651339341359981e-04
5.912000000000000455e+02 7.191686312968407135e-04
5.914000000000000909e+02 6.936158848053057026e-04
5.916000000000000227e+02 6.659421898137429449e-04
5.917999999999999545e+02 6.375237167045876875e-04
5.920000000000000000e+02 6.100301889333246182e-04
5.922000000000000455e+02 5.850630028976517693e-04
5.924000000000000909e+02 5.634193551096510020e-04
5.926000000000000227e+02 5.452875106646685229e-04
5.927999999999999545e+02 5.304385192023273370e-04
5.930000000000000000e+02 5.185251604984669879e-04
5.932000000000000455e+02 5.095153544372071127e-04
5.934000000000000909e+02 5.033632994447721993e-04
5.936000000000000227e+02 4.992422265172568848e-04
5.937999999999999545e+02 4.963765284929173762e-04
5.940000000000000000e+02 4.944265662751612693e-04
5.942000000000000455e+02 4.936297045826534922e-04
5.944000000000000909e+02 4.937259006023394289e-04
5.946000000000000227e+02 4.942159128818410805e-04
5.947999999999999545e+02 4.948026096633854464e-04
5.950000000000000000e+02 4.960625218582876165e-04
5.952000000000000455e+02 4.985911500853072980e-04
5.954000000000000909e+02 5.026293836979668335e-04
5.956000000000000227e+02 5.082926756461120070e-04
5.957999999999999545e+02 5.155714291167306888e-04
5.960000000000000000e+02 5.241522135517161923e-04
5.962000000000000455e+02 5.330746518725871857e-04
5.964000000000000909e+02 5.412261645541708655e-04
5.966000000000000227e+02 5.475538668737737124e-04
5.967999999999999545e+02 5.512160868208442312e-04
5.970000000000000000e+02 5.516512672401476620e-04
5.972000000000000455e+02 5.485272599585204641e-04
5.974000000000000909e+02 5.415833865257258092e-04
5.976000000000000227e+02 5.300049734567966603e-04
5.977999999999999545e+02 5.131328282836338656e-04
5.980000000000000000e+02 4.910745247337112160e-04
5.982000000000000455e+02 4.653045473204981027e-04
5.984000000000000909e+02 4.378310777945446943e-04
5.986000000000000227e+02 4.106340823897995716e-04
5.987999999999999545e+02 3.850481786112284316e-04
5.990000000000000000e+02 3.615559840635039187e-04
5.992000000000000455e+02 3.402076765187706138e-04
5.994000000000000909e+02 3.213149743506154969e-04
5.996000000000000227e+02 3.055153782441865327e-04
5.997999999999999545e+02 2.934494498789880549e-04
6.000000000000000000e+02 2.855448197656106882e-04
6.002000000000000455e+02 2.826499039106934708e-04
6.004000000000000909e+02 2.855467885533821172e-04
6.006000000000000227e+02 2.944466880516874766e-04
6.007999999999999545e+02 3.084356029875188272e-04
6.010000000000000000e+02 3.264547883868371527e-04
6.012000000000000455e+02 3.476286472115246075e-04
6.014000000000000909e+02 3.710209798562951779e-04
6.016000000000000227e+02 3.953656260327618240e-04
6.017999999999999545e+02 4.191725480284121922e-04
6.020000000000000000e+02 4.410629989681628970e-04
6.022000000000000455e+02 4.602119530042897162e-04
6.024000000000000909e+02 4.763963806515531625e-04
6.026000000000000227e+02 4.899595149388431825e-04
6.027999999999999545e+02 5.013961313194005391e-04
6.030000000000000000e+02 5.109818529332346530e-04
6.032000000000000455e+02 5.187172759448770024e-04
6.034000000000000909e+02 5.251321992992734680e-04
6.036000000000000227e+02 5.306964850133682153e-04
6.037999999999999545e+02 5.353350904098258490e-04
6.040000000000000000e+02 5.379395878230840188e-04
6.042000000000000455e+02 5.375984020593746427e-04
6.044000000000000909e+02 5.340640264880365919e-04
6.046000000000000227e+02 5.279308098520730120e-04
6.047999999999999545e+02 5.201822400115955602e-04
6.050000000000000000e+02 5.118760712181141728e-04
6.052000000000000455e+02 5.038078423719382585e-04
6.054000000000000909e+02 4.960366771234898118e-04
6.056000000000000227e+02 4.879227668005176217e-04
6.057999999999999545e+02 4.783183427531989616e-04
6.060000000000000000e+02 4.663982515702256183e-04
6.062000000000000455e+02 4.519319922981229905e-04
6.064000000000000909e+02 4.353863678725462903e-04
6.066000000000000227e+02 4.178405851005351852e-04
6.067999999999999545e+02 4.004896896122843984e-04
6.070000000000000000e+02 3.843321047478925759e-04
6.072000000000000455e+02 3.698469698271785898e-04
6.074000000000000909e+02 3.572089021414858899e-04
6.076000000000000227e+02 3.465007172814019371e-04
6.077999999999999545e+02 3.378345969242377051e-04
6.080000000000000000e+02 3.305683665078894100e-04
6.082000000000000455e+02 3.236330784087557621e-04
6.084000000000000909e+02 3.159913133400193540e-04
6.086000000000000227e+02 3.070934339885638721e-04
6.087999999999999545e+02 2.968071505986079176e-04
6.090000000000000000e+02 2.851156350893108496e-04
6.092000000000000455e+02 2.712236935214662361e-04
6.094000000000000909e+02 2.548377836469677376e-04
6.096000000000000227e+02 2.365704021923048712e-04
6.097999999999999545e+02 2.176306975873399318e-04
6.100000000000000000e+02 1.990101063431203791e-04
6.102000000000000455e+02 1.816196390996917579e-04
6.104000000000000909e+02 1.667993375397446086e-04
6.106000000000000227e+02 1.559257775005793085e-04
6.107999999999999545e+02 1.502069573181805432e-04
6.110000000000000000e+02 1.505654805716731331e-04
6.112000000000000455e+02 1.578758283363792267e-04
6.114000000000000909e+02 1.728349908220980528e-04
6.116000000000000227e+02 1.957914706648338583e-04
6.117999999999999545e+02 2.265187482338792762e-04
6.120000000000000000e+02 2.640842862649240793e-04
6.122000000000000455e+02 3.068715671852032738e-04
6.124000000000000909e+02 3.527624225008397694e-04
6.126000000000000227e+02 3.983460074649530238e-04
6.127999999999999545e+02 4.397924769923213938e-04
6.130000000000000000e+02 4.748108244236527611e-04
6.132000000000000455e+02 5.021587197238592312e-04
6.134000000000000909e+02 5.214383967198796483e-04
6.136000000000000227e+02 5.330274818318951743e-04
6.137999999999999545e+02 5.378508668257277149e-04
6.140000000000000000e+02 5.369953582269924126e-04
6.142000000000000455e+02 5.313769999162927396e-04
6.144000000000000909e+02 5.214133541129507441e-04
6.146000000000000227e+02 5.078701965312168659e-04
6.147999999999999545e+02 4.922125826172856974e-04
6.150000000000000000e+02 4.763049219110414160e-04
6.152000000000000455e+02 4.617205522093027975e-04
6.154000000000000909e+02 4.495076278886204688e-04
6.156000000000000227e+02 4.401459640762985783e-04
6.157999999999999545e+02 4.338312312125359072e-04
6.160000000000000000e+02 4.303166593220707128e-04
6.162000000000000455e+02 4.286517891012425188e-04
6.164000000000000909e+02 4.277386644582749039e-04
6.166000000000000227e+02 4.266066923813931059e-04
6.167999999999999545e+02 4.245252953557878198e-04
6.170000000000000000e+02 4.206983239854094670e-04
6.172000000000000455e+02 4.143539689131888934e-04
6.174000000000000909e+02 4.048236320819460386e-04
6.176000000000000227e+02 3.915742864606219353e-04
6.177999999999999545e+02 3.740398232622826739e-04
6.180000000000000000e+02 3.516902457071350197e-04
6.182000000000000455e+02 3.244113498132390663e-04
6.184000000000000909e+02 2.933870849610501733e-04
6.186000000000000227e+02 2.604450929636771658e-04
6.187999999999999545e+02 2.268275071021777424e-04
6.190000000000000000e+02 1.934524399590009701e-04
6.192000000000000455e+02 1.611394368272681544e-04
6.194000000000000909e+02 1.308798642841441226e-04
6.196000000000000227e+02 1.044251180847194697e-04
6.197999999999999545e+02 8.333011050512640163e-05
6.200000000000000000e+02 6.832316216195304451e-05
6.202000000000000455e+02 5.934672314262796309e-05
6.204000000000000909e+02 5.569511128313941583e-05
6.206000000000000227e+02 5.634434515624950303e-05
6.207999999999999545e+02 6.066066992830592997e-05
6.210000000000000000e+02 6.794865899452186861e-05
6.212000000000000455e+02 7.737158421947425895e-05
6.214000000000000909e+02 8.808417318058893431e-05
6.216000000000000227e+02 9.975097256658957206e-05
6.217999999999999545e+02 1.120578753664823045e-04
6.220000000000000000e+02 1.241006055257917067e-04
6.222000000000000455e+02 1.345906768241579413e-04
6.224000000000000909e+02 1.427232709548412822e-04
6.226000000000000227e+02 1.485814216377169073e-04
6.227999999999999545e+02 1.522013305161698819e-04
6.230000000000000000e+02 1.537300455877575614e-04
6.232000000000000455e+02 1.535565048666440743e-04
6.234000000000000909e+02 1.523845094990773782e-04
6.236000000000000227e+02 1.512381669048691482e-04
6.237999999999999545e+02 1.512570822490812627e-04
6.240000000000000000e+02 1.532105043427653911e-04
6.242000000000000455e+02 1.565243800127160995e-04
6.244000000000000909e+02 1.598985252836585360e-04
6.246000000000000227e+02 1.623992138672388343e-04
6.247999999999999545e+02 1.645981910963222907e-04
6.250000000000000000e+02 1.674032194348885232e-04
6.252000000000000455e+02 1.709280289481964474e-04
6.254000000000000909e+02 1.740727678015607978e-04
6.256000000000000227e+02 1.760675296454663401e-04
6.257999999999999545e+02 1.772246760091834958e-04
6.260000000000000000e+02 1.786271161474769402e-04
6.262000000000000455e+02 1.800586707357983943e-04
6.264000000000000909e+02 1.796947196149334153e-04
6.266000000000000227e+02 1.749922150052418625e-04
6.267999999999999545e+02 1.644774079350297543e-04
6.270000000000000000e+02 1.480746791250935556e-04
6.272000000000000455e+02 1.270119217828420124e-04
6.274000000000000909e+02 1.026986672877985423e-04
6.276000000000000227e+02 7.717283245666731878e-05
6.277999999999999545e+02 5.351201102326433795e-05
6.280000000000000000e+02 3.469323171406158839e-05
6.282000000000000455e+02 2.262735545325314052e-05
6.284000000000000909e+02 1.794335316491339793e-05
6.286000000000000227e+02 2.119239074764179279e-05
6.287999999999999545e+02 3.327296665005411916e-05
6.290000000000000000e+02 5.504647565971456595e-05
6.292000000000000455e+02 8.608598129573509928e-05
6.294000000000000909e+02 1.251690333630067276e-04
6.296000000000000227e+02 1.704488493323087664e-04
6.297999999999999545e+02 2.196830630692651193e-04
6.300000000000000000e+02 2.723130164914047517e-04
6.302000000000000455e+02 3.285948020503319978e-04
6.304000000000000909e+02 3.882875500802803349e-04
6.306000000000000227e+02 4.498375532860638521e-04
6.307999999999999545e+02 5.105556932003851075e-04
6.310000000000000000e+02 5.672018195081744620e-04
6.312000000000000455e+02 6.178986387192091133e-04
6.314000000000000909e+02 6.606469584958347616e-04
6.316000000000000227e+02 6.926652332030311821e-04
6.317999999999999545e+02 7.106100328549859587e-04
6.320000000000000000e+02 7.132128385883313316e-04
6.322000000000000455e+02 7.014206894151123629e-04
6.324000000000000909e+02 6.773150938433889542e-04
6.326000000000000227e+02 6.423876745427127164e-04
6.327999999999999545e+02 5.982130870381010103e-04
6.330000000000000000e+02 5.474277475885913624e-04
6.332000000000000455e+02 4.924384455059795367e-04
6.334000000000000909e+02 4.356741616662984477e-04
6.336000000000000227e+02 3.795600779776562108e-04
6.337999999999999545e+02 3.250106804636904200e-04
6.340000000000000000e+02 2.728102286966289751e-04
6.342000000000000455e+02 2.241406523921517810e-04
6.344000000000000909e+02 1.800228793285622538e-04
6.346000000000000227e+02 1.414246370668398127e-04
6.347999999999999545e+02 1.092566587550541940e-04
6.350000000000000000e+02 8.431039704111675142e-05
6.352000000000000455e+02 6.766350349117792803e-05
6.354000000000000909e+02 6.039495358412508606e-05
6.356000000000000227e+02 6.308972606075228401e-05
6.357999999999999545e+02 7.581966088072385798e-05
6.360000000000000000e+02 9.788411118367894921e-05
6.362000000000000455e+02 1.276766323609624374e-04
6.364000000000000909e+02 1.634583938199178177e-04
6.366000000000000227e+02 2.030129191922937324e-04
6.367999999999999545e+02 2.436658163445190887e-04
6.370000000000000000e+02 2.831793161702184179e-04
6.372000000000000455e+02 3.190184920970991949e-04
6.374000000000000909e+02 3.488537454325067256e-04
6.376000000000000227e+02 3.722757772156678915e-04
6.377999999999999545e+02 3.895021848530784946e-04
6.380000000000000000e+02 4.011220356748052994e-04
6.382000000000000455e+02 4.081763107066126769e-04
6.384000000000000909e+02 4.117290092707784279e-04
6.386000000000000227e+02 4.120466936426214278e-04
6.387999999999999545e+02 4.080531669390362348e-04
6.390000000000000000e+02 3.986623798901594629e-04
6.392000000000000455e+02 3.836344969457515779e-04
6.394000000000000909e+02 3.639512673185245199e-04
6.396000000000000227e+02 3.413935890764276137e-04
6.397999999999999545e+02 3.183483822937441688e-04
6.400000000000000000e+02 2.972803169469630594e-04
6.402000000000000455e+02 2.795691476907441486e-04
6.404000000000000909e+02 2.665991315842370095e-04
6.406000000000000227e+02 2.596701303237525888e-04
6.407999999999999545e+02 2.592868865370780802e-04
6.410000000000000000e+02 2.647675060913200098e-04
6.412000000000000455e+02 2.747753120682706364e-04
6.414000000000000909e+02 2.878264575100811218e-04
6.416000000000000227e+02 3.018067856488719719e-04
6.417999999999999545e+02 3.145398061342785981e-04
6.420000000000000000e+02 3.243432419506891333e-04
6.422000000000000455e+02 3.305588667105520710e-04
6.424000000000000909e+02 3.328617794039990738e-04
6.426000000000000227e+02 3.309211387925172182e-04
6.427999999999999545e+02 3.244155064163145802e-04
6.430000000000000000e+02 3.143081087438990445e-04
6.432000000000000455e+02 3.026280134401700280e-04
6.434000000000000909e+02 2.913327363755414305e-04
6.436000000000000227e+02 2.817357760701962510e-04
6.437999999999999545e+02 2.744908834071551631e-04
6.440000000000000000e+02 2.696943149675601814e-04
6.442000000000000455e+02 2.672374091294548999e-04
6.444000000000000909e+02 2.671674128946220422e-04
6.446000000000000227e+02 2.698433514581808886e-04
6.447999999999999545e+02 2.754412145410297654e-04
6.450000000000000000e+02 2.833031569742861574e-04
6.452000000000000455e+02 2.918213865874348038e-04
6.454000000000000909e+02 2.991511197094443930e-04
6.456000000000000227e+02 3.039125067124115454e-04
6.457999999999999545e+02 3.052264494951887046e-04
6.460000000000000000e+02 3.023270693011556555e-04
6.462000000000000455e+02 2.942361279995003420e-04
6.464000000000000909e+02 2.801376387039098206e-04
6.466000000000000227e+02 2.600693048131728371e-04
6.467999999999999545e+02 2.353411348762818236e-04
6.470000000000000000e+02 2.075333703591447805e-04
6.472000000000000455e+02 1.777182531838813529e-04
6.474000000000000909e+02 1.472198138408178448e-04
6.476000000000000227e+02 1.171803093975658488e-04
6.477999999999999545e+02 8.834016446077218765e-05
6.480000000000000000e+02 6.134858179762215996e-05
6.482000000000000455e+02 3.732396374953695040e-05
6.484000000000000909e+02 1.811823771921294127e-05
6.486000000000000227e+02 6.331429633897343616e-06
6.487999999999999545e+02 3.058963106343251692e-06
6.490000000000000000e+02 7.805926046478753102e-06
6.492000000000000455e+02 1.914753053014427899e-05
6.494000000000000909e+02 3.537039201181751990e-05
6.496000000000000227e+02 5.440932407297987758e-05
6.497999999999999545e+02 7.377269573577538539e-05
6.500000000000000000e+02 9.133106792620880327e-05
6.502000000000000455e+02 1.057117473121575821e-04
6.504000000000000909e+02 1.163108720011426963e-04
6.506000000000000227e+02 1.224206658331408845e-04
6.507999999999999545e+02 1.240531642165644186e-04
6.510000000000000000e+02 1.222257377477522415e-04
6.512000000000000455e+02 1.186678735009984691e-04
6.514000000000000909e+02 1.148460067466247072e-04
6.516000000000000227e+02 1.117668129592407788e-04
6.517999999999999545e+02 1.100325819036299428e-04
6.520000000000000000e+02 1.095753821947257039e-04
6.522000000000000455e+02 1.099070724757628484e-04
6.524000000000000909e+02 1.105147001846166187e-04
6.526000000000000227e+02 1.114877492709382881e-04
6.527999999999999545e+02 1.129574945525240105e-04
6.530000000000000000e+02 1.146269806311735233e-04
6.532000000000000455e+02 1.157402883894657501e-04
6.534000000000000909e+02 1.152978469286158929e-04
6.536000000000000227e+02 1.123928814225579108e-04
6.537999999999999545e+02 1.069486498622303466e-04
6.540000000000000000e+02 9.940912475009486705e-05
6.542000000000000455e+02 9.017647471802843538e-05
6.544000000000000909e+02 7.879820643658707658e-05
6.546000000000000227e+02 6.519462864967577229e-05
6.547999999999999545e+02 4.997062288472268023e-05
6.550000000000000000e+02 3.445882012265835746e-05
6.552000000000000455e+02 2.006774017699799391e-05
6.554000000000000909e+02 8.385859267953026612e-06
6.556000000000000227e+02 1.231183872722897629e-06
6.557999999999999545e+02 0.000000000000000000e+00
6.560000000000000000e+02 5.629509879940342944e-06
6.562000000000000455e+02 1.855544866165637140e-05
6.564000000000000909e+02 3.858780998740759226e-05
6.566000000000000227e+02 6.491674540434579153e-05
6.567999999999999545e+02 9.605563481168165655e-05
6.570000000000000000e+02 1.297481617127472565e-04
6.572000000000000455e+02 1.637336344956742890e-04
6.574000000000000909e+02 1.958853784112234977e-04
6.576000000000000227e+02 2.242516472323585199e-04
6.577999999999999545e+02 2.477470295386705393e-04
6.580000000000000000e+02 2.655754571865684877e-04
6.582000000000000455e+02 2.765770365152673367e-04
6.584000000000000909e+02 2.790630450198717497e-04
6.586000000000000227e+02 2.720988936653693764e-04
6.587999999999999545e+02 2.563027499293560004e-04
6.590000000000000000e+02 2.337449537389974224e-04
6.592000000000000455e+02 2.074668498896046652e-04
6.594000000000000909e+02 1.806355205445140495e-04
6.596000000000000227e+02 1.548540335920032347e-04
6.597999999999999545e+02 1.307887932865548896e-04
6.600000000000000000e+02 1.088520789949809064e-04
6.602000000000000455e+02 8.992635648977534109e-05
6.604000000000000909e+02 7.457677460103186141e-05
6.606000000000000227e+02 6.298409923550199626e-05
6.607999999999999545e+02 5.499089606430909071e-05
6.610000000000000000e+02 5.014360216193515334e-05
6.612000000000000455e+02 4.836870205887527002e-05
6.614000000000000909e+02 5.020955179450134671e-05
6.616000000000000227e+02 5.577099760530963613e-05
6.617999999999999545e+02 6.430134952021758466e-05
6.620000000000000000e+02 7.455337952685729111e-05
6.622000000000000455e+02 8.622125685219211681e-05
6.624000000000000909e+02 9.880959359090530616e-05
6.626000000000000227e+02 1.117707938137464749e-04
6.627999999999999545e+02 1.253568344708885719e-04
6.630000000000000000e+02 1.400077285098565692e-04
6.632000000000000455e+02 1.559474331331977680e-04
6.634000000000000909e+02 1.728403551889375663e-04
6.636000000000000227e+02 1.898679202574745024e-04
6.637999999999999545e+02 2.061154726067129209e-04
6.640000000000000000e+02 2.210194618388285526e-04
6.642000000000000455e+02 2.351161416102465630e-04
6.644000000000000909e+02 2.489604128187507563e-04
6.646000000000000227e+02 2.627095086126890423e-04
6.647999999999999545e+02 2.765874784114251807e-04
6.650000000000000000e+02 2.906182138255504477e-04
6.652000000000000455e+02 3.046516833521592223e-04
6.654000000000000909e+02 3.186060749109578946e-04
6.656000000000000227e+02 3.323405503310909530e-04
6.657999999999999545e+02 3.453386776909721256e-04
6.660000000000000000e+02 3.564266320126499164e-04
6.662000000000000455e+02 3.648738640114664727e-04
6.664000000000000909e+02 3.705255595908594026e-04
6.666000000000000227e+02 3.737069876821787358e-04
6.667999999999999545e+02 3.746444626994099142e-04
6.670000000000000000e+02 3.735233851935627642e-04
6.672000000000000455e+02 3.705764837966879976e-04
6.674000000000000909e+02 3.661810354281462392e-04
6.676000000000000227e+02 3.610122208803127029e-04
6.677999999999999545e+02 3.560032913010927579e-04
6.680000000000000000e+02 3.521506062247305386e-04
6.682000000000000455e+02 3.507522356313394919e-04
6.684000000000000909e+02 3.529577079344855986e-04
6.686000000000000227e+02 3.589282589226428237e-04
6.687999999999999545e+02 3.675674126689205327e-04
6.690000000000000000e+02 3.771548530490969513e-04
6.692000000000000455e+02 3.859028149078975426e-04
6.694000000000000909e+02 3.916517985236888711e-04
6.696000000000000227e+02 3.931522794482914039e-04
6.697999999999999545e+02 3.907376138069803368e-04
6.700000000000000000e+02 3.854803451070939460e-04
6.702000000000000455e+02 3.784164875262236729e-04
6.704000000000000909e+02 3.702317391363199118e-04
6.706000000000000227e+02 3.611837235830217888e-04
6.707999999999999545e+02 3.511181897710687408e-04
6.710000000000000000e+02 3.400325471191058117e-04
6.712000000000000455e+02 3.289314705127602896e-04
6.714000000000000909e+02 3.185498728835310287e-04
6.716000000000000227e+02 3.092258223434979250e-04
6.717999999999999545e+02 3.010654412023384898e-04
6.720000000000000000e+02 2.944379515670876991e-04
6.722000000000000455e+02 2.899408517711172129e-04
6.724000000000000909e+02 2.882277420067898364e-04
6.726000000000000227e+02 2.894806365853322449e-04
6.727999999999999545e+02 2.931850298368368917e-04
6.730000000000000000e+02 2.983607829669859607e-04
6.732000000000000455e+02 3.045392231065215311e-04
6.734000000000000909e+02 3.115711978591045503e-04
6.736000000000000227e+02 3.191064241890259091e-04
6.737999999999999545e+02 3.257708272954236471e-04
6.740000000000000000e+02 3.300235539329947235e-04
6.742000000000000455e+02 3.302383964888087496e-04
6.744000000000000909e+02 3.247332928911100293e-04
6.746000000000000227e+02 3.129813229945606671e-04
6.747999999999999545e+02 2.960564689030669816e-04
6.750000000000000000e+02 2.767144541770322533e-04
6.752000000000000455e+02 2.579917798617558516e-04
6.754000000000000909e+02 2.421676381132876338e-04
6.756000000000000227e+02 2.302628223900734248e-04
6.757999999999999545e+02 2.220597225114295196e-04
6.760000000000000000e+02 2.172758973216355706e-04
6.762000000000000455e+02 2.159341242214304608e-04
6.764000000000000909e+02 2.182849751479451527e-04
6.766000000000000227e+02 2.244376208309396283e-04
6.767999999999999545e+02 2.339683964308151025e-04
6.770000000000000000e+02 2.455109568256942502e-04
6.772000000000000455e+02 2.574776674917465423e-04
6.774000000000000909e+02 2.689795698524672166e-04
6.776000000000000227e+02 2.804992006000725491e-04
6.777999999999999545e+02 2.931284233774831671e-04
6.780000000000000000e+02 3.070078533516341847e-04
6.782000000000000455e+02 3.208887080881758433e-04
6.784000000000000909e+02 3.339427866123080004e-04
6.786000000000000227e+02 3.464298503050521039e-04
6.787999999999999545e+02 3.592888018200202441e-04
6.790000000000000000e+02 3.725868750830608643e-04
6.792000000000000455e+02 3.857721463796226079e-04
6.794000000000000909e+02 3.977847093168771376e-04
6.796000000000000227e+02 4.071075909356747192e-04
6.797999999999999545e+02 4.122663328748183125e-04
6.800000000000000000e+02 4.125110337542666427e-04
6.802000000000000455e+02 4.082943923461269595e-04
6.804000000000000909e+02 3.999585976276876344e-04
6.806000000000000227e+02 3.878647027950547625e-04
6.807999999999999545e+02 3.727333217149778836e-04
6.810000000000000000e+02 3.562326912544384557e-04
6.812000000000000455e+02 3.404474578113245642e-04
6.814000000000000909e+02 3.273993631206064195e-04
6.816000000000000227e+02 3.183675057689634496e-04
6.817999999999999545e+02 3.140080843282505520e-04
6.820000000000000000e+02 3.145636140396758395e-04
6.822000000000000455e+02 3.202087564379333903e-04
6.824000000000000909e+02 3.317038893089060622e-04
6.826000000000000227e+02 3.500684603884876784e-04
6.827999999999999545e+02 3.760682373917469579e-04
6.830000000000000000e+02 4.101828460600272512e-04
6.832000000000000455e+02 4.515181541370666450e-04
6.834000000000000909e+02 4.972174134096696632e-04
6.836000000000000227e+02 5.440929992480597653e-04
6.837999999999999545e+02 5.897904223988252028e-04
6.840000000000000000e+02 6.330126635800068782e-04
6.842000000000000455e+02 6.725466201511728134e-04
6.844000000000000909e+02 7.064058901431358607e-04
6.846000000000000227e+02 7.324828325456131904e-04
6.847999999999999545e+02 7.503664558530379666e-04
6.850000000000000000e+02 7.604655904346041941e-04
6.852000000000000455e+02 7.638982113448423939e-04
6.854000000000000909e+02 7.625858775722497637e-04
6.856000000000000227e+02 7.585451383371074035e-04
6.857999999999999545e+02 7.539092627088054286e-04
6.860000000000000000e+02 7.509938984658824602e-04
6.862000000000000455e+02 7.520020607895904711e-04
6.864000000000000909e+02 7.580658614142507350e-04
6.866000000000000227e+02 7.690850887422586313e-04
6.867999999999999545e+02 7.851232212249152154e-04
6.870000000000000000e+02 8.061546819533876472e-04
6.872000000000000455e+02 8.318074121557788528e-04
6.874000000000000909e+02 8.610510688164432595e-04
6.876000000000000227e+02 8.924056233407494376e-04
6.877999999999999545e+02 9.244601677977816326e-04
6.880000000000000000e+02 9.564449951113108235e-04
6.882000000000000455e+02 9.870430008271560002e-04
6.884000000000000909e+02 1.014944205067708737e-03
6.886000000000000227e+02 1.039649249233443257e-03
6.887999999999999545e+02 1.061870883235171330e-03
6.890000000000000000e+02 1.082928910053769685e-03
6.892000000000000455e+02 1.104149604515336459e-03
6.894000000000000909e+02 1.125956584133623855e-03
6.896000000000000227e+02 1.147844509558745970e-03
6.897999999999999545e+02 1.168855173887524716e-03
6.900000000000000000e+02 1.188774122166562754e-03
6.902000000000000455e+02 1.207222681184466021e-03
6.904000000000000909e+02 1.223582929597963678e-03
6.906000000000000227e+02 1.237313550119338839e-03
6.907999999999999545e+02 1.248094447534758974e-03
6.910000000000000000e+02 1.255964552017450886e-03
6.912000000000000455e+02 1.261453852351918049e-03
6.914000000000000909e+02 1.265414774843400458e-03
6.916000000000000227e+02 1.268559436530615524e-03
6.917999999999999545e+02 1.271310154976956069e-03
6.920000000000000000e+02 1.274532877378903133e-03
6.922000000000000455e+02 1.279445556236524003e-03
6.924000000000000909e+02 1.287052835390641329e-03
6.926000000000000227e+02 1.296651121135906221e-03
6.927999999999999545e+02 1.306019756711410606e-03
6.930000000000000000e+02 1.312598598261689861e-03
6.932000000000000455e+02 1.315635445129343002e-03
6.934000000000000909e+02 1.316585418770140200e-03
6.936000000000000227e+02 1.318197054006247726e-03
6.937999999999999545e+02 1.323298010787401016e-03
6.940000000000000000e+02 1.334066058419943433e-03
6.942000000000000455e+02 1.351772898550303390e-03
6.944000000000000909e+02 1.376447494902449794e-03
6.946000000000000227e+02 1.406231344398760135e-03
6.947999999999999545e+02 1.439338006374067365e-03
6.950000000000000000e+02 1.475003728944072759e-03
6.952000000000000455e+02 1.513215659230150983e-03
6.954000000000000909e+02 1.554386144683810988e-03
6.956000000000000227e+02 1.598680178315809710e-03
6.957999999999999545e+02 1.644793171631482327e-03
6.960000000000000000e+02 1.690594366999460677e-03
6.962000000000000455e+02 1.733834802904452846e-03
6.964000000000000909e+02 1.772855512103698036e-03
6.966000000000000227e+02 1.806154670230507081e-03
6.967999999999999545e+02 1.832844798676534119e-03
6.970000000000000000e+02 1.853045426566598663e-03
6.972000000000000455e+02 1.867159843651071491e-03
6.974000000000000909e+02 1.876036964228111614e-03
6.976000000000000227e+02 1.880987295936527217e-03
6.977999999999999545e+02 1.882390278981168523e-03
6.980000000000000000e+02 1.880213406247937136e-03
6.982000000000000455e+02 1.874534836693313991e-03
6.984000000000000909e+02 1.866076753095162553e-03
6.986000000000000227e+02 1.856522481738285104e-03
6.987999999999999545e+02 1.848681329678371647e-03
6.990000000000000000e+02 1.845665702396261836e-03
6.992000000000000455e+02 1.849712871369416827e-03
6.994000000000000909e+02 1.861299465140169940e-03
6.996000000000000227e+02 1.878820719632568175e-03
6.997999999999999545e+02 1.899097692550440371e-03
7.000000000000000000e+02 1.918091809434564320e-03
