4.000000000000000000e+02 5.930704635632280675e-02
4.001999999999999886e+02 6.247845411740256955e-02
4.003999999999999773e+02 6.579787666213804398e-02
4.006000000000000227e+02 6.926781895010623857e-02
4.008000000000000114e+02 7.291735133173879446e-02
4.010000000000000000e+02 7.675346054573085885e-02
4.011999999999999886e+02 8.076835194296697051e-02
4.013999999999999773e+02 8.496384658053690586e-02
4.016000000000000227e+02 8.937255855356987522e-02
4.018000000000000114e+02 9.400027643596184368e-02
4.020000000000000000e+02 9.883167886484660325e-02
4.021999999999999886e+02 1.038628174681536925e-01
4.023999999999999773e+02 1.091335280923600021e-01
4.026000000000000227e+02 1.146251606110172405e-01
4.028000000000000114e+02 1.203374061292406677e-01
4.030000000000000000e+02 1.263139619525262825e-01
4.031999999999999886e+02 1.325498612709527235e-01
4.033999999999999773e+02 1.390291425077126442e-01
4.036000000000000227e+02 1.457691144114545423e-01
4.038000000000000114e+02 1.528148415175651920e-01
4.040000000000000000e+02 1.601604731535254678e-01
4.041999999999999886e+02 1.677711343261983068e-01
4.043999999999999773e+02 1.756758508471013003e-01
4.046000000000000227e+02 1.839247378422258772e-01
4.048000000000000114e+02 1.923228589560926072e-01
4.050000000000000000e+02 2.009433350897177895e-01
4.051999999999999886e+02 2.098987948512263391e-01
4.053999999999999773e+02 2.190994624665403567e-01
4.056000000000000227e+02 2.286085489480886301e-01
4.058000000000000114e+02 2.384123790732465553e-01
4.060000000000000000e+02 2.484689060909757441e-01
4.061999999999999886e+02 2.588548491090980064e-01
4.063999999999999773e+02 2.695143675611710865e-01
4.066000000000000227e+02 2.804519108813653960e-01
4.068000000000000114e+02 2.917300021199449866e-01
4.070000000000000000e+02 3.032634906556394006e-01
4.071999999999999886e+02 3.151021831054647282e-01
4.073999999999999773e+02 3.272667072555656143e-01
4.076000000000000227e+02 3.396785683065618455e-01
4.078000000000000114e+02 3.524237508232545002e-01
4.080000000000000000e+02 3.654622930434354156e-01
4.081999999999999886e+02 3.787444443655532678e-01
4.083999999999999773e+02 3.923585191816377771e-01
4.086000000000000227e+02 4.062110685801118004e-01
4.088000000000000114e+02 4.203048445845825598e-01
4.090000000000000000e+02 4.346918194256735313e-01
4.091999999999999886e+02 4.492461395726228268e-01
4.093999999999999773e+02 4.640229401987612246e-01
4.096000000000000227e+02 4.790121364693161743e-01
4.098000000000000114e+02 4.940990769478070810e-01
4.100000000000000000e+02 5.093678960817790147e-01
4.101999999999999886e+02 5.247400422709622703e-01
4.103999999999999773e+02 5.401547906143392419e-01
4.106000000000000227e+02 5.556953199609616645e-01
4.108000000000000114e+02 5.712317930967094615e-01
4.110000000000000000e+02 5.867680404665412963e-01
4.111999999999999886e+02 6.023403420197235292e-01
4.113999999999999773e+02 6.178031342925964786e-01
4.116000000000000227e+02 6.332126234058197412e-01
4.118000000000000114e+02 6.485357799073868668e-01
4.120000000000000000e+02 6.636587606541789475e-01
4.121999999999999886e+02 6.786638391180206398e-01
4.123999999999999773e+02 6.934575794055826137e-01
4.126000000000000227e+02 7.079902934064553621e-01
4.128000000000000114e+02 7.223356301840830884e-01
4.130000000000000000e+02 7.363720770989917730e-01
4.131999999999999886e+02 7.501190475633193744e-01
4.133999999999999773e+02 7.636060392299998112e-01
4.136000000000000227e+02 7.767220697509282790e-01
4.138000000000000114e+02 7.895375110207054625e-01
4.140000000000000000e+02 8.020286591903699192e-01
4.141999999999999886e+02 8.141247408707521505e-01
4.143999999999999773e+02 8.259081264413125067e-01
4.146000000000000227e+02 8.373142134227669064e-01
4.148000000000000114e+02 8.483302592098749262e-01
4.150000000000000000e+02 8.590213403148823090e-01
4.151999999999999886e+02 8.693107583987985665e-01
4.153999999999999773e+02 8.792379978569119237e-01
4.156000000000000227e+02 8.888291805732532191e-01
4.158000000000000114e+02 8.980159277269085250e-01
4.160000000000000000e+02 9.068603365885458123e-01
4.161999999999999886e+02 9.153467043288658900e-01
4.163999999999999773e+02 9.234395276054006008e-01
4.166000000000000227e+02 9.311960999896472524e-01
4.168000000000000114e+02 9.385700095318523228e-01
4.170000000000000000e+02 9.455560446283393095e-01
4.171999999999999886e+02 9.521821590158826565e-01
4.173999999999999773e+02 9.583843919669678968e-01
4.176000000000000227e+02 9.641769047943443693e-01
4.178000000000000114e+02 9.695624752907051613e-01
4.180000000000000000e+02 9.745004886153270096e-01
4.181999999999999886e+02 9.790189564627334029e-01
4.183999999999999773e+02 9.831006052681912077e-01
4.186000000000000227e+02 9.867264875753398723e-01
4.188000000000000114e+02 9.899226398360714274e-01
4.190000000000000000e+02 9.926692689194981378e-01
4.191999999999999886e+02 9.949670607394998090e-01
4.193999999999999773e+02 9.968309506933525910e-01
4.196000000000000227e+02 9.982515994674011628e-01
4.198000000000000114e+02 9.992437676385675926e-01
4.200000000000000000e+02 9.998231517581936956e-01
4.201999999999999886e+02 1.000000000000000000e+00
4.203999999999999773e+02 9.997965794360582636e-01
4.206000000000000227e+02 9.992286740287243951e-01
4.208000000000000114e+02 9.983155514033863476e-01
4.210000000000000000e+02 9.970830484994587239e-01
4.211999999999999886e+02 9.955419753036507391e-01
4.213999999999999773e+02 9.937173536763924675e-01
4.216000000000000227e+02 9.916340598569256537e-01
4.218000000000000114e+02 9.893009943133588280e-01
4.220000000000000000e+02 9.867580538014236735e-01
4.221999999999999886e+02 9.840282103506073907e-01
4.223999999999999773e+02 9.811274916697003690e-01
4.226000000000000227e+02 9.781086795224585018e-01
4.228000000000000114e+02 9.749879335784848999e-01
4.230000000000000000e+02 9.717931057616131518e-01
4.231999999999999886e+02 9.685713847228928364e-01
4.233999999999999773e+02 9.653227095297405302e-01
4.236000000000000227e+02 9.620778246778036724e-01
4.238000000000000114e+02 9.588625130850819689e-01
4.240000000000000000e+02 9.556685803848573579e-01
4.241999999999999886e+02 9.525271042032990021e-01
4.243999999999999773e+02 9.494402944797258881e-01
4.246000000000000227e+02 9.463992220282280154e-01
4.248000000000000114e+02 9.434272513947420391e-01
4.250000000000000000e+02 9.405049845018587096e-01
4.251999999999999886e+02 9.376253066965163363e-01
4.253999999999999773e+02 9.347946149674465355e-01
4.256000000000000227e+02 9.319802873455967918e-01
4.258000000000000114e+02 9.291807142902558381e-01
4.260000000000000000e+02 9.263842631611961531e-01
4.261999999999999886e+02 9.235532958159271555e-01
4.263999999999999773e+02 9.206887595725126161e-01
4.266000000000000227e+02 9.177670150230196056e-01
4.268000000000000114e+02 9.147671625927281669e-01
4.270000000000000000e+02 9.117020886552132941e-01
4.271999999999999886e+02 9.085444400752825667e-01
4.273999999999999773e+02 9.052932029055036356e-01
4.276000000000000227e+02 9.019614273843611363e-01
4.278000000000000114e+02 8.985236270927657865e-01
4.280000000000000000e+02 8.949982267325170548e-01
4.281999999999999886e+02 8.913899614673308491e-01
4.283999999999999773e+02 8.876824610544263860e-01
4.286000000000000227e+02 8.839067506739088920e-01
4.288000000000000114e+02 8.800520434128186187e-01
4.290000000000000000e+02 8.761145054157482015e-01
4.291999999999999886e+02 8.721272693620899519e-01
4.293999999999999773e+02 8.680670126229835803e-01
4.296000000000000227e+02 8.639469741096685862e-01
4.298000000000000114e+02 8.597881523163640738e-01
4.300000000000000000e+02 8.555629858367295171e-01
4.301999999999999886e+02 8.512939942465476140e-01
4.303999999999999773e+02 8.469737764566487304e-01
4.306000000000000227e+02 8.425727039039138111e-01
4.308000000000000114e+02 8.381176527521774222e-01
4.310000000000000000e+02 8.335822699899738675e-01
4.311999999999999886e+02 8.289555705782579720e-01
4.313999999999999773e+02 8.242629038406245057e-01
4.316000000000000227e+02 8.194679735607750537e-01
4.318000000000000114e+02 8.145850793478889296e-01
4.320000000000000000e+02 8.096292275909067193e-01
4.321999999999999886e+02 8.045668876632310340e-01
4.323999999999999773e+02 7.994352123977602753e-01
4.326000000000000227e+02 7.942316673150581208e-01
4.328000000000000114e+02 7.889361528420979486e-01
4.330000000000000000e+02 7.835888246644783228e-01
4.331999999999999886e+02 7.781638276293683099e-01
4.333999999999999773e+02 7.726655812059738393e-01
4.336000000000000227e+02 7.671331080622503240e-01
4.338000000000000114e+02 7.615292451253945494e-01
4.340000000000000000e+02 7.558788608269215725e-01
4.341999999999999886e+02 7.501961757938113706e-01
4.343999999999999773e+02 7.444446887131732637e-01
4.346000000000000227e+02 7.386622471646973054e-01
4.348000000000000114e+02 7.328348719112662835e-01
4.350000000000000000e+02 7.269398915795004523e-01
4.351999999999999886e+02 7.210158120982843588e-01
4.353999999999999773e+02 7.150308779695950800e-01
4.356000000000000227e+02 7.089689466449350386e-01
4.358000000000000114e+02 7.028782517338131308e-01
4.360000000000000000e+02 6.968499462939754530e-01
4.361999999999999886e+02 6.908300075639965954e-01
4.363999999999999773e+02 6.847500708116250889e-01
4.366000000000000227e+02 6.786191046483268652e-01
4.368000000000000114e+02 6.724704861042440918e-01
4.370000000000000000e+02 6.663071440945628199e-01
4.371999999999999886e+02 6.601186727743333371e-01
4.373999999999999773e+02 6.539202367990861742e-01
4.376000000000000227e+02 6.476983528942729107e-01
4.378000000000000114e+02 6.414594374323046022e-01
4.380000000000000000e+02 6.352401505608358256e-01
4.381999999999999886e+02 6.290267208303236268e-01
4.383999999999999773e+02 6.228221659553759837e-01
4.386000000000000227e+02 6.166359513743103760e-01
4.388000000000000114e+02 6.104497468861971310e-01
4.390000000000000000e+02 6.042898462990645703e-01
4.391999999999999886e+02 5.981724836651923782e-01
4.393999999999999773e+02 5.920809939034789027e-01
4.396000000000000227e+02 5.860223865253657571e-01
4.398000000000000114e+02 5.800088210630548469e-01
4.400000000000000000e+02 5.740412685204747678e-01
4.401999999999999886e+02 5.681051040959882448e-01
4.403999999999999773e+02 5.622288335552143579e-01
4.406000000000000227e+02 5.564263335899781726e-01
4.408000000000000114e+02 5.506767049545396864e-01
4.410000000000000000e+02 5.449848405084912750e-01
4.411999999999999886e+02 5.393357363978500407e-01
4.413999999999999773e+02 5.337178215820629346e-01
4.416000000000000227e+02 5.281617758074403923e-01
4.418000000000000114e+02 5.226609613929084075e-01
4.420000000000000000e+02 5.172046986895327825e-01
4.421999999999999886e+02 5.117995733838653916e-01
4.423999999999999773e+02 5.064515623197968219e-01
4.426000000000000227e+02 5.011492648764612756e-01
4.428000000000000114e+02 4.958889661674260041e-01
4.430000000000000000e+02 4.907022691394986591e-01
4.431999999999999886e+02 4.855827864552652584e-01
4.433999999999999773e+02 4.805242719439489218e-01
4.436000000000000227e+02 4.755340327776451659e-01
4.438000000000000114e+02 4.705934106725545019e-01
4.440000000000000000e+02 4.657138703031551974e-01
4.441999999999999886e+02 4.609138923147363953e-01
4.443999999999999773e+02 4.561771027753038221e-01
4.446000000000000227e+02 4.515070807701293543e-01
4.448000000000000114e+02 4.468988648938688191e-01
4.450000000000000000e+02 4.423363947958989240e-01
4.451999999999999886e+02 4.378398671646615559e-01
4.453999999999999773e+02 4.334047915685669827e-01
4.456000000000000227e+02 4.290122439040001123e-01
4.458000000000000114e+02 4.246609847151786021e-01
4.460000000000000000e+02 4.203530955434369165e-01
4.461999999999999886e+02 4.160806762319014807e-01
4.463999999999999773e+02 4.118341789725240565e-01
4.466000000000000227e+02 4.076390160524381301e-01
4.468000000000000114e+02 4.034981334044472345e-01
4.470000000000000000e+02 3.994034747024428622e-01
4.471999999999999886e+02 3.953629061341198403e-01
4.473999999999999773e+02 3.913635882412705436e-01
4.476000000000000227e+02 3.874076405855039762e-01
4.478000000000000114e+02 3.835150588843844188e-01
4.480000000000000000e+02 3.796736514474314261e-01
4.481999999999999886e+02 3.758822240899621359e-01
4.483999999999999773e+02 3.721435243276234317e-01
4.486000000000000227e+02 3.684483596286128870e-01
4.488000000000000114e+02 3.648138054692054988e-01
4.490000000000000000e+02 3.612435787132428633e-01
4.491999999999999886e+02 3.577187264999974192e-01
4.493999999999999773e+02 3.542358291717909169e-01
4.496000000000000227e+02 3.507939046079813772e-01
4.498000000000000114e+02 3.473845466753668343e-01
4.500000000000000000e+02 3.439913248555547254e-01
4.501999999999999886e+02 3.406252903696739831e-01
4.503999999999999773e+02 3.372887177133587211e-01
4.506000000000000227e+02 3.339676590484745300e-01
4.508000000000000114e+02 3.306661910455156450e-01
4.510000000000000000e+02 3.273777634738915809e-01
4.511999999999999886e+02 3.240995376208051226e-01
4.513999999999999773e+02 3.208493118721035264e-01
4.516000000000000227e+02 3.176189413420489882e-01
4.518000000000000114e+02 3.143996293724538593e-01
4.520000000000000000e+02 3.111941218480208660e-01
4.521999999999999886e+02 3.080060606549431257e-01
4.523999999999999773e+02 3.048290801593188104e-01
4.526000000000000227e+02 3.016646691520414869e-01
4.528000000000000114e+02 2.985367053577741570e-01
4.530000000000000000e+02 2.954445761089825595e-01
4.531999999999999886e+02 2.923877731830453186e-01
4.533999999999999773e+02 2.893716710658649771e-01
4.536000000000000227e+02 2.863869658302627963e-01
4.538000000000000114e+02 2.834424483640813341e-01
4.540000000000000000e+02 2.805467382664638132e-01
4.541999999999999886e+02 2.776860952989602671e-01
4.543999999999999773e+02 2.748606608553069708e-01
4.546000000000000227e+02 2.720665002339939798e-01
4.548000000000000114e+02 2.692963191025129488e-01
4.550000000000000000e+02 2.665645279623672370e-01
4.551999999999999886e+02 2.638695755288694711e-01
4.553999999999999773e+02 2.612016975977283217e-01
4.556000000000000227e+02 2.585594769455579756e-01
4.558000000000000114e+02 2.559423982880678072e-01
4.560000000000000000e+02 2.533445534714653946e-01
4.561999999999999886e+02 2.507605712420760136e-01
4.563999999999999773e+02 2.482027892563819227e-01
4.566000000000000227e+02 2.456668782490978864e-01
4.568000000000000114e+02 2.431446465955278968e-01
4.570000000000000000e+02 2.406411662995049661e-01
4.571999999999999886e+02 2.381515425304360778e-01
4.573999999999999773e+02 2.356819862163654355e-01
4.576000000000000227e+02 2.332476138428097034e-01
4.578000000000000114e+02 2.308433238939848475e-01
4.580000000000000000e+02 2.284678955561791902e-01
4.581999999999999886e+02 2.261240437874536824e-01
4.583999999999999773e+02 2.238113171161019155e-01
4.586000000000000227e+02 2.215207150187102347e-01
4.588000000000000114e+02 2.192547560665403239e-01
4.590000000000000000e+02 2.170243572458293024e-01
4.591999999999999886e+02 2.148221197666389803e-01
4.593999999999999773e+02 2.126470721029345146e-01
4.596000000000000227e+02 2.104977782559011301e-01
4.598000000000000114e+02 2.083651324211030220e-01
4.600000000000000000e+02 2.062580123339428917e-01
4.601999999999999886e+02 2.041784405968283256e-01
4.603999999999999773e+02 2.021185566468514661e-01
4.606000000000000227e+02 2.000799193541314414e-01
4.608000000000000114e+02 1.980562816931730474e-01
4.610000000000000000e+02 1.960456237344369301e-01
4.611999999999999886e+02 1.940596914139837981e-01
4.613999999999999773e+02 1.920945796444765430e-01
4.616000000000000227e+02 1.901452951833776939e-01
4.618000000000000114e+02 1.882118619133204274e-01
4.620000000000000000e+02 1.862950669223280287e-01
4.621999999999999886e+02 1.843910454403721033e-01
4.623999999999999773e+02 1.825013498182237737e-01
4.626000000000000227e+02 1.806381051238937774e-01
4.628000000000000114e+02 1.787978948301499060e-01
4.630000000000000000e+02 1.769786292387696414e-01
4.631999999999999886e+02 1.751814065061946535e-01
4.633999999999999773e+02 1.733987493628336429e-01
4.636000000000000227e+02 1.716357638926764850e-01
4.638000000000000114e+02 1.698967759971253821e-01
4.640000000000000000e+02 1.681731784950107889e-01
4.641999999999999886e+02 1.664642848589768798e-01
4.643999999999999773e+02 1.647661830565808061e-01
4.646000000000000227e+02 1.630741564663089060e-01
4.648000000000000114e+02 1.613969151507428645e-01
4.650000000000000000e+02 1.597332277675468926e-01
4.651999999999999886e+02 1.580787478105490085e-01
4.653999999999999773e+02 1.564354818433609240e-01
4.656000000000000227e+02 1.548061768250513226e-01
4.658000000000000114e+02 1.531886122711489107e-01
4.660000000000000000e+02 1.515804687271088691e-01
4.661999999999999886e+02 1.499912118420594354e-01
4.663999999999999773e+02 1.484201454015435240e-01
4.666000000000000227e+02 1.468640165530737396e-01
4.668000000000000114e+02 1.453249506431657234e-01
4.670000000000000000e+02 1.437989209347570740e-01
4.671999999999999886e+02 1.422907304725349875e-01
4.673999999999999773e+02 1.408103973092042216e-01
4.676000000000000227e+02 1.393547499673788714e-01
4.678000000000000114e+02 1.379235569970585218e-01
4.680000000000000000e+02 1.365147902911104105e-01
4.681999999999999886e+02 1.351218707434574118e-01
4.683999999999999773e+02 1.337510588973820636e-01
4.686000000000000227e+02 1.324035296270107409e-01
4.688000000000000114e+02 1.310737640214668653e-01
4.690000000000000000e+02 1.297610800475212378e-01
4.691999999999999886e+02 1.284666417318200970e-01
4.693999999999999773e+02 1.271895505087288214e-01
4.696000000000000227e+02 1.259268448722913880e-01
4.698000000000000114e+02 1.246843927381360434e-01
4.700000000000000000e+02 1.234616174547774892e-01
4.701999999999999886e+02 1.222521414630817899e-01
4.703999999999999773e+02 1.210557620385022404e-01
4.706000000000000227e+02 1.198686734520009456e-01
4.708000000000000114e+02 1.186901530711451935e-01
4.710000000000000000e+02 1.175258717013509535e-01
4.711999999999999886e+02 1.163721572530074938e-01
4.713999999999999773e+02 1.152268986012001672e-01
4.716000000000000227e+02 1.140913839224575038e-01
4.718000000000000114e+02 1.129647230595571122e-01
4.720000000000000000e+02 1.118412709666111310e-01
4.721999999999999886e+02 1.107198861550338226e-01
4.723999999999999773e+02 1.096075717403920818e-01
4.726000000000000227e+02 1.085021476941010754e-01
4.728000000000000114e+02 1.074020179053517821e-01
4.730000000000000000e+02 1.063067786686355265e-01
4.731999999999999886e+02 1.052124337889749212e-01
4.733999999999999773e+02 1.041250927460212888e-01
4.736000000000000227e+02 1.030506174629289978e-01
4.738000000000000114e+02 1.019870221453562237e-01
4.740000000000000000e+02 1.009349094476925668e-01
4.741999999999999886e+02 9.989225643051108383e-02
4.743999999999999773e+02 9.885768197673307223e-02
4.746000000000000227e+02 9.783809775888478721e-02
4.748000000000000114e+02 9.683188053041982823e-02
4.750000000000000000e+02 9.583483772633151487e-02
4.751999999999999886e+02 9.484665956277958665e-02
4.753999999999999773e+02 9.386872228458865985e-02
4.756000000000000227e+02 9.290069819429094822e-02
4.758000000000000114e+02 9.194301071366953182e-02
4.760000000000000000e+02 9.100150547478050300e-02
4.761999999999999886e+02 9.007505651410574465e-02
4.763999999999999773e+02 8.916179861372910964e-02
4.766000000000000227e+02 8.826284940895295916e-02
4.768000000000000114e+02 8.737296313533143843e-02
4.770000000000000000e+02 8.649078136791836513e-02
4.771999999999999886e+02 8.561763814402016670e-02
4.773999999999999773e+02 8.475011128289650086e-02
4.776000000000000227e+02 8.388838830419391435e-02
4.778000000000000114e+02 8.303438721854815296e-02
4.780000000000000000e+02 8.218848909962463145e-02
4.781999999999999886e+02 8.134725170600151656e-02
4.783999999999999773e+02 8.051242645077756610e-02
4.786000000000000227e+02 7.968781456685086750e-02
4.788000000000000114e+02 7.887003707158439514e-02
4.790000000000000000e+02 7.805770138226991728e-02
4.791999999999999886e+02 7.724930770647725486e-02
4.793999999999999773e+02 7.644293883128169820e-02
4.796000000000000227e+02 7.564401412399124336e-02
4.798000000000000114e+02 7.485408007996492696e-02
4.800000000000000000e+02 7.407199056400422255e-02
4.801999999999999886e+02 7.330115147502974660e-02
4.803999999999999773e+02 7.254228033904344675e-02
4.806000000000000227e+02 7.179820876252925033e-02
4.808000000000000114e+02 7.107491475962589289e-02
4.810000000000000000e+02 7.037040049329283675e-02
4.811999999999999886e+02 6.968208605484808860e-02
4.813999999999999773e+02 6.900890284442823264e-02
4.816000000000000227e+02 6.834992356423448545e-02
4.818000000000000114e+02 6.770142069805172580e-02
4.820000000000000000e+02 6.706152827603235889e-02
4.821999999999999886e+02 6.643157791757861586e-02
4.823999999999999773e+02 6.580854971108507367e-02
4.826000000000000227e+02 6.519071368135298528e-02
4.828000000000000114e+02 6.457725898846933266e-02
4.830000000000000000e+02 6.396565018679742365e-02
4.831999999999999886e+02 6.335834275545507155e-02
4.833999999999999773e+02 6.275616327491417845e-02
4.836000000000000227e+02 6.215543239885956694e-02
4.838000000000000114e+02 6.155569443238564226e-02
4.840000000000000000e+02 6.095490682689627682e-02
4.841999999999999886e+02 6.035164529469690120e-02
4.843999999999999773e+02 5.974985886830719989e-02
4.846000000000000227e+02 5.915079707891775923e-02
4.848000000000000114e+02 5.855517360079950245e-02
4.850000000000000000e+02 5.796513051342989942e-02
4.851999999999999886e+02 5.738308498841291488e-02
4.853999999999999773e+02 5.680998509897789567e-02
4.856000000000000227e+02 5.624680851983990953e-02
4.858000000000000114e+02 5.569641885348900617e-02
4.860000000000000000e+02 5.515623746324557763e-02
4.861999999999999886e+02 5.462302785853154208e-02
4.863999999999999773e+02 5.409553236876411819e-02
4.866000000000000227e+02 5.357100858480721289e-02
4.868000000000000114e+02 5.305026163818388207e-02
4.870000000000000000e+02 5.253526523613595567e-02
4.871999999999999886e+02 5.202408043124558124e-02
4.873999999999999773e+02 5.151508372072704373e-02
4.876000000000000227e+02 5.100687866380627933e-02
4.878000000000000114e+02 5.049774602246732969e-02
4.880000000000000000e+02 4.998577504711990832e-02
4.881999999999999886e+02 4.947407033739308763e-02
4.883999999999999773e+02 4.896720489456948128e-02
4.886000000000000227e+02 4.846497906335756056e-02
4.888000000000000114e+02 4.796839711683585639e-02
4.890000000000000000e+02 4.747826118991460564e-02
4.891999999999999886e+02 4.699505261108782167e-02
4.893999999999999773e+02 4.652254474315067889e-02
4.896000000000000227e+02 4.606202770882798087e-02
4.898000000000000114e+02 4.561273540381468455e-02
4.900000000000000000e+02 4.517419855823964076e-02
4.901999999999999886e+02 4.474288622470561777e-02
4.903999999999999773e+02 4.431701773424841923e-02
4.906000000000000227e+02 4.389760621616169839e-02
4.908000000000000114e+02 4.348213125599745266e-02
4.910000000000000000e+02 4.306931626290032983e-02
4.911999999999999886e+02 4.266011066380429734e-02
4.913999999999999773e+02 4.225681955704026910e-02
4.916000000000000227e+02 4.186138815211928182e-02
4.918000000000000114e+02 4.147700375812975182e-02
4.920000000000000000e+02 4.110718031749988760e-02
4.921999999999999886e+02 4.075021978197027744e-02
4.923999999999999773e+02 4.040428171119839901e-02
4.926000000000000227e+02 4.006694255833882778e-02
4.928000000000000114e+02 3.973350689167195332e-02
4.930000000000000000e+02 3.940236148338698008e-02
4.931999999999999886e+02 3.907211820430706029e-02
4.933999999999999773e+02 3.874049573735881963e-02
4.936000000000000227e+02 3.840690439972289927e-02
4.938000000000000114e+02 3.806960687097669938e-02
4.940000000000000000e+02 3.772719835116498943e-02
4.941999999999999886e+02 3.738073336486094633e-02
4.943999999999999773e+02 3.702879022887518162e-02
4.946000000000000227e+02 3.667021616867841699e-02
4.948000000000000114e+02 3.630587010141313187e-02
4.950000000000000000e+02 3.593783336370259818e-02
4.951999999999999886e+02 3.556682554788690581e-02
4.953999999999999773e+02 3.519421194694993121e-02
4.956000000000000227e+02 3.482441582519473638e-02
4.958000000000000114e+02 3.445913934075429952e-02
4.960000000000000000e+02 3.409961388054326414e-02
4.961999999999999886e+02 3.374742838280291729e-02
4.963999999999999773e+02 3.340251987233744391e-02
4.966000000000000227e+02 3.306676953083889647e-02
4.968000000000000114e+02 3.274190034510782166e-02
4.970000000000000000e+02 3.242614695896638144e-02
4.971999999999999886e+02 3.211694391248764990e-02
4.973999999999999773e+02 3.181163333683863226e-02
4.976000000000000227e+02 3.150788359853592263e-02
4.978000000000000114e+02 3.120442175048110042e-02
4.980000000000000000e+02 3.090244809970174589e-02
4.981999999999999886e+02 3.060365452253110269e-02
4.983999999999999773e+02 3.030811193505610762e-02
4.986000000000000227e+02 3.001793145087412393e-02
4.988000000000000114e+02 2.973450099959729781e-02
4.990000000000000000e+02 2.945787757721364530e-02
4.991999999999999886e+02 2.918939957361531279e-02
4.993999999999999773e+02 2.892764153944095765e-02
4.996000000000000227e+02 2.867024450833008387e-02
4.998000000000000114e+02 2.841679261344488491e-02
5.000000000000000000e+02 2.816632749247299089e-02
5.001999999999999886e+02 2.791826087410656521e-02
5.003999999999999773e+02 2.767192440838423667e-02
5.006000000000000227e+02 2.742411550129154885e-02
5.008000000000000114e+02 2.717282998874880062e-02
5.010000000000000000e+02 2.691792987473840687e-02
5.011999999999999886e+02 2.666061888828448467e-02
5.013999999999999773e+02 2.640208696845601152e-02
5.016000000000000227e+02 2.614564096326552761e-02
5.018000000000000114e+02 2.589614195146769382e-02
5.020000000000000000e+02 2.565561324306647045e-02
5.021999999999999886e+02 2.542372370828806932e-02
5.023999999999999773e+02 2.519786657714879682e-02
5.026000000000000227e+02 2.497411778768101470e-02
5.028000000000000114e+02 2.475301167646545494e-02
5.030000000000000000e+02 2.453541812350560486e-02
5.031999999999999886e+02 2.432050386214653845e-02
5.033999999999999773e+02 2.410673321313166681e-02
5.036000000000000227e+02 2.389281916832832267e-02
5.038000000000000114e+02 2.367927139676415799e-02
5.040000000000000000e+02 2.346926541662713167e-02
5.041999999999999886e+02 2.326525435043231768e-02
5.043999999999999773e+02 2.306960830109806154e-02
5.046000000000000227e+02 2.288416348422741414e-02
5.048000000000000114e+02 2.270816372100309746e-02
5.050000000000000000e+02 2.254061238952842147e-02
5.051999999999999886e+02 2.238150936055594009e-02
5.053999999999999773e+02 2.223178967765047920e-02
5.056000000000000227e+02 2.208944002484539842e-02
5.058000000000000114e+02 2.195199946961179024e-02
5.060000000000000000e+02 2.181776659280122016e-02
5.061999999999999886e+02 2.168543821632998650e-02
5.063999999999999773e+02 2.155496878928851029e-02
5.066000000000000227e+02 2.142670754409306544e-02
5.068000000000000114e+02 2.130020059026663595e-02
5.070000000000000000e+02 2.117373425689001928e-02
5.071999999999999886e+02 2.104380147981006408e-02
5.073999999999999773e+02 2.090591129237394374e-02
5.076000000000000227e+02 2.075726173462036014e-02
5.078000000000000114e+02 2.059928526806176913e-02
5.080000000000000000e+02 2.043535680253025233e-02
5.081999999999999886e+02 2.026791472126261706e-02
5.083999999999999773e+02 2.009838271445351862e-02
5.086000000000000227e+02 1.992741158112077207e-02
5.088000000000000114e+02 1.975632448127306179e-02
5.090000000000000000e+02 1.958966491568584975e-02
5.091999999999999886e+02 1.943060684205206654e-02
5.093999999999999773e+02 1.928086065437944335e-02
5.096000000000000227e+02 1.914107964369620579e-02
5.098000000000000114e+02 1.900878703574121129e-02
5.100000000000000000e+02 1.888066572125439435e-02
5.101999999999999886e+02 1.875425227299258590e-02
5.103999999999999773e+02 1.862905779429638309e-02
5.106000000000000227e+02 1.850543558250097864e-02
5.108000000000000114e+02 1.838318419462927136e-02
5.110000000000000000e+02 1.826064239514003582e-02
5.111999999999999886e+02 1.813585575159091731e-02
5.113999999999999773e+02 1.800855376001388869e-02
5.116000000000000227e+02 1.787974738693659527e-02
5.118000000000000114e+02 1.774913109832403774e-02
5.120000000000000000e+02 1.761548420087929306e-02
5.122000000000000455e+02 1.747671141629992750e-02
5.123999999999999773e+02 1.733056531678691878e-02
5.126000000000000227e+02 1.717817418146262362e-02
5.127999999999999545e+02 1.702158437596696869e-02
5.130000000000000000e+02 1.686295911321341462e-02
5.132000000000000455e+02 1.670526658882116877e-02
5.133999999999999773e+02 1.655064868760476940e-02
5.136000000000000227e+02 1.640081286103702018e-02
5.137999999999999545e+02 1.625726707653793457e-02
5.140000000000000000e+02 1.611950969202296732e-02
5.142000000000000455e+02 1.598638770123999436e-02
5.143999999999999773e+02 1.585702665076204124e-02
5.146000000000000227e+02 1.573129363005426606e-02
5.147999999999999545e+02 1.560860663736268056e-02
5.150000000000000000e+02 1.548817415256916082e-02
5.152000000000000455e+02 1.536932585376382318e-02
5.153999999999999773e+02 1.525111285072008188e-02
5.156000000000000227e+02 1.513348002035234258e-02
5.157999999999999545e+02 1.501671879408274582e-02
5.160000000000000000e+02 1.489953288186810637e-02
5.162000000000000455e+02 1.478047359413168019e-02
5.163999999999999773e+02 1.465837711935433739e-02
5.166000000000000227e+02 1.453276469324298568e-02
5.167999999999999545e+02 1.440486865812413628e-02
5.170000000000000000e+02 1.427590211608220291e-02
5.172000000000000455e+02 1.414648935776078274e-02
5.173999999999999773e+02 1.401713964399617374e-02
5.176000000000000227e+02 1.388956092325552283e-02
5.177999999999999545e+02 1.376563200568466441e-02
5.180000000000000000e+02 1.364640783411632564e-02
5.182000000000000455e+02 1.353259158074554026e-02
5.183999999999999773e+02 1.342386413128410921e-02
5.186000000000000227e+02 1.331922714480398250e-02
5.187999999999999545e+02 1.321799702589144913e-02
5.190000000000000000e+02 1.311815199173275472e-02
5.192000000000000455e+02 1.301777391374414443e-02
5.193999999999999773e+02 1.291634288486373343e-02
5.196000000000000227e+02 1.281395638245868759e-02
5.197999999999999545e+02 1.271237437485522523e-02
5.200000000000000000e+02 1.261384899469628930e-02
5.202000000000000455e+02 1.251832900059800940e-02
5.203999999999999773e+02 1.242515971140852396e-02
5.206000000000000227e+02 1.233370013093088198e-02
5.207999999999999545e+02 1.224305165169820887e-02
5.210000000000000000e+02 1.215022694754741214e-02
5.212000000000000455e+02 1.205270319609198955e-02
5.213999999999999773e+02 1.194931950929682164e-02
5.216000000000000227e+02 1.184003974584338717e-02
5.217999999999999545e+02 1.172590233437155113e-02
5.220000000000000000e+02 1.160786398521847576e-02
5.222000000000000455e+02 1.148647041708943974e-02
5.223999999999999773e+02 1.136394611224053781e-02
5.226000000000000227e+02 1.123973100352050267e-02
5.227999999999999545e+02 1.110782642232240047e-02
5.230000000000000000e+02 1.095658314046639784e-02
5.232000000000000455e+02 1.078109326836952306e-02
5.233999999999999773e+02 1.058360637614872042e-02
5.236000000000000227e+02 1.037110244606915047e-02
5.237999999999999545e+02 1.015061699028295059e-02
5.240000000000000000e+02 9.928411089299671657e-03
5.242000000000000455e+02 9.710197008014698553e-03
5.243999999999999773e+02 9.501650265276372423e-03
5.246000000000000227e+02 9.307403580891401504e-03
5.247999999999999545e+02 9.132388132526257293e-03
5.250000000000000000e+02 8.982178758971445104e-03
5.252000000000000455e+02 8.859929652343143808e-03
5.253999999999999773e+02 8.767775671071507612e-03
5.256000000000000227e+02 8.707089658121518541e-03
5.257999999999999545e+02 8.677859590954812435e-03
5.260000000000000000e+02 8.678415540270174172e-03
5.262000000000000455e+02 8.705040114303279342e-03
5.263999999999999773e+02 8.752366808252896174e-03
5.266000000000000227e+02 8.815927471260840559e-03
5.267999999999999545e+02 8.892139308960466879e-03
5.270000000000000000e+02 8.977303705727707889e-03
5.272000000000000455e+02 9.066015834112527497e-03
5.273999999999999773e+02 9.151025396992222213e-03
5.276000000000000227e+02 9.225009246712344291e-03
5.277999999999999545e+02 9.281533693105060989e-03
5.280000000000000000e+02 9.313939035875750533e-03
5.282000000000000455e+02 9.318305659602179117e-03
5.283999999999999773e+02 9.296696086907658280e-03
5.286000000000000227e+02 9.259347771988619968e-03
5.287999999999999545e+02 9.212977661355951572e-03
5.290000000000000000e+02 9.158196154356387439e-03
5.292000000000000455e+02 9.091163933284962528e-03
5.293999999999999773e+02 9.011453588806740342e-03
5.296000000000000227e+02 8.921191385442832356e-03
5.297999999999999545e+02 8.823741590853619032e-03
5.300000000000000000e+02 8.722550926422106485e-03
5.302000000000000455e+02 8.622065385596271864e-03
5.303999999999999773e+02 8.526416285655709359e-03
5.306000000000000227e+02 8.438261641529597526e-03
5.307999999999999545e+02 8.358480608526825881e-03
5.310000000000000000e+02 8.287049862166369005e-03
5.312000000000000455e+02 8.222830978317141257e-03
5.313999999999999773e+02 8.163046379062989522e-03
5.316000000000000227e+02 8.105319142009154154e-03
5.317999999999999545e+02 8.048265870631463384e-03
5.320000000000000000e+02 7.991892786775476806e-03
5.322000000000000455e+02 7.937975486749312623e-03
5.323999999999999773e+02 7.886730445151441532e-03
5.326000000000000227e+02 7.836710264753434657e-03
5.327999999999999545e+02 7.786378854825814350e-03
5.330000000000000000e+02 7.735160768468504582e-03
5.332000000000000455e+02 7.682723036413013039e-03
5.333999999999999773e+02 7.628716687209293607e-03
5.336000000000000227e+02 7.573871166583204077e-03
5.337999999999999545e+02 7.520095402461011644e-03
5.340000000000000000e+02 7.469927559514134147e-03
5.342000000000000455e+02 7.425540654707324384e-03
5.343999999999999773e+02 7.387533244071669940e-03
5.346000000000000227e+02 7.356477818444428704e-03
5.347999999999999545e+02 7.333657070464813174e-03
5.350000000000000000e+02 7.319691658269337174e-03
5.352000000000000455e+02 7.314060931858283078e-03
5.353999999999999773e+02 7.315297760643795465e-03
5.356000000000000227e+02 7.321222838270546353e-03
5.357999999999999545e+02 7.327793189166457652e-03
5.360000000000000000e+02 7.330143492489724251e-03
5.362000000000000455e+02 7.323821932399456579e-03
5.363999999999999773e+02 7.306201703902657531e-03
5.366000000000000227e+02 7.276294645852867705e-03
5.367999999999999545e+02 7.234291860017234843e-03
5.370000000000000000e+02 7.181112682911474678e-03
5.372000000000000455e+02 7.118634172758649820e-03
5.373999999999999773e+02 7.049095617165507081e-03
5.376000000000000227e+02 6.974494863958449406e-03
5.377999999999999545e+02 6.896012814871054289e-03
5.380000000000000000e+02 6.814758656813570299e-03
5.382000000000000455e+02 6.732806508641142260e-03
5.383999999999999773e+02 6.653973696129392504e-03
5.386000000000000227e+02 6.581383352494697171e-03
5.387999999999999545e+02 6.517323765355480594e-03
5.390000000000000000e+02 6.463085765219592910e-03
5.392000000000000455e+02 6.418180119018914408e-03
5.393999999999999773e+02 6.380962463449778126e-03
5.396000000000000227e+02 6.349300134520191423e-03
5.397999999999999545e+02 6.321373933263646841e-03
5.400000000000000000e+02 6.296674041541676717e-03
5.402000000000000455e+02 6.274772667097860968e-03
5.403999999999999773e+02 6.254502353088656728e-03
5.406000000000000227e+02 6.233997641587010752e-03
5.407999999999999545e+02 6.211168769992506805e-03
5.410000000000000000e+02 6.183883716281708687e-03
5.412000000000000455e+02 6.150339794565909055e-03
5.413999999999999773e+02 6.110825514854791897e-03
5.416000000000000227e+02 6.066409670471878575e-03
5.417999999999999545e+02 6.018173544185385047e-03
5.420000000000000000e+02 5.967610729611549057e-03
5.422000000000000455e+02 5.916649471909680991e-03
5.423999999999999773e+02 5.866881418405463060e-03
5.426000000000000227e+02 5.818736965175688204e-03
5.427999999999999545e+02 5.772593410089124459e-03
5.430000000000000000e+02 5.729319953240696525e-03
5.432000000000000455e+02 5.690175584749213901e-03
5.433999999999999773e+02 5.655814799871457590e-03
5.436000000000000227e+02 5.625867964503605129e-03
5.437999999999999545e+02 5.598779215018379746e-03
5.440000000000000000e+02 5.571619307044871176e-03
5.442000000000000455e+02 5.539892634687009799e-03
5.443999999999999773e+02 5.499896064574752441e-03
5.446000000000000227e+02 5.450146832682041705e-03
5.447999999999999545e+02 5.391466827856739030e-03
5.450000000000000000e+02 5.326408333454235935e-03
5.452000000000000455e+02 5.257621504854641248e-03
5.453999999999999773e+02 5.186061018842046469e-03
5.456000000000000227e+02 5.111279316272963370e-03
5.457999999999999545e+02 5.031921562865541465e-03
5.460000000000000000e+02 4.947439454973862061e-03
5.462000000000000455e+02 4.861482633931739003e-03
5.463999999999999773e+02 4.775639766191289159e-03
5.466000000000000227e+02 4.690835472350577025e-03
5.467999999999999545e+02 4.610693456977652677e-03
5.470000000000000000e+02 4.536787015753798898e-03
5.472000000000000455e+02 4.469869030222815148e-03
5.473999999999999773e+02 4.411328355606113950e-03
5.476000000000000227e+02 4.362618649595889631e-03
5.477999999999999545e+02 4.323620690020539212e-03
5.480000000000000000e+02 4.292599680840131909e-03
5.482000000000000455e+02 4.268806139661531461e-03
5.483999999999999773e+02 4.251210182174875937e-03
5.486000000000000227e+02 4.237739828020892219e-03
5.487999999999999545e+02 4.224764282004479440e-03
5.490000000000000000e+02 4.208951335920558569e-03
5.492000000000000455e+02 4.187447260885439511e-03
5.493999999999999773e+02 4.157840682706448118e-03
5.496000000000000227e+02 4.119750992396996325e-03
5.497999999999999545e+02 4.074914262361395423e-03
5.500000000000000000e+02 4.026646020884144285e-03
5.502000000000000455e+02 3.977134027132474443e-03
5.503999999999999773e+02 3.927429702917550197e-03
5.506000000000000227e+02 3.877568374073589452e-03
5.507999999999999545e+02 3.826745599773110403e-03
5.510000000000000000e+02 3.774454696505312196e-03
5.512000000000000455e+02 3.721112184396897001e-03
5.513999999999999773e+02 3.668461355866516407e-03
5.516000000000000227e+02 3.617403221505850492e-03
5.517999999999999545e+02 3.567881947340667895e-03
5.520000000000000000e+02 3.519377808547645252e-03
5.522000000000000455e+02 3.471972237949531859e-03
5.523999999999999773e+02 3.426330070715655988e-03
5.526000000000000227e+02 3.383434296941919672e-03
5.527999999999999545e+02 3.343766856453384527e-03
5.530000000000000000e+02 3.307784620021715204e-03
5.532000000000000455e+02 3.276163959137773449e-03
5.533999999999999773e+02 3.249733174757557692e-03
5.536000000000000227e+02 3.229268046735044636e-03
5.537999999999999545e+02 3.215075907381580861e-03
5.540000000000000000e+02 3.206360573015893962e-03
5.542000000000000455e+02 3.202172669649433652e-03
5.543999999999999773e+02 3.202078170512369544e-03
5.546000000000000227e+02 3.206646836808694882e-03
5.547999999999999545e+02 3.216605875000790125e-03
5.550000000000000000e+02 3.232428419159129145e-03
5.552000000000000455e+02 3.253995175962612948e-03
5.553999999999999773e+02 3.280160425371850871e-03
5.556000000000000227e+02 3.308778211065883153e-03
5.557999999999999545e+02 3.337134685638111237e-03
5.560000000000000000e+02 3.363172758405596780e-03
5.562000000000000455e+02 3.384738616213195470e-03
5.563999999999999773e+02 3.399628252031167228e-03
5.566000000000000227e+02 3.406133272334033787e-03
5.567999999999999545e+02 3.402988869456399258e-03
5.570000000000000000e+02 3.389471362684124724e-03
5.572000000000000455e+02 3.365645913883932513e-03
5.573999999999999773e+02 3.332749763990537802e-03
5.576000000000000227e+02 3.292134632903415386e-03
5.577999999999999545e+02 3.244483863335828437e-03
5.580000000000000000e+02 3.189831489689278019e-03
5.582000000000000455e+02 3.127874149347577380e-03
5.583999999999999773e+02 3.058515095800867171e-03
5.586000000000000227e+02 2.983059156988163065e-03
5.587999999999999545e+02 2.904328944784661387e-03
5.590000000000000000e+02 2.825339401985928981e-03
5.592000000000000455e+02 2.747042516885882940e-03
5.593999999999999773e+02 2.670016008141844720e-03
5.596000000000000227e+02 2.595208279046821130e-03
5.597999999999999545e+02 2.524392616123690997e-03
5.600000000000000000e+02 2.459863374842890735e-03
5.602000000000000455e+02 2.402845632914004000e-03
5.603999999999999773e+02 2.352597707055497159e-03
5.606000000000000227e+02 2.307456687878422022e-03
5.607999999999999545e+02 2.265620683595705089e-03
5.610000000000000000e+02 2.225514478379575587e-03
5.612000000000000455e+02 2.186018953393111496e-03
5.613999999999999773e+02 2.147022793705866388e-03
5.616000000000000227e+02 2.109053071907977892e-03
5.617999999999999545e+02 2.072401129577877265e-03
5.620000000000000000e+02 2.037074724775675503e-03
5.622000000000000455e+02 2.003058440236643416e-03
5.623999999999999773e+02 1.970589012888326278e-03
5.626000000000000227e+02 1.940107990055344508e-03
5.627999999999999545e+02 1.912108003462231840e-03
5.630000000000000000e+02 1.887006680718812581e-03
5.632000000000000455e+02 1.865017451554882525e-03
5.633999999999999773e+02 1.846056231972799258e-03
5.636000000000000227e+02 1.829756149597028649e-03
5.637999999999999545e+02 1.815657073564908540e-03
5.640000000000000000e+02 1.803872668956243682e-03
5.642000000000000455e+02 1.794751875522690183e-03
5.643999999999999773e+02 1.788033913238642981e-03
5.646000000000000227e+02 1.782918270633994471e-03
5.647999999999999545e+02 1.778684433835214058e-03
5.650000000000000000e+02 1.775211652139985089e-03
5.652000000000000455e+02 1.772280429559352274e-03
5.653999999999999773e+02 1.769144304324296504e-03
5.656000000000000227e+02 1.764698250146753879e-03
5.657999999999999545e+02 1.759135583794510776e-03
5.660000000000000000e+02 1.753742213191590007e-03
5.662000000000000455e+02 1.750184595770966313e-03
5.663999999999999773e+02 1.749059911353935751e-03
5.666000000000000227e+02 1.751146650015627344e-03
5.667999999999999545e+02 1.757206339518264937e-03
5.670000000000000000e+02 1.767045481085095446e-03
5.672000000000000455e+02 1.779053840563170775e-03
5.673999999999999773e+02 1.791943110726309249e-03
5.676000000000000227e+02 1.806268590654635207e-03
5.677999999999999545e+02 1.822577613752283292e-03
5.680000000000000000e+02 1.840487876110395845e-03
5.682000000000000455e+02 1.858481915030529147e-03
5.683999999999999773e+02 1.874991205901920628e-03
5.686000000000000227e+02 1.888434378341533916e-03
5.687999999999999545e+02 1.897297780138158330e-03
5.690000000000000000e+02 1.900460907531252054e-03
5.692000000000000455e+02 1.898231265984856326e-03
5.693999999999999773e+02 1.892021358816301565e-03
5.696000000000000227e+02 1.883437041368736737e-03
5.697999999999999545e+02 1.873588467794300725e-03
5.700000000000000000e+02 1.863078507847501031e-03
5.702000000000000455e+02 1.852047165093065198e-03
5.703999999999999773e+02 1.840141995791495701e-03
5.706000000000000227e+02 1.826630210652066631e-03
5.707999999999999545e+02 1.810686899898936771e-03
5.710000000000000000e+02 1.792357256506779207e-03
5.712000000000000455e+02 1.773959020583600879e-03
5.713999999999999773e+02 1.759292758179703455e-03
5.716000000000000227e+02 1.750504762682959488e-03
5.717999999999999545e+02 1.747241481970949117e-03
5.720000000000000000e+02 1.748119267553913938e-03
5.722000000000000455e+02 1.752840254016668677e-03
5.723999999999999773e+02 1.759830962896679696e-03
5.726000000000000227e+02 1.766459571972313434e-03
5.727999999999999545e+02 1.769795843443489535e-03
5.730000000000000000e+02 1.768125226695372925e-03
5.732000000000000455e+02 1.759803491476515189e-03
5.733999999999999773e+02 1.742717327980244056e-03
5.736000000000000227e+02 1.715100691044851768e-03
5.737999999999999545e+02 1.676865753883429030e-03
5.740000000000000000e+02 1.629649004767479321e-03
5.742000000000000455e+02 1.575838672169041976e-03
5.743999999999999773e+02 1.518261944738940423e-03
5.746000000000000227e+02 1.459834734979810868e-03
5.747999999999999545e+02 1.403094523802126369e-03
5.750000000000000000e+02 1.349750062400746501e-03
5.752000000000000455e+02 1.300903133426534967e-03
5.753999999999999773e+02 1.257071427597655864e-03
5.756000000000000227e+02 1.217287754777802381e-03
5.757999999999999545e+02 1.180951948230316278e-03
5.760000000000000000e+02 1.148517111643921913e-03
5.762000000000000455e+02 1.120089245814454623e-03
5.763999999999999773e+02 1.096052677939516511e-03
5.766000000000000227e+02 1.077506217296945838e-03
5.767999999999999545e+02 1.066461156791630562e-03
5.770000000000000000e+02 1.062857529494001764e-03
5.772000000000000455e+02 1.064799326401117676e-03
5.773999999999999773e+02 1.069868398266517933e-03
5.776000000000000227e+02 1.076689297793645894e-03
5.777999999999999545e+02 1.084568273347730248e-03
5.780000000000000000e+02 1.093088065034409587e-03
5.782000000000000455e+02 1.102479069485885971e-03
5.783999999999999773e+02 1.113419652868079300e-03
5.786000000000000227e+02 1.126635734522912942e-03
5.787999999999999545e+02 1.141906800459577568e-03
5.790000000000000000e+02 1.158989421101023218e-03
5.792000000000000455e+02 1.177840783509092335e-03
5.793999999999999773e+02 1.198260031071338464e-03
5.796000000000000227e+02 1.219589960991521909e-03
5.797999999999999545e+02 1.240504037257037645e-03
5.800000000000000000e+02 1.258762577818540486e-03
5.802000000000000455e+02 1.271642910199811700e-03
5.803999999999999773e+02 1.276855056173178005e-03
5.806000000000000227e+02 1.273449213204988018e-03
5.807999999999999545e+02 1.261918605636681975e-03
5.810000000000000000e+02 1.243235906325064347e-03
5.812000000000000455e+02 1.218486384899368198e-03
5.813999999999999773e+02 1.189734811222190351e-03
5.816000000000000227e+02 1.159217848457367661e-03
5.817999999999999545e+02 1.129100619664593144e-03
5.820000000000000000e+02 1.101742463756615964e-03
5.822000000000000455e+02 1.078908763455079488e-03
5.823999999999999773e+02 1.061457208475372191e-03
5.826000000000000227e+02 1.049162345581020582e-03
5.827999999999999545e+02 1.041398508193288903e-03
5.830000000000000000e+02 1.037806078015262494e-03
5.832000000000000455e+02 1.038845392211871534e-03
5.833999999999999773e+02 1.045241417913352500e-03
5.836000000000000227e+02 1.057265345928970523e-03
5.837999999999999545e+02 1.074074743159997031e-03
5.840000000000000000e+02 1.093069975891644086e-03
5.842000000000000455e+02 1.111508616247465367e-03
5.843999999999999773e+02 1.127313570901980000e-03
5.846000000000000227e+02 1.139162279664260270e-03
5.847999999999999545e+02 1.145810007292566868e-03
5.850000000000000000e+02 1.146826215659626971e-03
5.852000000000000455e+02 1.144331054312163658e-03
5.853999999999999773e+02 1.140366209002319870e-03
5.856000000000000227e+02 1.135937988361287402e-03
5.857999999999999545e+02 1.130846870806089368e-03
5.860000000000000000e+02 1.126859958986497654e-03
5.862000000000000455e+02 1.126285069440850078e-03
5.863999999999999773e+02 1.130273982246788027e-03
5.866000000000000227e+02 1.137951962240588968e-03
5.867999999999999545e+02 1.148549334181031166e-03
5.870000000000000000e+02 1.162279800955233347e-03
5.872000000000000455e+02 1.179286093726449871e-03
5.873999999999999773e+02 1.198229726427460376e-03
5.876000000000000227e+02 1.216847580784689289e-03
5.877999999999999545e+02 1.234189675683986095e-03
5.880000000000000000e+02 1.249902744562203776e-03
5.882000000000000455e+02 1.263630098273356645e-03
5.883999999999999773e+02 1.274508324179190154e-03
5.886000000000000227e+02 1.282031322514491558e-03
5.887999999999999545e+02 1.285199363466536272e-03
5.890000000000000000e+02 1.281766142982361349e-03
5.892000000000000455e+02 1.269534976751844667e-03
5.893999999999999773e+02 1.247896427633469075e-03
5.896000000000000227e+02 1.218498141629658022e-03
5.897999999999999545e+02 1.184228357411792280e-03
5.900000000000000000e+02 1.148031166283410747e-03
5.902000000000000455e+02 1.112346081094949500e-03
5.903999999999999773e+02 1.078776109712353175e-03
5.906000000000000227e+02 1.048440635026817898e-03
5.907999999999999545e+02 1.021208096751433916e-03
5.910000000000000000e+02 9.944512558742585589e-04
5.912000000000000455e+02 9.656122608680508179e-04
5.913999999999999773e+02 9.325325802419456595e-04
5.916000000000000227e+02 8.934645793737041328e-04
5.917999999999999545e+02 8.478031658086751131e-04
5.920000000000000000e+02 7.971216257496681465e-04
5.922000000000000455e+02 7.451336908904060115e-04
5.923999999999999773e+02 6.941441386950095247e-04
5.926000000000000227e+02 6.447194538483482038e-04
5.927999999999999545e+02 5.964080954099430613e-04
5.930000000000000000e+02 5.500344356560569374e-04
5.932000000000000455e+02 5.086393909605966537e-04
5.933999999999999773e+02 4.756692393609920889e-04
5.936000000000000227e+02 4.513966376046523571e-04
5.937999999999999545e+02 4.356016322655856233e-04
5.940000000000000000e+02 4.283708456556150528e-04
5.942000000000000455e+02 4.301251075245357764e-04
5.943999999999999773e+02 4.396137503396422468e-04
5.946000000000000227e+02 4.550010372620591774e-04
5.947999999999999545e+02 4.749517669654584689e-04
5.950000000000000000e+02 4.990159696253412868e-04
5.952000000000000455e+02 5.266851612851485833e-04
5.953999999999999773e+02 5.572906766098119054e-04
5.956000000000000227e+02 5.911564771705922266e-04
5.957999999999999545e+02 6.285576744091784249e-04
5.960000000000000000e+02 6.690277134473271393e-04
5.962000000000000455e+02 7.106802725239290885e-04
5.963999999999999773e+02 7.510461874667691100e-04
5.966000000000000227e+02 7.878025226628801968e-04
5.967999999999999545e+02 8.194901450055817362e-04
5.970000000000000000e+02 8.452689556476485110e-04
5.972000000000000455e+02 8.654882490197746137e-04
5.973999999999999773e+02 8.815427277499118981e-04
5.976000000000000227e+02 8.918929673747141114e-04
5.977999999999999545e+02 8.934879569847809086e-04
5.980000000000000000e+02 8.836462907099755992e-04
5.982000000000000455e+02 8.633273320066842940e-04
5.983999999999999773e+02 8.358594085385399062e-04
5.986000000000000227e+02 8.049986983109690738e-04
5.987999999999999545e+02 7.715199881306809273e-04
5.990000000000000000e+02 7.328012821221500158e-04
5.992000000000000455e+02 6.853246416453234215e-04
5.993999999999999773e+02 6.285983762783973984e-04
5.996000000000000227e+02 5.651277798625598502e-04
5.997999999999999545e+02 4.978843988232623712e-04
6.000000000000000000e+02 4.284144961549543151e-04
6.002000000000000455e+02 3.600245298947642105e-04
6.003999999999999773e+02 2.970758920375546060e-04
6.006000000000000227e+02 2.440556368785643925e-04
6.007999999999999545e+02 2.043087212247018101e-04
6.010000000000000000e+02 1.792566736570586636e-04
6.012000000000000455e+02 1.686617176518225068e-04
6.013999999999999773e+02 1.720553736687359598e-04
6.016000000000000227e+02 1.880781179209875878e-04
6.017999999999999545e+02 2.148420022411082328e-04
6.020000000000000000e+02 2.509243177421161181e-04
6.022000000000000455e+02 2.959243143934502194e-04
6.023999999999999773e+02 3.499006749781534962e-04
6.026000000000000227e+02 4.126185966323836474e-04
6.027999999999999545e+02 4.831368218592813177e-04
6.030000000000000000e+02 5.604964809064046051e-04
6.032000000000000455e+02 6.439615740888203965e-04
6.033999999999999773e+02 7.317675914837775677e-04
6.036000000000000227e+02 8.220623852980629091e-04
6.037999999999999545e+02 9.125355156048810734e-04
6.040000000000000000e+02 9.980035465924608738e-04
6.042000000000000455e+02 1.073327756881358157e-03
6.043999999999999773e+02 1.134610284213987286e-03
6.046000000000000227e+02 1.179909395663382519e-03
6.047999999999999545e+02 1.210110222707359851e-03
6.050000000000000000e+02 1.227031904922608373e-03
6.052000000000000455e+02 1.230974021914208209e-03
6.053999999999999773e+02 1.221210662190871932e-03
6.056000000000000227e+02 1.196980946793740896e-03
6.057999999999999545e+02 1.158378786870069592e-03
6.060000000000000000e+02 1.107094270378177620e-03
6.062000000000000455e+02 1.045756520888976816e-03
6.063999999999999773e+02 9.776075031030396090e-04
6.066000000000000227e+02 9.065036933579107090e-04
6.067999999999999545e+02 8.362337974728943895e-04
6.070000000000000000e+02 7.700388781049613725e-04
6.072000000000000455e+02 7.100063814457068401e-04
6.073999999999999773e+02 6.569036576264335832e-04
6.076000000000000227e+02 6.113393973256237056e-04
6.077999999999999545e+02 5.750868970578782184e-04
6.080000000000000000e+02 5.480634900140298957e-04
6.082000000000000455e+02 5.292976557676954330e-04
6.083999999999999773e+02 5.181162574895133242e-04
6.086000000000000227e+02 5.138065906249918461e-04
6.087999999999999545e+02 5.150223642328174804e-04
6.090000000000000000e+02 5.196278696558574630e-04
6.092000000000000455e+02 5.254913167421609290e-04
6.093999999999999773e+02 5.311654401481622758e-04
6.096000000000000227e+02 5.360343062865592775e-04
6.097999999999999545e+02 5.400282296245085493e-04
6.100000000000000000e+02 5.427875787764314909e-04
6.102000000000000455e+02 5.439295206847541723e-04
6.103999999999999773e+02 5.439683448634347182e-04
6.106000000000000227e+02 5.455252619592671501e-04
6.107999999999999545e+02 5.519538467098274604e-04
6.110000000000000000e+02 5.656996138106850248e-04
6.112000000000000455e+02 5.879363940245057891e-04
6.113999999999999773e+02 6.190975230073999603e-04
6.116000000000000227e+02 6.590839749827870830e-04
6.117999999999999545e+02 7.067524185595549071e-04
6.120000000000000000e+02 7.595817795970167749e-04
6.122000000000000455e+02 8.140366499203974173e-04
6.123999999999999773e+02 8.669384806339356861e-04
6.126000000000000227e+02 9.142010359327683820e-04
6.127999999999999545e+02 9.513830599804581900e-04
6.130000000000000000e+02 9.754301443753430646e-04
6.132000000000000455e+02 9.851183143916846657e-04
6.133999999999999773e+02 9.805632735139209813e-04
6.136000000000000227e+02 9.624767736042988712e-04
6.137999999999999545e+02 9.308221352996328118e-04
6.140000000000000000e+02 8.850058338070978170e-04
6.142000000000000455e+02 8.241726644902206290e-04
6.143999999999999773e+02 7.475732577580893609e-04
6.146000000000000227e+02 6.570865131587754317e-04
6.147999999999999545e+02 5.576703565003235299e-04
6.150000000000000000e+02 4.547023624847475924e-04
6.152000000000000455e+02 3.537405233908377344e-04
6.153999999999999773e+02 2.598937761707440235e-04
6.156000000000000227e+02 1.766767805877598357e-04
6.157999999999999545e+02 1.075987309428893407e-04
6.160000000000000000e+02 5.546130857007549345e-05
6.162000000000000455e+02 2.094770576406571402e-05
6.163999999999999773e+02 3.119646253829496956e-06
6.166000000000000227e+02 0.000000000000000000e+00
6.167999999999999545e+02 9.198663099039604496e-06
6.170000000000000000e+02 2.932772565038656984e-05
6.172000000000000455e+02 5.949955046839896589e-05
6.173999999999999773e+02 9.892358361323551233e-05
6.176000000000000227e+02 1.465636818104075565e-04
6.177999999999999545e+02 1.995464132565682514e-04
6.180000000000000000e+02 2.536730802830408985e-04
6.182000000000000455e+02 3.059025176453158122e-04
6.183999999999999773e+02 3.537812534936617234e-04
6.186000000000000227e+02 3.952751804255187629e-04
6.187999999999999545e+02 4.286967256482314480e-04
6.190000000000000000e+02 4.518958941902887177e-04
6.192000000000000455e+02 4.634356855491634955e-04
6.193999999999999773e+02 4.639893653947432632e-04
6.196000000000000227e+02 4.566923601000954375e-04
6.197999999999999545e+02 4.457442472550440554e-04
6.200000000000000000e+02 4.353213578404749860e-04
6.202000000000000455e+02 4.285645965338660173e-04
6.203999999999999773e+02 4.274807987767607117e-04
6.206000000000000227e+02 4.330511961568298180e-04
6.207999999999999545e+02 4.455174768092108584e-04
6.210000000000000000e+02 4.640611838836371998e-04
6.212000000000000455e+02 4.871252069241541172e-04
6.213999999999999773e+02 5.131977433057119701e-04
6.216000000000000227e+02 5.419770307239283030e-04
6.217999999999999545e+02 5.732299570147622201e-04
6.220000000000000000e+02 6.053998862560407319e-04
6.222000000000000455e+02 6.362291092309026262e-04
6.223999999999999773e+02 6.645685358386978865e-04
6.226000000000000227e+02 6.909149686686189961e-04
6.227999999999999545e+02 7.141748938474107300e-04
6.230000000000000000e+02 7.320735379736435745e-04
6.232000000000000455e+02 7.421905929578830920e-04
6.233999999999999773e+02 7.442235923357220497e-04
6.236000000000000227e+02 7.403147952443091522e-04
6.237999999999999545e+02 7.336353050912731598e-04
6.240000000000000000e+02 7.256203926807428027e-04
6.242000000000000455e+02 7.163277505371494665e-04
6.243999999999999773e+02 7.059510787627991434e-04
6.246000000000000227e+02 6.965579071106283576e-04
6.247999999999999545e+02 6.917874137226448158e-04
6.250000000000000000e+02 6.948255969363656154e-04
6.252000000000000455e+02 7.066128170818363440e-04
6.253999999999999773e+02 7.250472094497891493e-04
6.256000000000000227e+02 7.477807057237613030e-04
6.257999999999999545e+02 7.734456746287881549e-04
6.260000000000000000e+02 8.007968894667465620e-04
6.262000000000000455e+02 8.266451471862609930e-04
6.263999999999999773e+02 8.462826193974583040e-04
6.266000000000000227e+02 8.559755152840500510e-04
6.267999999999999545e+02 8.546955426846945337e-04
6.270000000000000000e+02 8.432714120079227169e-04
6.272000000000000455e+02 8.228367913736423650e-04
6.273999999999999773e+02 7.946359497842234079e-04
6.276000000000000227e+02 7.614210064367836961e-04
6.277999999999999545e+02 7.282335070584623890e-04
6.280000000000000000e+02 6.989456006706571724e-04
6.282000000000000455e+02 6.748760892223799532e-04
6.283999999999999773e+02 6.552041919517261580e-04
6.286000000000000227e+02 6.411425919082911883e-04
6.287999999999999545e+02 6.359412633833277364e-04
6.290000000000000000e+02 6.432046692270475610e-04
6.292000000000000455e+02 6.629957628028329336e-04
6.293999999999999773e+02 6.926711474412527384e-04
6.296000000000000227e+02 7.287404530467143666e-04
6.297999999999999545e+02 7.694432268374209972e-04
6.300000000000000000e+02 8.154674949637954855e-04
6.302000000000000455e+02 8.683384694083392044e-04
6.303999999999999773e+02 9.284661810321965820e-04
6.306000000000000227e+02 9.935201824978821643e-04
6.307999999999999545e+02 1.058963515045772312e-03
6.310000000000000000e+02 1.119458179045913120e-03
6.312000000000000455e+02 1.173184371755437707e-03
6.313999999999999773e+02 1.219327776186536786e-03
6.316000000000000227e+02 1.256704832968332962e-03
6.317999999999999545e+02 1.283384725336516154e-03
6.320000000000000000e+02 1.299895539671712614e-03
6.322000000000000455e+02 1.308251606758382979e-03
6.323999999999999773e+02 1.308663731865192205e-03
6.326000000000000227e+02 1.299794251834234622e-03
6.327999999999999545e+02 1.281173999172518412e-03
6.330000000000000000e+02 1.255616189087450972e-03
6.332000000000000455e+02 1.226475034333366102e-03
6.333999999999999773e+02 1.196660019394764655e-03
6.336000000000000227e+02 1.168120400965300815e-03
6.337999999999999545e+02 1.141778204469432248e-03
6.340000000000000000e+02 1.118836252845864911e-03
6.342000000000000455e+02 1.101099479983419028e-03
6.343999999999999773e+02 1.089947925572868530e-03
6.346000000000000227e+02 1.085067272862535407e-03
6.347999999999999545e+02 1.085001458999653974e-03
6.350000000000000000e+02 1.089131542951610665e-03
6.352000000000000455e+02 1.099010652371186676e-03
6.353999999999999773e+02 1.117052103066969344e-03
6.356000000000000227e+02 1.144403520981142992e-03
6.357999999999999545e+02 1.180092191080680999e-03
6.360000000000000000e+02 1.221688664950684646e-03
6.362000000000000455e+02 1.266161435925709181e-03
6.363999999999999773e+02 1.311493528530293046e-03
6.366000000000000227e+02 1.355227013375768239e-03
6.367999999999999545e+02 1.393876594547885806e-03
6.370000000000000000e+02 1.423952729995477074e-03
6.372000000000000455e+02 1.441601895824747319e-03
6.373999999999999773e+02 1.443147626485181967e-03
6.376000000000000227e+02 1.426750538850717802e-03
6.377999999999999545e+02 1.392973223007261353e-03
6.380000000000000000e+02 1.345056248170096308e-03
6.382000000000000455e+02 1.289122316926094710e-03
6.383999999999999773e+02 1.231980709443593856e-03
6.386000000000000227e+02 1.177976774764059398e-03
6.387999999999999545e+02 1.126856535807955811e-03
6.390000000000000000e+02 1.077857954190293826e-03
6.392000000000000455e+02 1.031626618315490936e-03
6.393999999999999773e+02 9.908738372439546919e-04
6.396000000000000227e+02 9.591023445261433796e-04
6.397999999999999545e+02 9.394761876929143404e-04
6.400000000000000000e+02 9.338171353592362783e-04
6.402000000000000455e+02 9.412049353483168757e-04
6.403999999999999773e+02 9.604880072185044502e-04
6.406000000000000227e+02 9.909693048545092225e-04
6.407999999999999545e+02 1.032129908215731256e-03
6.410000000000000000e+02 1.080658604309594952e-03
6.412000000000000455e+02 1.131756045667570458e-03
6.413999999999999773e+02 1.181009061051852167e-03
6.416000000000000227e+02 1.224538524134151070e-03
6.417999999999999545e+02 1.259064269705588652e-03
6.420000000000000000e+02 1.282200665721276115e-03
6.422000000000000455e+02 1.293393264306501485e-03
6.423999999999999773e+02 1.293031036901490802e-03
6.426000000000000227e+02 1.281622698123850452e-03
6.427999999999999545e+02 1.258776405187476532e-03
6.430000000000000000e+02 1.226279850832020981e-03
6.432000000000000455e+02 1.188212942834940668e-03
6.433999999999999773e+02 1.149355089373727944e-03
6.436000000000000227e+02 1.113431642481927915e-03
6.437999999999999545e+02 1.082373842471410965e-03
6.440000000000000000e+02 1.055906420577540795e-03
6.442000000000000455e+02 1.033244960225557056e-03
6.443999999999999773e+02 1.014500568115288964e-03
6.446000000000000227e+02 1.001478166615396483e-03
6.447999999999999545e+02 9.967336462995981215e-04
6.450000000000000000e+02 1.000790686046494887e-03
6.452000000000000455e+02 1.011350298780815896e-03
6.453999999999999773e+02 1.025349243369618997e-03
6.456000000000000227e+02 1.040602701783529789e-03
6.457999999999999545e+02 1.055852398489935630e-03
6.460000000000000000e+02 1.069818306144582499e-03
6.462000000000000455e+02 1.080829162350882468e-03
6.463999999999999773e+02 1.086954887536319830e-03
6.466000000000000227e+02 1.086367455298955413e-03
6.467999999999999545e+02 1.078061106518210435e-03
6.470000000000000000e+02 1.061163709734612827e-03
6.472000000000000455e+02 1.034477093830885128e-03
6.473999999999999773e+02 9.977472106529876750e-04
6.476000000000000227e+02 9.516583903363570697e-04
6.477999999999999545e+02 8.974856891806776453e-04
6.480000000000000000e+02 8.360462318781401812e-04
6.482000000000000455e+02 7.692211999066782876e-04
6.483999999999999773e+02 7.011011384182802911e-04
6.486000000000000227e+02 6.390317623769663268e-04
6.487999999999999545e+02 5.882919005395884386e-04
6.490000000000000000e+02 5.515633588940042822e-04
6.492000000000000455e+02 5.299432958060875829e-04
6.493999999999999773e+02 5.230198388346121241e-04
6.496000000000000227e+02 5.291851691744249532e-04
6.497999999999999545e+02 5.460056257542768602e-04
6.500000000000000000e+02 5.713452067751268728e-04
6.502000000000000455e+02 6.036951586770158756e-04
6.503999999999999773e+02 6.417559702185382520e-04
6.506000000000000227e+02 6.821898973876818883e-04
6.507999999999999545e+02 7.223525160235670824e-04
6.510000000000000000e+02 7.614238908452634468e-04
6.512000000000000455e+02 8.001581229631050084e-04
6.513999999999999773e+02 8.396795774717720831e-04
6.516000000000000227e+02 8.808969654668008433e-04
6.517999999999999545e+02 9.240606505354037430e-04
6.520000000000000000e+02 9.690779606311577827e-04
6.522000000000000455e+02 1.015094838669028127e-03
6.523999999999999773e+02 1.060142920309881933e-03
6.526000000000000227e+02 1.102927858350386502e-03
6.527999999999999545e+02 1.142265196309162232e-03
6.530000000000000000e+02 1.176568167989570837e-03
6.532000000000000455e+02 1.204106247453766822e-03
6.533999999999999773e+02 1.223065535068834902e-03
6.536000000000000227e+02 1.232031319857233766e-03
6.537999999999999545e+02 1.231389127666856955e-03
6.540000000000000000e+02 1.222381510652468476e-03
6.542000000000000455e+02 1.206141011208413955e-03
6.543999999999999773e+02 1.182501504246287602e-03
6.546000000000000227e+02 1.151548943741881586e-03
6.547999999999999545e+02 1.114672298639403066e-03
6.550000000000000000e+02 1.075470987609412682e-03
6.552000000000000455e+02 1.038591589573665229e-03
6.553999999999999773e+02 1.009059230199981991e-03
6.556000000000000227e+02 9.914384005645787701e-04
6.557999999999999545e+02 9.875489304630280085e-04
6.560000000000000000e+02 9.971458100203943551e-04
6.562000000000000455e+02 1.018866785920084436e-03
6.564000000000000909e+02 1.052107305952720015e-03
6.566000000000000227e+02 1.096113728933919423e-03
6.567999999999999545e+02 1.149055231394349383e-03
6.570000000000000000e+02 1.206826945504236356e-03
6.572000000000000455e+02 1.264941903385999366e-03
6.574000000000000909e+02 1.319111461787745828e-03
6.576000000000000227e+02 1.365511117244537454e-03
6.577999999999999545e+02 1.401205021641676067e-03
6.580000000000000000e+02 1.423849111075831944e-03
6.582000000000000455e+02 1.431390097748066635e-03
6.584000000000000909e+02 1.421995696002452837e-03
6.586000000000000227e+02 1.395274568508513653e-03
6.587999999999999545e+02 1.352850072961434480e-03
6.590000000000000000e+02 1.297432481422010819e-03
6.592000000000000455e+02 1.232650971519641276e-03
6.594000000000000909e+02 1.162494729356053445e-03
6.596000000000000227e+02 1.090002638404504679e-03
6.597999999999999545e+02 1.017962449586308580e-03
6.600000000000000000e+02 9.491602041055718529e-04
6.602000000000000455e+02 8.864427720145999067e-04
6.604000000000000909e+02 8.324807791482439958e-04
6.606000000000000227e+02 7.894389332854072350e-04
6.607999999999999545e+02 7.584430943838904897e-04
6.610000000000000000e+02 7.385614696392934836e-04
6.612000000000000455e+02 7.287128128242536087e-04
6.614000000000000909e+02 7.288677275626551013e-04
6.616000000000000227e+02 7.393077198539282305e-04
6.617999999999999545e+02 7.597437718796196896e-04
6.620000000000000000e+02 7.895218578446717679e-04
6.622000000000000455e+02 8.291254402160508959e-04
6.624000000000000909e+02 8.778141150910265342e-04
6.626000000000000227e+02 9.338250057166731181e-04
6.627999999999999545e+02 9.959408817478169682e-04
6.630000000000000000e+02 1.062714074695552454e-03
6.632000000000000455e+02 1.132043389782869287e-03
6.634000000000000909e+02 1.200660703927488443e-03
6.636000000000000227e+02 1.263211908818012144e-03
6.637999999999999545e+02 1.314629242303336784e-03
6.640000000000000000e+02 1.352368578866134556e-03
6.642000000000000455e+02 1.377788554392160884e-03
6.644000000000000909e+02 1.393681784874439443e-03
6.646000000000000227e+02 1.403044246937163635e-03
6.647999999999999545e+02 1.409037602731334380e-03
6.650000000000000000e+02 1.414630621662613368e-03
6.652000000000000455e+02 1.422126953712003154e-03
6.654000000000000909e+02 1.432437419116743427e-03
6.656000000000000227e+02 1.445834025931457944e-03
6.657999999999999545e+02 1.462101202112407478e-03
6.660000000000000000e+02 1.480563220817277502e-03
6.662000000000000455e+02 1.500842440618809295e-03
6.664000000000000909e+02 1.522637826497897327e-03
6.666000000000000227e+02 1.545399069276033295e-03
6.667999999999999545e+02 1.568136360481844601e-03
6.670000000000000000e+02 1.590002748177907297e-03
6.672000000000000455e+02 1.610836568490116782e-03
6.674000000000000909e+02 1.631860185019042139e-03
6.676000000000000227e+02 1.654898207428134264e-03
6.677999999999999545e+02 1.681271513432110436e-03
6.680000000000000000e+02 1.710021213749096484e-03
6.682000000000000455e+02 1.740387750563064531e-03
6.684000000000000909e+02 1.771711200946850988e-03
6.686000000000000227e+02 1.802151611180072581e-03
6.687999999999999545e+02 1.827354337719454616e-03
6.690000000000000000e+02 1.842090356614491196e-03
6.692000000000000455e+02 1.842169302189683921e-03
6.694000000000000909e+02 1.825327916884719260e-03
6.696000000000000227e+02 1.792153906694678644e-03
6.697999999999999545e+02 1.746016160766415996e-03
6.700000000000000000e+02 1.690089432891679188e-03
6.702000000000000455e+02 1.626602439913066257e-03
6.704000000000000909e+02 1.557376860521869112e-03
6.706000000000000227e+02 1.485747186695613982e-03
6.707999999999999545e+02 1.414646008337676559e-03
6.710000000000000000e+02 1.347071587943489933e-03
6.712000000000000455e+02 1.287466355629341211e-03
6.714000000000000909e+02 1.237926353402470786e-03
6.716000000000000227e+02 1.198980535853518990e-03
6.717999999999999545e+02 1.171318206271510691e-03
6.720000000000000000e+02 1.157237755999408887e-03
6.722000000000000455e+02 1.159293019381368514e-03
6.724000000000000909e+02 1.179081209174714668e-03
6.726000000000000227e+02 1.216675391234549059e-03
6.727999999999999545e+02 1.270753463074777209e-03
6.730000000000000000e+02 1.338712748338916590e-03
6.732000000000000455e+02 1.416915583453058148e-03
6.734000000000000909e+02 1.501977497032432832e-03
6.736000000000000227e+02 1.589835639372913934e-03
6.737999999999999545e+02 1.673395456197191615e-03
6.740000000000000000e+02 1.745974104859850801e-03
6.742000000000000455e+02 1.802124356826669341e-03
6.744000000000000909e+02 1.838170638304107351e-03
6.746000000000000227e+02 1.854234069562360823e-03
6.747999999999999545e+02 1.853507802158746226e-03
6.750000000000000000e+02 1.841257595767264955e-03
6.752000000000000455e+02 1.822535999937166399e-03
6.754000000000000909e+02 1.800103429160721229e-03
6.756000000000000227e+02 1.774031079688034081e-03
6.757999999999999545e+02 1.743938560051251033e-03
6.760000000000000000e+02 1.710226699508553532e-03
6.762000000000000455e+02 1.674281058858650929e-03
6.764000000000000909e+02 1.638085876700492429e-03
6.766000000000000227e+02 1.603515855044183912e-03
6.767999999999999545e+02 1.572343779266507143e-03
6.770000000000000000e+02 1.546491631096525397e-03
6.772000000000000455e+02 1.528174492230736838e-03
6.774000000000000909e+02 1.519752388930935066e-03
6.776000000000000227e+02 1.523353597136666796e-03
6.777999999999999545e+02 1.539595208725149950e-03
6.780000000000000000e+02 1.567251184693907928e-03
6.782000000000000455e+02 1.603489446482130607e-03
6.784000000000000909e+02 1.645620280315114852e-03
6.786000000000000227e+02 1.692325328618082131e-03
6.787999999999999545e+02 1.742778018462910186e-03
6.790000000000000000e+02 1.793468983132897893e-03
6.792000000000000455e+02 1.840324901042603980e-03
6.794000000000000909e+02 1.879611393751434451e-03
6.796000000000000227e+02 1.908451874413924542e-03
6.797999999999999545e+02 1.924496423100205628e-03
6.800000000000000000e+02 1.926605073889721452e-03
6.802000000000000455e+02 1.915467805745607295e-03
6.804000000000000909e+02 1.891884438693549079e-03
6.806000000000000227e+02 1.856993935369959147e-03
6.807999999999999545e+02 1.812744781003394583e-03
6.810000000000000000e+02 1.762568749224513757e-03
6.812000000000000455e+02 1.712189184857672384e-03
6.814000000000000909e+02 1.669149070090819196e-03
6.816000000000000227e+02 1.640330328693388870e-03
6.817999999999999545e+02 1.630192681651275064e-03
6.820000000000000000e+02 1.640703947637333921e-03
6.822000000000000455e+02 1.672007959819140927e-03
6.824000000000000909e+02 1.723441468108007904e-03
6.826000000000000227e+02 1.793258195664654449e-03
6.827999999999999545e+02 1.878325239443240759e-03
6.830000000000000000e+02 1.976579014577528430e-03
6.832000000000000455e+02 2.084581684899245672e-03
6.834000000000000909e+02 2.195815047417504651e-03
6.836000000000000227e+02 2.303096289292115573e-03
6.837999999999999545e+02 2.400703390950728513e-03
6.840000000000000000e+02 2.485145833429546966e-03
6.842000000000000455e+02 2.554377436793269559e-03
6.844000000000000909e+02 2.604782146487975760e-03
6.846000000000000227e+02 2.631837170690049486e-03
6.847999999999999545e+02 2.633418484255047303e-03
6.850000000000000000e+02 2.609605943348494023e-03
6.852000000000000455e+02 2.562621926470890193e-03
6.854000000000000909e+02 2.496968238605220668e-03
6.856000000000000227e+02 2.418914823261040375e-03
6.857999999999999545e+02 2.335684974110853376e-03
6.860000000000000000e+02 2.254790221424382742e-03
6.862000000000000455e+02 2.183424737894457558e-03
6.864000000000000909e+02 2.127472781769105658e-03
6.866000000000000227e+02 2.091554340593892742e-03
6.867999999999999545e+02 2.081097650157980039e-03
6.870000000000000000e+02 2.100028729888008851e-03
6.872000000000000455e+02 2.149217642137262341e-03
6.874000000000000909e+02 2.225000816152167098e-03
6.876000000000000227e+02 2.321869443145396523e-03
6.877999999999999545e+02 2.434579826977938035e-03
6.880000000000000000e+02 2.560066812343649977e-03
6.882000000000000455e+02 2.694803478701995533e-03
6.884000000000000909e+02 2.834888061751440584e-03
6.886000000000000227e+02 2.976156056465410239e-03
6.887999999999999545e+02 3.112146200429983470e-03
6.890000000000000000e+02 3.237461826695316441e-03
6.892000000000000455e+02 3.349436129063494173e-03
6.894000000000000909e+02 3.445718232781965970e-03
6.896000000000000227e+02 3.522819136723508333e-03
6.897999999999999545e+02 3.576632168650986134e-03
6.900000000000000000e+02 3.605189214217244600e-03
6.902000000000000455e+02 3.608184470165635548e-03
6.904000000000000909e+02 3.587226122455993912e-03
6.906000000000000227e+02 3.546620482630570385e-03
6.907999999999999545e+02 3.492672410020277764e-03
6.910000000000000000e+02 3.432269712506917127e-03
6.912000000000000455e+02 3.371575283434712685e-03
6.914000000000000909e+02 3.316335309209577330e-03
6.916000000000000227e+02 3.270767282914555443e-03
6.917999999999999545e+02 3.237217671977180196e-03
6.920000000000000000e+02 3.218585644139046291e-03
6.922000000000000455e+02 3.217512518187550224e-03
6.924000000000000909e+02 3.234965986235788585e-03
6.926000000000000227e+02 3.267422396326433772e-03
6.927999999999999545e+02 3.307966998953582038e-03
6.930000000000000000e+02 3.349051256002564658e-03
6.932000000000000455e+02 3.386978302552434185e-03
6.934000000000000909e+02 3.420770883647587888e-03
6.936000000000000227e+02 3.451209584286824006e-03
6.937999999999999545e+02 3.479947644432153202e-03
6.940000000000000000e+02 3.508303446575855231e-03
6.942000000000000455e+02 3.537010456397838079e-03
6.944000000000000909e+02 3.566012036784260448e-03
6.946000000000000227e+02 3.594020330134806065e-03
6.947999999999999545e+02 3.619476104997506726e-03
6.950000000000000000e+02 3.641131480029940852e-03
6.952000000000000455e+02 3.658363937389720946e-03
6.954000000000000909e+02 3.671866925488073089e-03
6.956000000000000227e+02 3.683158584685402269e-03
6.957999999999999545e+02 3.692989575439460659e-03
6.960000000000000000e+02 3.700719201511946770e-03
6.962000000000000455e+02 3.705568571586108102e-03
6.964000000000000909e+02 3.708403862551366142e-03
6.966000000000000227e+02 3.710525097945589681e-03
6.967999999999999545e+02 3.712257756265119595e-03
6.970000000000000000e+02 3.712307173426100931e-03
6.972000000000000455e+02 3.710855036718823611e-03
6.974000000000000909e+02 3.709923463629860151e-03
6.976000000000000227e+02 3.713037658433831090e-03
6.977999999999999545e+02 3.721478983059163873e-03
6.980000000000000000e+02 3.734680322526369098e-03
6.982000000000000455e+02 3.751014288346738411e-03
6.984000000000000909e+02 3.770492930170469582e-03
6.986000000000000227e+02 3.795387791581333794e-03
6.987999999999999545e+02 3.830167687682178336e-03
6.990000000000000000e+02 3.878120799617279166e-03
6.992000000000000455e+02 3.940769521895526144e-03
6.994000000000000909e+02 4.017233128408469883e-03
6.996000000000000227e+02 4.102754435030661791e-03
6.997999999999999545e+02 4.188623137244096989e-03
7.000000000000000000e+02 4.263270810238323043e-03
