5.500000000000000000e+02 1.297161725525445728e-03
5.502000000000000455e+02 1.279970891822167396e-03
5.503999999999999773e+02 1.264474122388419951e-03
5.506000000000000227e+02 1.252467325511176770e-03
5.507999999999999545e+02 1.243598243779147749e-03
5.510000000000000000e+02 1.235245882612751598e-03
5.512000000000000455e+02 1.224074234329452886e-03
5.513999999999999773e+02 1.209061277405504590e-03
5.516000000000000227e+02 1.190788391028328123e-03
5.517999999999999545e+02 1.170279650239106897e-03
5.520000000000000000e+02 1.148101073394343450e-03
5.522000000000000455e+02 1.126345844111441502e-03
5.523999999999999773e+02 1.107361713707982320e-03
5.526000000000000227e+02 1.092249458640654966e-03
5.527999999999999545e+02 1.079558481641197838e-03
5.530000000000000000e+02 1.068154385409541933e-03
5.532000000000000455e+02 1.058070883175695484e-03
5.533999999999999773e+02 1.048647697552866588e-03
5.536000000000000227e+02 1.037614341729825715e-03
5.537999999999999545e+02 1.022066013741075845e-03
5.540000000000000000e+02 1.000748315036851729e-03
5.542000000000000455e+02 9.732975528424662797e-04
5.543999999999999773e+02 9.390421387235687234e-04
5.546000000000000227e+02 8.960275302951309188e-04
5.547999999999999545e+02 8.430345378277405606e-04
5.550000000000000000e+02 7.807424208517314617e-04
5.552000000000000455e+02 7.122065616796834000e-04
5.553999999999999773e+02 6.413700511422431574e-04
5.556000000000000227e+02 5.727711457414450848e-04
5.557999999999999545e+02 5.109449638116326554e-04
5.560000000000000000e+02 4.588088654367997003e-04
5.562000000000000455e+02 4.177088060042825554e-04
5.563999999999999773e+02 3.878227783709573841e-04
5.566000000000000227e+02 3.687598637005736510e-04
5.567999999999999545e+02 3.592694918600546983e-04
5.570000000000000000e+02 3.571132602695181171e-04
5.572000000000000455e+02 3.592272103748622193e-04
5.573999999999999773e+02 3.639149102534061913e-04
5.576000000000000227e+02 3.704755828582997576e-04
5.577999999999999545e+02 3.783083060285572017e-04
5.580000000000000000e+02 3.848323890886820001e-04
5.582000000000000455e+02 3.872730625562032089e-04
5.583999999999999773e+02 3.837078620114486079e-04
5.586000000000000227e+02 3.735159169141957650e-04
5.587999999999999545e+02 3.564260217565896590e-04
5.590000000000000000e+02 3.325048377479861215e-04
5.592000000000000455e+02 3.025560507518899357e-04
5.593999999999999773e+02 2.670655200359517249e-04
5.596000000000000227e+02 2.263249966652310823e-04
5.597999999999999545e+02 1.811327803587946999e-04
5.600000000000000000e+02 1.349821520839051647e-04
5.602000000000000455e+02 9.210874758897367011e-05
5.603999999999999773e+02 5.589707646100147443e-05
5.606000000000000227e+02 2.851596723947739928e-05
5.607999999999999545e+02 1.073371669345508510e-05
5.610000000000000000e+02 1.861288074696116254e-06
5.612000000000000455e+02 0.000000000000000000e+00
5.613999999999999773e+02 4.273987378637094802e-06
5.616000000000000227e+02 1.474498911071266129e-05
5.617999999999999545e+02 3.114715979016989761e-05
5.620000000000000000e+02 5.198037637340212396e-05
5.622000000000000455e+02 7.477565297499606963e-05
5.623999999999999773e+02 9.685674074609748575e-05
5.626000000000000227e+02 1.177526884815728391e-04
5.627999999999999545e+02 1.384958530198377163e-04
5.630000000000000000e+02 1.601570209682402378e-04
5.632000000000000455e+02 1.803989188464975217e-04
5.633999999999999773e+02 1.967590927048487798e-04
5.636000000000000227e+02 2.083452982645985917e-04
5.637999999999999545e+02 2.162905100625084288e-04
5.640000000000000000e+02 2.215013852357322632e-04
5.642000000000000455e+02 2.244994857111737481e-04
5.643999999999999773e+02 2.259689628495301702e-04
5.646000000000000227e+02 2.251320961458190475e-04
5.647999999999999545e+02 2.211650312175404622e-04
5.650000000000000000e+02 2.152338201852463026e-04
5.652000000000000455e+02 2.118907266329696205e-04
5.653999999999999773e+02 2.150731328371376441e-04
5.656000000000000227e+02 2.251836430961896385e-04
5.657999999999999545e+02 2.385101588896518612e-04
5.660000000000000000e+02 2.512978420657948492e-04
5.662000000000000455e+02 2.613977650476899308e-04
5.663999999999999773e+02 2.683294318346104816e-04
5.666000000000000227e+02 2.730436043568056428e-04
5.667999999999999545e+02 2.772153609714639094e-04
5.670000000000000000e+02 2.819793458387779357e-04
5.672000000000000455e+02 2.854190408911104569e-04
5.673999999999999773e+02 2.837922458155768199e-04
5.676000000000000227e+02 2.735604408148781469e-04
5.677999999999999545e+02 2.543550039500128970e-04
5.680000000000000000e+02 2.288839878962471307e-04
5.682000000000000455e+02 2.019681463686205539e-04
5.683999999999999773e+02 1.771836654795641423e-04
5.686000000000000227e+02 1.564420158187465311e-04
5.687999999999999545e+02 1.407837292546662946e-04
5.690000000000000000e+02 1.323276612284235323e-04
5.692000000000000455e+02 1.315747116822327560e-04
5.693999999999999773e+02 1.370129648872825900e-04
5.696000000000000227e+02 1.457990138035123199e-04
5.697999999999999545e+02 1.566390758268676822e-04
5.700000000000000000e+02 1.693037511860783081e-04
5.702000000000000455e+02 1.837667239443092329e-04
5.703999999999999773e+02 2.000808937091575911e-04
5.706000000000000227e+02 2.180545387032883811e-04
5.707999999999999545e+02 2.367993461582948390e-04
5.710000000000000000e+02 2.538180529132255604e-04
5.712000000000000455e+02 2.659690676930780997e-04
5.713999999999999773e+02 2.708331713674994013e-04
5.716000000000000227e+02 2.689891637823391135e-04
5.717999999999999545e+02 2.623752009528679740e-04
5.720000000000000000e+02 2.523938625722174905e-04
5.722000000000000455e+02 2.378785172740334637e-04
5.723999999999999773e+02 2.171783916511210125e-04
5.726000000000000227e+02 1.897109814278749476e-04
5.727999999999999545e+02 1.571671857344714986e-04
5.730000000000000000e+02 1.234639014574816121e-04
5.732000000000000455e+02 9.331974135282750755e-05
5.733999999999999773e+02 7.121006379251629053e-05
5.736000000000000227e+02 6.039880453019256135e-05
5.737999999999999545e+02 6.250935248584482749e-05
5.740000000000000000e+02 7.779267564328486693e-05
5.742000000000000455e+02 1.059152041386275835e-04
5.743999999999999773e+02 1.443402500271736514e-04
5.746000000000000227e+02 1.878034495942799411e-04
5.747999999999999545e+02 2.285692927645225313e-04
5.750000000000000000e+02 2.619944313753228178e-04
5.752000000000000455e+02 2.878265498578141523e-04
5.753999999999999773e+02 3.101859405152169622e-04
5.756000000000000227e+02 3.334791746765822500e-04
5.757999999999999545e+02 3.600519975988087490e-04
5.760000000000000000e+02 3.898431695475632866e-04
5.762000000000000455e+02 4.232014502809929414e-04
5.763999999999999773e+02 4.606074440042691996e-04
5.766000000000000227e+02 5.022064408348037154e-04
5.767999999999999545e+02 5.473109304556244030e-04
5.770000000000000000e+02 5.968865021268063113e-04
5.772000000000000455e+02 6.529043349874200141e-04
5.773999999999999773e+02 7.164734825937087246e-04
5.776000000000000227e+02 7.858613231369970895e-04
5.777999999999999545e+02 8.585549570543292127e-04
5.780000000000000000e+02 9.330383634881011298e-04
5.782000000000000455e+02 1.007429237595396489e-03
5.783999999999999773e+02 1.079470935879181352e-03
5.786000000000000227e+02 1.146041824760445256e-03
5.787999999999999545e+02 1.201306611404153509e-03
5.790000000000000000e+02 1.240390922048666871e-03
5.792000000000000455e+02 1.260508255879939660e-03
5.793999999999999773e+02 1.260350246122079673e-03
5.796000000000000227e+02 1.239676618114037921e-03
5.797999999999999545e+02 1.199911175903119014e-03
5.800000000000000000e+02 1.145212540487248543e-03
5.802000000000000455e+02 1.080854539725643534e-03
5.803999999999999773e+02 1.013087724875613715e-03
5.806000000000000227e+02 9.488922248094001618e-04
5.807999999999999545e+02 8.930975199768150007e-04
5.810000000000000000e+02 8.479132064119905251e-04
5.812000000000000455e+02 8.129285286158302332e-04
5.813999999999999773e+02 7.861687857193719016e-04
5.816000000000000227e+02 7.653746274702016459e-04
5.817999999999999545e+02 7.489205623420272517e-04
5.820000000000000000e+02 7.369440941796037963e-04
5.822000000000000455e+02 7.303346629672347306e-04
5.823999999999999773e+02 7.303598214479733140e-04
5.826000000000000227e+02 7.384880218431962321e-04
5.827999999999999545e+02 7.556839162564884822e-04
5.830000000000000000e+02 7.812622044062999529e-04
5.832000000000000455e+02 8.121096638529791932e-04
5.833999999999999773e+02 8.462741181788111878e-04
5.836000000000000227e+02 8.829073405830841371e-04
5.837999999999999545e+02 9.214106746284051169e-04
5.840000000000000000e+02 9.590567540427963160e-04
5.842000000000000455e+02 9.940748588596077379e-04
5.843999999999999773e+02 1.027253472473023919e-03
5.846000000000000227e+02 1.061935863303694336e-03
5.847999999999999545e+02 1.101003645624566100e-03
5.850000000000000000e+02 1.146535972042999436e-03
5.852000000000000455e+02 1.200658802073311477e-03
5.853999999999999773e+02 1.262601252393334879e-03
5.856000000000000227e+02 1.328185535484781039e-03
5.857999999999999545e+02 1.390477670099548322e-03
5.860000000000000000e+02 1.446037833332506793e-03
5.862000000000000455e+02 1.493713619389276442e-03
5.863999999999999773e+02 1.533028844846288279e-03
5.866000000000000227e+02 1.563792805444259078e-03
5.867999999999999545e+02 1.585244323657977565e-03
5.870000000000000000e+02 1.595742540864551967e-03
5.872000000000000455e+02 1.593383017096407488e-03
5.873999999999999773e+02 1.578351657949672799e-03
5.876000000000000227e+02 1.553487480076444190e-03
5.877999999999999545e+02 1.523503517063501443e-03
5.880000000000000000e+02 1.490985562665387816e-03
5.882000000000000455e+02 1.456383796336770727e-03
5.883999999999999773e+02 1.419394208080561499e-03
5.886000000000000227e+02 1.380970637387494591e-03
5.887999999999999545e+02 1.344692315765372162e-03
5.890000000000000000e+02 1.317014613132228180e-03
5.892000000000000455e+02 1.301808097624796920e-03
5.893999999999999773e+02 1.300601009636661665e-03
5.896000000000000227e+02 1.313861396071272936e-03
5.897999999999999545e+02 1.344280493115874086e-03
5.900000000000000000e+02 1.392659030572747326e-03
5.902000000000000455e+02 1.457361426606893157e-03
5.903999999999999773e+02 1.537110717572980154e-03
5.906000000000000227e+02 1.629511564819153407e-03
5.907999999999999545e+02 1.730401798821423623e-03
5.910000000000000000e+02 1.833705820747769805e-03
5.912000000000000455e+02 1.934857865250679378e-03
5.913999999999999773e+02 2.031776228045740172e-03
5.916000000000000227e+02 2.124951206180224726e-03
5.917999999999999545e+02 2.214251803206632261e-03
5.920000000000000000e+02 2.298758466647154216e-03
5.922000000000000455e+02 2.377379046859028587e-03
5.923999999999999773e+02 2.451006150138439806e-03
5.926000000000000227e+02 2.521336107971199145e-03
5.927999999999999545e+02 2.590536707545839246e-03
5.930000000000000000e+02 2.661824059716626743e-03
5.932000000000000455e+02 2.737694199998958085e-03
5.933999999999999773e+02 2.819794369573608728e-03
5.936000000000000227e+02 2.909458208071210618e-03
5.937999999999999545e+02 3.006222154041397494e-03
5.940000000000000000e+02 3.108913663804234277e-03
5.942000000000000455e+02 3.216838077907259279e-03
5.943999999999999773e+02 3.326990373591045842e-03
5.946000000000000227e+02 3.435539473975167749e-03
5.947999999999999545e+02 3.538966160620377402e-03
5.950000000000000000e+02 3.633000111608388275e-03
5.952000000000000455e+02 3.713024878357750348e-03
5.953999999999999773e+02 3.775330438054689229e-03
5.956000000000000227e+02 3.820317625971105403e-03
5.957999999999999545e+02 3.851103813287572522e-03
5.960000000000000000e+02 3.872109853756296009e-03
5.962000000000000455e+02 3.887402935107379422e-03
5.963999999999999773e+02 3.903402180291561888e-03
5.966000000000000227e+02 3.928149980498605622e-03
5.967999999999999545e+02 3.969219327737934407e-03
5.970000000000000000e+02 4.030610615345970801e-03
5.972000000000000455e+02 4.114159104129431685e-03
5.973999999999999773e+02 4.220879211568303105e-03
5.976000000000000227e+02 4.350442256838878662e-03
5.977999999999999545e+02 4.502831629187215023e-03
5.980000000000000000e+02 4.677972148503074280e-03
5.982000000000000455e+02 4.871131682912699379e-03
5.983999999999999773e+02 5.076588465589075908e-03
5.986000000000000227e+02 5.289127122464763395e-03
5.987999999999999545e+02 5.503724548988691082e-03
5.990000000000000000e+02 5.709100222266168083e-03
5.992000000000000455e+02 5.890795755756356687e-03
5.993999999999999773e+02 6.038406441607135910e-03
5.996000000000000227e+02 6.147680478918204558e-03
5.997999999999999545e+02 6.219523365908569308e-03
6.000000000000000000e+02 6.258496384245283706e-03
6.002000000000000455e+02 6.269067568094280514e-03
6.003999999999999773e+02 6.256068233338178686e-03
6.006000000000000227e+02 6.225939280786327128e-03
6.007999999999999545e+02 6.189367019484803834e-03
6.010000000000000000e+02 6.160087813840800161e-03
6.012000000000000455e+02 6.152046221351062036e-03
6.013999999999999773e+02 6.173367168408426878e-03
6.016000000000000227e+02 6.229603603044276197e-03
6.017999999999999545e+02 6.324961245691453765e-03
6.020000000000000000e+02 6.462381229949783722e-03
6.022000000000000455e+02 6.641248933552439983e-03
6.023999999999999773e+02 6.859028788797914659e-03
6.026000000000000227e+02 7.112955449046832503e-03
6.027999999999999545e+02 7.397486320146150034e-03
6.030000000000000000e+02 7.706575302874547721e-03
6.032000000000000455e+02 8.034434872649039855e-03
6.033999999999999773e+02 8.371062833261945849e-03
6.036000000000000227e+02 8.710218596394750032e-03
6.037999999999999545e+02 9.050475686551680624e-03
6.040000000000000000e+02 9.386896022513557467e-03
6.042000000000000455e+02 9.715641860319066542e-03
6.043999999999999773e+02 1.003382528427297984e-02
6.046000000000000227e+02 1.033729390288947586e-02
6.047999999999999545e+02 1.063198275025193859e-02
6.050000000000000000e+02 1.092870325602500643e-02
6.052000000000000455e+02 1.123412446803891823e-02
6.053999999999999773e+02 1.155130488479688168e-02
6.056000000000000227e+02 1.187904430232425770e-02
6.057999999999999545e+02 1.221242671754888161e-02
6.060000000000000000e+02 1.255018102370348068e-02
6.062000000000000455e+02 1.289277531666654930e-02
6.063999999999999773e+02 1.324009567952473543e-02
6.066000000000000227e+02 1.358815377130419104e-02
6.067999999999999545e+02 1.393440343788312531e-02
6.070000000000000000e+02 1.427760748674780991e-02
6.072000000000000455e+02 1.461388807617593558e-02
6.073999999999999773e+02 1.494295768373667815e-02
6.076000000000000227e+02 1.526528896615130491e-02
6.077999999999999545e+02 1.557706762574842356e-02
6.080000000000000000e+02 1.587881817889270214e-02
6.082000000000000455e+02 1.617257277510096569e-02
6.083999999999999773e+02 1.645920790557155178e-02
6.086000000000000227e+02 1.674409958929396619e-02
6.087999999999999545e+02 1.703260078895233592e-02
6.090000000000000000e+02 1.732833440837565006e-02
6.092000000000000455e+02 1.763770901797344012e-02
6.093999999999999773e+02 1.796330296775272561e-02
6.096000000000000227e+02 1.830387593861819429e-02
6.097999999999999545e+02 1.866091262278124843e-02
6.100000000000000000e+02 1.903748247346054648e-02
6.102000000000000455e+02 1.943531209737328624e-02
6.103999999999999773e+02 1.985124553740437447e-02
6.106000000000000227e+02 2.028440408080726953e-02
6.107999999999999545e+02 2.073260134675194988e-02
6.110000000000000000e+02 2.118892172937303017e-02
6.112000000000000455e+02 2.165249816058384055e-02
6.113999999999999773e+02 2.212286563002717824e-02
6.116000000000000227e+02 2.259766349352267112e-02
6.117999999999999545e+02 2.308176340282451153e-02
6.120000000000000000e+02 2.357711568071793953e-02
6.122000000000000455e+02 2.408174815992812287e-02
6.123999999999999773e+02 2.459970793777992853e-02
6.126000000000000227e+02 2.513406253243594124e-02
6.127999999999999545e+02 2.568813417284613460e-02
6.130000000000000000e+02 2.627037697285376089e-02
6.132000000000000455e+02 2.688107669424935620e-02
6.133999999999999773e+02 2.751680481159855113e-02
6.136000000000000227e+02 2.817792938735578373e-02
6.137999999999999545e+02 2.886544559358586448e-02
6.140000000000000000e+02 2.957659914888882344e-02
6.142000000000000455e+02 3.030437399221282135e-02
6.143999999999999773e+02 3.104991000088780720e-02
6.146000000000000227e+02 3.181095252571226190e-02
6.147999999999999545e+02 3.258071582450024900e-02
6.150000000000000000e+02 3.336311534365023895e-02
6.152000000000000455e+02 3.415756971096396005e-02
6.153999999999999773e+02 3.495969732495145255e-02
6.156000000000000227e+02 3.577196538813372240e-02
6.157999999999999545e+02 3.658903258914013301e-02
6.160000000000000000e+02 3.740469078348538506e-02
6.162000000000000455e+02 3.822327250632821805e-02
6.163999999999999773e+02 3.904357138065966959e-02
6.166000000000000227e+02 3.986409020497835853e-02
6.167999999999999545e+02 4.068833245911482321e-02
6.170000000000000000e+02 4.151848274560219348e-02
6.172000000000000455e+02 4.235246280985145717e-02
6.173999999999999773e+02 4.318592779471494558e-02
6.176000000000000227e+02 4.402379531989283196e-02
6.177999999999999545e+02 4.486604017306728559e-02
6.180000000000000000e+02 4.570979018681403661e-02
6.182000000000000455e+02 4.656524777783919988e-02
6.183999999999999773e+02 4.743497248588795373e-02
6.186000000000000227e+02 4.831767352052662029e-02
6.187999999999999545e+02 4.921952759049308401e-02
6.190000000000000000e+02 5.013783564672821824e-02
6.192000000000000455e+02 5.107145207962133365e-02
6.193999999999999773e+02 5.202993057061963689e-02
6.196000000000000227e+02 5.301240784525474564e-02
6.197999999999999545e+02 5.402042858082935911e-02
6.200000000000000000e+02 5.506255723100595550e-02
6.202000000000000455e+02 5.613573312594243719e-02
6.203999999999999773e+02 5.723772069158382381e-02
6.206000000000000227e+02 5.837085030809232439e-02
6.207999999999999545e+02 5.953702286372896529e-02
6.210000000000000000e+02 6.073128810998990046e-02
6.212000000000000455e+02 6.194846512175469777e-02
6.213999999999999773e+02 6.319469937544545945e-02
6.216000000000000227e+02 6.446158353633449356e-02
6.217999999999999545e+02 6.573958371080053376e-02
6.220000000000000000e+02 6.703353827046028279e-02
6.222000000000000455e+02 6.833424463028621443e-02
6.223999999999999773e+02 6.963558019448190528e-02
6.226000000000000227e+02 7.094416066602690640e-02
6.227999999999999545e+02 7.225785045133754914e-02
6.230000000000000000e+02 7.358334177295962342e-02
6.232000000000000455e+02 7.493528505658572647e-02
6.233999999999999773e+02 7.630917215754590144e-02
6.236000000000000227e+02 7.771034222833672622e-02
6.237999999999999545e+02 7.914987087839793489e-02
6.240000000000000000e+02 8.062140617445380519e-02
6.242000000000000455e+02 8.212311058726592949e-02
6.243999999999999773e+02 8.365879606366741217e-02
6.246000000000000227e+02 8.523258414863757459e-02
6.247999999999999545e+02 8.683789140756559277e-02
6.250000000000000000e+02 8.847268885022285811e-02
6.252000000000000455e+02 9.014632103690439768e-02
6.253999999999999773e+02 9.184678426858848554e-02
6.256000000000000227e+02 9.356962793608397666e-02
6.257999999999999545e+02 9.532350082500090638e-02
6.260000000000000000e+02 9.709540864599285059e-02
6.262000000000000455e+02 9.888318619495239936e-02
6.263999999999999773e+02 1.006925809372737901e-01
6.266000000000000227e+02 1.025086394098534137e-01
6.267999999999999545e+02 1.043299877965015859e-01
6.270000000000000000e+02 1.061592287551414437e-01
6.272000000000000455e+02 1.079835018893548493e-01
6.273999999999999773e+02 1.098137150273442164e-01
6.276000000000000227e+02 1.116636309565884611e-01
6.277999999999999545e+02 1.135309649030959989e-01
6.280000000000000000e+02 1.154247529481718937e-01
6.282000000000000455e+02 1.173570839455150838e-01
6.283999999999999773e+02 1.193328350083234374e-01
6.286000000000000227e+02 1.213360322933774160e-01
6.287999999999999545e+02 1.233603680862131319e-01
6.290000000000000000e+02 1.254089845926486257e-01
6.292000000000000455e+02 1.274674150220722058e-01
6.293999999999999773e+02 1.295394178245014016e-01
6.296000000000000227e+02 1.316332546651904634e-01
6.297999999999999545e+02 1.337307507656801397e-01
6.300000000000000000e+02 1.358371213992355386e-01
6.302000000000000455e+02 1.379607760089571755e-01
6.303999999999999773e+02 1.400912673881891946e-01
6.306000000000000227e+02 1.422418746267089806e-01
6.307999999999999545e+02 1.444228910607726069e-01
6.310000000000000000e+02 1.466291324375988137e-01
6.312000000000000455e+02 1.488736469883821245e-01
6.313999999999999773e+02 1.511752001428545433e-01
6.316000000000000227e+02 1.535466818187737337e-01
6.317999999999999545e+02 1.559821099108058273e-01
6.320000000000000000e+02 1.584914736831400661e-01
6.322000000000000455e+02 1.610866428399847228e-01
6.323999999999999773e+02 1.637437306593512165e-01
6.326000000000000227e+02 1.664643777856280871e-01
6.327999999999999545e+02 1.692522773604722697e-01
6.330000000000000000e+02 1.720806380100387833e-01
6.332000000000000455e+02 1.749486906624902194e-01
6.333999999999999773e+02 1.778476939134443213e-01
6.336000000000000227e+02 1.807430844327310993e-01
6.337999999999999545e+02 1.836344822702938029e-01
6.340000000000000000e+02 1.865130099645807560e-01
6.342000000000000455e+02 1.893567432958981056e-01
6.343999999999999773e+02 1.921847631271604573e-01
6.346000000000000227e+02 1.950049660261262419e-01
6.347999999999999545e+02 1.978124337989627946e-01
6.350000000000000000e+02 2.006194920542017368e-01
6.352000000000000455e+02 2.034425341395613152e-01
6.353999999999999773e+02 2.062895478972777696e-01
6.356000000000000227e+02 2.091521947235070178e-01
6.357999999999999545e+02 2.120459472259515754e-01
6.360000000000000000e+02 2.149806852696784509e-01
6.362000000000000455e+02 2.179421356595674375e-01
6.363999999999999773e+02 2.209497661849856576e-01
6.366000000000000227e+02 2.240104627448804842e-01
6.367999999999999545e+02 2.271075942647120816e-01
6.370000000000000000e+02 2.302589502551254386e-01
6.372000000000000455e+02 2.334564719237059993e-01
6.373999999999999773e+02 2.366718838216367859e-01
6.376000000000000227e+02 2.399163506860003126e-01
6.377999999999999545e+02 2.431796445316705968e-01
6.380000000000000000e+02 2.464485858703344134e-01
6.382000000000000455e+02 2.497483226124685429e-01
6.383999999999999773e+02 2.530749147061340798e-01
6.386000000000000227e+02 2.564186203804760256e-01
6.387999999999999545e+02 2.597921770378255890e-01
6.390000000000000000e+02 2.632087872581210242e-01
6.392000000000000455e+02 2.666630685919921251e-01
6.393999999999999773e+02 2.701350112360728084e-01
6.396000000000000227e+02 2.736459656569186771e-01
6.397999999999999545e+02 2.771971675304466531e-01
6.400000000000000000e+02 2.807688788901362420e-01
6.402000000000000455e+02 2.843809783298704152e-01
6.403999999999999773e+02 2.880248363787729082e-01
6.406000000000000227e+02 2.916821565640869696e-01
6.407999999999999545e+02 2.953788895704409501e-01
6.410000000000000000e+02 2.991029517940689830e-01
6.412000000000000455e+02 3.028380891935193442e-01
6.413999999999999773e+02 3.066045599600834004e-01
6.416000000000000227e+02 3.103861728153636812e-01
6.417999999999999545e+02 3.141753136484607412e-01
6.420000000000000000e+02 3.179938856142722758e-01
6.422000000000000455e+02 3.218233606102503530e-01
6.423999999999999773e+02 3.256528091728252972e-01
6.426000000000000227e+02 3.294947544401052864e-01
6.427999999999999545e+02 3.333612337105688606e-01
6.430000000000000000e+02 3.372450751331567687e-01
6.432000000000000455e+02 3.411385659144680615e-01
6.433999999999999773e+02 3.450717442594860018e-01
6.436000000000000227e+02 3.490343622226875775e-01
6.437999999999999545e+02 3.530109405860795690e-01
6.440000000000000000e+02 3.570300197649932117e-01
6.442000000000000455e+02 3.610751099479553305e-01
6.443999999999999773e+02 3.651348931366442674e-01
6.446000000000000227e+02 3.692353977954929145e-01
6.447999999999999545e+02 3.733602284062030874e-01
6.450000000000000000e+02 3.775089946191411694e-01
6.452000000000000455e+02 3.817061722157013004e-01
6.453999999999999773e+02 3.859248920885892109e-01
6.456000000000000227e+02 3.901507973600095158e-01
6.457999999999999545e+02 3.943930062991485852e-01
6.460000000000000000e+02 3.986585129268637728e-01
6.462000000000000455e+02 4.029260150283308084e-01
6.463999999999999773e+02 4.071768636360473814e-01
6.466000000000000227e+02 4.114357457832378828e-01
6.467999999999999545e+02 4.156881288495078985e-01
6.470000000000000000e+02 4.199264633804178359e-01
6.472000000000000455e+02 4.241852046637722418e-01
6.473999999999999773e+02 4.284468282993532107e-01
6.476000000000000227e+02 4.327084067416259172e-01
6.477999999999999545e+02 4.370007114990189234e-01
6.480000000000000000e+02 4.413015252850746584e-01
6.482000000000000455e+02 4.456111033168415614e-01
6.483999999999999773e+02 4.499503592897209359e-01
6.486000000000000227e+02 4.542904834859375907e-01
6.487999999999999545e+02 4.586397297593616251e-01
6.490000000000000000e+02 4.630218257408352800e-01
6.492000000000000455e+02 4.674159545428294704e-01
6.493999999999999773e+02 4.718212142392980146e-01
6.496000000000000227e+02 4.762497408052907555e-01
6.497999999999999545e+02 4.807058358043865831e-01
6.500000000000000000e+02 4.851632396756941357e-01
6.502000000000000455e+02 4.896139123739152166e-01
6.503999999999999773e+02 4.940802687978944063e-01
6.506000000000000227e+02 4.985298080385701658e-01
6.507999999999999545e+02 5.029582325035002466e-01
6.510000000000000000e+02 5.073947559768592352e-01
6.512000000000000455e+02 5.118194175397600132e-01
6.513999999999999773e+02 5.162404035004160008e-01
6.516000000000000227e+02 5.206766335973941340e-01
6.517999999999999545e+02 5.250968861864462323e-01
6.520000000000000000e+02 5.295125949625576478e-01
6.522000000000000455e+02 5.339384547547033621e-01
6.523999999999999773e+02 5.383419819606316548e-01
6.526000000000000227e+02 5.427372247828387009e-01
6.527999999999999545e+02 5.471344281167729307e-01
6.530000000000000000e+02 5.515090858710338662e-01
6.532000000000000455e+02 5.558668098606869279e-01
6.533999999999999773e+02 5.602213010296237528e-01
6.536000000000000227e+02 5.645758229560309260e-01
6.537999999999999545e+02 5.689080241041094554e-01
6.540000000000000000e+02 5.732284267581679860e-01
6.542000000000000455e+02 5.775617477697267965e-01
6.543999999999999773e+02 5.818806640163776134e-01
6.546000000000000227e+02 5.861929178495236537e-01
6.547999999999999545e+02 5.905094324302475606e-01
6.550000000000000000e+02 5.947924004261718745e-01
6.552000000000000455e+02 5.990531113951066411e-01
6.553999999999999773e+02 6.033022037762471035e-01
6.556000000000000227e+02 6.075137907820775673e-01
6.557999999999999545e+02 6.117080930218598001e-01
6.560000000000000000e+02 6.158905053440624222e-01
6.562000000000000455e+02 6.200393344140434637e-01
6.563999999999999773e+02 6.241855596507569492e-01
6.566000000000000227e+02 6.283337433692279816e-01
6.567999999999999545e+02 6.324595163066613068e-01
6.570000000000000000e+02 6.365668052155449841e-01
6.572000000000000455e+02 6.406667550960536417e-01
6.573999999999999773e+02 6.447594368331748260e-01
6.576000000000000227e+02 6.488218059464269105e-01
6.577999999999999545e+02 6.528727638576238279e-01
6.580000000000000000e+02 6.569324622799083135e-01
6.582000000000000455e+02 6.609884352152558540e-01
6.583999999999999773e+02 6.650717996115578234e-01
6.586000000000000227e+02 6.691916435723477274e-01
6.587999999999999545e+02 6.733148059756939308e-01
6.590000000000000000e+02 6.774585103230771344e-01
6.592000000000000455e+02 6.816196434257418835e-01
6.593999999999999773e+02 6.857720908310938057e-01
6.596000000000000227e+02 6.899312956962796450e-01
6.597999999999999545e+02 6.940833787335918270e-01
6.600000000000000000e+02 6.981998015244771372e-01
6.602000000000000455e+02 7.022887576857006486e-01
6.603999999999999773e+02 7.063634677008548968e-01
6.606000000000000227e+02 7.104215147458647905e-01
6.607999999999999545e+02 7.144378727762317194e-01
6.610000000000000000e+02 7.184279959715154096e-01
6.612000000000000455e+02 7.223951830456624146e-01
6.613999999999999773e+02 7.263096260108579116e-01
6.616000000000000227e+02 7.301940910763590198e-01
6.617999999999999545e+02 7.340511011396699814e-01
6.620000000000000000e+02 7.378533068909003401e-01
6.622000000000000455e+02 7.416127772114698979e-01
6.623999999999999773e+02 7.453186406672318576e-01
6.626000000000000227e+02 7.489518685474352289e-01
6.627999999999999545e+02 7.525409321559095588e-01
6.630000000000000000e+02 7.560846664352978141e-01
6.632000000000000455e+02 7.595775101016747355e-01
6.633999999999999773e+02 7.630477390624285094e-01
6.636000000000000227e+02 7.664865420876555424e-01
6.637999999999999545e+02 7.698770532281911105e-01
6.640000000000000000e+02 7.732207218351881961e-01
6.642000000000000455e+02 7.765243271845732043e-01
6.643999999999999773e+02 7.797860135098997336e-01
6.646000000000000227e+02 7.830007948237035498e-01
6.647999999999999545e+02 7.861963878568291042e-01
6.650000000000000000e+02 7.893759173932791695e-01
6.652000000000000455e+02 7.925255785542786313e-01
6.653999999999999773e+02 7.956660576388761008e-01
6.656000000000000227e+02 7.987913724261104242e-01
6.657999999999999545e+02 8.018902680849420150e-01
6.660000000000000000e+02 8.049850732504019168e-01
6.662000000000000455e+02 8.080642604178623900e-01
6.663999999999999773e+02 8.111182910413829994e-01
6.666000000000000227e+02 8.141675448532801340e-01
6.667999999999999545e+02 8.171989322064771022e-01
6.670000000000000000e+02 8.202106062848371071e-01
6.672000000000000455e+02 8.232230102055555498e-01
6.673999999999999773e+02 8.262174290185947401e-01
6.676000000000000227e+02 8.291816421143299864e-01
6.677999999999999545e+02 8.321218395728913197e-01
6.680000000000000000e+02 8.350471616768472272e-01
6.682000000000000455e+02 8.379462760381495290e-01
6.683999999999999773e+02 8.408061225940796080e-01
6.686000000000000227e+02 8.436429594799538245e-01
6.687999999999999545e+02 8.464457964379552557e-01
6.690000000000000000e+02 8.492057671220160087e-01
6.692000000000000455e+02 8.519440189997977697e-01
6.693999999999999773e+02 8.546490919772207207e-01
6.696000000000000227e+02 8.573152404653350267e-01
6.697999999999999545e+02 8.599574994876735268e-01
6.700000000000000000e+02 8.625581151439155603e-01
6.702000000000000455e+02 8.651147016827612779e-01
6.703999999999999773e+02 8.676436211832426748e-01
6.706000000000000227e+02 8.701349993221390022e-01
6.707999999999999545e+02 8.725976093838923031e-01
6.710000000000000000e+02 8.750491055141021990e-01
6.712000000000000455e+02 8.774807227141642185e-01
6.713999999999999773e+02 8.798895607792328599e-01
6.716000000000000227e+02 8.822759981939964913e-01
6.717999999999999545e+02 8.846336285950914258e-01
6.720000000000000000e+02 8.869458532031926357e-01
6.722000000000000455e+02 8.892062728322136511e-01
6.723999999999999773e+02 8.914240176528752668e-01
6.726000000000000227e+02 8.935796814176328873e-01
6.727999999999999545e+02 8.956658579558394173e-01
6.730000000000000000e+02 8.976946069910588522e-01
6.732000000000000455e+02 8.996599299900734925e-01
6.733999999999999773e+02 9.015701311894332992e-01
6.736000000000000227e+02 9.034401719945852616e-01
6.737999999999999545e+02 9.052606386243210457e-01
6.740000000000000000e+02 9.070453703045536775e-01
6.742000000000000455e+02 9.088167427429540979e-01
6.743999999999999773e+02 9.105795092884518827e-01
6.746000000000000227e+02 9.123519742521175591e-01
6.747999999999999545e+02 9.141454852071692061e-01
6.750000000000000000e+02 9.159510994606333556e-01
6.752000000000000455e+02 9.177756290229025504e-01
6.753999999999999773e+02 9.196304119987440684e-01
6.756000000000000227e+02 9.215191903306972909e-01
6.757999999999999545e+02 9.234234252837684176e-01
6.760000000000000000e+02 9.253319065870542204e-01
6.762000000000000455e+02 9.272380590769716546e-01
6.763999999999999773e+02 9.291142485668620887e-01
6.766000000000000227e+02 9.309546104029846614e-01
6.767999999999999545e+02 9.327613800053227155e-01
6.770000000000000000e+02 9.345163749788459873e-01
6.772000000000000455e+02 9.362205246215005161e-01
6.773999999999999773e+02 9.378757449870648299e-01
6.776000000000000227e+02 9.394683404575731034e-01
6.777999999999999545e+02 9.410001699440019296e-01
6.780000000000000000e+02 9.424749397468149548e-01
6.782000000000000455e+02 9.438936145520092635e-01
6.783999999999999773e+02 9.452734773410204072e-01
6.786000000000000227e+02 9.466334949863900450e-01
6.787999999999999545e+02 9.479852801500139314e-01
6.790000000000000000e+02 9.493270340458925816e-01
6.792000000000000455e+02 9.506702601710188549e-01
6.793999999999999773e+02 9.520340409133741799e-01
6.796000000000000227e+02 9.534265007429006955e-01
6.797999999999999545e+02 9.548584824634729351e-01
6.800000000000000000e+02 9.563295064753372099e-01
6.802000000000000455e+02 9.578163831106892845e-01
6.803999999999999773e+02 9.593155936555510799e-01
6.806000000000000227e+02 9.608230938013522238e-01
6.807999999999999545e+02 9.623235990260742279e-01
6.810000000000000000e+02 9.638153149187334012e-01
6.812000000000000455e+02 9.652882028828865257e-01
6.813999999999999773e+02 9.667245225988458923e-01
6.816000000000000227e+02 9.681275740683997766e-01
6.817999999999999545e+02 9.694948439072779145e-01
6.820000000000000000e+02 9.708183805796842814e-01
6.822000000000000455e+02 9.720987942548077188e-01
6.823999999999999773e+02 9.733338921575446223e-01
6.826000000000000227e+02 9.745176179693381124e-01
6.827999999999999545e+02 9.756431753786953820e-01
6.830000000000000000e+02 9.767166059471246164e-01
6.832000000000000455e+02 9.777406490543185669e-01
6.833999999999999773e+02 9.787064759370266431e-01
6.836000000000000227e+02 9.796188657070014072e-01
6.837999999999999545e+02 9.804773648167766087e-01
6.840000000000000000e+02 9.812735427963037438e-01
6.842000000000000455e+02 9.820142811440233377e-01
6.843999999999999773e+02 9.827075442097714664e-01
6.846000000000000227e+02 9.833618179750853727e-01
6.847999999999999545e+02 9.839934142783750559e-01
6.850000000000000000e+02 9.846056688169089188e-01
6.852000000000000455e+02 9.851944781766869275e-01
6.853999999999999773e+02 9.857612442074599191e-01
6.856000000000000227e+02 9.863136901436772019e-01
6.857999999999999545e+02 9.868649254084773670e-01
6.860000000000000000e+02 9.874308672713778545e-01
6.862000000000000455e+02 9.880192654608237479e-01
6.863999999999999773e+02 9.886289671985994953e-01
6.866000000000000227e+02 9.892531530296105879e-01
6.867999999999999545e+02 9.898911233152286604e-01
6.870000000000000000e+02 9.905393627099461362e-01
6.872000000000000455e+02 9.911905070974346144e-01
6.873999999999999773e+02 9.918382464760191475e-01
6.876000000000000227e+02 9.924678074138280071e-01
6.877999999999999545e+02 9.930631875847952816e-01
6.880000000000000000e+02 9.936196636554670558e-01
6.882000000000000455e+02 9.941273546996861610e-01
6.883999999999999773e+02 9.945759198511541221e-01
6.886000000000000227e+02 9.949616466267870996e-01
6.887999999999999545e+02 9.952869304009768214e-01
6.890000000000000000e+02 9.955638299263958046e-01
6.892000000000000455e+02 9.958132717255163691e-01
6.893999999999999773e+02 9.960512835554772293e-01
6.896000000000000227e+02 9.962892101836968717e-01
6.897999999999999545e+02 9.965358380790900750e-01
6.900000000000000000e+02 9.968014093877961557e-01
6.902000000000000455e+02 9.970905714512163787e-01
6.903999999999999773e+02 9.974033175860287370e-01
6.906000000000000227e+02 9.977392468278055704e-01
6.907999999999999545e+02 9.980938684013140882e-01
6.910000000000000000e+02 9.984588960868117091e-01
6.912000000000000455e+02 9.988219630900464496e-01
6.913999999999999773e+02 9.991602814254083587e-01
6.916000000000000227e+02 9.994530664907549378e-01
6.917999999999999545e+02 9.996893991263678947e-01
6.920000000000000000e+02 9.998615597939338739e-01
6.922000000000000455e+02 9.999654112909732717e-01
6.923999999999999773e+02 1.000000000000000000e+00
6.926000000000000227e+02 9.999646967934329167e-01
6.927999999999999545e+02 9.998551075686719081e-01
6.930000000000000000e+02 9.996666800456969204e-01
6.932000000000000455e+02 9.994036654979711054e-01
6.933999999999999773e+02 9.990754965981877289e-01
6.936000000000000227e+02 9.986866503477551671e-01
6.937999999999999545e+02 9.982279122369801527e-01
6.940000000000000000e+02 9.977005797321948366e-01
6.942000000000000455e+02 9.971098819825749970e-01
6.943999999999999773e+02 9.964586617805838431e-01
6.946000000000000227e+02 9.957538189222321368e-01
6.947999999999999545e+02 9.949980993736305956e-01
6.950000000000000000e+02 9.941903728396037643e-01
6.952000000000000455e+02 9.933411763082500290e-01
6.953999999999999773e+02 9.924585967207303350e-01
6.956000000000000227e+02 9.915473164791642757e-01
6.957999999999999545e+02 9.906161279455344415e-01
6.960000000000000000e+02 9.896628143851398107e-01
6.962000000000000455e+02 9.886796818764864714e-01
6.963999999999999773e+02 9.876679069711371550e-01
6.966000000000000227e+02 9.866539516388933562e-01
6.967999999999999545e+02 9.856605895034992182e-01
6.970000000000000000e+02 9.846851736515308540e-01
6.972000000000000455e+02 9.837385309703291503e-01
6.973999999999999773e+02 9.828314543311688078e-01
6.976000000000000227e+02 9.819628179858886918e-01
6.977999999999999545e+02 9.811301071876729063e-01
6.980000000000000000e+02 9.803283490236128772e-01
6.982000000000000455e+02 9.795488201620750068e-01
6.983999999999999773e+02 9.787826783529318675e-01
6.986000000000000227e+02 9.780207717299763681e-01
6.987999999999999545e+02 9.772527987732702037e-01
6.990000000000000000e+02 9.764649999177628104e-01
6.992000000000000455e+02 9.756427892807348901e-01
6.993999999999999773e+02 9.747745523814561608e-01
6.996000000000000227e+02 9.738621383744495708e-01
6.997999999999999545e+02 9.729086752327356091e-01
7.000000000000000000e+02 9.719114888712522271e-01
7.002000000000000455e+02 9.708673325072679772e-01
7.003999999999999773e+02 9.697728376403053074e-01
7.006000000000000227e+02 9.686253541784776155e-01
7.007999999999999545e+02 9.674271839638677317e-01
7.010000000000000000e+02 9.661835599342609715e-01
7.012000000000000455e+02 9.649007523173982470e-01
7.013999999999999773e+02 9.635822563310387778e-01
7.016000000000000227e+02 9.622341712132070901e-01
7.017999999999999545e+02 9.608680593419212101e-01
7.020000000000000000e+02 9.594986892819893365e-01
7.022000000000000455e+02 9.581420619216147738e-01
7.023999999999999773e+02 9.568132988565594133e-01
7.026000000000000227e+02 9.555208635709508957e-01
7.027999999999999545e+02 9.542644588188733401e-01
7.030000000000000000e+02 9.530378058138828656e-01
7.032000000000000455e+02 9.518466907261756704e-01
7.033999999999999773e+02 9.506938373380730001e-01
7.036000000000000227e+02 9.495737851305339206e-01
7.037999999999999545e+02 9.484843080868502474e-01
7.040000000000000000e+02 9.474244719973831108e-01
7.042000000000000455e+02 9.463910580230312508e-01
7.043999999999999773e+02 9.453692172920700187e-01
7.046000000000000227e+02 9.443440202150559237e-01
7.047999999999999545e+02 9.433064636339916209e-01
7.050000000000000000e+02 9.422563056749101440e-01
7.052000000000000455e+02 9.411900377455575395e-01
7.053999999999999773e+02 9.400980247315369187e-01
7.056000000000000227e+02 9.389727273930557061e-01
7.057999999999999545e+02 9.378086678498149809e-01
7.060000000000000000e+02 9.366018407547976876e-01
7.062000000000000455e+02 9.353482040428008348e-01
7.063999999999999773e+02 9.340465775420810912e-01
7.066000000000000227e+02 9.326979118528768709e-01
7.067999999999999545e+02 9.312988498024455941e-01
7.070000000000000000e+02 9.298444370469903797e-01
7.072000000000000455e+02 9.283333794418345830e-01
7.073999999999999773e+02 9.267809101989951115e-01
7.076000000000000227e+02 9.251944175071550314e-01
7.077999999999999545e+02 9.235710718317731160e-01
7.080000000000000000e+02 9.219163489629896846e-01
7.082000000000000455e+02 9.202345903128161808e-01
7.083999999999999773e+02 9.185265355235900930e-01
7.086000000000000227e+02 9.167919512148611227e-01
7.087999999999999545e+02 9.150340607951344962e-01
7.090000000000000000e+02 9.132604990579604731e-01
7.092000000000000455e+02 9.114823034621646336e-01
7.093999999999999773e+02 9.097121845952985675e-01
7.096000000000000227e+02 9.079607634279523998e-01
7.097999999999999545e+02 9.062277319772968909e-01
7.100000000000000000e+02 9.045067286047983046e-01
7.102000000000000455e+02 9.027906690522196076e-01
7.103999999999999773e+02 9.010810528711497014e-01
7.106000000000000227e+02 8.993745849865432129e-01
7.107999999999999545e+02 8.976614099931099489e-01
7.110000000000000000e+02 8.959296411250470271e-01
7.112000000000000455e+02 8.941658523584313789e-01
7.113999999999999773e+02 8.923601298522664260e-01
7.116000000000000227e+02 8.905171743692993358e-01
7.117999999999999545e+02 8.886370590965924077e-01
7.120000000000000000e+02 8.867165109861494532e-01
7.122000000000000455e+02 8.847618708553691702e-01
7.123999999999999773e+02 8.827779771287596056e-01
7.126000000000000227e+02 8.807659427046141687e-01
7.127999999999999545e+02 8.787241776070664478e-01
7.130000000000000000e+02 8.766524916584615967e-01
7.132000000000000455e+02 8.745507438428610225e-01
7.133999999999999773e+02 8.724144686734214282e-01
7.136000000000000227e+02 8.702397038613881586e-01
7.137999999999999545e+02 8.680249076101700378e-01
7.140000000000000000e+02 8.657727274934079453e-01
7.142000000000000455e+02 8.634878766699749519e-01
7.143999999999999773e+02 8.611755374700684751e-01
7.146000000000000227e+02 8.588393624060912668e-01
7.147999999999999545e+02 8.564818647560323850e-01
7.150000000000000000e+02 8.541000638388414057e-01
7.152000000000000455e+02 8.516787461554539140e-01
7.153999999999999773e+02 8.492164629315256397e-01
7.156000000000000227e+02 8.467202066037435859e-01
7.157999999999999545e+02 8.441900195741220969e-01
7.160000000000000000e+02 8.416335812608732869e-01
7.162000000000000455e+02 8.390644461136194110e-01
7.163999999999999773e+02 8.364963691349275310e-01
7.166000000000000227e+02 8.339511232751009029e-01
7.167999999999999545e+02 8.314535836888645726e-01
7.170000000000000000e+02 8.290220811133144352e-01
7.172000000000000455e+02 8.266635765969334582e-01
7.173999999999999773e+02 8.243751096364952957e-01
7.176000000000000227e+02 8.221463793314350843e-01
7.177999999999999545e+02 8.199702214191958438e-01
7.180000000000000000e+02 8.178405745556793782e-01
7.182000000000000455e+02 8.157473304933000602e-01
7.183999999999999773e+02 8.136762929490886087e-01
7.186000000000000227e+02 8.116140520086960741e-01
7.187999999999999545e+02 8.095536992297301948e-01
7.190000000000000000e+02 8.074862892998969643e-01
7.192000000000000455e+02 8.054041260966630089e-01
7.193999999999999773e+02 8.033057584142008212e-01
7.196000000000000227e+02 8.011853480924090443e-01
7.197999999999999545e+02 7.990387810498933430e-01
7.200000000000000000e+02 7.968716379425684337e-01
7.202000000000000455e+02 7.946837776082055216e-01
7.203999999999999773e+02 7.924772650646719763e-01
7.206000000000000227e+02 7.902667967033930596e-01
7.207999999999999545e+02 7.880667286656523052e-01
7.210000000000000000e+02 7.858932461041470141e-01
7.212000000000000455e+02 7.837676322258124717e-01
7.213999999999999773e+02 7.817050024018712406e-01
7.216000000000000227e+02 7.797128317037750334e-01
7.217999999999999545e+02 7.777905162910586645e-01
7.220000000000000000e+02 7.759353282195783352e-01
7.222000000000000455e+02 7.741406039065242828e-01
7.223999999999999773e+02 7.723925521199560551e-01
7.226000000000000227e+02 7.706704491887704789e-01
7.227999999999999545e+02 7.689508967343987589e-01
7.230000000000000000e+02 7.672126482840621042e-01
7.232000000000000455e+02 7.654456227723170914e-01
7.233999999999999773e+02 7.636467350882266691e-01
7.236000000000000227e+02 7.618168567505508859e-01
7.237999999999999545e+02 7.599649808974053844e-01
7.240000000000000000e+02 7.580943712701967430e-01
7.242000000000000455e+02 7.561930251918862478e-01
7.243999999999999773e+02 7.542565599846837721e-01
7.246000000000000227e+02 7.522871450980914698e-01
7.247999999999999545e+02 7.502912900180674916e-01
7.250000000000000000e+02 7.482782852681723051e-01
7.252000000000000455e+02 7.462547378976722712e-01
7.253999999999999773e+02 7.442214728564647830e-01
7.256000000000000227e+02 7.421817342642387239e-01
7.257999999999999545e+02 7.401399670101234118e-01
7.260000000000000000e+02 7.381002533204221727e-01
7.262000000000000455e+02 7.360651316189991133e-01
7.263999999999999773e+02 7.340366855151068126e-01
7.266000000000000227e+02 7.320163073772792961e-01
7.267999999999999545e+02 7.299988685631170204e-01
7.270000000000000000e+02 7.279728154898140735e-01
7.272000000000000455e+02 7.259217800449615510e-01
7.273999999999999773e+02 7.238352063686039894e-01
7.276000000000000227e+02 7.217092803041997850e-01
7.277999999999999545e+02 7.195453920630732192e-01
7.280000000000000000e+02 7.173385195482978594e-01
7.282000000000000455e+02 7.150948572556264926e-01
7.283999999999999773e+02 7.128387429659370778e-01
7.286000000000000227e+02 7.105841135058734714e-01
7.287999999999999545e+02 7.083448543225779881e-01
7.290000000000000000e+02 7.061394210856910547e-01
7.292000000000000455e+02 7.039779741361195109e-01
7.293999999999999773e+02 7.018632701115934402e-01
7.296000000000000227e+02 6.997918696276917983e-01
7.297999999999999545e+02 6.977579801089431877e-01
7.300000000000000000e+02 6.957563053765725147e-01
7.302000000000000455e+02 6.937837707612171112e-01
7.303999999999999773e+02 6.918409688127706847e-01
7.306000000000000227e+02 6.899271868737959501e-01
7.307999999999999545e+02 6.880375722945990535e-01
7.310000000000000000e+02 6.861623916010151092e-01
7.312000000000000455e+02 6.842926342089603597e-01
7.313999999999999773e+02 6.824232263131219112e-01
7.316000000000000227e+02 6.805548792707750705e-01
7.317999999999999545e+02 6.786897768740991488e-01
7.320000000000000000e+02 6.768303213081353631e-01
7.322000000000000455e+02 6.749813542771910813e-01
7.323999999999999773e+02 6.731339339098734165e-01
7.326000000000000227e+02 6.712661886258713961e-01
7.327999999999999545e+02 6.693753315850523578e-01
7.330000000000000000e+02 6.674646920324068811e-01
7.332000000000000455e+02 6.655370805863103367e-01
7.333999999999999773e+02 6.635918705967379649e-01
7.336000000000000227e+02 6.616276286558093744e-01
7.337999999999999545e+02 6.596419920317299068e-01
7.340000000000000000e+02 6.576275182518673823e-01
7.342000000000000455e+02 6.555736713466697729e-01
7.343999999999999773e+02 6.534695166729349580e-01
7.346000000000000227e+02 6.513102634771980037e-01
7.347999999999999545e+02 6.490937265607629181e-01
7.350000000000000000e+02 6.468195257862662251e-01
7.352000000000000455e+02 6.444910217119863560e-01
7.353999999999999773e+02 6.421188478012238576e-01
7.356000000000000227e+02 6.397194802704688765e-01
7.357999999999999545e+02 6.373068501156837762e-01
7.360000000000000000e+02 6.348943193426973552e-01
7.362000000000000455e+02 6.324928216085224930e-01
7.363999999999999773e+02 6.301035227662438176e-01
7.366000000000000227e+02 6.277339130708364801e-01
7.367999999999999545e+02 6.253950484901399376e-01
7.370000000000000000e+02 6.230798589396978615e-01
7.372000000000000455e+02 6.207869546576355591e-01
7.373999999999999773e+02 6.185223843656472154e-01
7.376000000000000227e+02 6.162848199310896335e-01
7.377999999999999545e+02 6.140677009794267560e-01
7.380000000000000000e+02 6.118658555806248955e-01
7.382000000000000455e+02 6.096902948041337256e-01
7.383999999999999773e+02 6.075560986649339856e-01
7.386000000000000227e+02 6.054740582206198374e-01
7.387999999999999545e+02 6.034387071508100497e-01
7.390000000000000000e+02 6.014395197106203739e-01
7.392000000000000455e+02 5.994657303166939233e-01
7.393999999999999773e+02 5.975100388833135545e-01
7.396000000000000227e+02 5.955614921331201517e-01
7.397999999999999545e+02 5.936062904133814211e-01
7.400000000000000000e+02 5.916334839184381744e-01
7.402000000000000455e+02 5.896334624779276945e-01
7.403999999999999773e+02 5.876006134080882237e-01
7.406000000000000227e+02 5.855392910083542235e-01
7.407999999999999545e+02 5.834448213733350874e-01
7.410000000000000000e+02 5.813079819542057436e-01
7.412000000000000455e+02 5.791315468209836670e-01
7.413999999999999773e+02 5.769122927009241453e-01
7.416000000000000227e+02 5.746422517431818422e-01
7.417999999999999545e+02 5.723189189521489251e-01
7.420000000000000000e+02 5.699491159233801563e-01
7.422000000000000455e+02 5.675448132013148905e-01
7.423999999999999773e+02 5.651149646046201847e-01
7.426000000000000227e+02 5.626695958614870152e-01
7.427999999999999545e+02 5.602223492581722697e-01
7.430000000000000000e+02 5.577933116646370815e-01
7.432000000000000455e+02 5.554004185623507839e-01
7.433999999999999773e+02 5.530570916150481242e-01
7.436000000000000227e+02 5.507706695960344900e-01
7.437999999999999545e+02 5.485450023764342209e-01
7.440000000000000000e+02 5.463782043151115264e-01
7.442000000000000455e+02 5.442579714611562869e-01
7.443999999999999773e+02 5.421707879437234201e-01
7.446000000000000227e+02 5.401034663161385918e-01
7.447999999999999545e+02 5.380439966182039013e-01
7.450000000000000000e+02 5.359938680470968109e-01
7.452000000000000455e+02 5.339555764711210184e-01
7.453999999999999773e+02 5.319137868720614781e-01
7.456000000000000227e+02 5.298630343872875459e-01
7.457999999999999545e+02 5.278076499219653828e-01
7.460000000000000000e+02 5.257562713233543406e-01
7.462000000000000455e+02 5.237179858756982886e-01
7.463999999999999773e+02 5.217007297918807573e-01
7.466000000000000227e+02 5.197096175575985910e-01
7.467999999999999545e+02 5.177453009077214174e-01
7.470000000000000000e+02 5.158051909716371286e-01
7.472000000000000455e+02 5.138854594537365372e-01
7.473999999999999773e+02 5.119874033923120793e-01
7.476000000000000227e+02 5.101167945529987424e-01
7.477999999999999545e+02 5.082814207463807188e-01
7.480000000000000000e+02 5.064799453505823834e-01
7.482000000000000455e+02 5.047075503950183561e-01
7.483999999999999773e+02 5.029632262315879565e-01
7.486000000000000227e+02 5.012449177498271569e-01
7.487999999999999545e+02 4.995524850929634053e-01
7.490000000000000000e+02 4.978897426852615382e-01
7.492000000000000455e+02 4.962454915062041172e-01
7.493999999999999773e+02 4.946052731028402483e-01
7.496000000000000227e+02 4.929646643413322926e-01
7.497999999999999545e+02 4.913213925444073205e-01
7.500000000000000000e+02 4.896741137470581595e-01
7.502000000000000455e+02 4.880220881822000534e-01
7.503999999999999773e+02 4.863628529255362709e-01
7.506000000000000227e+02 4.846914078190041608e-01
7.507999999999999545e+02 4.830005165710347104e-01
7.510000000000000000e+02 4.812893028957644370e-01
7.512000000000000455e+02 4.795615764204755327e-01
7.513999999999999773e+02 4.778229084987258846e-01
7.516000000000000227e+02 4.760723828374489597e-01
7.517999999999999545e+02 4.743056554821039050e-01
7.520000000000000000e+02 4.725176090039537868e-01
7.522000000000000455e+02 4.707003289476726082e-01
7.523999999999999773e+02 4.688430313626294477e-01
7.526000000000000227e+02 4.669332554262697332e-01
7.527999999999999545e+02 4.649662838525677744e-01
7.530000000000000000e+02 4.629365363360423702e-01
7.532000000000000455e+02 4.608334441352461841e-01
7.533999999999999773e+02 4.586635054376663745e-01
7.536000000000000227e+02 4.564375118582101321e-01
7.537999999999999545e+02 4.541615649793974696e-01
7.540000000000000000e+02 4.518471463753860329e-01
7.542000000000000455e+02 4.495072209071880875e-01
7.543999999999999773e+02 4.471535567604206785e-01
7.546000000000000227e+02 4.447999544585173881e-01
7.547999999999999545e+02 4.424602946079734811e-01
7.550000000000000000e+02 4.401468399596779046e-01
7.552000000000000455e+02 4.378691499097887574e-01
7.553999999999999773e+02 4.356319780198211755e-01
7.556000000000000227e+02 4.334340877256125935e-01
7.557999999999999545e+02 4.312716111273838804e-01
7.560000000000000000e+02 4.291373572717546159e-01
7.562000000000000455e+02 4.270216735591994550e-01
7.563999999999999773e+02 4.249217029599222650e-01
7.566000000000000227e+02 4.228409571665422417e-01
7.567999999999999545e+02 4.207855744515887619e-01
7.570000000000000000e+02 4.187467608893892801e-01
7.572000000000000455e+02 4.167208161267767497e-01
7.573999999999999773e+02 4.147171988238078089e-01
7.576000000000000227e+02 4.127379815149657127e-01
7.577999999999999545e+02 4.107850531478380307e-01
7.580000000000000000e+02 4.088628549546514113e-01
7.582000000000000455e+02 4.069702488449593591e-01
7.583999999999999773e+02 4.051062417508639046e-01
7.586000000000000227e+02 4.032719665001736620e-01
7.587999999999999545e+02 4.014656671479714944e-01
7.590000000000000000e+02 3.996869316341641887e-01
7.592000000000000455e+02 3.979384476634857393e-01
7.593999999999999773e+02 3.962236751906530463e-01
7.596000000000000227e+02 3.945415206569453659e-01
7.597999999999999545e+02 3.928858264354873064e-01
7.600000000000000000e+02 3.912536840657003245e-01
7.602000000000000455e+02 3.896390872881271839e-01
7.603999999999999773e+02 3.880297538761153242e-01
7.606000000000000227e+02 3.864073143537927191e-01
7.607999999999999545e+02 3.847562876589645242e-01
7.610000000000000000e+02 3.830677599344443074e-01
7.612000000000000455e+02 3.813385490416537071e-01
7.613999999999999773e+02 3.795657304462692339e-01
7.616000000000000227e+02 3.777491650857109362e-01
7.617999999999999545e+02 3.759076539463603317e-01
7.620000000000000000e+02 3.740573185024573255e-01
7.622000000000000455e+02 3.722059988938294928e-01
7.623999999999999773e+02 3.703631765326766412e-01
7.626000000000000227e+02 3.685363631628294501e-01
7.627999999999999545e+02 3.667302478025558643e-01
7.630000000000000000e+02 3.649484536966150494e-01
7.632000000000000455e+02 3.631848309787172879e-01
7.633999999999999773e+02 3.614298159786863418e-01
7.636000000000000227e+02 3.596985992713381264e-01
7.637999999999999545e+02 3.579882092325056275e-01
7.640000000000000000e+02 3.562752902654227616e-01
7.642000000000000455e+02 3.545542529568549428e-01
7.643999999999999773e+02 3.528231493831138765e-01
7.646000000000000227e+02 3.510798526690683818e-01
7.647999999999999545e+02 3.493285478308567615e-01
7.650000000000000000e+02 3.475733049091048743e-01
7.652000000000000455e+02 3.458156132127975790e-01
7.653999999999999773e+02 3.440564940637309554e-01
7.656000000000000227e+02 3.422977073885077881e-01
7.657999999999999545e+02 3.405427568410872574e-01
7.660000000000000000e+02 3.387987903664366196e-01
7.662000000000000455e+02 3.370752128740970299e-01
7.663999999999999773e+02 3.353829892431233750e-01
7.666000000000000227e+02 3.337342939587459867e-01
7.667999999999999545e+02 3.321401199207248967e-01
7.670000000000000000e+02 3.306077297646660140e-01
7.672000000000000455e+02 3.291367835638738248e-01
7.673999999999999773e+02 3.277230172834437738e-01
7.676000000000000227e+02 3.263616040619982117e-01
7.677999999999999545e+02 3.250504142489002990e-01
7.680000000000000000e+02 3.237870881167184134e-01
7.682000000000000455e+02 3.225651346570714284e-01
7.683999999999999773e+02 3.213721277085782591e-01
7.686000000000000227e+02 3.201916510038263497e-01
7.687999999999999545e+02 3.190056549312397793e-01
7.690000000000000000e+02 3.177982641452647417e-01
7.692000000000000455e+02 3.165566377079467308e-01
7.693999999999999773e+02 3.152718939854102786e-01
7.696000000000000227e+02 3.139375251816101664e-01
7.697999999999999545e+02 3.125496518675118240e-01
7.700000000000000000e+02 3.111086578671486413e-01
7.702000000000000455e+02 3.096192894863225575e-01
7.703999999999999773e+02 3.080891494914457795e-01
7.706000000000000227e+02 3.065257498205848918e-01
7.707999999999999545e+02 3.049383937960704616e-01
7.710000000000000000e+02 3.033401334676717465e-01
7.712000000000000455e+02 3.017520178318440771e-01
7.713999999999999773e+02 3.001989537655999629e-01
7.716000000000000227e+02 2.987061285569264091e-01
7.717999999999999545e+02 2.972912557364064123e-01
7.720000000000000000e+02 2.959640507126735098e-01
7.722000000000000455e+02 2.947267080991868848e-01
7.723999999999999773e+02 2.935771565107400116e-01
7.726000000000000227e+02 2.925103999153615963e-01
7.727999999999999545e+02 2.915193758702726567e-01
7.730000000000000000e+02 2.905975420268299136e-01
7.732000000000000455e+02 2.897403161021174789e-01
7.733999999999999773e+02 2.889446390193827208e-01
7.736000000000000227e+02 2.882021446185069613e-01
7.737999999999999545e+02 2.874960564742194968e-01
7.740000000000000000e+02 2.867994639164022086e-01
7.742000000000000455e+02 2.860818192265925375e-01
7.743999999999999773e+02 2.853154241162942917e-01
7.746000000000000227e+02 2.844801205616261375e-01
7.747999999999999545e+02 2.835615889906446530e-01
7.750000000000000000e+02 2.825522650174177586e-01
7.752000000000000455e+02 2.814528526007447073e-01
7.753999999999999773e+02 2.802657349937234255e-01
7.756000000000000227e+02 2.789957686376872137e-01
7.757999999999999545e+02 2.776515460847236438e-01
7.760000000000000000e+02 2.762357621735937463e-01
7.762000000000000455e+02 2.747532727236787209e-01
7.763999999999999773e+02 2.732227622863082628e-01
7.766000000000000227e+02 2.716657597850288264e-01
7.767999999999999545e+02 2.701048075597752840e-01
7.770000000000000000e+02 2.685633725010906359e-01
7.772000000000000455e+02 2.670619391269531406e-01
7.773999999999999773e+02 2.656146135677737163e-01
7.776000000000000227e+02 2.642234007888012437e-01
7.777999999999999545e+02 2.628873313461063677e-01
7.780000000000000000e+02 2.616039392239780659e-01
7.782000000000000455e+02 2.603681497643204334e-01
7.783999999999999773e+02 2.591791430098808191e-01
7.786000000000000227e+02 2.580410982419472088e-01
7.787999999999999545e+02 2.569604667189887004e-01
7.790000000000000000e+02 2.559340016317589450e-01
7.792000000000000455e+02 2.549476759006931159e-01
7.793999999999999773e+02 2.539844868429050329e-01
7.796000000000000227e+02 2.530278032181541570e-01
7.797999999999999545e+02 2.520640097921323930e-01
7.800000000000000000e+02 2.510885853100134901e-01
7.802000000000000455e+02 2.501068573270728290e-01
7.803999999999999773e+02 2.491325343327440434e-01
7.806000000000000227e+02 2.481774622572978095e-01
7.807999999999999545e+02 2.472501514969478453e-01
7.810000000000000000e+02 2.463542524810550249e-01
7.812000000000000455e+02 2.454847683099769251e-01
7.813999999999999773e+02 2.446346940696081385e-01
7.816000000000000227e+02 2.437997309515811672e-01
7.817999999999999545e+02 2.429826150852056610e-01
7.820000000000000000e+02 2.421872557023141415e-01
7.822000000000000455e+02 2.414141669718112282e-01
7.823999999999999773e+02 2.406594157467715489e-01
7.826000000000000227e+02 2.399137070143899930e-01
7.827999999999999545e+02 2.391601058052699735e-01
7.830000000000000000e+02 2.383699874987843803e-01
7.832000000000000455e+02 2.375097808268821220e-01
7.833999999999999773e+02 2.365492582025676416e-01
7.836000000000000227e+02 2.354760961380054085e-01
7.837999999999999545e+02 2.342958194802510496e-01
7.840000000000000000e+02 2.330322279742625680e-01
7.842000000000000455e+02 2.317179617022596116e-01
7.843999999999999773e+02 2.303870041780552713e-01
7.846000000000000227e+02 2.290655987629181545e-01
7.847999999999999545e+02 2.277708649836263088e-01
7.850000000000000000e+02 2.265137204432366436e-01
7.852000000000000455e+02 2.253035909311602025e-01
7.853999999999999773e+02 2.241495857955899118e-01
7.856000000000000227e+02 2.230592732895122499e-01
7.857999999999999545e+02 2.220348824016733502e-01
7.860000000000000000e+02 2.210693444535710706e-01
7.862000000000000455e+02 2.201480931328458068e-01
7.863999999999999773e+02 2.192559271120906594e-01
7.866000000000000227e+02 2.183795081923542436e-01
7.867999999999999545e+02 2.175077632815000384e-01
7.870000000000000000e+02 2.166312543749937813e-01
7.872000000000000455e+02 2.157467771380094379e-01
7.873999999999999773e+02 2.148582476236111094e-01
7.876000000000000227e+02 2.139730349907923990e-01
7.877999999999999545e+02 2.130976312939180661e-01
7.880000000000000000e+02 2.122360689747982976e-01
7.882000000000000455e+02 2.113909483163338432e-01
7.883999999999999773e+02 2.105665799157803442e-01
7.886000000000000227e+02 2.097705318030236299e-01
7.887999999999999545e+02 2.090125800080795404e-01
7.890000000000000000e+02 2.083001908936771285e-01
7.892000000000000455e+02 2.076354696247649512e-01
7.893999999999999773e+02 2.070150733249472574e-01
7.896000000000000227e+02 2.064326651292219816e-01
7.897999999999999545e+02 2.058785262756649692e-01
7.900000000000000000e+02 2.053280438236740335e-01
7.902000000000000455e+02 2.047474513710070276e-01
7.903999999999999773e+02 2.040997513309005251e-01
7.906000000000000227e+02 2.033566770626991094e-01
7.907999999999999545e+02 2.024997651045208624e-01
7.910000000000000000e+02 2.015219963119463942e-01
7.912000000000000455e+02 2.004273415279125281e-01
7.913999999999999773e+02 1.992265333093546920e-01
7.916000000000000227e+02 1.979333714072687156e-01
7.917999999999999545e+02 1.965664227195234592e-01
7.920000000000000000e+02 1.951484348243537892e-01
7.922000000000000455e+02 1.937055305936799254e-01
7.923999999999999773e+02 1.922623211089516393e-01
7.926000000000000227e+02 1.908402786258908967e-01
7.927999999999999545e+02 1.894561588405157815e-01
7.930000000000000000e+02 1.881280351271739648e-01
7.932000000000000455e+02 1.868759057988160222e-01
7.933999999999999773e+02 1.857198051342766054e-01
7.936000000000000227e+02 1.846693094178052941e-01
7.937999999999999545e+02 1.837215914494409741e-01
7.940000000000000000e+02 1.828622171047700751e-01
7.942000000000000455e+02 1.820712277878690222e-01
7.943999999999999773e+02 1.813250603512504000e-01
7.946000000000000227e+02 1.805972177572437443e-01
7.947999999999999545e+02 1.798640963678012905e-01
7.950000000000000000e+02 1.791084285838496215e-01
7.952000000000000455e+02 1.783241379706925755e-01
7.953999999999999773e+02 1.775093411958906242e-01
7.956000000000000227e+02 1.766622048395063704e-01
7.957999999999999545e+02 1.757751417891572909e-01
7.960000000000000000e+02 1.748453021236936744e-01
7.962000000000000455e+02 1.738803828237660276e-01
7.963999999999999773e+02 1.728975118245817399e-01
7.966000000000000227e+02 1.719150966038460182e-01
7.967999999999999545e+02 1.709487628600356302e-01
7.970000000000000000e+02 1.700154235161161764e-01
7.972000000000000455e+02 1.691303998503733419e-01
7.973999999999999773e+02 1.683036697623326583e-01
7.976000000000000227e+02 1.675324965287960932e-01
7.977999999999999545e+02 1.668057186406849413e-01
7.980000000000000000e+02 1.661071496643027057e-01
7.982000000000000455e+02 1.654197747850347788e-01
7.983999999999999773e+02 1.647260189965917832e-01
7.986000000000000227e+02 1.640085574652219713e-01
7.987999999999999545e+02 1.632612131638402631e-01
7.990000000000000000e+02 1.624858517554900739e-01
7.992000000000000455e+02 1.616865904422936373e-01
7.993999999999999773e+02 1.608527284363187038e-01
7.996000000000000227e+02 1.599671377481332590e-01
7.997999999999999545e+02 1.590223797692899010e-01
8.000000000000000000e+02 1.580221923316832144e-01
8.002000000000000455e+02 1.569797692885702978e-01
8.003999999999999773e+02 1.559156440696607970e-01
8.006000000000000227e+02 1.548488951539539749e-01
8.007999999999999545e+02 1.537972025319404301e-01
8.010000000000000000e+02 1.527807885974109270e-01
8.012000000000000455e+02 1.518207401038408899e-01
8.013999999999999773e+02 1.509383975504466346e-01
8.016000000000000227e+02 1.501547193930333479e-01
8.017999999999999545e+02 1.494856763271324440e-01
8.020000000000000000e+02 1.489388162167931129e-01
8.022000000000000455e+02 1.485065625371381481e-01
8.023999999999999773e+02 1.481753004981891109e-01
8.026000000000000227e+02 1.479282609613777610e-01
8.027999999999999545e+02 1.477447966516600431e-01
8.030000000000000000e+02 1.475956749776901056e-01
8.032000000000000455e+02 1.474431972048398376e-01
8.033999999999999773e+02 1.472524676308525071e-01
8.036000000000000227e+02 1.469949654120810412e-01
8.037999999999999545e+02 1.466483353350478414e-01
8.040000000000000000e+02 1.461853480644010328e-01
8.042000000000000455e+02 1.455869407148460970e-01
8.043999999999999773e+02 1.448525254387824368e-01
8.046000000000000227e+02 1.440051328374412354e-01
8.047999999999999545e+02 1.430722486730129084e-01
8.050000000000000000e+02 1.420724304810566108e-01
8.052000000000000455e+02 1.410155498132727725e-01
8.053999999999999773e+02 1.399111876396012810e-01
8.056000000000000227e+02 1.387757289124315618e-01
8.057999999999999545e+02 1.376313788245642211e-01
8.060000000000000000e+02 1.364990558947392629e-01
8.062000000000000455e+02 1.353918338094723672e-01
8.064000000000000909e+02 1.343242398749464883e-01
8.066000000000000227e+02 1.333138076774864067e-01
8.067999999999999545e+02 1.323813448529983228e-01
8.070000000000000000e+02 1.315433155949686794e-01
8.072000000000000455e+02 1.308106692316732267e-01
8.074000000000000909e+02 1.301876307899764440e-01
8.076000000000000227e+02 1.296711485560971822e-01
8.077999999999999545e+02 1.292540657638152901e-01
8.080000000000000000e+02 1.289297661413718876e-01
8.082000000000000455e+02 1.286850344847902672e-01
8.084000000000000909e+02 1.284982369124141877e-01
8.086000000000000227e+02 1.283379871620340673e-01
8.087999999999999545e+02 1.281764142624823022e-01
8.090000000000000000e+02 1.279917199796628824e-01
8.092000000000000455e+02 1.277669668855880014e-01
8.094000000000000909e+02 1.274908724229136259e-01
8.096000000000000227e+02 1.271576067124808307e-01
8.097999999999999545e+02 1.267656908573869812e-01
8.100000000000000000e+02 1.263221437150303106e-01
8.102000000000000455e+02 1.258421028175452927e-01
8.104000000000000909e+02 1.253408647828134215e-01
8.106000000000000227e+02 1.248241092425953214e-01
8.107999999999999545e+02 1.242856069905025757e-01
8.110000000000000000e+02 1.237166811652994636e-01
8.112000000000000455e+02 1.231100362665876052e-01
8.114000000000000909e+02 1.224638974142762682e-01
8.116000000000000227e+02 1.217937025138058071e-01
8.117999999999999545e+02 1.211156095706575897e-01
8.120000000000000000e+02 1.204381817034662489e-01
8.122000000000000455e+02 1.197738969094084283e-01
8.124000000000000909e+02 1.191330744935069214e-01
8.126000000000000227e+02 1.185183205228679260e-01
8.127999999999999545e+02 1.179287699519130095e-01
8.130000000000000000e+02 1.173607901231470546e-01
8.132000000000000455e+02 1.168081146775060142e-01
8.134000000000000909e+02 1.162678922240492491e-01
8.136000000000000227e+02 1.157382032559243767e-01
8.137999999999999545e+02 1.152133457086166463e-01
8.140000000000000000e+02 1.146902550858068526e-01
8.142000000000000455e+02 1.141691291878550729e-01
8.144000000000000909e+02 1.136521849434164733e-01
8.146000000000000227e+02 1.131353575554941704e-01
8.147999999999999545e+02 1.126065042318581122e-01
8.150000000000000000e+02 1.120463834975146400e-01
8.152000000000000455e+02 1.114438364760498151e-01
8.154000000000000909e+02 1.107997591037014756e-01
8.156000000000000227e+02 1.101201281402675453e-01
8.157999999999999545e+02 1.094100064957466839e-01
8.160000000000000000e+02 1.086737842322681863e-01
8.162000000000000455e+02 1.079320621855080486e-01
8.164000000000000909e+02 1.072055619142253946e-01
8.166000000000000227e+02 1.065041326807447952e-01
8.167999999999999545e+02 1.058340020546757326e-01
8.170000000000000000e+02 1.051979221318087854e-01
8.172000000000000455e+02 1.045943565007512455e-01
8.174000000000000909e+02 1.040230124601551343e-01
8.176000000000000227e+02 1.034840507389179903e-01
8.177999999999999545e+02 1.029767649706967159e-01
8.180000000000000000e+02 1.025082803391917097e-01
8.182000000000000455e+02 1.020886687875206394e-01
8.184000000000000909e+02 1.017190508147804012e-01
8.186000000000000227e+02 1.013929170147024605e-01
8.187999999999999545e+02 1.011005601172390855e-01
8.190000000000000000e+02 1.008394286926030392e-01
8.192000000000000455e+02 1.006066556993828187e-01
8.194000000000000909e+02 1.003976814499310533e-01
8.196000000000000227e+02 1.002099311914551039e-01
8.197999999999999545e+02 1.000400715569683963e-01
8.200000000000000000e+02 9.988188853069193684e-02
8.202000000000000455e+02 9.972245471617394164e-02
8.204000000000000909e+02 9.954612945911152366e-02
8.206000000000000227e+02 9.933848159680262746e-02
8.207999999999999545e+02 9.909772179805748094e-02
8.210000000000000000e+02 9.883304762389651110e-02
8.212000000000000455e+02 9.856273036754263639e-02
8.214000000000000909e+02 9.829793855123335200e-02
8.216000000000000227e+02 9.804338244475302444e-02
8.217999999999999545e+02 9.779912361676038057e-02
8.220000000000000000e+02 9.756393914474140172e-02
8.222000000000000455e+02 9.733514729425983558e-02
8.224000000000000909e+02 9.710713739841408954e-02
8.226000000000000227e+02 9.687311419513247590e-02
8.227999999999999545e+02 9.662823759330180229e-02
8.230000000000000000e+02 9.637646882053405029e-02
8.232000000000000455e+02 9.612781513372148368e-02
8.234000000000000909e+02 9.589418410591105113e-02
8.236000000000000227e+02 9.567840875484269481e-02
8.237999999999999545e+02 9.547919371154424406e-02
8.240000000000000000e+02 9.529337559122338930e-02
8.242000000000000455e+02 9.511793100576207416e-02
8.244000000000000909e+02 9.494517091612932058e-02
8.246000000000000227e+02 9.476158248312807619e-02
8.247999999999999545e+02 9.455911155021015646e-02
8.250000000000000000e+02 9.433283805341081962e-02
8.252000000000000455e+02 9.407786958910070718e-02
8.254000000000000909e+02 9.377926020622602554e-02
8.256000000000000227e+02 9.341920069574864705e-02
8.257999999999999545e+02 9.298515817870811606e-02
8.260000000000000000e+02 9.247215797457529474e-02
8.262000000000000455e+02 9.188200365698577510e-02
8.264000000000000909e+02 9.122393848883914025e-02
8.266000000000000227e+02 9.051975588202831879e-02
8.267999999999999545e+02 8.980217908000069638e-02
8.270000000000000000e+02 8.911105514770545355e-02
8.272000000000000455e+02 8.847491201576575259e-02
8.274000000000000909e+02 8.790986539597475669e-02
8.276000000000000227e+02 8.742738895490313744e-02
8.277999999999999545e+02 8.703182622583922889e-02
8.280000000000000000e+02 8.672134293592775878e-02
8.282000000000000455e+02 8.649591007457091418e-02
8.284000000000000909e+02 8.635154138013033387e-02
8.286000000000000227e+02 8.627745794769714482e-02
8.287999999999999545e+02 8.625787045266808395e-02
8.290000000000000000e+02 8.627435968181702830e-02
8.292000000000000455e+02 8.630569588973965867e-02
8.294000000000000909e+02 8.632023577545916426e-02
8.296000000000000227e+02 8.628525179336944684e-02
8.297999999999999545e+02 8.617536967909518453e-02
8.300000000000000000e+02 8.596935684838721836e-02
8.302000000000000455e+02 8.564993956564925792e-02
8.304000000000000909e+02 8.520656115598300440e-02
8.306000000000000227e+02 8.465150497449219769e-02
8.307999999999999545e+02 8.401315470993962753e-02
8.310000000000000000e+02 8.332336170845025536e-02
8.312000000000000455e+02 8.262036037963013668e-02
8.314000000000000909e+02 8.194911690377905400e-02
8.316000000000000227e+02 8.136068310215560651e-02
8.317999999999999545e+02 8.088918207828778295e-02
8.320000000000000000e+02 8.054535733798101615e-02
8.322000000000000455e+02 8.031727746718511640e-02
8.324000000000000909e+02 8.019167827114499769e-02
8.326000000000000227e+02 8.015941529736173021e-02
8.327999999999999545e+02 8.020269260979895343e-02
8.330000000000000000e+02 8.029582586146728762e-02
8.332000000000000455e+02 8.040582607772726875e-02
8.334000000000000909e+02 8.049773936682863562e-02
8.336000000000000227e+02 8.053840413801323372e-02
8.337999999999999545e+02 8.050029737565340959e-02
8.340000000000000000e+02 8.036857936271134262e-02
8.342000000000000455e+02 8.013338340375193714e-02
8.344000000000000909e+02 7.978253099984647378e-02
8.346000000000000227e+02 7.930913210127449320e-02
8.347999999999999545e+02 7.871309038940739466e-02
8.350000000000000000e+02 7.800374595747330830e-02
8.352000000000000455e+02 7.720417068273323358e-02
8.354000000000000909e+02 7.634752486161887342e-02
8.356000000000000227e+02 7.546966849061115257e-02
8.357999999999999545e+02 7.460973089399873526e-02
8.360000000000000000e+02 7.380814963247617211e-02
8.362000000000000455e+02 7.309965913986722630e-02
8.364000000000000909e+02 7.250072571095500518e-02
8.366000000000000227e+02 7.200614437251316724e-02
8.367999999999999545e+02 7.159555840989430264e-02
8.370000000000000000e+02 7.125018221670194329e-02
8.372000000000000455e+02 7.095878077482141444e-02
8.374000000000000909e+02 7.070736542560120130e-02
8.376000000000000227e+02 7.047598910228222713e-02
8.377999999999999545e+02 7.023939111115816425e-02
8.380000000000000000e+02 6.999004024917308830e-02
8.382000000000000455e+02 6.973306596254716383e-02
8.384000000000000909e+02 6.948097866947743062e-02
8.386000000000000227e+02 6.924284240733251383e-02
8.387999999999999545e+02 6.902493750135346717e-02
8.390000000000000000e+02 6.883319540786374258e-02
8.392000000000000455e+02 6.867726823550937554e-02
8.394000000000000909e+02 6.857131966500451536e-02
8.396000000000000227e+02 6.853492632389612815e-02
8.397999999999999545e+02 6.858686926872557821e-02
8.400000000000000000e+02 6.873731452597975355e-02
8.402000000000000455e+02 6.896983981998389135e-02
8.404000000000000909e+02 6.925485168962339233e-02
8.406000000000000227e+02 6.955777340445075396e-02
8.407999999999999545e+02 6.985432709110361849e-02
8.410000000000000000e+02 7.012852206754154050e-02
8.412000000000000455e+02 7.036935093633547855e-02
8.414000000000000909e+02 7.055740125106688132e-02
8.416000000000000227e+02 7.067193053880753417e-02
8.417999999999999545e+02 7.069590269431556828e-02
8.420000000000000000e+02 7.061938895281107131e-02
8.422000000000000455e+02 7.042948137395799169e-02
8.424000000000000909e+02 7.010514549236267212e-02
8.426000000000000227e+02 6.964942570924549659e-02
8.427999999999999545e+02 6.908356563949775986e-02
8.430000000000000000e+02 6.843795080737581638e-02
8.432000000000000455e+02 6.772777950056600715e-02
8.434000000000000909e+02 6.696198844585159182e-02
8.436000000000000227e+02 6.616148692658366248e-02
8.437999999999999545e+02 6.534774402532796123e-02
8.440000000000000000e+02 6.454351461875067197e-02
8.442000000000000455e+02 6.377963406653755496e-02
8.444000000000000909e+02 6.308368803991067086e-02
8.446000000000000227e+02 6.247798753147688205e-02
8.447999999999999545e+02 6.198215570467414948e-02
8.450000000000000000e+02 6.160454960683656861e-02
8.452000000000000455e+02 6.133793879207845995e-02
8.454000000000000909e+02 6.115660241691451421e-02
8.456000000000000227e+02 6.102643833399140627e-02
8.457999999999999545e+02 6.091196204405938119e-02
8.460000000000000000e+02 6.079191139738964605e-02
8.462000000000000455e+02 6.066661536481658679e-02
8.464000000000000909e+02 6.056130113505971829e-02
8.466000000000000227e+02 6.049005051106505493e-02
8.467999999999999545e+02 6.045237642131259803e-02
8.470000000000000000e+02 6.043305843290961571e-02
8.472000000000000455e+02 6.043159723725752969e-02
8.474000000000000909e+02 6.046050352640106734e-02
8.476000000000000227e+02 6.053866204537896450e-02
8.477999999999999545e+02 6.066848296364222431e-02
8.480000000000000000e+02 6.083596382043705147e-02
8.482000000000000455e+02 6.101645285670317248e-02
8.484000000000000909e+02 6.120403142302526661e-02
8.486000000000000227e+02 6.141224881855961854e-02
8.487999999999999545e+02 6.165903023439908703e-02
8.490000000000000000e+02 6.195442632890976048e-02
8.492000000000000455e+02 6.229802202165120317e-02
8.494000000000000909e+02 6.268346652412508380e-02
8.496000000000000227e+02 6.310107082272634060e-02
8.497999999999999545e+02 6.353939220190957249e-02
8.500000000000000000e+02 6.398934096168150398e-02
8.502000000000000455e+02 6.443674556099558692e-02
8.504000000000000909e+02 6.485802421400342632e-02
8.506000000000000227e+02 6.522812811060639537e-02
8.507999999999999545e+02 6.552705967055924563e-02
8.510000000000000000e+02 6.574692430706406687e-02
8.512000000000000455e+02 6.589942483480286384e-02
8.514000000000000909e+02 6.600702888242791777e-02
8.516000000000000227e+02 6.609336609780996907e-02
8.517999999999999545e+02 6.617879924341012188e-02
8.520000000000000000e+02 6.627612239299103536e-02
8.522000000000000455e+02 6.638205270808962555e-02
8.524000000000000909e+02 6.647385478346017063e-02
8.526000000000000227e+02 6.652034723442583342e-02
8.527999999999999545e+02 6.650838399244475563e-02
8.530000000000000000e+02 6.643520570179123341e-02
8.532000000000000455e+02 6.629955798591659344e-02
8.534000000000000909e+02 6.607988391366259595e-02
8.536000000000000227e+02 6.574724024117574450e-02
8.537999999999999545e+02 6.527541262305963654e-02
8.540000000000000000e+02 6.466502574945885706e-02
8.542000000000000455e+02 6.393899061129788841e-02
8.544000000000000909e+02 6.313833510096696078e-02
8.546000000000000227e+02 6.229983853812238320e-02
8.547999999999999545e+02 6.145574600324234249e-02
8.550000000000000000e+02 6.063269032512470791e-02
8.552000000000000455e+02 5.984172471148769407e-02
8.554000000000000909e+02 5.908876151861939402e-02
8.556000000000000227e+02 5.838622799973659794e-02
8.557999999999999545e+02 5.775945540728344429e-02
8.560000000000000000e+02 5.723839690720012446e-02
8.562000000000000455e+02 5.684452822947756723e-02
8.564000000000000909e+02 5.658126447601759951e-02
8.566000000000000227e+02 5.643722869138549647e-02
8.567999999999999545e+02 5.639425849444604233e-02
8.570000000000000000e+02 5.643933064476231581e-02
8.572000000000000455e+02 5.656149512490227932e-02
8.574000000000000909e+02 5.673498258858778592e-02
8.576000000000000227e+02 5.692687750472012753e-02
8.577999999999999545e+02 5.710112058029160470e-02
8.580000000000000000e+02 5.722489240234661378e-02
8.582000000000000455e+02 5.727239871765500701e-02
8.584000000000000909e+02 5.722640465617293004e-02
8.586000000000000227e+02 5.707426277662515368e-02
8.587999999999999545e+02 5.681200953216768851e-02
8.590000000000000000e+02 5.644947511560611392e-02
8.592000000000000455e+02 5.601481314131449840e-02
8.594000000000000909e+02 5.553861852285817829e-02
8.596000000000000227e+02 5.503934717106866853e-02
8.597999999999999545e+02 5.452244052526274837e-02
8.600000000000000000e+02 5.398280567105986916e-02
8.602000000000000455e+02 5.340684051169069385e-02
8.604000000000000909e+02 5.278906289324734186e-02
8.606000000000000227e+02 5.212960170104871671e-02
8.607999999999999545e+02 5.142610371325330443e-02
8.610000000000000000e+02 5.067755450929872785e-02
8.612000000000000455e+02 4.988860872567342508e-02
8.614000000000000909e+02 4.907920154071310215e-02
8.616000000000000227e+02 4.828010116194488693e-02
8.617999999999999545e+02 4.752394235295175073e-02
8.620000000000000000e+02 4.681791682614117739e-02
8.622000000000000455e+02 4.616072409107800645e-02
8.624000000000000909e+02 4.555310268930526374e-02
8.626000000000000227e+02 4.501533844964994424e-02
8.627999999999999545e+02 4.456790322609063826e-02
8.630000000000000000e+02 4.421903375339117370e-02
8.632000000000000455e+02 4.395864240453868643e-02
8.634000000000000909e+02 4.376970376139015934e-02
8.636000000000000227e+02 4.363658861375558501e-02
8.637999999999999545e+02 4.354677658069786711e-02
8.640000000000000000e+02 4.348538978227065033e-02
8.642000000000000455e+02 4.342893654735361514e-02
8.644000000000000909e+02 4.335172175524787397e-02
8.646000000000000227e+02 4.323411761543979881e-02
8.647999999999999545e+02 4.307458332576847432e-02
8.650000000000000000e+02 4.287355315503793562e-02
8.652000000000000455e+02 4.262723644149757352e-02
8.654000000000000909e+02 4.232108302601230582e-02
8.656000000000000227e+02 4.194904327152251117e-02
8.657999999999999545e+02 4.151879809835473667e-02
8.660000000000000000e+02 4.105377670114549599e-02
8.662000000000000455e+02 4.058180065474516901e-02
8.664000000000000909e+02 4.013157217602558030e-02
8.666000000000000227e+02 3.973365638982290921e-02
8.667999999999999545e+02 3.941294173519414856e-02
8.670000000000000000e+02 3.918381152538648327e-02
8.672000000000000455e+02 3.904730613274703943e-02
8.674000000000000909e+02 3.899717937161437109e-02
8.676000000000000227e+02 3.902344312664263182e-02
8.677999999999999545e+02 3.911588960409800864e-02
8.680000000000000000e+02 3.926062007907690082e-02
8.682000000000000455e+02 3.943483626475174919e-02
8.684000000000000909e+02 3.960061971661996832e-02
8.686000000000000227e+02 3.971518215594892903e-02
8.687999999999999545e+02 3.974587969540535615e-02
8.690000000000000000e+02 3.968217035858525449e-02
8.692000000000000455e+02 3.953096166545333467e-02
8.694000000000000909e+02 3.930733102525752615e-02
8.696000000000000227e+02 3.902459070301191740e-02
8.697999999999999545e+02 3.869281243983472424e-02
8.700000000000000000e+02 3.832061390796889788e-02
8.702000000000000455e+02 3.792357027219699778e-02
8.704000000000000909e+02 3.752737634983330933e-02
8.706000000000000227e+02 3.716927269148365132e-02
8.707999999999999545e+02 3.687816231076015971e-02
8.710000000000000000e+02 3.666750505708998853e-02
8.712000000000000455e+02 3.654479783887223249e-02
8.714000000000000909e+02 3.651288362497941836e-02
8.716000000000000227e+02 3.656905887983342984e-02
8.717999999999999545e+02 3.670145774344693579e-02
8.720000000000000000e+02 3.689495704702799861e-02
8.722000000000000455e+02 3.713552038556141438e-02
8.724000000000000909e+02 3.740865608327759162e-02
8.726000000000000227e+02 3.769640604005468354e-02
8.727999999999999545e+02 3.797365075902207898e-02
8.730000000000000000e+02 3.821425872598590429e-02
8.732000000000000455e+02 3.839623782302686861e-02
8.734000000000000909e+02 3.850920192912749701e-02
8.736000000000000227e+02 3.854642651596654201e-02
8.737999999999999545e+02 3.850133726884042568e-02
8.740000000000000000e+02 3.836381331593283206e-02
8.742000000000000455e+02 3.813374210677452497e-02
8.744000000000000909e+02 3.782347744019074615e-02
8.746000000000000227e+02 3.745414873769728481e-02
8.747999999999999545e+02 3.704533711277592511e-02
8.750000000000000000e+02 3.661026689746855328e-02
8.752000000000000455e+02 3.615162181636111943e-02
8.754000000000000909e+02 3.567088802244679224e-02
8.756000000000000227e+02 3.517221991017108890e-02
8.757999999999999545e+02 3.465743599626985860e-02
8.760000000000000000e+02 3.413295597044295471e-02
8.762000000000000455e+02 3.361418738015412716e-02
8.764000000000000909e+02 3.311227218827602486e-02
8.766000000000000227e+02 3.263248851054914579e-02
8.767999999999999545e+02 3.217377009086834494e-02
8.770000000000000000e+02 3.174011965611765046e-02
8.772000000000000455e+02 3.133858793218147198e-02
8.774000000000000909e+02 3.097496327647681832e-02
8.776000000000000227e+02 3.065577492894366873e-02
8.777999999999999545e+02 3.038914933592138171e-02
8.780000000000000000e+02 3.018566848078763423e-02
8.782000000000000455e+02 3.004908443650262939e-02
8.784000000000000909e+02 2.997655199839571044e-02
8.786000000000000227e+02 2.996459197611966649e-02
8.787999999999999545e+02 3.000214304938540050e-02
8.790000000000000000e+02 3.006899628038888633e-02
8.792000000000000455e+02 3.013957068988995860e-02
8.794000000000000909e+02 3.019504695739450711e-02
8.796000000000000227e+02 3.022823682887023494e-02
8.797999999999999545e+02 3.023760333411850201e-02
8.800000000000000000e+02 3.021917075040651823e-02
8.802000000000000455e+02 3.016258270628414950e-02
8.804000000000000909e+02 3.005950954438647502e-02
8.806000000000000227e+02 2.990698238664688327e-02
8.807999999999999545e+02 2.971056586191456531e-02
8.810000000000000000e+02 2.948156224611765686e-02
8.812000000000000455e+02 2.923503170539199641e-02
8.814000000000000909e+02 2.898797065658222441e-02
8.816000000000000227e+02 2.875078541473461910e-02
8.817999999999999545e+02 2.852495972046782680e-02
8.820000000000000000e+02 2.830013087230628596e-02
8.822000000000000455e+02 2.806899372506549764e-02
8.824000000000000909e+02 2.783144970970050786e-02
8.826000000000000227e+02 2.759792659968049455e-02
8.827999999999999545e+02 2.738036668752976202e-02
8.830000000000000000e+02 2.718675772671883678e-02
8.832000000000000455e+02 2.701118046606662895e-02
8.834000000000000909e+02 2.684337165297018615e-02
8.836000000000000227e+02 2.667248026417430931e-02
8.837999999999999545e+02 2.648810358397103368e-02
8.840000000000000000e+02 2.628309737389399048e-02
8.842000000000000455e+02 2.605492710509279761e-02
8.844000000000000909e+02 2.580219781031331885e-02
8.846000000000000227e+02 2.552437431727339751e-02
8.847999999999999545e+02 2.522323853035085550e-02
8.850000000000000000e+02 2.491275795793169989e-02
8.852000000000000455e+02 2.461508971346398206e-02
8.854000000000000909e+02 2.435567216121463027e-02
8.856000000000000227e+02 2.414959051249106897e-02
8.857999999999999545e+02 2.400226630800610800e-02
8.860000000000000000e+02 2.391167996472414944e-02
8.862000000000000455e+02 2.387727631776550077e-02
8.864000000000000909e+02 2.390048709852977613e-02
8.866000000000000227e+02 2.398273768169623815e-02
8.867999999999999545e+02 2.412719670767807939e-02
8.870000000000000000e+02 2.433416839643719534e-02
8.872000000000000455e+02 2.458587163879853016e-02
8.874000000000000909e+02 2.485421847939220732e-02
8.876000000000000227e+02 2.510787449050663755e-02
8.877999999999999545e+02 2.533100072231232042e-02
8.880000000000000000e+02 2.551709423261783877e-02
8.882000000000000455e+02 2.566502090573304432e-02
8.884000000000000909e+02 2.577074728039484633e-02
8.886000000000000227e+02 2.582833729266779260e-02
8.887999999999999545e+02 2.583037846269981355e-02
8.890000000000000000e+02 2.576587568905987224e-02
8.892000000000000455e+02 2.562957757704970030e-02
8.894000000000000909e+02 2.543166799556769234e-02
8.896000000000000227e+02 2.519225022435435737e-02
8.897999999999999545e+02 2.493393086504936892e-02
8.900000000000000000e+02 2.467396581513656498e-02
8.902000000000000455e+02 2.442750452195049937e-02
8.904000000000000909e+02 2.420808420318722870e-02
8.906000000000000227e+02 2.402715454122828290e-02
8.907999999999999545e+02 2.389495503314582533e-02
8.910000000000000000e+02 2.382111316535405129e-02
8.912000000000000455e+02 2.381560898619625513e-02
8.914000000000000909e+02 2.388922280937560289e-02
8.916000000000000227e+02 2.405180869103583016e-02
8.917999999999999545e+02 2.430538135055934287e-02
8.920000000000000000e+02 2.463998317340836477e-02
8.922000000000000455e+02 2.503344771047715314e-02
8.924000000000000909e+02 2.546227048451446887e-02
8.926000000000000227e+02 2.590968814427293057e-02
8.927999999999999545e+02 2.636769050765209663e-02
8.930000000000000000e+02 2.681756787717110013e-02
8.932000000000000455e+02 2.724018466674356723e-02
8.934000000000000909e+02 2.762638436330061564e-02
8.936000000000000227e+02 2.798239277551392568e-02
8.937999999999999545e+02 2.831745137399113016e-02
8.940000000000000000e+02 2.863009103335672351e-02
8.942000000000000455e+02 2.891162601422994985e-02
8.944000000000000909e+02 2.915143148113613983e-02
8.946000000000000227e+02 2.934456117800520250e-02
8.947999999999999545e+02 2.949957001352366756e-02
8.950000000000000000e+02 2.963271359944626149e-02
8.952000000000000455e+02 2.975290545802753567e-02
8.954000000000000909e+02 2.986138824639144110e-02
8.956000000000000227e+02 2.995410409688429795e-02
8.957999999999999545e+02 3.002858514928034503e-02
8.960000000000000000e+02 3.007984681662847701e-02
8.962000000000000455e+02 3.009975177363171869e-02
8.964000000000000909e+02 3.008148462665121564e-02
8.966000000000000227e+02 3.002022427629259457e-02
8.967999999999999545e+02 2.991212057955989351e-02
8.970000000000000000e+02 2.974634803210918915e-02
8.972000000000000455e+02 2.950841643631777617e-02
8.974000000000000909e+02 2.918266112592577538e-02
8.976000000000000227e+02 2.875549472577407575e-02
8.977999999999999545e+02 2.822052291879311586e-02
8.980000000000000000e+02 2.758517359710101202e-02
8.982000000000000455e+02 2.687278855387171053e-02
8.984000000000000909e+02 2.611491310195668270e-02
8.986000000000000227e+02 2.534148348447098562e-02
8.987999999999999545e+02 2.456918237535712229e-02
8.990000000000000000e+02 2.380965832745839117e-02
8.992000000000000455e+02 2.308806270539122407e-02
8.994000000000000909e+02 2.243462013099833952e-02
8.996000000000000227e+02 2.187985750001176719e-02
8.997999999999999545e+02 2.144717802174090499e-02
9.000000000000000000e+02 2.115536258385457974e-02
