5.500000000000000000e+02 1.343692807310280408e-02
5.502000000000000455e+02 1.329363515314002826e-02
5.503999999999999773e+02 1.315515687919437994e-02
5.506000000000000227e+02 1.302235753996943725e-02
5.507999999999999545e+02 1.288975389886021054e-02
5.510000000000000000e+02 1.274775689147724864e-02
5.512000000000000455e+02 1.258858598612412442e-02
5.513999999999999773e+02 1.241620643983509104e-02
5.516000000000000227e+02 1.223997812914930094e-02
5.517999999999999545e+02 1.206904968729150332e-02
5.520000000000000000e+02 1.190775484267015197e-02
5.522000000000000455e+02 1.176006502790375753e-02
5.523999999999999773e+02 1.162724038190375737e-02
5.526000000000000227e+02 1.150488257051548134e-02
5.527999999999999545e+02 1.138146355287676312e-02
5.530000000000000000e+02 1.124787812854992873e-02
5.532000000000000455e+02 1.110015480651264756e-02
5.533999999999999773e+02 1.093330276888130649e-02
5.536000000000000227e+02 1.074081031503278626e-02
5.537999999999999545e+02 1.051845980025839684e-02
5.540000000000000000e+02 1.027147342182032665e-02
5.542000000000000455e+02 1.000848413939520176e-02
5.543999999999999773e+02 9.737683791854410617e-03
5.546000000000000227e+02 9.464708146049272131e-03
5.547999999999999545e+02 9.199526539599954533e-03
5.550000000000000000e+02 8.953180113783421740e-03
5.552000000000000455e+02 8.734252467215012847e-03
5.553999999999999773e+02 8.546941051266077061e-03
5.556000000000000227e+02 8.394007382262515249e-03
5.557999999999999545e+02 8.276183105123569028e-03
5.560000000000000000e+02 8.186457317342955148e-03
5.562000000000000455e+02 8.114340248647053735e-03
5.563999999999999773e+02 8.050424553828294458e-03
5.566000000000000227e+02 7.992051494742091061e-03
5.567999999999999545e+02 7.938615895559705815e-03
5.570000000000000000e+02 7.886359154457288009e-03
5.572000000000000455e+02 7.824670142856345392e-03
5.573999999999999773e+02 7.746569064781051207e-03
5.576000000000000227e+02 7.651125261015949246e-03
5.577999999999999545e+02 7.542721318737370326e-03
5.580000000000000000e+02 7.422890672769731982e-03
5.582000000000000455e+02 7.292454128417663953e-03
5.583999999999999773e+02 7.152997875037568794e-03
5.586000000000000227e+02 7.007261602221331702e-03
5.587999999999999545e+02 6.855131494785038880e-03
5.590000000000000000e+02 6.695215820864029548e-03
5.592000000000000455e+02 6.529636170032290451e-03
5.593999999999999773e+02 6.362910256587912643e-03
5.596000000000000227e+02 6.198301710242688257e-03
5.597999999999999545e+02 6.035294133488358463e-03
5.600000000000000000e+02 5.878629257899957265e-03
5.602000000000000455e+02 5.734575457291259983e-03
5.603999999999999773e+02 5.607258526331270615e-03
5.606000000000000227e+02 5.497276006919738812e-03
5.607999999999999545e+02 5.404297597486164458e-03
5.610000000000000000e+02 5.327236999435638366e-03
5.612000000000000455e+02 5.261794671656252510e-03
5.613999999999999773e+02 5.204585677629122373e-03
5.616000000000000227e+02 5.155313156311375211e-03
5.617999999999999545e+02 5.118226889135180438e-03
5.620000000000000000e+02 5.097075056771113374e-03
5.622000000000000455e+02 5.092974069686658466e-03
5.623999999999999773e+02 5.103675489660449566e-03
5.626000000000000227e+02 5.128414424054777813e-03
5.627999999999999545e+02 5.168217497740874682e-03
5.630000000000000000e+02 5.223488387377421896e-03
5.632000000000000455e+02 5.284843259021728551e-03
5.633999999999999773e+02 5.339591991345616143e-03
5.636000000000000227e+02 5.377208923980020608e-03
5.637999999999999545e+02 5.395637972564987749e-03
5.640000000000000000e+02 5.394036945351353245e-03
5.642000000000000455e+02 5.372353840948404513e-03
5.643999999999999773e+02 5.334125907300520629e-03
5.646000000000000227e+02 5.286668864331474024e-03
5.647999999999999545e+02 5.237843091508170672e-03
5.650000000000000000e+02 5.193096622521991765e-03
5.652000000000000455e+02 5.157749594420177677e-03
5.653999999999999773e+02 5.134778825955504944e-03
5.656000000000000227e+02 5.123262788564989303e-03
5.657999999999999545e+02 5.119265037548513357e-03
5.660000000000000000e+02 5.118102711519498076e-03
5.662000000000000455e+02 5.114635778218560094e-03
5.663999999999999773e+02 5.102047993659744943e-03
5.666000000000000227e+02 5.075858372251895040e-03
5.667999999999999545e+02 5.035932518889018467e-03
5.670000000000000000e+02 4.987802081121422461e-03
5.672000000000000455e+02 4.937387580635797801e-03
5.673999999999999773e+02 4.888037656946149848e-03
5.676000000000000227e+02 4.839185612887509161e-03
5.677999999999999545e+02 4.791505153414772795e-03
5.680000000000000000e+02 4.747806378627616487e-03
5.682000000000000455e+02 4.712085414186589077e-03
5.683999999999999773e+02 4.684731500579508538e-03
5.686000000000000227e+02 4.663536418681492497e-03
5.687999999999999545e+02 4.647106389528559388e-03
5.690000000000000000e+02 4.641529646317618489e-03
5.692000000000000455e+02 4.652011643159851065e-03
5.693999999999999773e+02 4.678963190349764122e-03
5.696000000000000227e+02 4.716209192456541008e-03
5.697999999999999545e+02 4.761511172444343049e-03
5.700000000000000000e+02 4.815425886640140561e-03
5.702000000000000455e+02 4.878416219253746237e-03
5.703999999999999773e+02 4.949168972411577792e-03
5.706000000000000227e+02 5.026091559785391544e-03
5.707999999999999545e+02 5.107827743254299800e-03
5.710000000000000000e+02 5.191590953529841290e-03
5.712000000000000455e+02 5.274456416828571075e-03
5.713999999999999773e+02 5.353346972959846517e-03
5.716000000000000227e+02 5.424019020059474457e-03
5.717999999999999545e+02 5.484775912475088437e-03
5.720000000000000000e+02 5.535785922503467377e-03
5.722000000000000455e+02 5.576845734669897379e-03
5.723999999999999773e+02 5.607612919271774687e-03
5.726000000000000227e+02 5.626615195319000298e-03
5.727999999999999545e+02 5.630254494909884243e-03
5.730000000000000000e+02 5.613220757902888380e-03
5.732000000000000455e+02 5.570251911086153591e-03
5.733999999999999773e+02 5.497038777405827310e-03
5.736000000000000227e+02 5.390062328973121465e-03
5.737999999999999545e+02 5.249002014944030396e-03
5.740000000000000000e+02 5.077614386681480498e-03
5.742000000000000455e+02 4.883369160250943843e-03
5.743999999999999773e+02 4.672171933916318548e-03
5.746000000000000227e+02 4.445256962232854887e-03
5.747999999999999545e+02 4.197509556522627770e-03
5.750000000000000000e+02 3.929083575625900125e-03
5.752000000000000455e+02 3.648254808066459746e-03
5.753999999999999773e+02 3.370739982249257825e-03
5.756000000000000227e+02 3.107880274990976101e-03
5.757999999999999545e+02 2.868999544819842134e-03
5.760000000000000000e+02 2.663189250051997171e-03
5.762000000000000455e+02 2.499011196801444699e-03
5.763999999999999773e+02 2.386879630072411083e-03
5.766000000000000227e+02 2.337436852384603032e-03
5.767999999999999545e+02 2.356004175848852925e-03
5.770000000000000000e+02 2.443202453857444469e-03
5.772000000000000455e+02 2.595834044882814901e-03
5.773999999999999773e+02 2.806576619855835359e-03
5.776000000000000227e+02 3.057213694306664276e-03
5.777999999999999545e+02 3.326353649616874825e-03
5.780000000000000000e+02 3.596607420021356166e-03
5.782000000000000455e+02 3.852786463123938476e-03
5.783999999999999773e+02 4.083185699533755167e-03
5.786000000000000227e+02 4.279232095075042458e-03
5.787999999999999545e+02 4.431045320379253284e-03
5.790000000000000000e+02 4.535945783285385766e-03
5.792000000000000455e+02 4.598945994962032151e-03
5.793999999999999773e+02 4.626160301210503409e-03
5.796000000000000227e+02 4.623381612502184580e-03
5.797999999999999545e+02 4.597786541863219632e-03
5.800000000000000000e+02 4.560412223259173101e-03
5.802000000000000455e+02 4.519379773975708628e-03
5.803999999999999773e+02 4.481896534582065217e-03
5.806000000000000227e+02 4.456936759655131218e-03
5.807999999999999545e+02 4.452858010751609315e-03
5.810000000000000000e+02 4.475410222005236222e-03
5.812000000000000455e+02 4.526217492657149365e-03
5.813999999999999773e+02 4.601715669359595674e-03
5.816000000000000227e+02 4.694501151306948103e-03
5.817999999999999545e+02 4.794801663318319120e-03
5.820000000000000000e+02 4.892928847451431459e-03
5.822000000000000455e+02 4.978668380747924838e-03
5.823999999999999773e+02 5.042431587363287344e-03
5.826000000000000227e+02 5.078024040319754039e-03
5.827999999999999545e+02 5.085368320486881658e-03
5.830000000000000000e+02 5.068347950816531368e-03
5.832000000000000455e+02 5.032799742343350979e-03
5.833999999999999773e+02 4.990219364521530747e-03
5.836000000000000227e+02 4.952410042152938230e-03
5.837999999999999545e+02 4.926174443608886781e-03
5.840000000000000000e+02 4.908742823418800819e-03
5.842000000000000455e+02 4.897663034318566234e-03
5.843999999999999773e+02 4.895485390267316494e-03
5.846000000000000227e+02 4.909225519402834678e-03
5.847999999999999545e+02 4.944717220444271727e-03
5.850000000000000000e+02 5.005366041759656305e-03
5.852000000000000455e+02 5.092635432967650318e-03
5.853999999999999773e+02 5.202879604803174220e-03
5.856000000000000227e+02 5.326934044527044561e-03
5.857999999999999545e+02 5.451744435274365717e-03
5.860000000000000000e+02 5.573939378872066509e-03
5.862000000000000455e+02 5.694836496130180337e-03
5.863999999999999773e+02 5.814929468252051648e-03
5.866000000000000227e+02 5.932961013795662146e-03
5.867999999999999545e+02 6.047135824114856575e-03
5.870000000000000000e+02 6.155971277975296960e-03
5.872000000000000455e+02 6.259021244095858139e-03
5.873999999999999773e+02 6.358141759501121162e-03
5.876000000000000227e+02 6.457223068579951396e-03
5.877999999999999545e+02 6.560209746808914194e-03
5.880000000000000000e+02 6.665491919292807627e-03
5.882000000000000455e+02 6.767268672619518137e-03
5.883999999999999773e+02 6.859276885513305999e-03
5.886000000000000227e+02 6.936718936045256634e-03
5.887999999999999545e+02 6.995811558720890951e-03
5.890000000000000000e+02 7.032817530265341420e-03
5.892000000000000455e+02 7.042167660133714403e-03
5.893999999999999773e+02 7.021633727155042123e-03
5.896000000000000227e+02 6.975561389054246199e-03
5.897999999999999545e+02 6.913937487379451241e-03
5.900000000000000000e+02 6.846040022689025423e-03
5.902000000000000455e+02 6.779336733433467127e-03
5.903999999999999773e+02 6.722521494884887809e-03
5.906000000000000227e+02 6.681261335980755341e-03
5.907999999999999545e+02 6.656800753022953931e-03
5.910000000000000000e+02 6.646218028279570270e-03
5.912000000000000455e+02 6.651717163852875411e-03
5.913999999999999773e+02 6.679354596658376546e-03
5.916000000000000227e+02 6.735990624214743989e-03
5.917999999999999545e+02 6.827411264786821185e-03
5.920000000000000000e+02 6.958254481456561773e-03
5.922000000000000455e+02 7.132191270194293553e-03
5.923999999999999773e+02 7.352538435817529243e-03
5.926000000000000227e+02 7.620543836946481325e-03
5.927999999999999545e+02 7.936393821552704259e-03
5.930000000000000000e+02 8.303729964664045837e-03
5.932000000000000455e+02 8.718279275506928688e-03
5.933999999999999773e+02 9.170336416912254138e-03
5.936000000000000227e+02 9.654823348548027123e-03
5.937999999999999545e+02 1.016513305589780182e-02
5.940000000000000000e+02 1.069262235652910370e-02
5.942000000000000455e+02 1.122621821343141452e-02
5.943999999999999773e+02 1.174489406041870007e-02
5.946000000000000227e+02 1.223050129024217357e-02
5.947999999999999545e+02 1.267585633139148120e-02
5.950000000000000000e+02 1.307202353586060795e-02
5.952000000000000455e+02 1.340657866479728032e-02
5.953999999999999773e+02 1.366683598384277679e-02
5.956000000000000227e+02 1.385129695793945598e-02
5.957999999999999545e+02 1.396743372369628478e-02
5.960000000000000000e+02 1.402801431912362867e-02
5.962000000000000455e+02 1.404591931460111125e-02
5.963999999999999773e+02 1.404004255655372756e-02
5.966000000000000227e+02 1.403336657199924509e-02
5.967999999999999545e+02 1.404812325915822009e-02
5.970000000000000000e+02 1.410016487365164072e-02
5.972000000000000455e+02 1.420133555713471753e-02
5.973999999999999773e+02 1.436170399177867131e-02
5.976000000000000227e+02 1.458833780512861986e-02
5.977999999999999545e+02 1.488571726801674738e-02
5.980000000000000000e+02 1.525480850824638586e-02
5.982000000000000455e+02 1.568917386545327572e-02
5.983999999999999773e+02 1.617862390626539221e-02
5.986000000000000227e+02 1.671095515336938273e-02
5.987999999999999545e+02 1.727257946467688349e-02
5.990000000000000000e+02 1.784718305045471243e-02
5.992000000000000455e+02 1.841812787705058088e-02
5.993999999999999773e+02 1.897177346369183226e-02
5.996000000000000227e+02 1.948983514396660649e-02
5.997999999999999545e+02 1.995934659634649930e-02
6.000000000000000000e+02 2.038163743258980878e-02
6.002000000000000455e+02 2.075701304104088374e-02
6.003999999999999773e+02 2.108477603849649717e-02
6.006000000000000227e+02 2.136490161058446705e-02
6.007999999999999545e+02 2.160082234594549316e-02
6.010000000000000000e+02 2.180851400699388917e-02
6.012000000000000455e+02 2.201246767368647203e-02
6.013999999999999773e+02 2.222569002955619016e-02
6.016000000000000227e+02 2.246089159789570883e-02
6.017999999999999545e+02 2.273134182944938630e-02
6.020000000000000000e+02 2.304608539749537430e-02
6.022000000000000455e+02 2.340503570978716072e-02
6.023999999999999773e+02 2.380601470332840280e-02
6.026000000000000227e+02 2.425230292014116801e-02
6.027999999999999545e+02 2.474583127032957061e-02
6.030000000000000000e+02 2.528650083191490150e-02
6.032000000000000455e+02 2.587126569921269562e-02
6.033999999999999773e+02 2.649039348113695416e-02
6.036000000000000227e+02 2.713928737112388662e-02
6.037999999999999545e+02 2.781820032148634922e-02
6.040000000000000000e+02 2.851517030019956600e-02
6.042000000000000455e+02 2.922195695380767205e-02
6.043999999999999773e+02 2.993332708007619830e-02
6.046000000000000227e+02 3.063739564171332960e-02
6.047999999999999545e+02 3.133403057647467238e-02
6.050000000000000000e+02 3.202984353528650491e-02
6.052000000000000455e+02 3.272833811806153542e-02
6.053999999999999773e+02 3.343483335749772301e-02
6.056000000000000227e+02 3.414786761421139544e-02
6.057999999999999545e+02 3.485534665355969480e-02
6.060000000000000000e+02 3.555534355867633750e-02
6.062000000000000455e+02 3.625649836410451549e-02
6.063999999999999773e+02 3.697438251715824686e-02
6.066000000000000227e+02 3.772072866055942164e-02
6.067999999999999545e+02 3.850616980265253453e-02
6.070000000000000000e+02 3.933724603505456968e-02
6.072000000000000455e+02 4.020815713397342395e-02
6.073999999999999773e+02 4.111700329721582753e-02
6.076000000000000227e+02 4.206088974329697666e-02
6.077999999999999545e+02 4.302614404301619011e-02
6.080000000000000000e+02 4.401138924396964108e-02
6.082000000000000455e+02 4.501184856420473862e-02
6.083999999999999773e+02 4.600661935629418026e-02
6.086000000000000227e+02 4.698778741387987096e-02
6.087999999999999545e+02 4.795011187153887244e-02
6.090000000000000000e+02 4.888721739751591966e-02
6.092000000000000455e+02 4.980547888401732487e-02
6.093999999999999773e+02 5.070851951858988682e-02
6.096000000000000227e+02 5.159577891469199762e-02
6.097999999999999545e+02 5.247404002349004976e-02
6.100000000000000000e+02 5.335106789687173168e-02
6.102000000000000455e+02 5.423349174254169652e-02
6.103999999999999773e+02 5.512654437774027610e-02
6.106000000000000227e+02 5.603805993110586720e-02
6.107999999999999545e+02 5.696924372128644998e-02
6.110000000000000000e+02 5.790856363267798262e-02
6.112000000000000455e+02 5.886136653342863290e-02
6.113999999999999773e+02 5.983270775241825851e-02
6.116000000000000227e+02 6.081950013604588146e-02
6.117999999999999545e+02 6.183441975987046674e-02
6.120000000000000000e+02 6.288421903170014760e-02
6.122000000000000455e+02 6.396511304546052823e-02
6.123999999999999773e+02 6.507790601656154861e-02
6.126000000000000227e+02 6.622082316226050869e-02
6.127999999999999545e+02 6.739579107271896630e-02
6.130000000000000000e+02 6.862114056289100872e-02
6.132000000000000455e+02 6.989893981562246561e-02
6.133999999999999773e+02 7.122159505380958044e-02
6.136000000000000227e+02 7.258604718880738715e-02
6.137999999999999545e+02 7.399206062618030044e-02
6.140000000000000000e+02 7.543503875250656687e-02
6.142000000000000455e+02 7.690498183774875651e-02
6.143999999999999773e+02 7.840681249914366324e-02
6.146000000000000227e+02 7.993938005952426484e-02
6.147999999999999545e+02 8.149336681905887392e-02
6.150000000000000000e+02 8.307853916456410526e-02
6.152000000000000455e+02 8.469568281411862798e-02
6.153999999999999773e+02 8.634003672967634213e-02
6.156000000000000227e+02 8.802467195166245595e-02
6.157999999999999545e+02 8.974416427318110401e-02
6.160000000000000000e+02 9.148738524956896712e-02
6.162000000000000455e+02 9.326149069013775494e-02
6.163999999999999773e+02 9.506681548339820931e-02
6.166000000000000227e+02 9.690635561805278908e-02
6.167999999999999545e+02 9.879432064534210411e-02
6.170000000000000000e+02 1.007407978348791033e-01
6.172000000000000455e+02 1.027470369395916960e-01
6.173999999999999773e+02 1.048077264976141065e-01
6.176000000000000227e+02 1.069252923677581762e-01
6.177999999999999545e+02 1.090825062916514487e-01
6.180000000000000000e+02 1.112533183590401070e-01
6.182000000000000455e+02 1.134479338744810994e-01
6.183999999999999773e+02 1.156555159724193815e-01
6.186000000000000227e+02 1.178536425248565556e-01
6.187999999999999545e+02 1.200388891438778638e-01
6.190000000000000000e+02 1.221892593930434118e-01
6.192000000000000455e+02 1.242894783812760334e-01
6.193999999999999773e+02 1.263539660753549843e-01
6.196000000000000227e+02 1.283804791450038063e-01
6.197999999999999545e+02 1.303796987970450572e-01
6.200000000000000000e+02 1.323860237905538362e-01
6.202000000000000455e+02 1.344139173256282960e-01
6.203999999999999773e+02 1.364762193219642983e-01
6.206000000000000227e+02 1.385904093598085973e-01
6.207999999999999545e+02 1.407718194599809347e-01
6.210000000000000000e+02 1.430215327710635531e-01
6.212000000000000455e+02 1.453381504043048389e-01
6.213999999999999773e+02 1.477385946515649695e-01
6.216000000000000227e+02 1.502125761985631247e-01
6.217999999999999545e+02 1.527472012510901478e-01
6.220000000000000000e+02 1.553538030102521728e-01
6.222000000000000455e+02 1.580087604688761305e-01
6.223999999999999773e+02 1.606905851168575761e-01
6.226000000000000227e+02 1.634006700671939982e-01
6.227999999999999545e+02 1.661183774685769943e-01
6.230000000000000000e+02 1.688444482939469304e-01
6.232000000000000455e+02 1.716041184243850271e-01
6.233999999999999773e+02 1.743951068364851809e-01
6.236000000000000227e+02 1.772303516946212298e-01
6.237999999999999545e+02 1.801271866757120088e-01
6.240000000000000000e+02 1.830651478396724263e-01
6.242000000000000455e+02 1.860382431058656416e-01
6.243999999999999773e+02 1.890551726200208338e-01
6.246000000000000227e+02 1.921244883000685910e-01
6.247999999999999545e+02 1.952332990034872928e-01
6.250000000000000000e+02 1.983752911459837065e-01
6.252000000000000455e+02 2.015642305763544473e-01
6.253999999999999773e+02 2.047787431986337336e-01
6.256000000000000227e+02 2.080152072074830383e-01
6.257999999999999545e+02 2.112949753455393154e-01
6.260000000000000000e+02 2.145917394377631071e-01
6.262000000000000455e+02 2.178977302539088223e-01
6.263999999999999773e+02 2.212227814969516537e-01
6.266000000000000227e+02 2.245461603174009613e-01
6.267999999999999545e+02 2.278754591813964558e-01
6.270000000000000000e+02 2.312253665912769318e-01
6.272000000000000455e+02 2.345785131968697312e-01
6.273999999999999773e+02 2.379596585290765787e-01
6.276000000000000227e+02 2.413946351133119950e-01
6.277999999999999545e+02 2.448729966283161863e-01
6.280000000000000000e+02 2.484008812601567195e-01
6.282000000000000455e+02 2.519914737026515694e-01
6.283999999999999773e+02 2.556499640921825467e-01
6.286000000000000227e+02 2.593507361848469972e-01
6.287999999999999545e+02 2.630865554069986567e-01
6.290000000000000000e+02 2.668630591115296880e-01
6.292000000000000455e+02 2.706437072695282997e-01
6.293999999999999773e+02 2.744296192115680544e-01
6.296000000000000227e+02 2.782366438640551665e-01
6.297999999999999545e+02 2.820362847663232531e-01
6.300000000000000000e+02 2.858408058064653701e-01
6.302000000000000455e+02 2.896684577875659472e-01
6.303999999999999773e+02 2.935060850774884877e-01
6.306000000000000227e+02 2.973848798077319833e-01
6.307999999999999545e+02 3.013309670019946873e-01
6.310000000000000000e+02 3.053390832706172064e-01
6.312000000000000455e+02 3.094209353915945981e-01
6.313999999999999773e+02 3.135868023744899924e-01
6.316000000000000227e+02 3.178316131321663462e-01
6.317999999999999545e+02 3.221256534572813357e-01
6.320000000000000000e+02 3.264769810406069617e-01
6.322000000000000455e+02 3.309034956437584274e-01
6.323999999999999773e+02 3.353606556682123263e-01
6.326000000000000227e+02 3.398426985034780912e-01
6.327999999999999545e+02 3.443492253459586872e-01
6.330000000000000000e+02 3.488373253124767981e-01
6.332000000000000455e+02 3.533115789735813417e-01
6.333999999999999773e+02 3.577724255273890264e-01
6.336000000000000227e+02 3.621884356043861830e-01
6.337999999999999545e+02 3.665832373615394157e-01
6.340000000000000000e+02 3.709610711442602460e-01
6.342000000000000455e+02 3.752947977467191443e-01
6.343999999999999773e+02 3.796066998623890409e-01
6.346000000000000227e+02 3.838953826947388293e-01
6.347999999999999545e+02 3.881395319433774693e-01
6.350000000000000000e+02 3.923516882981110121e-01
6.352000000000000455e+02 3.965503446855063174e-01
6.353999999999999773e+02 4.007425384332640728e-01
6.356000000000000227e+02 4.049161328015163375e-01
6.357999999999999545e+02 4.090994315316502927e-01
6.360000000000000000e+02 4.133124013556012111e-01
6.362000000000000455e+02 4.175343617491172887e-01
6.363999999999999773e+02 4.217879593938224647e-01
6.366000000000000227e+02 4.260796535351153991e-01
6.367999999999999545e+02 4.303863834689242718e-01
6.370000000000000000e+02 4.347334201431367617e-01
6.372000000000000455e+02 4.390996123649419380e-01
6.373999999999999773e+02 4.434287637957182171e-01
6.376000000000000227e+02 4.477295235872441048e-01
6.377999999999999545e+02 4.519914285254889030e-01
6.380000000000000000e+02 4.562037046235229987e-01
6.382000000000000455e+02 4.604048695902114297e-01
6.383999999999999773e+02 4.646057769603966214e-01
6.386000000000000227e+02 4.688133620235542809e-01
6.387999999999999545e+02 4.730594433018767697e-01
6.390000000000000000e+02 4.773697778140923442e-01
6.392000000000000455e+02 4.817418380048356097e-01
6.393999999999999773e+02 4.861509374671061923e-01
6.396000000000000227e+02 4.906215089340137392e-01
6.397999999999999545e+02 4.951545835935992068e-01
6.400000000000000000e+02 4.997280226418289173e-01
6.402000000000000455e+02 5.043711194147265653e-01
6.403999999999999773e+02 5.090765356327386915e-01
6.406000000000000227e+02 5.138247325591966952e-01
6.407999999999999545e+02 5.186530777277937876e-01
6.410000000000000000e+02 5.235433935137008277e-01
6.412000000000000455e+02 5.284633786512050735e-01
6.413999999999999773e+02 5.334178927931708669e-01
6.416000000000000227e+02 5.383600830623014311e-01
6.417999999999999545e+02 5.432589029775622969e-01
6.420000000000000000e+02 5.481294941490238992e-01
6.422000000000000455e+02 5.529304767842879720e-01
6.423999999999999773e+02 5.576298357611679801e-01
6.426000000000000227e+02 5.622291294797311378e-01
6.427999999999999545e+02 5.667375840085975280e-01
6.430000000000000000e+02 5.711522170690132016e-01
6.432000000000000455e+02 5.754747740551632296e-01
6.433999999999999773e+02 5.797468891800011681e-01
6.436000000000000227e+02 5.839650287631598102e-01
6.437999999999999545e+02 5.881229938192693574e-01
6.440000000000000000e+02 5.922700390862681852e-01
6.442000000000000455e+02 5.964063458931527784e-01
6.443999999999999773e+02 6.005340914401468000e-01
6.446000000000000227e+02 6.046913364505515087e-01
6.447999999999999545e+02 6.088702916307711099e-01
6.450000000000000000e+02 6.130777474792765691e-01
6.452000000000000455e+02 6.173463622042396626e-01
6.453999999999999773e+02 6.216627404727607109e-01
6.456000000000000227e+02 6.260268482081211561e-01
6.457999999999999545e+02 6.304589680192882462e-01
6.460000000000000000e+02 6.349686183391921590e-01
6.462000000000000455e+02 6.395291494567982848e-01
6.463999999999999773e+02 6.441130862842846527e-01
6.466000000000000227e+02 6.487372465693671542e-01
6.467999999999999545e+02 6.533718555198648748e-01
6.470000000000000000e+02 6.579946353152721361e-01
6.472000000000000455e+02 6.626318789422083189e-01
6.473999999999999773e+02 6.672530565853634910e-01
6.476000000000000227e+02 6.718381012014583709e-01
6.477999999999999545e+02 6.763996290964142677e-01
6.480000000000000000e+02 6.809041115104098596e-01
6.482000000000000455e+02 6.853427386312641589e-01
6.483999999999999773e+02 6.897263067623561339e-01
6.486000000000000227e+02 6.940127008230446704e-01
6.487999999999999545e+02 6.982117666308961246e-01
6.490000000000000000e+02 7.023628002310671192e-01
6.492000000000000455e+02 7.064658843871299831e-01
6.493999999999999773e+02 7.105334932853010210e-01
6.496000000000000227e+02 7.145827915260929419e-01
6.497999999999999545e+02 7.186161871105989363e-01
6.500000000000000000e+02 7.226040755809826077e-01
6.502000000000000455e+02 7.265334233724062285e-01
6.503999999999999773e+02 7.304232522177904752e-01
6.506000000000000227e+02 7.342546139473715705e-01
6.507999999999999545e+02 7.380424793046304055e-01
6.510000000000000000e+02 7.418364181757680642e-01
6.512000000000000455e+02 7.456378332714944657e-01
6.513999999999999773e+02 7.494579565789727393e-01
6.516000000000000227e+02 7.533066146146555342e-01
6.517999999999999545e+02 7.571500963590360733e-01
6.520000000000000000e+02 7.609962496923422526e-01
6.522000000000000455e+02 7.648577237105772531e-01
6.523999999999999773e+02 7.687043512165060433e-01
6.526000000000000227e+02 7.725431221465512976e-01
6.527999999999999545e+02 7.763734502469963328e-01
6.530000000000000000e+02 7.801617743755595580e-01
6.532000000000000455e+02 7.839086633915109958e-01
6.533999999999999773e+02 7.876286113161286018e-01
6.536000000000000227e+02 7.913301857883091595e-01
6.537999999999999545e+02 7.949935568843801148e-01
6.540000000000000000e+02 7.986223604257529640e-01
6.542000000000000455e+02 8.022314040768276922e-01
6.543999999999999773e+02 8.057953305891697449e-01
6.546000000000000227e+02 8.093164989774800366e-01
6.547999999999999545e+02 8.127981460772005784e-01
6.550000000000000000e+02 8.162026574890058894e-01
6.552000000000000455e+02 8.195384447043523313e-01
6.553999999999999773e+02 8.228194760191789303e-01
6.556000000000000227e+02 8.260338722170401660e-01
6.557999999999999545e+02 8.292019663525823647e-01
6.560000000000000000e+02 8.323345545300263604e-01
6.562000000000000455e+02 8.354241806260197523e-01
6.563999999999999773e+02 8.384982847825699359e-01
6.566000000000000227e+02 8.415535401051268405e-01
6.567999999999999545e+02 8.445572859789446385e-01
6.570000000000000000e+02 8.475029334131600756e-01
6.572000000000000455e+02 8.503996554885678849e-01
6.573999999999999773e+02 8.532578136241020239e-01
6.576000000000000227e+02 8.560759736665454200e-01
6.577999999999999545e+02 8.588741137963099570e-01
6.580000000000000000e+02 8.616653258309332486e-01
6.582000000000000455e+02 8.644346482806823939e-01
6.583999999999999773e+02 8.671993993254135669e-01
6.586000000000000227e+02 8.699620289302951726e-01
6.587999999999999545e+02 8.726931825958169631e-01
6.590000000000000000e+02 8.753908608724850771e-01
6.592000000000000455e+02 8.780417795886749088e-01
6.593999999999999773e+02 8.806250960721784260e-01
6.596000000000000227e+02 8.831610187990461824e-01
6.597999999999999545e+02 8.856625046168086213e-01
6.600000000000000000e+02 8.881415510453029016e-01
6.602000000000000455e+02 8.906378471453569867e-01
6.603999999999999773e+02 8.931880070755940926e-01
6.606000000000000227e+02 8.958100898603734707e-01
6.607999999999999545e+02 8.984973521047625589e-01
6.610000000000000000e+02 9.012557955690732037e-01
6.612000000000000455e+02 9.040681704394730733e-01
6.613999999999999773e+02 9.068854297892029459e-01
6.616000000000000227e+02 9.097117559027453337e-01
6.617999999999999545e+02 9.125391288021837966e-01
6.620000000000000000e+02 9.153315989113696149e-01
6.622000000000000455e+02 9.180696040524668478e-01
6.623999999999999773e+02 9.207260357127762251e-01
6.626000000000000227e+02 9.232796423146146791e-01
6.627999999999999545e+02 9.257492622854491815e-01
6.630000000000000000e+02 9.281360764816141140e-01
6.632000000000000455e+02 9.304370340563279385e-01
6.633999999999999773e+02 9.326681100746612163e-01
6.636000000000000227e+02 9.348204054211611824e-01
6.637999999999999545e+02 9.368813578848499413e-01
6.640000000000000000e+02 9.388542845130474213e-01
6.642000000000000455e+02 9.407533479563735535e-01
6.643999999999999773e+02 9.425929640652490615e-01
6.646000000000000227e+02 9.443874460590925279e-01
6.647999999999999545e+02 9.461637878694774129e-01
6.650000000000000000e+02 9.479238930830933274e-01
6.652000000000000455e+02 9.496480736977249704e-01
6.653999999999999773e+02 9.513264421908270707e-01
6.656000000000000227e+02 9.529375071272453424e-01
6.657999999999999545e+02 9.544573442168859945e-01
6.660000000000000000e+02 9.558767500799401073e-01
6.662000000000000455e+02 9.571864710427274714e-01
6.663999999999999773e+02 9.583887101215078363e-01
6.666000000000000227e+02 9.595037164237526506e-01
6.667999999999999545e+02 9.605376154764081464e-01
6.670000000000000000e+02 9.615126910126914339e-01
6.672000000000000455e+02 9.624736260742574601e-01
6.673999999999999773e+02 9.634417268917094823e-01
6.676000000000000227e+02 9.644304658438395128e-01
6.677999999999999545e+02 9.654575120285637801e-01
6.680000000000000000e+02 9.665550362264460071e-01
6.682000000000000455e+02 9.677342036373256517e-01
6.683999999999999773e+02 9.689878189072009818e-01
6.686000000000000227e+02 9.703044186633659196e-01
6.687999999999999545e+02 9.716497118674426448e-01
6.690000000000000000e+02 9.729839706940718314e-01
6.692000000000000455e+02 9.742803450529553544e-01
6.693999999999999773e+02 9.755159955008999573e-01
6.696000000000000227e+02 9.766828062815695599e-01
6.697999999999999545e+02 9.777848737874073048e-01
6.700000000000000000e+02 9.787975358247157365e-01
6.702000000000000455e+02 9.797082607737704896e-01
6.703999999999999773e+02 9.805260054794684432e-01
6.706000000000000227e+02 9.812590844877130403e-01
6.707999999999999545e+02 9.819232146148970664e-01
6.710000000000000000e+02 9.825410186393721546e-01
6.712000000000000455e+02 9.831370209103382773e-01
6.713999999999999773e+02 9.837335859038200958e-01
6.716000000000000227e+02 9.843524213147402113e-01
6.717999999999999545e+02 9.850142118906582978e-01
6.720000000000000000e+02 9.857207249921641212e-01
6.722000000000000455e+02 9.864620624232248725e-01
6.723999999999999773e+02 9.872227966589938175e-01
6.726000000000000227e+02 9.879824608103913164e-01
6.727999999999999545e+02 9.887230970830618304e-01
6.730000000000000000e+02 9.894305348567795644e-01
6.732000000000000455e+02 9.900887910118306712e-01
6.733999999999999773e+02 9.906974952259637313e-01
6.736000000000000227e+02 9.912642049613051842e-01
6.737999999999999545e+02 9.917810593791650531e-01
6.740000000000000000e+02 9.922468270337436724e-01
6.742000000000000455e+02 9.926660993132816468e-01
6.743999999999999773e+02 9.930446567176339778e-01
6.746000000000000227e+02 9.934020558050689065e-01
6.747999999999999545e+02 9.937663193876884460e-01
6.750000000000000000e+02 9.941663692256392793e-01
6.752000000000000455e+02 9.946195778478162941e-01
6.753999999999999773e+02 9.951347164570564230e-01
6.756000000000000227e+02 9.957128400980389538e-01
6.757999999999999545e+02 9.963439657013428707e-01
6.760000000000000000e+02 9.970035687331992857e-01
6.762000000000000455e+02 9.976557507682388692e-01
6.763999999999999773e+02 9.982639845198096884e-01
6.766000000000000227e+02 9.988104409258384830e-01
6.767999999999999545e+02 9.992818654468231809e-01
6.770000000000000000e+02 9.996472180722866252e-01
6.772000000000000455e+02 9.998882962478043979e-01
6.773999999999999773e+02 1.000000000000000000e+00
6.776000000000000227e+02 9.999869140168463622e-01
6.777999999999999545e+02 9.998612815923918484e-01
6.780000000000000000e+02 9.996471388404345459e-01
6.782000000000000455e+02 9.993808639074238664e-01
6.783999999999999773e+02 9.991008802938758926e-01
6.786000000000000227e+02 9.988390216660161247e-01
6.787999999999999545e+02 9.986189077439995287e-01
6.790000000000000000e+02 9.984591855881337352e-01
6.792000000000000455e+02 9.983722938499477451e-01
6.793999999999999773e+02 9.983641102960795211e-01
6.796000000000000227e+02 9.984331598092121007e-01
6.797999999999999545e+02 9.985693612680678344e-01
6.800000000000000000e+02 9.987531802458156083e-01
6.802000000000000455e+02 9.989555834442271909e-01
6.803999999999999773e+02 9.991477417413683337e-01
6.806000000000000227e+02 9.992993874373699015e-01
6.807999999999999545e+02 9.993782413910996532e-01
6.810000000000000000e+02 9.993561039559871739e-01
6.812000000000000455e+02 9.992153982143806568e-01
6.813999999999999773e+02 9.989530982085135236e-01
6.816000000000000227e+02 9.985842607607112731e-01
6.817999999999999545e+02 9.981448752585404538e-01
6.820000000000000000e+02 9.976801208702181789e-01
6.822000000000000455e+02 9.972217085564517580e-01
6.823999999999999773e+02 9.967866292657959759e-01
6.826000000000000227e+02 9.963887931520759578e-01
6.827999999999999545e+02 9.960492000717380279e-01
6.830000000000000000e+02 9.957724870007178541e-01
6.832000000000000455e+02 9.955495182824943834e-01
6.833999999999999773e+02 9.953620333579253909e-01
6.836000000000000227e+02 9.951892602701194468e-01
6.837999999999999545e+02 9.950105567229801107e-01
6.840000000000000000e+02 9.948056966504384979e-01
6.842000000000000455e+02 9.945531213645711910e-01
6.843999999999999773e+02 9.942380239202512904e-01
6.846000000000000227e+02 9.938501151752452412e-01
6.847999999999999545e+02 9.933741680558413334e-01
6.850000000000000000e+02 9.927953864886673863e-01
6.852000000000000455e+02 9.921051615427280979e-01
6.853999999999999773e+02 9.913088683736623885e-01
6.856000000000000227e+02 9.904344984321727940e-01
6.857999999999999545e+02 9.895194664888561364e-01
6.860000000000000000e+02 9.885981878891662022e-01
6.862000000000000455e+02 9.876978302421434153e-01
6.863999999999999773e+02 9.868454845418062060e-01
6.866000000000000227e+02 9.860678884668145905e-01
6.867999999999999545e+02 9.853762756959580926e-01
6.870000000000000000e+02 9.847766337492133149e-01
6.872000000000000455e+02 9.842679303380131861e-01
6.873999999999999773e+02 9.838290066604157280e-01
6.876000000000000227e+02 9.834272495643393563e-01
6.877999999999999545e+02 9.830235771455880789e-01
6.880000000000000000e+02 9.825772347429093667e-01
6.882000000000000455e+02 9.820552221004418270e-01
6.883999999999999773e+02 9.814323356383624075e-01
6.886000000000000227e+02 9.806928162290436957e-01
6.887999999999999545e+02 9.798438618583804605e-01
6.890000000000000000e+02 9.789014327977768604e-01
6.892000000000000455e+02 9.778803880937974036e-01
6.893999999999999773e+02 9.767923622547842744e-01
6.896000000000000227e+02 9.756530395503041353e-01
6.897999999999999545e+02 9.744802914233926527e-01
6.900000000000000000e+02 9.732822970372554394e-01
6.902000000000000455e+02 9.720742589544778545e-01
6.903999999999999773e+02 9.708723412087153504e-01
6.906000000000000227e+02 9.696786372945758181e-01
6.907999999999999545e+02 9.685131406036476820e-01
6.910000000000000000e+02 9.673971059200946465e-01
6.912000000000000455e+02 9.663309541563067651e-01
6.913999999999999773e+02 9.653113575373727384e-01
6.916000000000000227e+02 9.643226899761311310e-01
6.917999999999999545e+02 9.633356747652421781e-01
6.920000000000000000e+02 9.623372287941190928e-01
6.922000000000000455e+02 9.613158889576814969e-01
6.923999999999999773e+02 9.602603751217284600e-01
6.926000000000000227e+02 9.591763966999055091e-01
6.927999999999999545e+02 9.580591687539902201e-01
6.930000000000000000e+02 9.568957723356835698e-01
6.932000000000000455e+02 9.556854009026803931e-01
6.933999999999999773e+02 9.544370093830125690e-01
6.936000000000000227e+02 9.531520204294104959e-01
6.937999999999999545e+02 9.518101664415645757e-01
6.940000000000000000e+02 9.504218776504288480e-01
6.942000000000000455e+02 9.490001213581584771e-01
6.943999999999999773e+02 9.475376912376333172e-01
6.946000000000000227e+02 9.460335014507542661e-01
6.947999999999999545e+02 9.444815018086193392e-01
6.950000000000000000e+02 9.428725153274384319e-01
6.952000000000000455e+02 9.412221845341358639e-01
6.953999999999999773e+02 9.395383387058244828e-01
6.956000000000000227e+02 9.378206682063846555e-01
6.957999999999999545e+02 9.360819659042408647e-01
6.960000000000000000e+02 9.343140968552784420e-01
6.962000000000000455e+02 9.325006022451790555e-01
6.963999999999999773e+02 9.306477319668382542e-01
6.966000000000000227e+02 9.288061742718624059e-01
6.967999999999999545e+02 9.270082671584104483e-01
6.970000000000000000e+02 9.252248676349020817e-01
6.972000000000000455e+02 9.234674810380029131e-01
6.973999999999999773e+02 9.217646096543942180e-01
6.976000000000000227e+02 9.201368063501740302e-01
6.977999999999999545e+02 9.185927042726591552e-01
6.980000000000000000e+02 9.171284127477064008e-01
6.982000000000000455e+02 9.157263375912840786e-01
6.983999999999999773e+02 9.143589169623400625e-01
6.986000000000000227e+02 9.129954893624901979e-01
6.987999999999999545e+02 9.116079030406143424e-01
6.990000000000000000e+02 9.101786100527250456e-01
6.992000000000000455e+02 9.086975391408832481e-01
6.993999999999999773e+02 9.071617124309083735e-01
6.996000000000000227e+02 9.055825070446785752e-01
6.997999999999999545e+02 9.039706169111390022e-01
7.000000000000000000e+02 9.023276444404900731e-01
7.002000000000000455e+02 9.006538735154986375e-01
7.003999999999999773e+02 8.989480514723844351e-01
7.006000000000000227e+02 8.972074858589106361e-01
7.007999999999999545e+02 8.954319228226320648e-01
7.010000000000000000e+02 8.936208649924667347e-01
7.012000000000000455e+02 8.917735543712146384e-01
7.013999999999999773e+02 8.898973719856857478e-01
7.016000000000000227e+02 8.880102947339998387e-01
7.017999999999999545e+02 8.861424075917393450e-01
7.020000000000000000e+02 8.843335855846392590e-01
7.022000000000000455e+02 8.826140223640760452e-01
7.023999999999999773e+02 8.809909251307186384e-01
7.026000000000000227e+02 8.794380298560579012e-01
7.027999999999999545e+02 8.779176169476338165e-01
7.030000000000000000e+02 8.763944376576563444e-01
7.032000000000000455e+02 8.748499550320729679e-01
7.033999999999999773e+02 8.732645621722288087e-01
7.036000000000000227e+02 8.716137574608714411e-01
7.037999999999999545e+02 8.698888649465652545e-01
7.040000000000000000e+02 8.680875697695691340e-01
7.042000000000000455e+02 8.662092819819972034e-01
7.043999999999999773e+02 8.642546369795505168e-01
7.046000000000000227e+02 8.622294153487248813e-01
7.047999999999999545e+02 8.601440748562574345e-01
7.050000000000000000e+02 8.580046657410241862e-01
7.052000000000000455e+02 8.558146001548119219e-01
7.053999999999999773e+02 8.535774578371920773e-01
7.056000000000000227e+02 8.513038803035727353e-01
7.057999999999999545e+02 8.490013899234478689e-01
7.060000000000000000e+02 8.466729825806610377e-01
7.062000000000000455e+02 8.443272373474359771e-01
7.063999999999999773e+02 8.419816748051793809e-01
7.066000000000000227e+02 8.396597429640776378e-01
7.067999999999999545e+02 8.373762732039877754e-01
7.070000000000000000e+02 8.351402036030266540e-01
7.072000000000000455e+02 8.329573448824278969e-01
7.073999999999999773e+02 8.308347584403548147e-01
7.076000000000000227e+02 8.287583668261258030e-01
7.077999999999999545e+02 8.266951636712940310e-01
7.080000000000000000e+02 8.246236168569508473e-01
7.082000000000000455e+02 8.225256314193927221e-01
7.083999999999999773e+02 8.203853698016546625e-01
7.086000000000000227e+02 8.181946624673014368e-01
7.087999999999999545e+02 8.159502617060402363e-01
7.090000000000000000e+02 8.136538145365637131e-01
7.092000000000000455e+02 8.113139627111718433e-01
7.093999999999999773e+02 8.089341599903627777e-01
7.096000000000000227e+02 8.065107360053245245e-01
7.097999999999999545e+02 8.040380837446972073e-01
7.100000000000000000e+02 8.015252253554846495e-01
7.102000000000000455e+02 7.989959698537597577e-01
7.103999999999999773e+02 7.964770788523293232e-01
7.106000000000000227e+02 7.939805459769783136e-01
7.107999999999999545e+02 7.915061456186321953e-01
7.110000000000000000e+02 7.890585383335104730e-01
7.112000000000000455e+02 7.866436213593882565e-01
7.113999999999999773e+02 7.842739118788103481e-01
7.116000000000000227e+02 7.819832329154959849e-01
7.117999999999999545e+02 7.797999844032607042e-01
7.120000000000000000e+02 7.777425855525573750e-01
7.122000000000000455e+02 7.758225957435832543e-01
7.123999999999999773e+02 7.740293709977431602e-01
7.126000000000000227e+02 7.723322169690075567e-01
7.127999999999999545e+02 7.706911621390271083e-01
7.130000000000000000e+02 7.690677395276839245e-01
7.132000000000000455e+02 7.674250092333458895e-01
7.133999999999999773e+02 7.657232634789336023e-01
7.136000000000000227e+02 7.639265568313750032e-01
7.137999999999999545e+02 7.620043685752819762e-01
7.140000000000000000e+02 7.599325088447438370e-01
7.142000000000000455e+02 7.576902105093552553e-01
7.143999999999999773e+02 7.552625721731235364e-01
7.146000000000000227e+02 7.526471162926752223e-01
7.147999999999999545e+02 7.498520949965542526e-01
7.150000000000000000e+02 7.468865770694316231e-01
7.152000000000000455e+02 7.437469935261722398e-01
7.153999999999999773e+02 7.404596103931281315e-01
7.156000000000000227e+02 7.370670060968398385e-01
7.157999999999999545e+02 7.335942361956335755e-01
7.160000000000000000e+02 7.300620802604831372e-01
7.162000000000000455e+02 7.264932606232102907e-01
7.163999999999999773e+02 7.229190452058877892e-01
7.166000000000000227e+02 7.193862843192736500e-01
7.167999999999999545e+02 7.159476121140321281e-01
7.170000000000000000e+02 7.126448020723515908e-01
7.172000000000000455e+02 7.095005830105046707e-01
7.173999999999999773e+02 7.065183721184895571e-01
7.176000000000000227e+02 7.036819123570011714e-01
7.177999999999999545e+02 7.009696727434517882e-01
7.180000000000000000e+02 6.983633084681925007e-01
7.182000000000000455e+02 6.958556373560292885e-01
7.183999999999999773e+02 6.934417028880160982e-01
7.186000000000000227e+02 6.911151332534386516e-01
7.187999999999999545e+02 6.888652233841078276e-01
7.190000000000000000e+02 6.866785351139015336e-01
7.192000000000000455e+02 6.845419025766844578e-01
7.193999999999999773e+02 6.824445567872210461e-01
7.196000000000000227e+02 6.803653020568101173e-01
7.197999999999999545e+02 6.782854815076430066e-01
7.200000000000000000e+02 6.762054670590342820e-01
7.202000000000000455e+02 6.741260157958355315e-01
7.203999999999999773e+02 6.720480472446953568e-01
7.206000000000000227e+02 6.699747622025805649e-01
7.207999999999999545e+02 6.679046315517388477e-01
7.210000000000000000e+02 6.658398868389718839e-01
7.212000000000000455e+02 6.637952065348006192e-01
7.213999999999999773e+02 6.617797825512312659e-01
7.216000000000000227e+02 6.597970300642164165e-01
7.217999999999999545e+02 6.578468399608727868e-01
7.220000000000000000e+02 6.559330588805699636e-01
7.222000000000000455e+02 6.540546603840678985e-01
7.223999999999999773e+02 6.521967175069269818e-01
7.226000000000000227e+02 6.503414355321506246e-01
7.227999999999999545e+02 6.484733953003244400e-01
7.230000000000000000e+02 6.465832013536582101e-01
7.232000000000000455e+02 6.446649275826183967e-01
7.233999999999999773e+02 6.427156448660575894e-01
7.236000000000000227e+02 6.407358835843328659e-01
7.237999999999999545e+02 6.387303446315157895e-01
7.240000000000000000e+02 6.366875856471984063e-01
7.242000000000000455e+02 6.345679713795479016e-01
7.243999999999999773e+02 6.323533756009257489e-01
7.246000000000000227e+02 6.300433289820535077e-01
7.247999999999999545e+02 6.276473803656120731e-01
7.250000000000000000e+02 6.251687308122422237e-01
7.252000000000000455e+02 6.226120164252488820e-01
7.253999999999999773e+02 6.199920319031192451e-01
7.256000000000000227e+02 6.173407815359618356e-01
7.257999999999999545e+02 6.146915385504067020e-01
7.260000000000000000e+02 6.120663618029351660e-01
7.262000000000000455e+02 6.094738386988711731e-01
7.263999999999999773e+02 6.069157036514113424e-01
7.266000000000000227e+02 6.043910799859590899e-01
7.267999999999999545e+02 6.018981581665761027e-01
7.270000000000000000e+02 5.994337966915989080e-01
7.272000000000000455e+02 5.969948077246245433e-01
7.273999999999999773e+02 5.945878187418305316e-01
7.276000000000000227e+02 5.922237887230014097e-01
7.277999999999999545e+02 5.899108555014774824e-01
7.280000000000000000e+02 5.876361881876415172e-01
7.282000000000000455e+02 5.853953168324141920e-01
7.283999999999999773e+02 5.832070021893609457e-01
7.286000000000000227e+02 5.810879295959715529e-01
7.287999999999999545e+02 5.790478646913366223e-01
7.290000000000000000e+02 5.770857325398757176e-01
7.292000000000000455e+02 5.751816464734121892e-01
7.293999999999999773e+02 5.733111973478173251e-01
7.296000000000000227e+02 5.714551364818063472e-01
7.297999999999999545e+02 5.696083178667751268e-01
7.300000000000000000e+02 5.677780163130323743e-01
7.302000000000000455e+02 5.659792021778291549e-01
7.303999999999999773e+02 5.642146605502971202e-01
7.306000000000000227e+02 5.624869865624536613e-01
7.307999999999999545e+02 5.608052841843976788e-01
7.310000000000000000e+02 5.591847119783311948e-01
7.312000000000000455e+02 5.576299965910036516e-01
7.313999999999999773e+02 5.561289333896345388e-01
7.316000000000000227e+02 5.546610575284183220e-01
7.317999999999999545e+02 5.532041830088603174e-01
7.320000000000000000e+02 5.517389401810606220e-01
7.322000000000000455e+02 5.502563530128830038e-01
7.323999999999999773e+02 5.487512622892311009e-01
7.326000000000000227e+02 5.472213018303513365e-01
7.327999999999999545e+02 5.456733570359556529e-01
7.330000000000000000e+02 5.441034534745124995e-01
7.332000000000000455e+02 5.424926734112419657e-01
7.333999999999999773e+02 5.408244375043208541e-01
7.336000000000000227e+02 5.390852699787340718e-01
7.337999999999999545e+02 5.372635325319505828e-01
7.340000000000000000e+02 5.353450847064091800e-01
7.342000000000000455e+02 5.333183873380287210e-01
7.343999999999999773e+02 5.311777512831056258e-01
7.346000000000000227e+02 5.289275994537964154e-01
7.347999999999999545e+02 5.265851759903344975e-01
7.350000000000000000e+02 5.241805864883797295e-01
7.352000000000000455e+02 5.217526749189713708e-01
7.353999999999999773e+02 5.193332292605423728e-01
7.356000000000000227e+02 5.169404337141121353e-01
7.357999999999999545e+02 5.145757232450813845e-01
7.360000000000000000e+02 5.122394071010836214e-01
7.362000000000000455e+02 5.099333127498579810e-01
7.363999999999999773e+02 5.076531142554674414e-01
7.366000000000000227e+02 5.053873452322201754e-01
7.367999999999999545e+02 5.031113568300532579e-01
7.370000000000000000e+02 5.007728526633952182e-01
7.372000000000000455e+02 4.983431663176972060e-01
7.373999999999999773e+02 4.958233901657295717e-01
7.376000000000000227e+02 4.932201672554010208e-01
7.377999999999999545e+02 4.905391546197048758e-01
7.380000000000000000e+02 4.877904317774466869e-01
7.382000000000000455e+02 4.850059414414706893e-01
7.383999999999999773e+02 4.822164225097304580e-01
7.386000000000000227e+02 4.794460281391028089e-01
7.387999999999999545e+02 4.767157454771703828e-01
7.390000000000000000e+02 4.740620643206296392e-01
7.392000000000000455e+02 4.715327888647763976e-01
7.393999999999999773e+02 4.691658607628473310e-01
7.396000000000000227e+02 4.669827493839870947e-01
7.397999999999999545e+02 4.649925216560235608e-01
7.400000000000000000e+02 4.632027360851876940e-01
7.402000000000000455e+02 4.616115592178116067e-01
7.403999999999999773e+02 4.602061854057354906e-01
7.406000000000000227e+02 4.589620621403500134e-01
7.407999999999999545e+02 4.578373953469734303e-01
7.410000000000000000e+02 4.567804143604788369e-01
7.412000000000000455e+02 4.557449731054573627e-01
7.413999999999999773e+02 4.546843005590320841e-01
7.416000000000000227e+02 4.535512903244970362e-01
7.417999999999999545e+02 4.523020247877685973e-01
7.420000000000000000e+02 4.508963977738066897e-01
7.422000000000000455e+02 4.493009970131554565e-01
7.423999999999999773e+02 4.474961162348213839e-01
7.426000000000000227e+02 4.454858207806308701e-01
7.427999999999999545e+02 4.432987987271795882e-01
7.430000000000000000e+02 4.409878735496807756e-01
7.432000000000000455e+02 4.386017817847598921e-01
7.433999999999999773e+02 4.361827482134855716e-01
7.436000000000000227e+02 4.337728039448059403e-01
7.437999999999999545e+02 4.314346487706339217e-01
7.440000000000000000e+02 4.292335432774527226e-01
7.442000000000000455e+02 4.272022178657070568e-01
7.443999999999999773e+02 4.253484726915062186e-01
7.446000000000000227e+02 4.236669687182800792e-01
7.447999999999999545e+02 4.221513222149720912e-01
7.450000000000000000e+02 4.207771085750984241e-01
7.452000000000000455e+02 4.194984075017416103e-01
7.453999999999999773e+02 4.182479448442290582e-01
7.456000000000000227e+02 4.169792085203417598e-01
7.457999999999999545e+02 4.156650492018811316e-01
7.460000000000000000e+02 4.142882017779737081e-01
7.462000000000000455e+02 4.128328152796411632e-01
7.463999999999999773e+02 4.112809055959558147e-01
7.466000000000000227e+02 4.096095531701864911e-01
7.467999999999999545e+02 4.077952427027584648e-01
7.470000000000000000e+02 4.058233026704469171e-01
7.472000000000000455e+02 4.037003400321007018e-01
7.473999999999999773e+02 4.014520419838180088e-01
7.476000000000000227e+02 3.991163992653514181e-01
7.477999999999999545e+02 3.967355169290621708e-01
7.480000000000000000e+02 3.943328610281523483e-01
7.482000000000000455e+02 3.919204190698835633e-01
7.483999999999999773e+02 3.895095123123562542e-01
7.486000000000000227e+02 3.871157861169601810e-01
7.487999999999999545e+02 3.847614972862166693e-01
7.490000000000000000e+02 3.824754634708619760e-01
7.492000000000000455e+02 3.802693545488513571e-01
7.493999999999999773e+02 3.781516121355135152e-01
7.496000000000000227e+02 3.761400263862776927e-01
7.497999999999999545e+02 3.742258538975915538e-01
7.500000000000000000e+02 3.723906637827180677e-01
7.502000000000000455e+02 3.706270134652138171e-01
7.503999999999999773e+02 3.689452265013565824e-01
7.506000000000000227e+02 3.673583337726925024e-01
7.507999999999999545e+02 3.658684915786497016e-01
7.510000000000000000e+02 3.644741693030736918e-01
7.512000000000000455e+02 3.631696026671745736e-01
7.513999999999999773e+02 3.619429067784071807e-01
7.516000000000000227e+02 3.607765480458671736e-01
7.517999999999999545e+02 3.596466592414948593e-01
7.520000000000000000e+02 3.585218465659067433e-01
7.522000000000000455e+02 3.573659106826079790e-01
7.523999999999999773e+02 3.561406679184512258e-01
7.526000000000000227e+02 3.548092855185474015e-01
7.527999999999999545e+02 3.533461164489853368e-01
7.530000000000000000e+02 3.517230541526961130e-01
7.532000000000000455e+02 3.499039249835382837e-01
7.533999999999999773e+02 3.478836069725398383e-01
7.536000000000000227e+02 3.456759659020274822e-01
7.537999999999999545e+02 3.433042646868157965e-01
7.540000000000000000e+02 3.408018893041147579e-01
7.542000000000000455e+02 3.382129473072031378e-01
7.543999999999999773e+02 3.355921084672064403e-01
7.546000000000000227e+02 3.329939035011480475e-01
7.547999999999999545e+02 3.304672731797406171e-01
7.550000000000000000e+02 3.280520982941610986e-01
7.552000000000000455e+02 3.257800163739301147e-01
7.553999999999999773e+02 3.236695789960674086e-01
7.556000000000000227e+02 3.217233196453208599e-01
7.557999999999999545e+02 3.199366005876922991e-01
7.560000000000000000e+02 3.182944933094296602e-01
7.562000000000000455e+02 3.167696482178513628e-01
7.563999999999999773e+02 3.153292148903708014e-01
7.566000000000000227e+02 3.139389902025193080e-01
7.567999999999999545e+02 3.125630301896024088e-01
7.570000000000000000e+02 3.111526060780720471e-01
7.572000000000000455e+02 3.096670294854630412e-01
7.573999999999999773e+02 3.080836703978148683e-01
7.576000000000000227e+02 3.063845025299138936e-01
7.577999999999999545e+02 3.045623924547071759e-01
7.580000000000000000e+02 3.026264928991837522e-01
7.582000000000000455e+02 3.006050246816101557e-01
7.583999999999999773e+02 2.985331853239499567e-01
7.586000000000000227e+02 2.964459074771030322e-01
7.587999999999999545e+02 2.943714053457091029e-01
7.590000000000000000e+02 2.923509309748297813e-01
7.592000000000000455e+02 2.904412209156890801e-01
7.593999999999999773e+02 2.886807591351540081e-01
7.596000000000000227e+02 2.870882682538219433e-01
7.597999999999999545e+02 2.856686576287375545e-01
7.600000000000000000e+02 2.844391931399546380e-01
7.602000000000000455e+02 2.833954129801974919e-01
7.603999999999999773e+02 2.824974201435901389e-01
7.606000000000000227e+02 2.816826723358418771e-01
7.607999999999999545e+02 2.809049577969326417e-01
7.610000000000000000e+02 2.801435785154072766e-01
7.612000000000000455e+02 2.793752855276255276e-01
7.613999999999999773e+02 2.785670388083695270e-01
7.616000000000000227e+02 2.776809299191659863e-01
7.617999999999999545e+02 2.767014860273904198e-01
7.620000000000000000e+02 2.756384555453497143e-01
7.622000000000000455e+02 2.745206077616909601e-01
7.623999999999999773e+02 2.733708366422172853e-01
7.626000000000000227e+02 2.721967221728469055e-01
7.627999999999999545e+02 2.709983305158643052e-01
7.630000000000000000e+02 2.698033352828891340e-01
7.632000000000000455e+02 2.686414596843283986e-01
7.633999999999999773e+02 2.675377366764769560e-01
7.636000000000000227e+02 2.665198175885187815e-01
7.637999999999999545e+02 2.656019834361754151e-01
7.640000000000000000e+02 2.647808001707293579e-01
7.642000000000000455e+02 2.640374537649062270e-01
7.643999999999999773e+02 2.633472955887222744e-01
7.646000000000000227e+02 2.626853351935961034e-01
7.647999999999999545e+02 2.620346144998168536e-01
7.650000000000000000e+02 2.613631768537267863e-01
7.652000000000000455e+02 2.606178630417481656e-01
7.653999999999999773e+02 2.597468560700890161e-01
7.656000000000000227e+02 2.587044988554446090e-01
7.657999999999999545e+02 2.574522030877945955e-01
7.660000000000000000e+02 2.559511627311361059e-01
7.662000000000000455e+02 2.541854891255196369e-01
7.663999999999999773e+02 2.521792952484087635e-01
7.666000000000000227e+02 2.499902953346996581e-01
7.667999999999999545e+02 2.476734544534536508e-01
7.670000000000000000e+02 2.452557222281870064e-01
7.672000000000000455e+02 2.427515466705083558e-01
7.673999999999999773e+02 2.401817172540572087e-01
7.676000000000000227e+02 2.375896992136044827e-01
7.677999999999999545e+02 2.350370530407365488e-01
7.680000000000000000e+02 2.325830538467114905e-01
7.682000000000000455e+02 2.302630935487176012e-01
7.683999999999999773e+02 2.280946564884962224e-01
7.686000000000000227e+02 2.260888157869985760e-01
7.687999999999999545e+02 2.242616563619393710e-01
7.690000000000000000e+02 2.226215907386862314e-01
7.692000000000000455e+02 2.211731242871636527e-01
7.693999999999999773e+02 2.199248446947597579e-01
7.696000000000000227e+02 2.188821449529958774e-01
7.697999999999999545e+02 2.180398017570314151e-01
7.700000000000000000e+02 2.173692538784288419e-01
7.702000000000000455e+02 2.168339402327550958e-01
7.703999999999999773e+02 2.163942697843287966e-01
7.706000000000000227e+02 2.160103073910226990e-01
7.707999999999999545e+02 2.156369274647176593e-01
7.710000000000000000e+02 2.152278060042783492e-01
7.712000000000000455e+02 2.147500662498292301e-01
7.713999999999999773e+02 2.141855138641224066e-01
7.716000000000000227e+02 2.135297000143026036e-01
7.717999999999999545e+02 2.127883536572146295e-01
7.720000000000000000e+02 2.119848104573764103e-01
7.722000000000000455e+02 2.111563300096509777e-01
7.723999999999999773e+02 2.103265437439815200e-01
7.726000000000000227e+02 2.094985691797265626e-01
7.727999999999999545e+02 2.086594239946597540e-01
7.730000000000000000e+02 2.078167875811958443e-01
7.732000000000000455e+02 2.069947426827788983e-01
7.733999999999999773e+02 2.062264601169719047e-01
7.736000000000000227e+02 2.055249543731900441e-01
7.737999999999999545e+02 2.048740946690431053e-01
7.740000000000000000e+02 2.042240894065993073e-01
7.742000000000000455e+02 2.035145196537771761e-01
7.743999999999999773e+02 2.026990277782818317e-01
7.746000000000000227e+02 2.017624465856612537e-01
7.747999999999999545e+02 2.007045687580994164e-01
7.750000000000000000e+02 1.995320570794054948e-01
7.752000000000000455e+02 1.982527970325292932e-01
7.753999999999999773e+02 1.968661049066958990e-01
7.756000000000000227e+02 1.953674154465132040e-01
7.757999999999999545e+02 1.937543754675742913e-01
7.760000000000000000e+02 1.920309947362375536e-01
7.762000000000000455e+02 1.902169828485793801e-01
7.763999999999999773e+02 1.883603187334108309e-01
7.766000000000000227e+02 1.865125222231459046e-01
7.767999999999999545e+02 1.847287598652661844e-01
7.770000000000000000e+02 1.830743093954317335e-01
7.772000000000000455e+02 1.816133282209381195e-01
7.773999999999999773e+02 1.803996041092816860e-01
7.776000000000000227e+02 1.794618746278131838e-01
7.777999999999999545e+02 1.788165283447108178e-01
7.780000000000000000e+02 1.784626165113082363e-01
7.782000000000000455e+02 1.783624483210769496e-01
7.783999999999999773e+02 1.784661807794095945e-01
7.786000000000000227e+02 1.787228008356097075e-01
7.787999999999999545e+02 1.790915157316895212e-01
7.790000000000000000e+02 1.795171814166407476e-01
7.792000000000000455e+02 1.799269125403567537e-01
7.793999999999999773e+02 1.802431355345052166e-01
7.796000000000000227e+02 1.803962448922358242e-01
7.797999999999999545e+02 1.803354213209411583e-01
7.800000000000000000e+02 1.800525294186652858e-01
7.802000000000000455e+02 1.795702989771575386e-01
7.803999999999999773e+02 1.789328805218166063e-01
7.806000000000000227e+02 1.781792565579537746e-01
7.807999999999999545e+02 1.773416399788880493e-01
7.810000000000000000e+02 1.764429720466463847e-01
7.812000000000000455e+02 1.754877556661748883e-01
7.813999999999999773e+02 1.744784832465273994e-01
7.816000000000000227e+02 1.734277320101217101e-01
7.817999999999999545e+02 1.723689948368113123e-01
7.820000000000000000e+02 1.713355101897866828e-01
7.822000000000000455e+02 1.703438188924501218e-01
7.823999999999999773e+02 1.693934183568795437e-01
7.826000000000000227e+02 1.684759896491356546e-01
7.827999999999999545e+02 1.675807058048816856e-01
7.830000000000000000e+02 1.666831551646851539e-01
7.832000000000000455e+02 1.657492414649319457e-01
7.833999999999999773e+02 1.647410335867719455e-01
7.836000000000000227e+02 1.636377347213456290e-01
7.837999999999999545e+02 1.624390064333384176e-01
7.840000000000000000e+02 1.611695089287834282e-01
7.842000000000000455e+02 1.598730147065035578e-01
7.843999999999999773e+02 1.586033965113965161e-01
7.846000000000000227e+02 1.574121789105367153e-01
7.847999999999999545e+02 1.563209215574633826e-01
7.850000000000000000e+02 1.553254253594351375e-01
7.852000000000000455e+02 1.544094801942862138e-01
7.853999999999999773e+02 1.535669043832157687e-01
7.856000000000000227e+02 1.528041881949445124e-01
7.857999999999999545e+02 1.521367472358930439e-01
7.860000000000000000e+02 1.515681974686191313e-01
7.862000000000000455e+02 1.510834342052869983e-01
7.863999999999999773e+02 1.506428810555553166e-01
7.866000000000000227e+02 1.502042166550083269e-01
7.867999999999999545e+02 1.497318253528764076e-01
7.870000000000000000e+02 1.492068360071351629e-01
7.872000000000000455e+02 1.486251303714071215e-01
7.873999999999999773e+02 1.479954370750102555e-01
7.876000000000000227e+02 1.473331016420069972e-01
7.877999999999999545e+02 1.466461130066336604e-01
7.880000000000000000e+02 1.459292381771518932e-01
7.882000000000000455e+02 1.451659869566561123e-01
7.883999999999999773e+02 1.443424415188084842e-01
7.886000000000000227e+02 1.434571594283393370e-01
7.887999999999999545e+02 1.425346594713015891e-01
7.890000000000000000e+02 1.416148886738723134e-01
7.892000000000000455e+02 1.407457700910430265e-01
7.893999999999999773e+02 1.399684572381715009e-01
7.896000000000000227e+02 1.393092172418928520e-01
7.897999999999999545e+02 1.387700504324684836e-01
7.900000000000000000e+02 1.383161146060562230e-01
7.902000000000000455e+02 1.378899483635715184e-01
7.903999999999999773e+02 1.374227135227830965e-01
7.906000000000000227e+02 1.368485727288169251e-01
7.907999999999999545e+02 1.361224522172597429e-01
7.910000000000000000e+02 1.352403887595697851e-01
7.912000000000000455e+02 1.342277062377199015e-01
7.913999999999999773e+02 1.331236723633580366e-01
7.916000000000000227e+02 1.319667799065287750e-01
7.917999999999999545e+02 1.307922784276223938e-01
7.920000000000000000e+02 1.296277680747928429e-01
7.922000000000000455e+02 1.284863352398458725e-01
7.923999999999999773e+02 1.273810419463218824e-01
7.926000000000000227e+02 1.263283238534210484e-01
7.927999999999999545e+02 1.253492271813797798e-01
7.930000000000000000e+02 1.244596155903750639e-01
7.932000000000000455e+02 1.236710172363707644e-01
7.933999999999999773e+02 1.229958954361084211e-01
7.936000000000000227e+02 1.224339721819775045e-01
7.937999999999999545e+02 1.219678256512015252e-01
7.940000000000000000e+02 1.215598717458933609e-01
7.942000000000000455e+02 1.211817772574791119e-01
7.943999999999999773e+02 1.208207410463208870e-01
7.946000000000000227e+02 1.204713323816841569e-01
7.947999999999999545e+02 1.201169575270537027e-01
7.950000000000000000e+02 1.197253218428448590e-01
7.952000000000000455e+02 1.192568244460916194e-01
7.953999999999999773e+02 1.186692170255437551e-01
7.956000000000000227e+02 1.179252683611404784e-01
7.957999999999999545e+02 1.170196513247037523e-01
7.960000000000000000e+02 1.159826584085423690e-01
7.962000000000000455e+02 1.148793864516309271e-01
7.963999999999999773e+02 1.137816604751911848e-01
7.966000000000000227e+02 1.127621706136122948e-01
7.967999999999999545e+02 1.118896693389180436e-01
7.970000000000000000e+02 1.112133265863686077e-01
7.972000000000000455e+02 1.107553687575017209e-01
7.973999999999999773e+02 1.105033485726339554e-01
7.976000000000000227e+02 1.104182824141210356e-01
7.977999999999999545e+02 1.104434098189395613e-01
7.980000000000000000e+02 1.105097630476169629e-01
7.982000000000000455e+02 1.105519519132076578e-01
7.983999999999999773e+02 1.105211829405341323e-01
7.986000000000000227e+02 1.103985171655035430e-01
7.987999999999999545e+02 1.101746497854880491e-01
7.990000000000000000e+02 1.098379949495783409e-01
7.992000000000000455e+02 1.093633341823325444e-01
7.993999999999999773e+02 1.087208797686936984e-01
7.996000000000000227e+02 1.078902809925019468e-01
7.997999999999999545e+02 1.068815252984719189e-01
8.000000000000000000e+02 1.057255658769255535e-01
8.002000000000000455e+02 1.044676346178376042e-01
8.003999999999999773e+02 1.031607776106244073e-01
8.006000000000000227e+02 1.018556633509558190e-01
8.007999999999999545e+02 1.005976023012161574e-01
8.010000000000000000e+02 9.942376959973298067e-02
8.012000000000000455e+02 9.836330003034313152e-02
8.013999999999999773e+02 9.743890479372314950e-02
8.016000000000000227e+02 9.666993921930536193e-02
8.017999999999999545e+02 9.606478281328542645e-02
8.020000000000000000e+02 9.561285672690569837e-02
8.022000000000000455e+02 9.526688703250055235e-02
8.023999999999999773e+02 9.497709758440789352e-02
8.026000000000000227e+02 9.470329655517080447e-02
8.027999999999999545e+02 9.441499943236356107e-02
8.030000000000000000e+02 9.406880571850928519e-02
8.032000000000000455e+02 9.360757737690078573e-02
8.033999999999999773e+02 9.300044748433547448e-02
8.036000000000000227e+02 9.223180865957049390e-02
8.037999999999999545e+02 9.128810781285091880e-02
8.040000000000000000e+02 9.011869944775018071e-02
8.042000000000000455e+02 8.868303978029232204e-02
8.043999999999999773e+02 8.698221547457531122e-02
8.046000000000000227e+02 8.505988437868911012e-02
8.047999999999999545e+02 8.297346909279139371e-02
8.050000000000000000e+02 8.077754531088844614e-02
8.052000000000000455e+02 7.853683485111155604e-02
8.053999999999999773e+02 7.632413284091174588e-02
8.056000000000000227e+02 7.421674700246309875e-02
8.057999999999999545e+02 7.227997299258505370e-02
8.060000000000000000e+02 7.056507937972507361e-02
8.062000000000000455e+02 6.910742862279783960e-02
8.064000000000000909e+02 6.793668641734722236e-02
8.066000000000000227e+02 6.707455020020570979e-02
8.067999999999999545e+02 6.652862546724472304e-02
8.070000000000000000e+02 6.629599347569611889e-02
8.072000000000000455e+02 6.636246531585149322e-02
8.074000000000000909e+02 6.669817751026874131e-02
8.076000000000000227e+02 6.725982696092576429e-02
8.077999999999999545e+02 6.799362379645310095e-02
8.080000000000000000e+02 6.883851396250686983e-02
8.082000000000000455e+02 6.973812655376800118e-02
8.084000000000000909e+02 7.063867760557088205e-02
8.086000000000000227e+02 7.147936198365967275e-02
8.087999999999999545e+02 7.219626222306828323e-02
8.090000000000000000e+02 7.273537527707117645e-02
8.092000000000000455e+02 7.308449516352903685e-02
8.094000000000000909e+02 7.324531472274763144e-02
8.096000000000000227e+02 7.322359855930132833e-02
8.097999999999999545e+02 7.302602542639517746e-02
8.100000000000000000e+02 7.270046734642973685e-02
8.102000000000000455e+02 7.233641946634276898e-02
8.104000000000000909e+02 7.200990329379364230e-02
8.106000000000000227e+02 7.175823551561753832e-02
8.107999999999999545e+02 7.157618413499700072e-02
8.110000000000000000e+02 7.144992073636592667e-02
8.112000000000000455e+02 7.136660650477105738e-02
8.114000000000000909e+02 7.131776645596676900e-02
8.116000000000000227e+02 7.129709256071319057e-02
8.117999999999999545e+02 7.129422344888640406e-02
8.120000000000000000e+02 7.129247343881747745e-02
8.122000000000000455e+02 7.127992660902494892e-02
8.124000000000000909e+02 7.124576833160091438e-02
8.126000000000000227e+02 7.117596911858058151e-02
8.127999999999999545e+02 7.104659403101012960e-02
8.130000000000000000e+02 7.082909193581958529e-02
8.132000000000000455e+02 7.049769929613892983e-02
8.134000000000000909e+02 7.004648909127461631e-02
8.136000000000000227e+02 6.948257132956107973e-02
8.137999999999999545e+02 6.881487835053937130e-02
8.140000000000000000e+02 6.805885171609264706e-02
8.142000000000000455e+02 6.723266743040669235e-02
8.144000000000000909e+02 6.634681794288901924e-02
8.146000000000000227e+02 6.539997612369276292e-02
8.147999999999999545e+02 6.438097267423723014e-02
8.150000000000000000e+02 6.327764952600052617e-02
8.152000000000000455e+02 6.208345612772536715e-02
8.154000000000000909e+02 6.080192662115472407e-02
8.156000000000000227e+02 5.945535133472854006e-02
8.157999999999999545e+02 5.807680620032277391e-02
8.160000000000000000e+02 5.670908777137359524e-02
8.162000000000000455e+02 5.541457583475815213e-02
8.164000000000000909e+02 5.424624136699374155e-02
8.166000000000000227e+02 5.322844578243846048e-02
8.167999999999999545e+02 5.237871488008976478e-02
8.170000000000000000e+02 5.170875140973126005e-02
8.172000000000000455e+02 5.122290193704410327e-02
8.174000000000000909e+02 5.092792942680834239e-02
8.176000000000000227e+02 5.083987510691975742e-02
8.177999999999999545e+02 5.099240329435712066e-02
8.180000000000000000e+02 5.141606973945431203e-02
8.182000000000000455e+02 5.212261072198463158e-02
8.184000000000000909e+02 5.307802639119507671e-02
8.186000000000000227e+02 5.422346078694583599e-02
8.187999999999999545e+02 5.548976927384684232e-02
8.190000000000000000e+02 5.682213178030825346e-02
8.192000000000000455e+02 5.817570095635844762e-02
8.194000000000000909e+02 5.950828190555874225e-02
8.196000000000000227e+02 6.075883379470115725e-02
8.197999999999999545e+02 6.187793144777559151e-02
8.200000000000000000e+02 6.283975748689443752e-02
8.202000000000000455e+02 6.362918267717665444e-02
8.204000000000000909e+02 6.423438212331759878e-02
8.206000000000000227e+02 6.464407986926171135e-02
8.207999999999999545e+02 6.485175550327607064e-02
8.210000000000000000e+02 6.486818440290552379e-02
8.212000000000000455e+02 6.473254570523916118e-02
8.214000000000000909e+02 6.448722009417326428e-02
8.216000000000000227e+02 6.417184363834101124e-02
8.217999999999999545e+02 6.382009415097239513e-02
8.220000000000000000e+02 6.346942405865070580e-02
8.222000000000000455e+02 6.315632017030582690e-02
8.224000000000000909e+02 6.290540146414085043e-02
8.226000000000000227e+02 6.272900767120587195e-02
8.227999999999999545e+02 6.263787474152646140e-02
8.230000000000000000e+02 6.266550598942954853e-02
8.232000000000000455e+02 6.285165513641945145e-02
8.234000000000000909e+02 6.322330809343093549e-02
8.236000000000000227e+02 6.374629554979571733e-02
8.237999999999999545e+02 6.434838712015976403e-02
8.240000000000000000e+02 6.493676646989450518e-02
8.242000000000000455e+02 6.544346701787129295e-02
8.244000000000000909e+02 6.582748860459934626e-02
8.246000000000000227e+02 6.607531688795963143e-02
8.247999999999999545e+02 6.618617872014688486e-02
8.250000000000000000e+02 6.615886142507709788e-02
8.252000000000000455e+02 6.598251052419551455e-02
8.254000000000000909e+02 6.563441600558161948e-02
8.256000000000000227e+02 6.510218776713035116e-02
8.257999999999999545e+02 6.440639256628111209e-02
8.260000000000000000e+02 6.357081580494895745e-02
8.262000000000000455e+02 6.260911408845994119e-02
8.264000000000000909e+02 6.151257330928831812e-02
8.266000000000000227e+02 6.030092168015335763e-02
8.267999999999999545e+02 5.903191391076173522e-02
8.270000000000000000e+02 5.780722020436638436e-02
8.272000000000000455e+02 5.671739803489571352e-02
8.274000000000000909e+02 5.582723459201938132e-02
8.276000000000000227e+02 5.516820978866736336e-02
8.277999999999999545e+02 5.474649331143539160e-02
8.280000000000000000e+02 5.454509899294861242e-02
8.282000000000000455e+02 5.452489199256330132e-02
8.284000000000000909e+02 5.463212887364755910e-02
8.286000000000000227e+02 5.480647272293317357e-02
8.287999999999999545e+02 5.501145436724152321e-02
8.290000000000000000e+02 5.521099624949202256e-02
8.292000000000000455e+02 5.535435506012177653e-02
8.294000000000000909e+02 5.538431925584458293e-02
8.296000000000000227e+02 5.525814330108062833e-02
8.297999999999999545e+02 5.496671439782085944e-02
8.300000000000000000e+02 5.451600781113936228e-02
8.302000000000000455e+02 5.391576253641995609e-02
8.304000000000000909e+02 5.317083560301044676e-02
8.306000000000000227e+02 5.230082868059150042e-02
8.307999999999999545e+02 5.134115577995504442e-02
8.310000000000000000e+02 5.034149734387317193e-02
8.312000000000000455e+02 4.934197686517449027e-02
8.314000000000000909e+02 4.837996056744271745e-02
8.316000000000000227e+02 4.751767291739259630e-02
8.317999999999999545e+02 4.680747357987541379e-02
8.320000000000000000e+02 4.627457797201060125e-02
8.322000000000000455e+02 4.589249689690963474e-02
8.324000000000000909e+02 4.563033676612870959e-02
8.326000000000000227e+02 4.546847801754725499e-02
8.327999999999999545e+02 4.538478371598812094e-02
8.330000000000000000e+02 4.534510388445778944e-02
8.332000000000000455e+02 4.529590967621148490e-02
8.334000000000000909e+02 4.515978136021316786e-02
8.336000000000000227e+02 4.487478425092939621e-02
8.337999999999999545e+02 4.442908820502866618e-02
8.340000000000000000e+02 4.386481536753780025e-02
8.342000000000000455e+02 4.324991293397992265e-02
8.344000000000000909e+02 4.265212475953474719e-02
8.346000000000000227e+02 4.212538813465323967e-02
8.347999999999999545e+02 4.170777611844535271e-02
8.350000000000000000e+02 4.141990024757922356e-02
8.352000000000000455e+02 4.130052449273882015e-02
8.354000000000000909e+02 4.139923415274581603e-02
8.356000000000000227e+02 4.174746915204118752e-02
8.357999999999999545e+02 4.234633535191527354e-02
8.360000000000000000e+02 4.316834674805931915e-02
8.362000000000000455e+02 4.416902455610133976e-02
8.364000000000000909e+02 4.527839457255515565e-02
8.366000000000000227e+02 4.640065454112327764e-02
8.367999999999999545e+02 4.742980594238432879e-02
8.370000000000000000e+02 4.826706955556726159e-02
8.372000000000000455e+02 4.883023115649084978e-02
8.374000000000000909e+02 4.905773697533917510e-02
8.376000000000000227e+02 4.890486385237551026e-02
8.377999999999999545e+02 4.834598036406989596e-02
8.380000000000000000e+02 4.738914343387895522e-02
8.382000000000000455e+02 4.607505161928528159e-02
8.384000000000000909e+02 4.448093497517452422e-02
8.386000000000000227e+02 4.271026862788403211e-02
8.387999999999999545e+02 4.088049268271706088e-02
8.390000000000000000e+02 3.911211593441504125e-02
8.392000000000000455e+02 3.753165122697114942e-02
8.394000000000000909e+02 3.626413353671227580e-02
8.396000000000000227e+02 3.541608338728673144e-02
8.397999999999999545e+02 3.504797612464959078e-02
8.400000000000000000e+02 3.516199354427351764e-02
8.402000000000000455e+02 3.567895538392924781e-02
8.404000000000000909e+02 3.649005269738752472e-02
8.406000000000000227e+02 3.748142647839251135e-02
8.407999999999999545e+02 3.856834721166990665e-02
8.410000000000000000e+02 3.968881571407582853e-02
8.412000000000000455e+02 4.079325358734210011e-02
8.414000000000000909e+02 4.180315534487094586e-02
8.416000000000000227e+02 4.265082133311482587e-02
8.417999999999999545e+02 4.330380207997293340e-02
8.420000000000000000e+02 4.375161545412196290e-02
8.422000000000000455e+02 4.397009528738762829e-02
8.424000000000000909e+02 4.389831036975066353e-02
8.426000000000000227e+02 4.350270856605024938e-02
8.427999999999999545e+02 4.278091385366107613e-02
8.430000000000000000e+02 4.176270987882148289e-02
8.432000000000000455e+02 4.048476849307358627e-02
8.434000000000000909e+02 3.900272133464024321e-02
8.436000000000000227e+02 3.741793857639653942e-02
8.437999999999999545e+02 3.581839996826831352e-02
8.440000000000000000e+02 3.427844296475911906e-02
8.442000000000000455e+02 3.288181313269135375e-02
8.444000000000000909e+02 3.170758443213882866e-02
8.446000000000000227e+02 3.082297347160145931e-02
8.447999999999999545e+02 3.027122195421367776e-02
8.450000000000000000e+02 3.005370421245002338e-02
8.452000000000000455e+02 3.012188758220344861e-02
8.454000000000000909e+02 3.037862335776618516e-02
8.456000000000000227e+02 3.072672882411073628e-02
8.457999999999999545e+02 3.109772508272360889e-02
8.460000000000000000e+02 3.147436750916480369e-02
8.462000000000000455e+02 3.188753382519109170e-02
8.464000000000000909e+02 3.241157622338076971e-02
8.466000000000000227e+02 3.309208393884181809e-02
8.467999999999999545e+02 3.392558525304053413e-02
8.470000000000000000e+02 3.484460595295743590e-02
8.472000000000000455e+02 3.581257163673424310e-02
8.474000000000000909e+02 3.681941999269239263e-02
8.476000000000000227e+02 3.786058900656319448e-02
8.477999999999999545e+02 3.889873954082515711e-02
8.480000000000000000e+02 3.987670875709530688e-02
8.482000000000000455e+02 4.075287291463966510e-02
8.484000000000000909e+02 4.151852055694937871e-02
8.486000000000000227e+02 4.218773101683027243e-02
8.487999999999999545e+02 4.276187014915294737e-02
8.490000000000000000e+02 4.324692141621235691e-02
8.492000000000000455e+02 4.366085336784394227e-02
8.494000000000000909e+02 4.403916339461257795e-02
8.496000000000000227e+02 4.441561235578852379e-02
8.497999999999999545e+02 4.480939704505879778e-02
8.500000000000000000e+02 4.520511309702562874e-02
8.502000000000000455e+02 4.556195423558802998e-02
8.504000000000000909e+02 4.582270629540042411e-02
8.506000000000000227e+02 4.595561227225029854e-02
8.507999999999999545e+02 4.595862037174305165e-02
8.510000000000000000e+02 4.586498361426367271e-02
8.512000000000000455e+02 4.573050823107865925e-02
8.514000000000000909e+02 4.561981241743797572e-02
8.516000000000000227e+02 4.559329355069612760e-02
8.517999999999999545e+02 4.570251999685908534e-02
8.520000000000000000e+02 4.597977763887349523e-02
8.522000000000000455e+02 4.641586932801299720e-02
8.524000000000000909e+02 4.695802554240964544e-02
8.526000000000000227e+02 4.753374084096507329e-02
8.527999999999999545e+02 4.810593625865466211e-02
8.530000000000000000e+02 4.867343331240191889e-02
8.532000000000000455e+02 4.924947112579879105e-02
8.534000000000000909e+02 4.979113998386147655e-02
8.536000000000000227e+02 5.021616619389954184e-02
8.537999999999999545e+02 5.042697038820555255e-02
8.540000000000000000e+02 5.039626971744973899e-02
8.542000000000000455e+02 5.012439620595298545e-02
8.544000000000000909e+02 4.961996459800872145e-02
8.546000000000000227e+02 4.891492798786825635e-02
8.547999999999999545e+02 4.806799502235715310e-02
8.550000000000000000e+02 4.716017157641424346e-02
8.552000000000000455e+02 4.620694664021176429e-02
8.554000000000000909e+02 4.518337610413159650e-02
8.556000000000000227e+02 4.405500187999734224e-02
8.557999999999999545e+02 4.281471661409161356e-02
8.560000000000000000e+02 4.148738162174950284e-02
8.562000000000000455e+02 4.013472881474333676e-02
8.564000000000000909e+02 3.882356337338830482e-02
8.566000000000000227e+02 3.760650542459681445e-02
8.567999999999999545e+02 3.649223554659579427e-02
8.570000000000000000e+02 3.547462239843278409e-02
8.572000000000000455e+02 3.453729702296141901e-02
8.574000000000000909e+02 3.364588589691049070e-02
8.576000000000000227e+02 3.278415252166246019e-02
8.577999999999999545e+02 3.195684194135867823e-02
8.580000000000000000e+02 3.115079234306029898e-02
8.582000000000000455e+02 3.035406883206964723e-02
8.584000000000000909e+02 2.956502689356950778e-02
8.586000000000000227e+02 2.878779722125190260e-02
8.587999999999999545e+02 2.803289426676077237e-02
8.590000000000000000e+02 2.731840094707360320e-02
8.592000000000000455e+02 2.666607645664475015e-02
8.594000000000000909e+02 2.610473085872150670e-02
8.596000000000000227e+02 2.567301271971824533e-02
8.597999999999999545e+02 2.539941152915418596e-02
8.600000000000000000e+02 2.528251069516241831e-02
8.602000000000000455e+02 2.526567300725854684e-02
8.604000000000000909e+02 2.528789536566181106e-02
8.606000000000000227e+02 2.528766271064782079e-02
8.607999999999999545e+02 2.519494249398982963e-02
8.610000000000000000e+02 2.494307879308469908e-02
8.612000000000000455e+02 2.449129441478594196e-02
8.614000000000000909e+02 2.387755339563622792e-02
8.616000000000000227e+02 2.316619624095500596e-02
8.617999999999999545e+02 2.242049053654706497e-02
8.620000000000000000e+02 2.165887456919539725e-02
8.622000000000000455e+02 2.087625493599763390e-02
8.624000000000000909e+02 2.005834373036079893e-02
8.626000000000000227e+02 1.921280747271699244e-02
8.627999999999999545e+02 1.836701704248287423e-02
8.630000000000000000e+02 1.756534667983646394e-02
8.632000000000000455e+02 1.685059065291721891e-02
8.634000000000000909e+02 1.626029678300721162e-02
8.636000000000000227e+02 1.582252093203227045e-02
8.637999999999999545e+02 1.554378582200679516e-02
8.640000000000000000e+02 1.541092874357910883e-02
8.642000000000000455e+02 1.539262506870014459e-02
8.644000000000000909e+02 1.546821843689480738e-02
8.646000000000000227e+02 1.562844496792880136e-02
8.647999999999999545e+02 1.587112598491838972e-02
8.650000000000000000e+02 1.618032247468530541e-02
8.652000000000000455e+02 1.652449861518459281e-02
8.654000000000000909e+02 1.685880926430810209e-02
8.656000000000000227e+02 1.713823045638460801e-02
8.657999999999999545e+02 1.732895107719420805e-02
8.660000000000000000e+02 1.743428842339596677e-02
8.662000000000000455e+02 1.747951681812184854e-02
8.664000000000000909e+02 1.750648675583209302e-02
8.666000000000000227e+02 1.757075416978335150e-02
8.667999999999999545e+02 1.774445657719313230e-02
8.670000000000000000e+02 1.811073623817766390e-02
8.672000000000000455e+02 1.871534425880990934e-02
8.674000000000000909e+02 1.956796279071554984e-02
8.676000000000000227e+02 2.064051926272498019e-02
8.677999999999999545e+02 2.187658702789271881e-02
8.680000000000000000e+02 2.321443266493504118e-02
8.682000000000000455e+02 2.460459660891281194e-02
8.684000000000000909e+02 2.598680954867121917e-02
8.686000000000000227e+02 2.729532214985401148e-02
8.687999999999999545e+02 2.846980485319248327e-02
8.690000000000000000e+02 2.946337857483787362e-02
8.692000000000000455e+02 3.024195893397187140e-02
8.694000000000000909e+02 3.078344612073300249e-02
8.696000000000000227e+02 3.107794192931900498e-02
8.697999999999999545e+02 3.112285157213365988e-02
8.700000000000000000e+02 3.091170450524793889e-02
8.702000000000000455e+02 3.045785048426185790e-02
8.704000000000000909e+02 2.979752230657089357e-02
8.706000000000000227e+02 2.897242715513229094e-02
8.707999999999999545e+02 2.801112496789979339e-02
8.710000000000000000e+02 2.692854087262762722e-02
8.712000000000000455e+02 2.576511655495561035e-02
8.714000000000000909e+02 2.457685260895620463e-02
8.716000000000000227e+02 2.342916937375816994e-02
8.717999999999999545e+02 2.239067019086470392e-02
8.720000000000000000e+02 2.151731582560674830e-02
8.722000000000000455e+02 2.083838108387726928e-02
8.724000000000000909e+02 2.036791420256026108e-02
8.726000000000000227e+02 2.010851923555213860e-02
8.727999999999999545e+02 2.004937952471241847e-02
8.730000000000000000e+02 2.014702320121218929e-02
8.732000000000000455e+02 2.034002957392769262e-02
8.734000000000000909e+02 2.057407776222308637e-02
8.736000000000000227e+02 2.080333851494592379e-02
8.737999999999999545e+02 2.099012307357458335e-02
8.740000000000000000e+02 2.110513212068046429e-02
8.742000000000000455e+02 2.112190510432979812e-02
8.744000000000000909e+02 2.101858066231972882e-02
8.746000000000000227e+02 2.078899370693616452e-02
8.747999999999999545e+02 2.044687076259535732e-02
8.750000000000000000e+02 2.002135076730614249e-02
8.752000000000000455e+02 1.952721926120380355e-02
8.754000000000000909e+02 1.897053028259011037e-02
8.756000000000000227e+02 1.835166200098710051e-02
8.757999999999999545e+02 1.766799507881773937e-02
8.760000000000000000e+02 1.693090232991656396e-02
8.762000000000000455e+02 1.617780109371476718e-02
8.764000000000000909e+02 1.545195871049197256e-02
8.766000000000000227e+02 1.480166294406845204e-02
8.767999999999999545e+02 1.428147928917418256e-02
8.770000000000000000e+02 1.393887994795950901e-02
8.772000000000000455e+02 1.380478649508392469e-02
8.774000000000000909e+02 1.388036580881389821e-02
8.776000000000000227e+02 1.416300434064340398e-02
8.777999999999999545e+02 1.464574378737703783e-02
8.780000000000000000e+02 1.530562920487081764e-02
8.782000000000000455e+02 1.611036634414538676e-02
8.784000000000000909e+02 1.701612122525627407e-02
8.786000000000000227e+02 1.795527403180928114e-02
8.787999999999999545e+02 1.884419538673285169e-02
8.790000000000000000e+02 1.959498900007489164e-02
8.792000000000000455e+02 2.015203337821643362e-02
8.794000000000000909e+02 2.047578374753817460e-02
8.796000000000000227e+02 2.053700445186760343e-02
8.797999999999999545e+02 2.031982616345851672e-02
8.800000000000000000e+02 1.981978956289949870e-02
8.802000000000000455e+02 1.904416567917075961e-02
8.804000000000000909e+02 1.801086105024062370e-02
8.806000000000000227e+02 1.675172808508441566e-02
8.807999999999999545e+02 1.531656571079792126e-02
8.810000000000000000e+02 1.375346348297902359e-02
8.812000000000000455e+02 1.211365403839216939e-02
8.814000000000000909e+02 1.046041507963354524e-02
8.816000000000000227e+02 8.856421677048814320e-03
8.817999999999999545e+02 7.348186343731153390e-03
8.820000000000000000e+02 5.941273405184402910e-03
8.822000000000000455e+02 4.643633469320679850e-03
8.824000000000000909e+02 3.475165926235005039e-03
8.826000000000000227e+02 2.469590337908201226e-03
8.827999999999999545e+02 1.653036613365083856e-03
8.830000000000000000e+02 1.036610340750226305e-03
8.832000000000000455e+02 6.115031578385281665e-04
8.834000000000000909e+02 3.648718110063196201e-04
8.836000000000000227e+02 2.806897141519400945e-04
8.837999999999999545e+02 3.169038248917866027e-04
8.840000000000000000e+02 4.193624001693292604e-04
8.842000000000000455e+02 5.321086460613449337e-04
8.844000000000000909e+02 6.182537788365128923e-04
8.846000000000000227e+02 6.618475923953429790e-04
8.847999999999999545e+02 6.699959441628944041e-04
8.850000000000000000e+02 6.571935844624495014e-04
8.852000000000000455e+02 6.473123605457704703e-04
8.854000000000000909e+02 6.784471924807087715e-04
8.856000000000000227e+02 7.878453794945761883e-04
8.857999999999999545e+02 1.004538459106042378e-03
8.860000000000000000e+02 1.340064115908415213e-03
8.862000000000000455e+02 1.797053147529552438e-03
8.864000000000000909e+02 2.376777713109814311e-03
8.866000000000000227e+02 3.091326385358837431e-03
8.867999999999999545e+02 3.957806437632965801e-03
8.870000000000000000e+02 4.981444487086323335e-03
8.872000000000000455e+02 6.109381994496181252e-03
8.874000000000000909e+02 7.265782248291417084e-03
8.876000000000000227e+02 8.370928484102833911e-03
8.877999999999999545e+02 9.372033445227566720e-03
8.880000000000000000e+02 1.022932845764880014e-02
8.882000000000000455e+02 1.090947581222195296e-02
8.884000000000000909e+02 1.138236149252583145e-02
8.886000000000000227e+02 1.162029742729520955e-02
8.887999999999999545e+02 1.159789448241398992e-02
8.890000000000000000e+02 1.129104564589588494e-02
8.892000000000000455e+02 1.069691116153499884e-02
8.894000000000000909e+02 9.855715137893109393e-03
8.896000000000000227e+02 8.832843989040967125e-03
8.897999999999999545e+02 7.698305254849238839e-03
8.900000000000000000e+02 6.505688288484119328e-03
8.902000000000000455e+02 5.311519841591085672e-03
8.904000000000000909e+02 4.170036771623494495e-03
8.906000000000000227e+02 3.117280284035605416e-03
8.907999999999999545e+02 2.183376660900141798e-03
8.910000000000000000e+02 1.396148756360342247e-03
8.912000000000000455e+02 7.821013851076578927e-04
8.914000000000000909e+02 3.502360646588730626e-04
8.916000000000000227e+02 9.222232949591012885e-05
8.917999999999999545e+02 0.000000000000000000e+00
8.920000000000000000e+02 5.756929886211665154e-05
8.922000000000000455e+02 2.365831636622422953e-04
8.924000000000000909e+02 4.961648251383914262e-04
8.926000000000000227e+02 7.924749549807345080e-04
8.927999999999999545e+02 1.081522669569057226e-03
8.930000000000000000e+02 1.305620674359567928e-03
8.932000000000000455e+02 1.424860560849168555e-03
8.934000000000000909e+02 1.445915395764274308e-03
8.936000000000000227e+02 1.408972885289034010e-03
8.937999999999999545e+02 1.363677434357870623e-03
8.940000000000000000e+02 1.347410660539041490e-03
8.942000000000000455e+02 1.401712028496454165e-03
8.944000000000000909e+02 1.564681173129671247e-03
8.946000000000000227e+02 1.854058141897278874e-03
8.947999999999999545e+02 2.272054432879928865e-03
8.950000000000000000e+02 2.809669418476029752e-03
8.952000000000000455e+02 3.451728726319774985e-03
8.954000000000000909e+02 4.175691539585018631e-03
8.956000000000000227e+02 4.954807517962209890e-03
8.957999999999999545e+02 5.769432437761743207e-03
8.960000000000000000e+02 6.621254367215747422e-03
8.962000000000000455e+02 7.535875832020884520e-03
8.964000000000000909e+02 8.548059893169061493e-03
8.966000000000000227e+02 9.682555275881344486e-03
8.967999999999999545e+02 1.094177422767677633e-02
8.970000000000000000e+02 1.229480952793567290e-02
8.972000000000000455e+02 1.369328498851157469e-02
8.974000000000000909e+02 1.508160445490114646e-02
8.976000000000000227e+02 1.641075539078521925e-02
8.977999999999999545e+02 1.762958178020424677e-02
8.980000000000000000e+02 1.867898465327810786e-02
8.982000000000000455e+02 1.953629760112408909e-02
8.984000000000000909e+02 2.020206261765470149e-02
8.986000000000000227e+02 2.067800853491204988e-02
8.987999999999999545e+02 2.094829264033387303e-02
8.990000000000000000e+02 2.099655548489147427e-02
8.992000000000000455e+02 2.084492604633994897e-02
8.994000000000000909e+02 2.053788240918712205e-02
8.996000000000000227e+02 2.012416582812913413e-02
8.997999999999999545e+02 1.961968508214049015e-02
9.000000000000000000e+02 1.904526587516152877e-02
